0.0023046,0.0010718,-0.00057002
0.0019283,-0.00046587,0.0024597
-0.0039706,-0.0027482,0.00012057
-0.0052624,8.9056e-05,0.0022777
0.00043721,-0.0013574,0.0062861
0.0037901,-0.00073747,0.00084844
0.0036678,-0.00037896,4.3648e-05
0.00049225,-0.0011575,-0.00090616
-0.0019099,-0.0010372,-0.0015156
-0.0026619,-0.001557,-0.0008837
-0.001598,-0.00038405,0.0014325
0.00096216,-0.0031929,0.0038558
0.00045394,-0.00029586,0.00094863
0.0034927,-0.00036775,0.00040293
0.0027437,-0.00010886,-0.00037844
0.00047325,-0.0012668,0.00040934
0.0011576,-0.0011623,-0.0023329
0.0018191,-0.0011166,-0.0021976
-0.0010317,-0.0010059,-0.0020843
-0.0012921,0.00042444,-0.001296
-0.0015051,-0.0013735,0.0015032
0.00038043,0.00039472,0.0011476
0.00052926,-0.0013072,0.0019133
-0.00090637,-0.00070779,0.00038332
-0.00049371,0.00018372,-0.00054583
-0.0014566,-0.00085146,-1.627e-05
-0.0029588,0.0003249,0.0019007
-0.0020281,-0.0015887,-7.87e-05
0.00054873,0.00068723,-0.00060708
0.0049574,-0.00010116,-0.0018168
0.0016675,-0.0014589,-0.0012696
-0.00058725,-0.0006913,-0.00095148
-0.0017436,-0.0025746,-0.00079145
0.0013225,-0.0030131,-0.0023588
0.0016681,-0.0025653,-0.00074133
-0.0022118,-0.00056206,-0.0015551
-0.0026922,-0.0031227,0.00071854
-0.001465,-0.0018282,-0.0026358
-0.00074692,-0.0031702,-0.00019556
0.00090328,-0.0039135,-0.0029751
0.0012546,-0.0023628,-0.0023202
-0.00084817,-0.0021303,0.00020597
-0.00060809,-0.0015415,-0.0025139
0.00035253,0.0016012,-0.002096
-0.00011415,0.00083746,-0.0021504
0.0010927,0.00097222,0.0016791
-0.0013028,0.0024063,-0.00089992
0.0014731,0.0016135,-0.0018785
-0.0034481,0.004399,-0.0035892
-0.0015073,0.0027306,-0.0036233
-0.00048688,0.003727,-0.0063099
0.0016861,0.0037767,-0.0036362
-0.0014893,0.0042206,-0.0040606
-0.00021212,0.0074578,-0.0045809
0.00089016,0.0087282,-0.0033453
0.00027939,0.0077766,-0.0044189
0.0017529,0.0083282,-0.0049904
0.0017457,0.0064439,-0.0046642
0.0039963,0.0076234,-0.00095032
0.00012825,0.0067189,-0.0014809
-0.0012724,0.0080138,-1.1858e-05
0.00048162,0.0086327,-0.00061385
-2.5507e-05,0.011035,-0.0046532
-0.00086607,0.007028,-0.0045743
-0.0011409,0.0092132,-0.0022521
-0.00039285,0.010148,-0.00082454
0.00039847,0.01073,0.00094963
0.005974,0.012271,0.0029197
0.001787,0.012873,-0.0010454
0.00076123,0.01705,-0.0012146
-0.0019382,0.017816,-0.0020075
-0.00081276,0.01468,-1.3269e-05
-0.00083801,0.017844,-0.00010756
-0.00072702,0.021086,5.2888e-05
0.00024661,0.018944,-0.00016501
0.0018193,0.020364,-0.0029074
0.0013521,0.02379,-0.0013829
-0.00045583,0.022619,-0.003028
-0.00022491,0.028263,-0.0022201
-0.0018658,0.030311,-0.0030753
-2.7515e-05,0.029932,-0.0014103
-9.6785e-05,0.031037,0.0013953
0.0020852,0.035612,0.0032402
0.00082857,0.037265,0.0019906
0.0017661,0.040285,-0.0011098
0.0021332,0.04193,-0.001425
0.00052917,0.042762,-0.0024449
0.0020191,0.044498,-0.0058124
0.00051513,0.046607,-0.0074357
-0.00096477,0.049859,-0.0015181
-0.003105,0.052337,0.001096
-0.0016971,0.052061,0.00033001
-0.00040636,0.053646,-0.0019939
0.00069663,0.055505,0.0009376
-0.0018807,0.05581,-0.0032762
-0.0035564,0.055213,-0.0013574
-0.0033791,0.055871,-0.0050351
-0.0027203,0.052692,-0.0053258
0.00018101,0.052797,-0.0013925
-0.0014911,0.048521,0.0058666
0.00030085,0.046333,0.0093194
-0.0020557,0.043,0.0058553
0.0028833,0.037866,0.0015962
-0.00029915,0.030336,0.0069631
-0.0015478,0.029679,0.0055088
-0.0023962,0.026009,0.0064416
3.0071e-05,0.01967,0.0047042
0.00096462,0.016722,0.00042544
-8.9487e-05,0.01351,0.00074669
0.00035261,0.010714,0.000442
0.0031245,0.0093354,0.0058784
0.0017306,0.0061728,0.0045482
-0.0011823,0.0045459,-0.00025077
-0.0019506,0.0034154,-0.0021536
-0.0068955,0.00172,-0.0023425
-0.0065497,-0.00039572,0.0017305
-0.0018691,-0.00010656,0.0034989
0.0028462,-0.00085608,0.00227
0.0080163,-0.0012228,0.0016456
0.0081545,-0.0028108,0.001018
0.0011736,-0.0034351,0.00083137
-0.0061136,-0.0020855,-0.0023033
-0.0061002,-0.0024746,-0.00047152
-0.0005811,-0.0023296,-0.0028979
0.0066024,-0.0014831,0.008442
0.0054634,-0.0024651,0.004245
0.0012868,-0.0033604,-0.0067649
-0.0014375,-0.0043536,-0.0016779
-0.0066039,-0.0045112,0.0059384
0.0024734,-0.0038447,0.005108
0.0041907,-0.0035535,0.00060253
0.00093217,-0.0050326,-0.0019335
-0.0036381,-0.0028478,0.0010178
-0.0025171,-0.0026014,0.0024874
7.4387e-05,-0.0034266,0.0055432
0.0012992,-0.0028416,0.0018006
-0.0012472,-0.0034509,0.0012833
-0.0024288,-0.0038246,0.0031242
-0.00147,-0.0046273,0.00099066
0.0024002,-0.0029682,0.0013385
0.0003291,-0.0036793,-0.0009662
-0.00057986,-0.0033788,0.0023708
-0.0025144,-0.0023417,-0.00063786
0.0023527,-0.0023891,0.00044112
-0.0014875,-0.0044242,-0.0041189
0.0019737,-0.0031039,0.00032486
0.0052216,-0.0029285,0.00058884
0.0015047,-0.0037227,-0.0012486
0.0027011,-0.002563,-0.006972
-0.0036966,-0.0024402,-0.0047386
0.00017435,-0.0025127,0.003189
0.0013458,-0.0034777,-0.00069318
0.00037256,-0.0038717,-0.0048159
-0.0014867,-0.0032025,0.00070931
-0.0032571,-0.0055485,0.00012637
0.0052164,-0.0057294,-0.0025703
0.0092272,-0.0053724,0.00034294
0.0060346,-0.0079702,-0.001866
0.0024853,-0.0079687,-0.0029055
-0.001589,-0.0060588,-0.0030238
-0.002346,-0.0076063,0.00046863
-0.0030119,-0.0075102,0.0011478
-0.0057664,-0.0078569,-0.00038579
-0.0057184,-0.0059515,-0.0018555
-0.0031296,-0.010003,-0.00020653
0.0040034,-0.0068313,0.00029615
0.0072801,-0.0054787,-0.0001206
0.0045979,-0.0057425,-0.00010996
0.00056574,-0.0063849,-0.00061455
-0.00042354,-0.0041293,-0.0019505
-0.0018327,-0.0061746,0.0015155
-0.0043274,-0.0041009,0.0026328
-0.0064919,-0.0036522,-0.0035112
-0.0028251,-0.0043023,-0.0036825
0.00096476,-0.0048671,-0.00065566
0.0035459,-0.0017967,-0.0036201
0.0015291,-0.0014837,-0.0042167
0.0044729,-0.0032194,-0.00161
0.0069203,-0.0016256,-0.001311
0.0041213,-0.0018123,0.0013487
-0.0021065,-0.00042848,-0.0017394
-0.0037841,0.0017589,-0.0009866
-0.0017609,-0.0012977,0.00081161
-0.00095748,2.3962e-05,0.00083294
-0.00098571,0.00027821,-0.00090681
0.00094474,0.0018247,-0.0019246
0.0048016,0.0026212,-0.00061659
0.0052869,0.0020541,0.00055399
-0.00051929,0.0026917,0.0027056
-0.0014665,0.0027288,-0.00091039
-0.004198,0.0011975,0.00093565
-0.002341,0.0019302,0.002471
-8.9794e-05,0.0023904,0.0036524
0.00080458,0.0013491,0.0040109
0.004602,0.0022549,0.0023908
0.0031118,0.0031761,0.00063038
0.002621,0.00042745,-0.0010124
-0.0026028,0.0011991,0.002239
0.00084623,-0.0008793,0.0055877
-0.00086152,-0.0019007,0.0039135
-0.00035103,-0.0022839,0.0026781
-0.0012923,-0.004085,-0.0026225
0.0017038,-0.006396,-0.00061728
-0.0021004,-0.006098,0.0029102
-0.0014764,-0.0085416,0.00017278
-0.00015946,-0.0073826,0.0008193
-0.0021496,-0.0087794,-0.0027631
1.0378e-05,-0.0099857,0.00074826
0.0017162,-0.011648,-0.0036013
0.0016096,-0.0087812,-0.0018234
0.00023533,-0.010727,-0.0041863
0.0024796,-0.010372,-0.0018955
0.0010434,-0.010657,-0.0023173
-0.00065013,-0.010492,-0.001085
0.00028773,-0.0098099,-0.0033187
-0.0043777,-0.010322,0.00063558
-0.0070775,-0.011157,0.003384
-0.0027077,-0.011238,0.0027449
-0.0030789,-0.0099419,0.00024059
-0.0016001,-0.0093166,0.0048865
0.00086437,-0.0094866,0.0073154
-0.007737,-0.0076922,0.01046
-0.0028835,-0.0061276,0.0072338
0.00097336,-0.0084195,0.002323
0.0077915,-0.0091426,0.0038193
0.0083866,-0.0067485,0.0057303
0.00073494,-0.0057994,-0.0013217
-0.0025152,-0.0044258,-0.0070261
0.003042,-0.0048592,-0.0061111
0.0018128,-0.0045766,-0.00027979
0.0031141,-0.0044159,-0.0030493
0.001269,-0.0054197,-0.0051385
-0.0041316,-0.0053868,-0.00040328
-0.003283,-0.0031964,0.0017892
-0.0023491,-0.0031059,-0.0022291
-0.0021392,-0.0036856,-0.0024359
0.0004719,-0.0050341,-0.0039944
0.0013201,-0.0012618,0.00025725
-0.0030926,-0.0029707,0.0027388
0.001473,-0.0014261,0.0010419
-0.0031346,-0.0019326,-0.00063922
0.00064676,-0.0020805,0.0018547
0.00055247,-0.0032649,-0.0016894
-0.00018209,-0.005055,0.0040188
-2.7314e-05,-0.0039653,0.0028247
-0.00014744,-0.0029236,0.0038738
-0.00094898,-0.004555,0.0033188
0.001649,-0.002732,0.0017255
-0.0012271,-0.0041368,0.0011803
0.00032267,-0.0039989,0.0029026
0.0021722,-0.0042607,-0.0014715
0.0016358,-0.0045765,0.0013294
0.0045768,-0.0054758,-0.0019472
0.0033825,-0.0072169,-0.0033481
0.006072,-0.0086247,-0.004004
0.0060214,-0.0079182,-0.0060527
0.0016652,-0.0074963,-0.0016871
-0.0027764,-0.0064751,-0.0039727
-0.0061552,-0.0054248,-0.0049467
-0.0054385,-0.0059597,-0.0059942
-0.0057623,-0.0065401,-0.0038409
-0.003036,-0.0085728,-0.00081793
0.001822,-0.0081383,-0.0048776
0.0029779,-0.0082454,-0.0022563
0.0053292,-0.0059547,-0.00284
0.0021602,-0.0074037,-0.0012265
-0.001705,-0.0081258,-0.00094661
-0.0010227,-0.0070772,-0.0035105
-0.0037402,-0.0089673,-0.00031317
-0.00071176,-0.0088768,0.00012549
0.00093611,-0.010577,0.0013784
0.0004101,-0.010035,-0.0036881
0.00099708,-0.0097148,0.0015652
0.0014835,-0.0093852,-0.00073443
-0.00079688,-0.0071099,0.0001478
-0.0020859,-0.0052294,0.0034761
0.0005562,-0.0039926,0.0042061
-0.0006094,-0.0031336,0.0060103
-0.0021284,-0.0039047,0.0088018
-0.0030107,-0.0043296,0.0063864
-0.0035087,-0.0024934,0.0069665
-0.0010856,-0.0046272,0.00059038
0.0011206,-0.0051141,-0.00032268
-0.00046679,-0.0055956,-0.0063727
0.00086226,-0.0044098,-0.0042093
-0.004828,-0.0028012,-5.1919e-05
-0.0056276,-0.0040688,-0.0019755
-0.0065801,-0.0031528,0.00010868
-0.0046505,-0.0071617,0.0027825
0.002567,-0.0069374,0.0057596
0.007685,-0.008219,0.012581
0.0094883,-0.0053531,0.0063673
0.0031974,-0.0076647,0.0013248
-0.0019372,-0.00959,0.0031581
-0.0028272,-0.0098128,0.0052355
0.0020587,-0.0084872,0.0038173
0.0030966,-0.0080329,0.00084133
0.0032687,-0.0039771,-0.0011885
-0.0010906,-0.0067742,0.004171
-0.0048738,-0.0047493,0.0044825
-0.0021718,-8.5084e-05,0.003184
-0.0035392,0.0013083,0.003298
-0.0017118,-0.0020454,-0.0012521
-0.0013995,0.00071701,-0.00084711
0.0028737,0.0014021,-0.00078729
0.00092268,0.0021059,-0.0015165
0.0001791,0.00056808,-0.0036302
-0.0014037,0.0012316,-0.0051167
-0.00071187,0.003818,-0.0021326
-0.0011571,0.0017668,-0.0022716
-0.0034374,0.003972,-0.0016706
-0.0019272,0.0041473,0.0035466
0.0046141,0.0052808,-0.0020089
0.01075,0.0037993,-0.0062719
0.0052394,0.0042567,-0.003539
-0.0059683,0.0047804,-0.0018884
-0.0056239,0.0039574,-0.0028666
-0.0026067,0.0047675,-0.0014574
-0.0010162,0.0042586,0.0026482
-0.00038933,0.0040942,0.00058692
0.003475,0.0037956,0.0046011
0.0020415,0.0053346,0.0034043
0.0019616,0.0067601,0.0017985
0.0026963,0.0071965,-0.0014887
-0.00027632,0.006319,-0.0015775
-0.0018567,0.0063567,0.00020527
0.0021761,0.0068622,-0.0018199
0.0031212,0.0077494,-0.005239
0.0070713,0.0084579,-0.0030142
-0.00017213,0.0087301,-3.9756e-05
-0.0079766,0.0091083,-0.0026355
-0.011355,0.0085608,-0.0072968
-0.0062557,0.011932,-8.894e-05
-0.0021372,0.0074462,-0.0050522
0.0031587,0.010627,0.00048094
0.0042405,0.010387,0.005045
0.010532,0.0077465,0.00086797
0.0031004,0.0099941,0.003049
-0.0033393,0.0091548,0.00084621
-0.0058062,0.009548,0.0049069
0.0010988,0.0077968,0.0011081
7.2489e-06,0.0067687,-0.00057356
-0.0014365,0.0067109,0.0020998
-0.0032403,0.0062197,0.0048401
-0.0035405,0.0063787,0.00022087
-0.0033968,0.0037413,-0.001609
0.0028165,0.0035341,-0.0024532
0.0052293,0.004163,-0.00028687
0.0069418,0.0028574,0.00067958
0.0024798,0.0051847,-0.0028874
-0.0065523,0.0030544,0.00054701
-0.0060162,0.0035634,0.0025863
-0.0045764,0.0031195,0.0039322
0.0012437,0.0038099,0.0049791
0.0053921,0.0031992,0.00041715
0.0051998,0.0039489,-0.0030786
0.0079392,0.003398,-0.0021447
0.0038289,0.0028157,0.0049648
-0.0071801,0.00153,-0.00020239
-0.013575,0.0042055,-0.0078183
-0.0071433,0.004452,-0.010403
0.0011835,0.00299,-0.00047757
0.0057842,0.0030912,0.0053468
0.0019846,0.0033253,0.0014433
-0.00018778,0.0025168,0.00067137
-0.00028905,0.004018,-0.0011147
0.00082654,0.0017362,-0.00052598
0.0027591,0.0044777,0.0015196
0.0035746,0.0046728,0.00031768
0.0010992,0.0040406,-0.00093993
0.0017542,0.0045327,0.00022943
0.0010527,0.006333,0.00038816
0.0051538,0.0086879,0.00071393
0.0055449,0.0071089,-0.00043594
0.00067203,0.0059914,-0.0010482
-0.0013495,0.0061855,-0.0073704
-0.00094856,0.0073614,-0.0032497
0.0013159,0.007213,-0.00086903
0.0041142,0.0094053,-0.00078804
0.0043983,0.0065767,-0.0039123
0.0025945,0.0085102,-0.0020171
0.0014064,0.0093665,-0.0026432
0.0016535,0.0054012,-0.002529
-0.00026413,0.0082092,-0.0029485
0.00040138,0.0085843,0.0030506
-9.7986e-05,0.00785,0.00078192
-0.0016975,0.0087713,0.0017237
-0.0035192,0.0074049,-0.0020496
-0.0053264,0.0062418,0.00089754
-0.003606,0.0087733,0.0041853
-0.0048692,0.0064414,0.00063319
-0.0048556,0.0063121,0.00023673
0.001091,0.0061005,0.0043622
0.0085453,0.0059015,0.0016787
0.016439,0.004376,0.0041014
0.0081291,0.0044377,0.0050883
-0.0037224,0.0048866,0.0071834
-0.0071013,0.0065989,0.008011
-0.0064224,0.0054178,0.0020796
0.0060413,0.0045898,-0.0042274
0.0091699,0.0042949,-0.0027803
0.0026454,0.0047826,-0.0050943
-0.0056746,0.0055763,-0.0043551
-0.004653,0.0061231,-0.0030095
0.00044293,0.0058849,-0.0016543
0.0044536,0.0047719,-0.0017776
0.0019971,0.0053317,0.0015322
-0.0016833,0.0046823,0.0032775
-0.0005931,0.0035857,0.0024942
-0.0012925,0.003575,0.00083924
-0.001119,0.0022779,-0.00042494
-0.0024586,0.0032924,-0.0021499
-0.001863,0.0036645,0.0016879
-1.9883e-05,0.0021488,-0.0046109
0.0018528,0.0011024,-0.0002753
0.0041374,0.0022957,-0.0007153
0.00031889,0.00098818,0.00052244
-0.0043574,0.00054409,0.00088096
-0.0025588,0.0023274,0.0025607
-0.0038615,0.0020387,0.001152
0.0048009,0.0021494,-0.0010008
0.0056804,0.0035202,-0.002394
0.0038393,0.0027918,-0.00062327
-0.000389,0.0016555,-0.0026025
-0.0029538,0.0037696,-0.0012112
-0.0049325,0.00047616,0.0014047
-0.0029953,0.0042039,-0.00045266
0.0012102,0.0034898,-0.0025929
0.0020572,0.0060654,-0.0011003
0.00065875,0.0037504,-0.0019388
0.00081664,0.0060053,-3.4495e-06
7.4663e-05,0.0036416,-1.1747e-06
0.0011046,0.0041602,-0.0014129
-0.00053654,0.003743,-0.00026311
0.00087294,0.0045172,-0.0028725
-0.00045701,0.0038757,-0.0026479
0.0018602,0.0050194,-0.0068983
0.0045096,0.0061407,-0.0042685
0.0048315,0.0036066,-0.0014763
0.0021405,0.0045304,-0.00016836
-0.0038223,0.0033595,-0.0034493
-0.003653,0.0036569,-0.00042436
-0.0047799,0.0023431,-5.2667e-06
-0.00020518,0.0035512,-0.00064505
0.0007235,0.0037514,0.0015369
0.0020034,0.0033262,0.00055724
0.0018697,0.0052996,-0.00069819
-0.0035101,0.0056018,0.0086271
-0.0054471,0.0018569,-0.00069366
6.2538e-05,0.006412,-0.00045387
0.011615,0.0035376,0.0029396
0.015743,0.0050238,0.00018999
0.0030078,0.0050929,-0.0038557
-0.0067672,0.0045021,-0.0037189
-0.0076201,0.005437,-0.003398
-0.0036359,0.004868,-0.003774
0.00010171,0.0056237,-0.0050824
-0.0040075,0.007041,-0.004209
-0.0032467,0.0065108,-0.0061153
-0.0051615,0.0078491,-0.0034642
0.001682,0.0078183,0.0041324
0.0039591,0.0077981,0.0026067
0.0032327,0.0060166,0.0027905
-0.0018054,0.005492,-0.00056549
-0.0025519,0.0047331,-0.00071753
-0.00039431,0.0050055,0.0034093
0.0020763,0.0054155,0.0015381
0.003294,0.0053922,-0.00087481
0.00081124,0.0050445,0.0023158
-0.00033064,0.0036192,0.0054254
-0.0011012,0.0016214,0.0014649
-0.0013368,0.0018325,0.00073926
-0.001066,0.00088081,0.0017139
0.00032403,0.001748,0.0010451
0.0026665,-0.0010748,0.0051106
0.00042772,-0.00022407,0.0037034
0.00053938,-0.00072537,0.0016179
0.0019341,-0.0024708,0.0018002
-0.001713,-0.00037564,0.0019506
-0.00052338,-0.0027743,0.00049692
-0.0016359,-0.0016472,0.0011457
-0.0043232,-0.0033437,0.0018603
-0.0028931,-0.0035183,0.0016013
-0.0015658,-0.0015856,0.00010641
0.00081774,-0.0053532,-0.003038
0.0013509,-0.003498,-0.002169
0.0022798,-0.002467,0.00080722
-0.0036307,-0.0039536,-0.00241
-0.0025688,-0.0039791,-0.0019415
-0.0023392,-0.0024678,-0.0021629
0.0014951,-0.0020727,0.0043481
0.0014445,-0.0036219,2.01e-05
0.00078054,-0.0030292,-0.00084132
0.0026834,-0.002292,-0.0021579
-1.6375e-06,-0.0037267,-0.0018169
-0.00013558,-0.0039893,-0.0018154
0.0011771,-0.0048877,-0.0014785
0.00041696,-0.0042488,-0.0017747
0.0020168,-0.0044673,0.0010436
0.0017458,-0.0045809,-0.0027386
-1.2895e-05,-0.0029606,-0.00034055
-0.0017183,-0.002443,-0.00074214
0.00080337,-0.0043038,0.00032583
0.00050509,-0.0023548,0.0011682
0.0026122,-0.0032864,-0.00056257
0.00043034,-0.0040571,-0.0014712
0.0016304,-0.0021087,-0.00020918
0.0014457,-0.0016198,-0.001657
-0.00025797,-0.0023329,-0.0013926
0.0017352,-0.0025118,-0.0012472
0.00094202,-0.0011728,-0.0013563
0.00079517,0.0019386,-0.0010184
0.0016756,0.0016933,3.0652e-05
-0.0010468,0.0014148,-0.00078797
-0.0013269,0.0017077,-0.0015834
0.0016352,0.0011023,0.00058818
0.0038148,0.0014574,0.003013
0.0036764,0.0022231,0.0048152
0.0049667,0.0031156,0.0040835
0.0036649,0.0035713,-0.0022521
-0.00038079,0.0026788,0.00099102
-0.0039211,0.00063062,0.0028813
-0.0046013,0.00012765,0.0085654
-0.00094677,0.00073841,0.00095407
0.0031232,0.0026834,-0.0050805
0.0034904,0.0010136,-0.0032176
-0.0010376,0.0011933,0.0056831
-0.0016896,0.0011094,0.0042752
0.00048708,0.002905,0.0024876
0.0013673,0.0022199,-0.0042934
0.00034677,0.0029774,-0.0033801
0.003712,0.00067699,-9.9558e-05
0.00032148,0.0003154,0.0020278
0.0010519,0.0015072,-0.002815
-0.0021507,0.0013222,-0.0031146
-0.00066925,0.0013251,-0.0023171
0.0046362,0.0016287,0.0026921
0.004568,0.001557,0.002699
0.0054812,0.00026071,-0.0007565
-0.0037814,-0.00071015,0.0043379
-0.0060522,0.00083373,0.00533
-0.0019557,0.0014544,0.0017205
0.00013967,0.0013285,0.0035771
0.00046667,0.0010982,0.0011748
0.00022979,0.00074158,0.00076077
-0.0016503,0.00067295,0.00054701
-0.0012053,-0.0015547,0.0016859
-0.0018876,-0.00042307,0.00019504
0.0001243,-0.00066838,0.00073647
-0.0011029,-0.0012635,0.00042984
-0.00092328,-0.00090329,0.0014782
-0.00035121,-0.0024846,0.00037239
0.00043384,-0.002085,0.0023974
0.0003929,-0.0015093,0.0022131
-0.0015591,-0.0024081,0.0002848
-0.0019822,-0.0024635,0.0027507
-0.00046601,-0.0035915,0.00028823
0.00012379,-0.0029027,0.00074675
0.0021103,-0.0036719,0.0018458
0.00068618,-0.0030357,-0.0016511
0.0015256,-0.0032444,-0.0015069
0.00081115,-0.002206,-0.0029844
0.0021714,-0.0021448,1.5666e-05
-0.0020405,-0.00071557,0.0011854
-0.0018329,-0.002641,9.1317e-05
-0.0031746,-0.001248,0.00019626
0.002413,-0.0019861,0.0005569
0.0024656,-0.00054806,0.0003918
-0.0018083,-0.0007101,-0.0003824
-0.0010554,0.0010054,-0.0014452
-0.0030575,-0.0014963,-0.0052871
0.0019668,0.0003292,-0.0013956
0.0016625,-0.0011863,-0.00068998
-0.00087829,-0.0011601,0.0010804
-0.00041385,-0.0012807,-0.0018408
0.00049081,0.0012666,0.00056588
-0.00036832,-0.0015296,0.0006435
0.00071111,1.3023e-05,0.0012062
0.00066465,-0.00015279,0.00061621
0.0023619,0.00094955,-0.00023107
0.0011278,-0.0011417,0.0042468
-0.0036312,-0.001929,0.0033932
-0.002003,-0.00061694,0.0022119
0.0015861,-0.0018478,0.0053126
0.0023484,-0.0026084,0.0050899
0.0031842,-0.0033491,0.0059873
-0.0020155,-0.0024801,0.0015758
0.0005834,-0.0040536,0.0030403
0.00014491,-0.0050704,3.3333e-05
0.00059684,-0.0029513,0.00090497
-0.0059682,-0.0038022,0.00022726
-0.0031516,-0.0043511,-0.0013279
0.00056552,-0.0050359,-0.00031183
-0.00051163,-0.0040449,-0.00013947
-0.0012029,-0.0065492,-0.0018097
0.00084303,-0.0055307,-0.00024714
0.00039325,-0.0069884,-0.00039782
6.4381e-05,-0.0086617,0.00094811
0.00014449,-0.0097561,-0.00029475
0.0016118,-0.009514,-0.00041599
-0.0017449,-0.0087177,0.00043814
0.00034282,-0.009405,-0.0015304
-0.0012028,-0.0080375,0.00069563
-0.00059086,-0.0099498,-0.0020858
0.0002014,-0.0060682,0.00033112
0.00030454,-0.0072593,0.001592
0.0010373,-0.005619,-0.00056307
0.0017868,-0.0036989,-0.002782
-0.00036269,-0.0030057,-0.00050878
-0.0019116,-0.0047069,0.0014153
0.00020569,-0.0029888,0.0016927
-0.00022488,-0.0061937,-8.504e-05
2.4258e-05,-0.0037162,0.0018841
-0.0015672,-0.0044445,-0.00019908
-0.0023101,-0.0038132,0.0012693
-0.0032123,-0.0039224,0.00022962
-0.00078821,-0.004943,-2.6292e-05
-0.00023635,-0.0030878,-0.0013019
0.0017515,-0.0066362,-0.0022221
0.0016196,-0.0056584,-0.00083016
0.0013363,-0.0045242,-0.00073744
-0.0041326,-0.0058272,-0.0010923
-0.0027175,-0.002669,-0.0032998
-0.00055117,-0.0022348,-0.0035609
0.0049517,-0.0020299,-0.0026633
0.0032652,-0.00010388,-0.0026238
-0.0021575,-0.0025246,-0.0015679
-0.0056208,0.00048342,-0.0022519
-0.0045754,-0.0016857,-0.0029932
-0.0011301,-0.0012067,-0.00059379
0.00043567,0.00010948,0.0026242
0.0026646,-0.00079528,-0.0014529
-0.00039656,0.0012622,-0.00095828
-0.0021564,0.0016215,0.0069864
-0.0015868,0.0017846,0.00025607
0.0015734,-0.00011328,-0.0014569
0.0054673,0.0020157,0.0019351
0.0058778,-0.00031868,0.0019031
-0.0046872,0.0021954,-0.002239
-0.0028718,0.0010188,-0.00046878
0.0012297,-0.00034949,0.00027749
-0.0009644,6.8813e-05,-0.0021487
0.0036857,-0.00014681,0.0016754
0.00063213,-0.0011829,0.001181
-0.0013406,0.00028285,0.00058846
-0.0015423,0.00054829,0.0013945
-0.00074641,0.00074686,0.0038225
0.0014334,0.0010233,0.004711
0.00146,0.0015986,0.0027973
-0.00073189,-0.00054622,0.0015245
0.0014858,-0.00082138,0.0069119
-0.00098088,-0.00134,0.0035728
-0.0029576,-0.00029302,-0.0024966
-0.0084838,-0.00043144,-0.0043933
-0.0018172,-0.0013526,0.0018436
0.0016047,0.00022044,0.00011056
0.0039595,7.0275e-05,-0.00029676
0.0022122,-0.0017724,0.0020921
-0.0025382,-0.0012873,0.0020556
-0.0035868,0.00025523,0.0020929
-0.0040074,0.00060066,0.00037217
0.0022692,-0.0013879,-0.0001486
0.0011723,0.00049662,0.0011318
-0.0024164,-0.00099014,0.0019952
-0.0018943,0.0016998,0.000654
0.00011409,0.00077348,-0.00090074
-0.0022,0.0020022,-0.00088078
0.00201,0.0013942,0.0023501
0.004509,0.001875,-0.0006962
0.0053902,0.00046071,-0.0010869
0.0052049,-0.0015759,-0.001223
0.0015986,0.00073292,-0.00070416
-0.0028675,0.0020838,-0.00049134
-0.0049846,0.0011859,-8.5664e-05
-0.0011004,0.00093292,0.0022671
0.00012264,0.0016813,0.0021573
0.0023479,0.0017063,-9.6411e-05
0.00079077,-0.00044444,-0.00014144
-9.3461e-05,0.00088165,0.0022521
0.0014395,-0.0001825,0.00091247
0.0018465,-0.00013726,0.0015799
0.0040111,-0.0011115,-0.0018927
-0.00078501,0.00056544,0.0012083
-0.0030523,-0.0016516,-0.0015681
-0.00064307,-0.00025404,0.00021811
-0.0021644,-0.00091788,0.0025686
-0.0016422,-0.0022857,0.0013968
-5.2111e-05,-0.0013627,0.0016546
-0.0015858,0.00077569,-0.00072211
0.0019872,-0.0041448,-0.0025426
0.00030931,-0.0023585,0.0011569
-0.00080688,-0.0030772,-0.0010197
-0.0010552,-0.002154,0.00023299
-0.0022749,-0.00092205,-0.0025021
0.00046561,7.1217e-05,-0.00023547
-0.00027067,-0.0021497,-3.1361e-05
-0.0010434,-0.001281,0.0002162
0.00020565,-0.0019344,-0.00015023
0.00096488,-0.0013299,-0.00048161
4.3299e-05,-0.0016276,-0.0009784
-0.00084171,-0.0016795,3.054e-05
-0.00040933,-0.0019999,-0.0013642
-0.00078227,-0.0017001,0.00039192
0.00035696,-0.0006747,0.00039973
-0.0016807,-0.0016469,-0.0014117
-0.0016848,-0.0016076,-0.00078865
-7.4395e-05,-7.1688e-05,-0.001552
-0.0012033,-0.0015918,0.0011734
0.0016176,0.00015099,0.0010695
0.0016864,0.00080648,-0.00090942
0.0022962,0.00025699,-0.0015383
0.0026713,-0.0010811,-0.0007026
0.0015195,-0.00091962,0.0015744
-0.0016076,-0.0017762,7.6029e-05
-0.0022388,0.0034866,5.8359e-05
-0.0014151,0.0023352,-0.001261
0.00012858,0.001447,-0.0025918
0.0005186,0.0010611,-0.00031343
-0.0011592,0.0010725,0.0015879
-0.00099501,0.00040823,-0.0001057
0.00038076,0.00083241,0.001086
-0.00099807,0.0011424,0.00083899
0.00025888,0.0008623,-0.00092047
-0.001614,0.0030435,-0.0016435
0.00136,0.001522,-0.00052554
-0.0019363,0.0014477,0.0012247
0.0011873,0.0029614,0.0008428
0.0011983,-0.0012214,-3.159e-05
0.0022063,0.00096681,-0.00023216
0.0011372,-0.00016519,0.00025313
-0.00098223,0.0014919,0.00041979
-0.0019661,6.193e-05,0.00020668
0.00040325,-0.00096158,-0.00062959
0.0011252,-0.0025052,-5.1228e-05
2.462e-05,-0.0038576,0.00095846
0.0020066,-0.0024688,-0.00080285
0.00085317,-0.0042957,0.00045225
-0.00047628,-0.007471,0.0015741
0.00049363,-0.0088128,-7.221e-05
0.0010428,-0.010954,-0.0011478
0.0018603,-0.011471,0.00098105
5.5231e-06,-0.012266,0.0012873
0.00061199,-0.016276,-0.00057228
0.0023421,-0.016479,-0.00060016
0.00079312,-0.020862,-0.001388
0.0010695,-0.021389,0.00047087
0.0033571,-0.020854,0.00075969
-0.00038784,-0.021239,0.00071297
0.00064237,-0.022015,-0.0023007
0.0032273,-0.015963,-0.0022895
0.0019945,-0.0070382,-0.0079233
0.0013736,0.00027379,-0.0027156
-0.0015751,0.0052157,-0.0017949
0.00027069,0.010432,-0.00059651
-0.00020572,0.014925,-0.00040546
0.00044101,0.01565,0.0015593
-0.00021547,0.02048,0.0028508
-0.0010416,0.023386,-0.00011222
0.00067307,0.024325,-0.0017838
-0.001709,0.023665,-0.002147
0.00057731,0.02081,-0.001498
-0.0015217,0.020824,0.0010762
0.00034483,0.021446,0.0047535
0.00031886,0.014821,0.00081875
-0.00024245,0.013082,-0.0021577
-0.0016256,0.010216,0.00026908
-0.0031275,0.011493,0.0021006
-0.0021273,0.0058262,-0.0011563
0.0013825,0.00059725,0.00040391
0.0010835,-0.0044031,-0.0017368
0.00066367,-0.0063008,0.0016661
-0.00086191,-0.0083001,0.0021038
-0.00061991,-0.01292,-0.0012038
0.001757,-0.012916,-0.0054534
0.0014215,-0.013069,-0.0040534
-0.00056212,-0.014257,-0.0033931
-0.0028336,-0.015657,0.0010024
0.0010616,-0.015456,0.0078904
0.00010682,-0.015864,0.0047211
0.0050469,-0.018429,0.0062084
0.00055752,-0.016282,-0.0007389
-0.00075469,-0.014865,-0.0073849
-0.0017071,-0.015591,-0.0041939
-0.001286,-0.014352,0.00020265
-0.00084175,-0.014378,0.0016216
0.0013914,-0.013791,0.00082937
0.00071165,-0.011318,8.7862e-05
-0.00037676,-0.011497,-0.00070689
-0.00032481,-0.012628,0.0036751
0.00097515,-0.0081506,-0.0028536
0.00048988,-0.0085964,-0.0057622
0.0044539,-0.0098939,-0.0090464
0.0023398,-0.0082051,-0.0050355
-0.00025868,-0.0058698,0.00033624
-0.0035257,-0.0053292,0.0055713
-0.0027505,-0.0053843,0.004061
-0.0020726,-0.005202,0.0016545
-0.0029459,-0.0057523,-0.0053997
-0.00026892,-0.0056983,-0.0035849
6.5588e-05,-0.0052018,-0.0034529
