1,1.8228e-10,-5.2411e-10,-1.8228e-10,1,5.0729e-10,5.2411e-10,-5.0729e-10,1
1,0.00071221,0.0015335,-0.00070557,0.99999,-0.004327,-0.0015366,0.0043259,0.99999
1,-0.001384,0.0021293,0.0013951,0.99999,-0.0052233,-0.002122,0.0052262,0.99998
0.99999,-0.0028752,0.002197,0.0028772,1,-0.00091119,-0.0021944,0.00091751,1
0.99999,-0.0043783,0.0014269,0.0043703,0.99998,0.0055464,-0.0014512,-0.0055401,0.99998
0.99996,-0.0088007,4.9303e-05,0.0088004,0.99995,0.0046596,-9.0308e-05,-0.004659,0.99999
0.99993,-0.011541,-0.00099288,0.011543,0.99993,0.0016082,0.00097426,-0.0016196,1
0.99993,-0.012109,-0.001792,0.012106,0.99993,-0.0014633,0.0018095,0.0014415,1
0.99993,-0.011483,-0.0025962,0.011477,0.99993,-0.0021156,0.0026203,0.0020857,0.99999
0.99994,-0.010825,-0.003547,0.010825,0.99994,0.00019151,0.0035447,-0.00022989,0.99999
0.99993,-0.010746,-0.0042529,0.01076,0.99994,0.003119,0.0042191,-0.0031646,0.99999
0.99993,-0.010905,-0.0052545,0.010928,0.99993,0.0044284,0.0052059,-0.0044855,0.99998
0.99991,-0.012463,-0.005868,0.012493,0.99991,0.0050843,0.0058041,-0.0051571,0.99997
0.9999,-0.012631,-0.0068262,0.012665,0.99991,0.0049733,0.0067628,-0.0050592,0.99996
0.99989,-0.012872,-0.0075008,0.012898,0.99991,0.0033947,0.0074565,-0.0034911,0.99997
0.99987,-0.013366,-0.0090345,0.013377,0.99991,0.0011778,0.0090179,-0.0012985,0.99996
0.99984,-0.014687,-0.01052,0.014687,0.99989,-0.00010341,0.01052,-5.1111e-05,0.99994
0.99982,-0.014327,-0.012186,0.01432,0.9999,-0.00066162,0.012194,0.000487,0.99993
0.99982,-0.013041,-0.013637,0.013021,0.99991,-0.0015693,0.013656,0.0013915,0.99991
0.99981,-0.011596,-0.015361,0.011573,0.99993,-0.0016337,0.015379,0.0014556,0.99988
0.99978,-0.012137,-0.016918,0.012127,0.99993,-0.00067875,0.016925,0.00047344,0.99986
0.99977,-0.011484,-0.018256,0.011499,0.99993,0.00070615,0.018247,-0.00091591,0.99983
0.99974,-0.011323,-0.019759,0.011346,0.99994,0.0010386,0.019746,-0.0012625,0.9998
0.99969,-0.012468,-0.021493,0.012492,0.99992,0.00096851,0.021479,-0.0012367,0.99977
0.99965,-0.012688,-0.023088,0.012699,0.99992,0.00033181,0.023082,-0.00062489,0.99973
0.99963,-0.012614,-0.024112,0.012636,0.99992,0.00078991,0.0241,-0.0010943,0.99971
0.99961,-0.012367,-0.025165,0.01244,0.99992,0.0027471,0.025129,-0.0030591,0.99968
0.99957,-0.013638,-0.025988,0.013788,0.99989,0.0056013,0.025909,-0.0059572,0.99965
0.99956,-0.013277,-0.026675,0.013467,0.99989,0.0069537,0.02658,-0.0073099,0.99962
0.99954,-0.012825,-0.027437,0.012988,0.9999,0.0057605,0.02736,-0.0061141,0.99961
0.99954,-0.01143,-0.028193,0.011519,0.99993,0.0030065,0.028157,-0.0033298,0.9996
0.99952,-0.010923,-0.02897,0.010968,0.99994,0.001402,0.028953,-0.001719,0.99958
0.9995,-0.010204,-0.02991,0.010237,0.99995,0.00093865,0.029899,-0.0012444,0.99955
0.99946,-0.010424,-0.031319,0.010446,0.99995,0.00052835,0.031312,-0.00085523,0.99951
0.9994,-0.01012,-0.033185,0.010122,0.99995,-9.4154e-05,0.033184,-0.00024181,0.99945
0.99933,-0.01014,-0.035032,0.010129,0.99995,-0.00047999,0.035035,0.00012483,0.99939
0.99926,-0.010454,-0.03709,0.010486,0.99994,0.00064661,0.037082,-0.001035,0.99931
0.99918,-0.010442,-0.039053,0.010578,0.99994,0.0032894,0.039016,-0.0036999,0.99923
0.99912,-0.0096765,-0.040895,0.0098706,0.99994,0.0045486,0.040848,-0.0049482,0.99915
0.99905,-0.0082123,-0.042839,0.0084256,0.99995,0.0048018,0.042797,-0.0051582,0.99907
0.99899,-0.0055704,-0.044651,0.0057521,0.99998,0.0039421,0.044628,-0.0041949,0.99899
0.99891,-0.0040768,-0.046409,0.004226,0.99999,0.0031162,0.046395,-0.0033089,0.99892
0.99884,-0.0036023,-0.04792,0.0038242,0.99998,0.0045391,0.047903,-0.0047171,0.99884
0.9988,-0.0024219,-0.048962,0.0027249,0.99998,0.0061222,0.048946,-0.0062483,0.99878
0.9988,0.00060596,-0.048894,-0.00027076,0.99998,0.006862,0.048897,-0.0068406,0.99878
0.99885,0.0037485,-0.047824,-0.0035236,0.99998,0.004787,0.047841,-0.004613,0.99884
0.99892,0.0053521,-0.046051,-0.0052913,0.99998,0.0014417,0.046058,-0.0011965,0.99894
0.99902,0.0057128,-0.043904,-0.0057431,0.99998,-0.00056304,0.0439,0.00081463,0.99904
0.99914,0.0069281,-0.040848,-0.00692,0.99998,0.00034087,0.040849,-5.7907e-05,0.99917
0.99923,0.011976,-0.037299,-0.011853,0.99992,0.003534,0.037339,-0.0030892,0.9993
0.9993,0.016416,-0.033473,-0.016181,0.99984,0.0072826,0.033588,-0.0067359,0.99941
0.99935,0.021316,-0.029154,-0.021088,0.99974,0.0081201,0.029319,-0.0075,0.99954
0.9994,0.02502,-0.023766,-0.024831,0.99966,0.0082331,0.023964,-0.007638,0.99968
0.99943,0.028709,-0.017958,-0.028529,0.99954,0.010233,0.018243,-0.0097147,0.99979
0.99937,0.033724,-0.011208,-0.033593,0.99937,0.01169,0.011595,-0.011306,0.99987
0.99931,0.03701,-0.0040727,-0.036963,0.99926,0.01104,0.0044782,-0.010881,0.99993
0.99917,0.040508,0.0032609,-0.040543,0.99911,0.011425,-0.0027952,-0.011548,0.99993
0.99893,0.044947,0.010811,-0.045065,0.99892,0.010929,-0.010308,-0.011405,0.99988
0.99861,0.049322,0.018532,-0.049476,0.99874,0.0079466,-0.018117,-0.0088525,0.9998
0.99834,0.051056,0.026488,-0.051196,0.99868,0.0046143,-0.026217,-0.0059627,0.99964
0.99808,0.051516,0.034451,-0.051717,0.99865,0.0049747,-0.034148,-0.0067469,0.99939
0.9978,0.050997,0.042244,-0.051308,0.99866,0.0063158,-0.041865,-0.0084694,0.99909
0.99734,0.05274,0.050347,-0.053167,0.99856,0.0071664,-0.049897,-0.0098241,0.99871
0.99665,0.056185,0.05951,-0.056705,0.99837,0.0070825,-0.059014,-0.010433,0.9982
0.99583,0.060823,0.067967,-0.061411,0.99809,0.0065969,-0.067436,-0.010743,0.99767
0.99495,0.064398,0.077038,-0.065107,0.99786,0.0067316,-0.076439,-0.011713,0.99701
0.99422,0.063843,0.086349,-0.064694,0.99788,0.0070851,-0.085713,-0.01263,0.99624
0.9933,0.062792,0.097052,-0.063583,0.99796,0.0050806,-0.096535,-0.011217,0.99527
0.99214,0.061523,0.10898,-0.061929,0.99808,0.00034015,-0.10875,-0.0070867,0.99404
0.99054,0.062487,0.12219,-0.06247,0.99804,-0.0039717,-0.1222,-0.0036994,0.9925
0.98837,0.064317,0.13779,-0.06411,0.99793,-0.0059415,-0.13789,-0.0029615,0.99044
0.98573,0.066287,0.15476,-0.065965,0.9978,-0.007221,-0.1549,-0.0030908,0.98793
0.98302,0.066692,0.17096,-0.066217,0.99777,-0.0084834,-0.17114,-0.002981,0.98524
0.97973,0.065954,0.18914,-0.065301,0.99782,-0.0096884,-0.18937,-0.0028592,0.9819
0.97573,0.065032,0.20911,-0.064334,0.99788,-0.010147,-0.20932,-0.0035523,0.97784
0.9713,0.065513,0.22865,-0.064609,0.99785,-0.011445,-0.2289,-0.0036562,0.97344
0.96591,0.067609,0.24988,-0.066237,0.99771,-0.013905,-0.25025,-0.0031197,0.96818
0.95967,0.068923,0.27256,-0.067071,0.99762,-0.016119,-0.27302,-0.0028122,0.962
0.95227,0.070184,0.29707,-0.068153,0.99753,-0.017201,-0.29754,-0.0038661,0.9547
0.94361,0.073089,0.32289,-0.071026,0.99731,-0.018184,-0.32335,-0.0057747,0.94626
0.93341,0.075496,0.35077,-0.073331,0.99712,-0.019473,-0.35123,-0.0075462,0.93626
0.92227,0.076136,0.37896,-0.073738,0.99706,-0.020859,-0.37944,-0.0087061,0.92518
0.90959,0.074278,0.40881,-0.071089,0.9972,-0.023014,-0.40938,-0.0081291,0.91233
0.89442,0.071696,0.44144,-0.067125,0.99741,-0.025988,-0.44216,-0.006387,0.89691
0.87714,0.071454,0.47488,-0.06474,0.99744,-0.030501,-0.47584,-0.0039901,0.87952
0.85754,0.073415,0.50915,-0.064094,0.9973,-0.035851,-0.51041,-0.0018892,0.85993
0.83543,0.075688,0.54436,-0.063945,0.99713,-0.040504,-0.54587,-0.00097131,0.83787
0.81048,0.07888,0.58043,-0.065183,0.99688,-0.044458,-0.58213,-0.0018022,0.81309
0.78316,0.083029,0.61625,-0.068282,0.99654,-0.04749,-0.61805,-0.0048864,0.78612
0.75306,0.087487,0.65211,-0.071883,0.99613,-0.050628,-0.65402,-0.0087496,0.75643
0.71989,0.088578,0.68841,-0.071342,0.99601,-0.053553,-0.69041,-0.01056,0.72334
0.68344,0.086317,0.72488,-0.068133,0.99619,-0.054386,-0.72682,-0.012219,0.68672
0.64444,0.085033,0.75991,-0.065116,0.99629,-0.056263,-0.76188,-0.013225,0.64759
0.6015,0.084785,0.79436,-0.063091,0.99629,-0.058564,-0.79638,-0.014891,0.60461
0.55617,0.084725,0.82674,-0.059395,0.9963,-0.062145,-0.82894,-0.014541,0.55915
0.50822,0.083686,0.85715,-0.056743,0.99636,-0.063633,-0.85936,-0.016298,0.51112
0.45956,0.081661,0.88439,-0.054798,0.99647,-0.063536,-0.88646,-0.019264,0.46241
0.40954,0.079795,0.90879,-0.054806,0.99652,-0.062799,-0.91064,-0.024088,0.41249
0.35973,0.079611,0.92965,-0.057808,0.99634,-0.062953,-0.93126,-0.031095,0.36302
0.31034,0.080452,0.94721,-0.054979,0.99626,-0.066605,-0.94903,-0.031406,0.31361
0.26361,0.076225,0.96161,-0.044319,0.99678,-0.066863,-0.96361,-0.024992,0.26614
0.22007,0.070936,0.9729,-0.030599,0.99736,-0.065798,-0.975,-0.015289,0.22167
0.17704,0.0694,0.98175,-0.021806,0.99754,-0.066583,-0.98396,-0.0096202,0.17812
0.13943,0.072253,0.98759,-0.017754,0.99736,-0.070461,-0.99007,-0.0077087,0.14035
0.10748,0.072042,0.99159,-0.0088528,0.9974,-0.071504,-0.99417,-0.001093,0.10784
0.078522,0.070274,0.99443,-0.0021819,0.99752,-0.07032,-0.99691,0.0033518,0.07848
0.053799,0.068074,0.99623,0.0046779,0.99765,-0.068423,-0.99854,0.0083414,0.053354
0.034253,0.068297,0.99708,0.010117,0.99759,-0.068679,-0.99936,0.012439,0.033479
0.018746,0.070079,0.99737,0.013316,0.99743,-0.070334,-0.99974,0.0146,0.017765
0.0052842,0.069622,0.99756,0.013919,0.99747,-0.06969,-0.99989,0.014254,0.0043018
-0.0061903,0.070298,0.99751,0.014315,0.99743,-0.070204,-0.99988,0.013844,-0.0071806
-0.014799,0.073715,0.99717,0.019107,0.99712,-0.073428,-0.99971,0.017966,-0.016164
-0.021223,0.075649,0.99691,0.023704,0.99689,-0.075143,-0.99949,0.022036,-0.02295
-0.025909,0.07475,0.99687,0.023921,0.99696,-0.074135,-0.99938,0.021925,-0.027618
-0.029699,0.072354,0.99694,0.021536,0.99719,-0.071731,-0.99933,0.019339,-0.031174
-0.032246,0.064821,0.99738,0.0193,0.99775,-0.064221,-0.99929,0.017178,-0.033425
-0.03358,0.058966,0.9977,0.020692,0.99809,-0.058292,-0.99922,0.018687,-0.034736
-0.034037,0.056852,0.9978,0.023322,0.99815,-0.056076,-0.99915,0.021362,-0.0353
-0.033724,0.059221,0.99768,0.026478,0.99795,-0.058342,-0.99908,0.024448,-0.035223
-0.033059,0.067305,0.99718,0.027707,0.99741,-0.066402,-0.99907,0.025433,-0.034838
-0.030873,0.075127,0.9967,0.028323,0.99684,-0.07426,-0.99912,0.025937,-0.032903
-0.028693,0.076589,0.99665,0.029704,0.99669,-0.075737,-0.99915,0.027432,-0.030873
-0.026661,0.071584,0.99708,0.028593,0.99708,-0.07082,-0.99924,0.026621,-0.02863
-0.024196,0.064035,0.99765,0.028157,0.99759,-0.063349,-0.99931,0.026558,-0.025941
-0.02155,0.063297,0.99776,0.025856,0.9977,-0.062734,-0.99943,0.024446,-0.023137
-0.018131,0.068985,0.99745,0.033897,0.99709,-0.068343,-0.99926,0.032572,-0.020417
-0.014656,0.074345,0.99712,0.03594,0.99663,-0.073779,-0.99925,0.034756,-0.017278
-0.012522,0.074735,0.99712,0.029176,0.99681,-0.074345,-0.9995,0.028161,-0.014662
-0.0093027,0.072185,0.99735,0.025582,0.99708,-0.071927,-0.99963,0.024845,-0.011122
-0.0045867,0.066579,0.99777,0.029249,0.99736,-0.066417,-0.99956,0.028879,-0.0065219
-0.0012519,0.069114,0.99761,0.034204,0.99703,-0.069031,-0.99941,0.034036,-0.0036122
0.0018595,0.073097,0.99732,0.033656,0.99676,-0.073119,-0.99943,0.033702,-0.00060671
0.0053311,0.074461,0.99721,0.030178,0.99676,-0.074588,-0.99953,0.030491,0.0030667
0.0091535,0.073181,0.99728,0.029117,0.99688,-0.073418,-0.99953,0.02971,0.0069941
0.013076,0.070485,0.99743,0.033513,0.99692,-0.070888,-0.99935,0.034354,0.010674
0.017093,0.070225,0.99738,0.038093,0.99676,-0.070834,-0.99913,0.039205,0.014363
0.020718,0.071269,0.99724,0.040906,0.99656,-0.07207,-0.99895,0.042286,0.017731
0.02346,0.071558,0.99716,0.041049,0.99652,-0.072478,-0.99888,0.042632,0.020441
0.027005,0.070397,0.99715,0.042708,0.99653,-0.071509,-0.99872,0.044517,0.023904
0.030709,0.068675,0.99717,0.044166,0.99657,-0.069994,-0.99855,0.04619,0.027571
0.033566,0.069859,0.99699,0.043089,0.99653,-0.071277,-0.99851,0.045352,0.030439
0.036623,0.071253,0.99679,0.040275,0.99654,-0.072715,-0.99852,0.042808,0.033627
0.039502,0.071352,0.99667,0.04213,0.99644,-0.073005,-0.99833,0.044874,0.036355
0.042268,0.07092,0.99659,0.039449,0.99658,-0.072593,-0.99833,0.042383,0.039326
0.044293,0.071815,0.99643,0.038371,0.99655,-0.073529,-0.99828,0.041491,0.041384
0.047413,0.071333,0.99633,0.034539,0.99673,-0.073006,-0.99828,0.037874,0.044794
0.050771,0.073423,0.99601,0.033334,0.99661,-0.075167,-0.99815,0.037018,0.048151
0.053976,0.077692,0.99552,0.032351,0.99631,-0.079508,-0.99802,0.036497,0.051263
0.05735,0.07908,0.99522,0.031982,0.9962,-0.081001,-0.99784,0.036475,0.054603
0.060393,0.081817,0.99482,0.026272,0.99616,-0.083523,-0.99783,0.03118,0.058012
0.062978,0.080561,0.99476,0.022298,0.99637,-0.082103,-0.99777,0.027352,0.060954
0.066646,0.081059,0.99448,0.024457,0.99626,-0.082843,-0.99748,0.029844,0.064414
0.070694,0.082006,0.99412,0.023875,0.99619,-0.083875,-0.99721,0.029665,0.068467
0.074166,0.08302,0.99378,0.019365,0.99622,-0.084669,-0.99706,0.025524,0.072278
0.078311,0.081929,0.99356,0.019009,0.99631,-0.083654,-0.99675,0.025438,0.076465
0.083323,0.080262,0.99329,0.01887,0.99645,-0.0821,-0.99634,0.025584,0.081512
0.088146,0.08494,0.99248,0.015447,0.99612,-0.086623,-0.99599,0.022966,0.086492
0.09422,0.094227,0.99108,0.013861,0.99529,-0.095945,-0.99545,0.022777,0.09247
0.1017,0.098554,0.98992,0.01204,0.99489,-0.10029,-0.99474,0.022118,0.099993
0.10888,0.10095,0.98892,0.0080082,0.99471,-0.10242,-0.99402,0.019071,0.1075
0.1158,0.098731,0.98835,0.0040864,0.99499,-0.099873,-0.99326,0.015604,0.11482
0.12345,0.096844,0.98761,0.0038042,0.99517,-0.098061,-0.99234,0.015863,0.12249
0.13066,0.093882,0.98697,0.0036808,0.99545,-0.095176,-0.99142,0.016068,0.12972
0.13812,0.087772,0.98652,0.0014189,0.99605,-0.088818,-0.99041,0.013667,0.13745
0.14525,0.081015,0.98607,-0.00072627,0.99665,-0.081777,-0.9894,0.011162,0.14482
0.15291,0.077344,0.98521,-0.0012738,0.99695,-0.078067,-0.98824,0.010682,0.15254
0.15997,0.080358,0.98384,-0.001057,0.99669,-0.081236,-0.98712,0.011956,0.15953
0.1657,0.086167,0.9824,-0.0009233,0.99619,-0.087221,-0.98618,0.013545,0.16515
0.17086,0.090699,0.98111,-0.00186,0.99578,-0.091731,-0.98529,0.013848,0.17031
0.17556,0.093003,0.98007,-0.0039921,0.99559,-0.09376,-0.98446,0.012548,0.17516
0.18095,0.092503,0.97913,-0.005856,0.99565,-0.092982,-0.98347,0.011091,0.18071
0.18635,0.089093,0.97844,-0.0021801,0.99591,-0.09027,-0.98248,0.014689,0.18578
0.19082,0.083155,0.9781,-0.0011836,0.99642,-0.084482,-0.98162,0.014963,0.19023
0.1938,0.075706,0.97812,-0.0036067,0.99707,-0.076458,-0.98103,0.01129,0.19351
0.1969,0.073018,0.9777,-0.0067935,0.9973,-0.073114,-0.9804,0.0077542,0.19687
0.20008,0.073422,0.97702,-0.0084624,0.99728,-0.073212,-0.97974,0.0063805,0.20016
0.20219,0.075734,0.97641,-0.010499,0.99712,-0.075166,-0.97929,0.004947,0.2024
0.20346,0.07985,0.97582,-0.014763,0.99681,-0.078489,-0.97897,0.0015634,0.20399
0.20543,0.084305,0.97503,-0.01628,0.99644,-0.082726,-0.97854,0.0011213,0.20608
0.20745,0.089467,0.97415,-0.016844,0.99599,-0.087886,-0.9781,0.0018233,0.20812
0.20904,0.091294,0.97364,-0.016397,0.99582,-0.089854,-0.97777,0.0028184,0.20966
0.21017,0.090996,0.97342,-0.01864,0.99585,-0.089068,-0.97749,0.00057446,0.211
0.21083,0.088233,0.97353,-0.018666,0.9961,-0.086236,-0.97735,8.9125e-06,0.21165
0.21129,0.085414,0.97368,-0.018654,0.99635,-0.083354,-0.97725,-0.00055151,0.21211
0.21107,0.084432,0.97382,-0.017923,0.99643,-0.082508,-0.97731,-3.9318e-05,0.21182
0.20952,0.083724,0.97421,-0.017853,0.99649,-0.081798,-0.97764,-0.00025471,0.21028
0.20778,0.08441,0.97453,-0.01913,0.99643,-0.082229,-0.97799,-0.0015572,0.20865
0.20537,0.087849,0.97473,-0.020157,0.99613,-0.08553,-0.97848,-0.0020827,0.20634
0.20313,0.091322,0.97488,-0.018428,0.99582,-0.089443,-0.97898,0.0002036,0.20396
0.2014,0.09174,0.9752,-0.016085,0.99578,-0.090354,-0.97938,0.0025111,0.20202
0.19919,0.09078,0.97575,-0.01684,0.99587,-0.089215,-0.97982,0.0013397,0.1999
0.19657,0.087993,0.97653,-0.01712,0.99612,-0.086312,-0.98034,0.00024811,0.19731
0.19453,0.083561,0.97733,-0.016858,0.9965,-0.081845,-0.98075,-0.00055418,0.19526
0.19269,0.082572,0.97778,-0.013863,0.99658,-0.081428,-0.98116,0.0021361,0.19318
0.19098,0.084582,0.97794,-0.0095567,0.99639,-0.084312,-0.98155,0.0067564,0.1911
0.18863,0.08635,0.97825,-0.0057315,0.99621,-0.08683,-0.98203,0.010772,0.18841
0.18697,0.088836,0.97834,-0.0064475,0.99599,-0.089206,-0.98235,0.010371,0.18679
0.1857,0.091177,0.97837,-0.0065984,0.99578,-0.091547,-0.98258,0.010544,0.18552
0.18454,0.089268,0.97876,-0.0048873,0.99594,-0.089913,-0.98281,0.011809,0.18422
0.1854,0.087483,0.97876,0.0014006,0.996,-0.089289,-0.98266,0.017925,0.18453
0.18799,0.086472,0.97836,0.0064556,0.99599,-0.089271,-0.98215,0.023098,0.18668
0.19,0.08543,0.97806,0.0088313,0.99602,-0.088714,-0.98174,0.025493,0.18849
0.19342,0.085069,0.97742,0.0057142,0.99612,-0.087827,-0.9811,0.022573,0.19218
0.19895,0.085543,0.97627,0.0051543,0.99608,-0.088329,-0.98,0.022605,0.19773
0.2058,0.084671,0.97492,0.0062276,0.99612,-0.087826,-0.97857,0.024146,0.20448
0.21408,0.08394,0.9732,0.0057606,0.99618,-0.087189,-0.9768,0.024272,0.21278
0.22213,0.083231,0.97146,0.0052611,0.99623,-0.086557,-0.975,0.024338,0.22085
0.231,0.082482,0.96945,0.0014159,0.99637,-0.085109,-0.97295,0.021033,0.23005
0.24099,0.082493,0.96702,-0.00015091,0.99638,-0.08496,-0.97053,0.020329,0.24013
0.25041,0.085728,0.96434,-0.0045113,0.99616,-0.087386,-0.96813,0.017531,0.24983
0.26003,0.088671,0.96152,-0.008289,0.99594,-0.089603,-0.96556,0.01533,0.25971
0.27077,0.09063,0.95837,-0.012523,0.99581,-0.090632,-0.96256,0.012539,0.27077
0.28105,0.092557,0.95522,-0.0144,0.99563,-0.092236,-0.95958,0.012168,0.28116
0.29087,0.093264,0.95221,-0.016952,0.99558,-0.092335,-0.95661,0.010715,0.29116
0.30121,0.094234,0.94889,-0.018475,0.99549,-0.092998,-0.95338,0.010481,0.30159
0.31148,0.095,0.94549,-0.021826,0.99544,-0.092828,-0.95,0.0082779,0.31213
0.3221,0.089733,0.94244,-0.021587,0.99594,-0.087449,-0.94646,0.007823,0.32273
0.33298,0.081818,0.93938,-0.017967,0.9966,-0.080433,-0.94276,0.0099049,0.33332
0.34402,0.077579,0.93575,-0.016564,0.99693,-0.076561,-0.93882,0.010839,0.34425
0.35409,0.07459,0.93223,-0.016506,0.99716,-0.073515,-0.93506,0.010644,0.35432
0.36321,0.070477,0.92904,-0.010063,0.99737,-0.071727,-0.93165,0.016703,0.36296
0.37246,0.066719,0.92565,-0.0038109,0.99751,-0.070365,-0.92804,0.02268,0.37178
0.37954,0.056992,0.92342,0.0051386,0.99796,-0.063704,-0.92516,0.028924,0.37847
0.38686,0.052864,0.92062,0.011536,0.998,-0.062155,-0.92207,0.034665,0.38548
0.39415,0.053122,0.91751,0.012806,0.99791,-0.063279,-0.91895,0.036692,0.39265
0.4018,0.059151,0.91382,0.015517,0.99733,-0.07138,-0.9156,0.04286,0.39981
0.40914,0.06372,0.91025,0.019739,0.99671,-0.078645,-0.91226,0.050143,0.40653
0.41443,0.06513,0.90775,0.017054,0.99671,-0.079299,-0.90992,0.048344,0.41195
0.41885,0.067324,0.90556,0.0092041,0.99688,-0.078371,-0.90801,0.04116,0.41692
0.42275,0.0707,0.90349,0.0030578,0.99684,-0.079436,-0.90624,0.036344,0.42119
0.42704,0.074055,0.9012,0.002045,0.99656,-0.08286,-0.90423,0.037227,0.42542
0.43119,0.078363,0.89885,-0.0010139,0.99626,-0.086369,-0.90226,0.03633,0.42965
0.43456,0.081231,0.89697,-0.0042905,0.9961,-0.088129,-0.90063,0.034449,0.43321
0.43856,0.079536,0.89518,-0.0054821,0.99629,-0.085835,-0.89869,0.032736,0.43737
0.44285,0.075914,0.89337,-0.0044168,0.99658,-0.082495,-0.89658,0.032587,0.44168
0.4462,0.073543,0.89191,-0.0048759,0.9968,-0.079753,-0.89492,0.031237,0.44513
0.44981,0.072641,0.89016,-0.0062233,0.99692,-0.078208,-0.8931,0.029639,0.44888
0.45313,0.074646,0.88831,-0.007838,0.99678,-0.079762,-0.89141,0.02918,0.45226
0.45592,0.074935,0.88686,-0.0068748,0.99672,-0.080683,-0.89,0.030688,0.45493
0.45804,0.073094,0.88592,-0.0048491,0.9968,-0.079736,-0.88892,0.032226,0.45693
0.45979,0.072102,0.8851,-0.0028675,0.99681,-0.079713,-0.88803,0.034113,0.45853
0.46158,0.071908,0.88418,-0.0042919,0.99688,-0.078833,-0.88709,0.032593,0.46045
0.46359,0.071548,0.88315,-0.0031143,0.99686,-0.079124,-0.88604,0.033931,0.46236
0.46622,0.073709,0.88159,-0.0034358,0.99667,-0.081513,-0.88466,0.034974,0.46492
0.46933,0.073073,0.87999,-0.0011097,0.99662,-0.082165,-0.88302,0.037586,0.46782
0.47244,0.072377,0.87839,0.0012341,0.99657,-0.082778,-0.88136,0.040191,0.47073
0.47568,0.070687,0.87677,0.0040505,0.99658,-0.082544,-0.87961,0.042816,0.47377
0.47912,0.069755,0.87497,0.0055303,0.99658,-0.082478,-0.87773,0.044356,0.4771
0.48232,0.069352,0.87325,0.0064671,0.99655,-0.082717,-0.87597,0.045543,0.48021
0.48573,0.068657,0.87141,0.0071599,0.99656,-0.082508,-0.87408,0.046316,0.48357
0.48917,0.068146,0.86952,0.008817,0.99651,-0.083058,-0.87214,0.048296,0.48686
0.49306,0.069452,0.86722,0.0084127,0.99638,-0.084579,-0.86995,0.048998,0.49069
0.49741,0.0696,0.86472,0.010394,0.99623,-0.086164,-0.86746,0.051846,0.49481
0.50214,0.073054,0.86169,0.008009,0.99599,-0.089106,-0.86475,0.051645,0.49954
0.50758,0.078897,0.85798,0.0047007,0.99553,-0.094326,-0.86159,0.051911,0.50494
0.51337,0.085919,0.85385,-0.00072177,0.99502,-0.099689,-0.85817,0.050562,0.51088
0.51941,0.092101,0.84955,-0.0057484,0.99453,-0.1043,-0.8545,0.049294,0.5171
0.52582,0.096484,0.84511,-0.0087868,0.99411,-0.10803,-0.85055,0.049377,0.52357
0.53118,0.096716,0.84172,-0.013396,0.9943,-0.10579,-0.84716,0.04492,0.52944
0.53649,0.095521,0.83848,-0.019855,0.99473,-0.10062,-0.84367,0.037331,0.53556
0.54224,0.093127,0.83505,-0.025978,0.99522,-0.094121,-0.83982,0.029343,0.54207
0.54796,0.090995,0.83154,-0.032245,0.99562,-0.087702,-0.83588,0.021245,0.5485
0.55409,0.089237,0.82766,-0.034935,0.99585,-0.083983,-0.83172,0.01762,0.55491
0.56051,0.092863,0.82292,-0.03949,0.99556,-0.085446,-0.82721,0.015396,0.56169
0.56645,0.096772,0.81839,-0.043255,0.9952,-0.08774,-0.82296,0.014301,0.56792
0.57256,0.10014,0.81373,-0.046009,0.99487,-0.090055,-0.81857,0.014122,0.57423
0.57887,0.10202,0.80901,-0.048055,0.99469,-0.091056,-0.814,0.013833,0.5807
0.58512,0.10296,0.80438,-0.051317,0.99462,-0.089985,-0.80932,0.011374,0.58726
0.59124,0.10492,0.79964,-0.057262,0.99446,-0.088142,-0.80446,0.0063241,0.59398
0.59841,0.10266,0.79459,-0.057668,0.9947,-0.085079,-0.79911,0.0050899,0.60116
0.60597,0.10072,0.78908,-0.057665,0.9949,-0.082713,-0.79339,0.0046189,0.60869
0.61349,0.10087,0.78323,-0.058588,0.99489,-0.08224,-0.78753,0.0045658,0.61626
0.62094,0.10329,0.77702,-0.063519,0.99465,-0.081457,-0.78128,0.0012239,0.62418
0.62878,0.10381,0.77062,-0.06393,0.99459,-0.081821,-0.77495,0.0021821,0.63202
0.63552,0.10461,0.76496,-0.065658,0.99451,-0.081449,-0.76928,0.0015371,0.63891
0.64072,0.10325,0.7608,-0.065622,0.99465,-0.07972,-0.76496,0.001153,0.64407
0.64443,0.1018,0.75786,-0.064806,0.9948,-0.078519,-0.76191,0.0014864,0.64768
0.64827,0.099141,0.75492,-0.060927,0.99506,-0.078358,-0.75897,0.0048022,0.65111
0.65179,0.095536,0.75236,-0.055547,0.99538,-0.078275,-0.75637,0.009227,0.65408
0.65578,0.0887,0.74972,-0.047805,0.99596,-0.076017,-0.75343,0.01401,0.65737
0.65946,0.083056,0.74714,-0.042183,0.9964,-0.073532,-0.75055,0.016975,0.66059
0.66306,0.077366,0.74456,-0.036524,0.9968,-0.07105,-0.74768,0.019916,0.66376
0.66637,0.076237,0.74172,-0.036321,0.9969,-0.069835,-0.74474,0.019596,0.66707
0.6694,0.077895,0.73881,-0.037132,0.99675,-0.071448,-0.74198,0.020393,0.67012
0.67263,0.08244,0.73537,-0.042961,0.99645,-0.072413,-0.73873,0.017115,0.67379
0.67522,0.085845,0.73261,-0.048438,0.99622,-0.07209,-0.73603,0.01319,0.67682
0.67813,0.082617,0.73028,-0.049417,0.99654,-0.06685,-0.73328,0.0092443,0.67987
0.68161,0.079759,0.72735,-0.052076,0.99681,-0.060505,-0.72986,0.0033636,0.68359
0.68512,0.074498,0.72461,-0.051718,0.99722,-0.053626,-0.72659,-0.00073494,0.68707
0.68978,0.070187,0.7206,-0.048969,0.99753,-0.050285,-0.72236,-0.00060162,0.69152
0.69455,0.067464,0.71627,-0.043384,0.99771,-0.051903,-0.71813,0.0049748,0.69589
0.70008,0.064468,0.71115,-0.032617,0.99776,-0.058341,-0.71332,0.017647,0.70062
0.70559,0.066268,0.70552,-0.026831,0.9974,-0.06685,-0.70812,0.028239,0.70553
0.71128,0.066271,0.69978,-0.024196,0.99726,-0.06985,-0.7025,0.03275,0.71093
0.7171,0.062276,0.69419,-0.021678,0.99751,-0.067094,-0.69664,0.033064,0.71666
0.72311,0.055879,0.68847,-0.01711,0.99787,-0.06302,-0.69052,0.033791,0.72252
0.72849,0.053526,0.68296,-0.012896,0.99784,-0.064449,-0.68493,0.038143,0.72761
0.73312,0.054738,0.67789,-0.010469,0.99755,-0.069226,-0.68002,0.043654,0.73189
0.73675,0.057404,0.67372,-0.011544,0.99731,-0.072351,-0.67607,0.045528,0.73543
0.73994,0.053391,0.67055,-0.0091695,0.99755,-0.06931,-0.67261,0.045137,0.73862
0.74239,0.048222,0.66823,-0.0059403,0.99784,-0.065408,-0.66994,0.044589,0.74107
0.74381,0.044222,0.66693,-0.0028105,0.99801,-0.063041,-0.66839,0.045016,0.74245
0.74441,0.039818,0.66654,0.00060754,0.99818,-0.060309,-0.66772,0.045299,0.74303
0.74468,0.038869,0.66629,0.00050349,0.99827,-0.058797,-0.66743,0.04412,0.74337
0.7445,0.039086,0.66648,-0.00070607,0.99833,-0.057759,-0.66762,0.042531,0.74328
0.74397,0.04142,0.66693,-0.00236,0.99823,-0.059364,-0.66821,0.042591,0.74276
0.74258,0.04566,0.6682,-0.0062048,0.9981,-0.061308,-0.66973,0.04138,0.74146
0.74067,0.049076,0.67008,-0.009657,0.998,-0.06242,-0.6718,0.039761,0.73966
0.73863,0.052146,0.67209,-0.01407,0.99798,-0.061968,-0.67396,0.036316,0.73787
0.7362,0.053061,0.67468,-0.015964,0.99801,-0.06107,-0.67658,0.034189,0.73558
0.73386,0.053028,0.67723,-0.016763,0.99806,-0.059984,-0.6791,0.032667,0.73332
0.73139,0.051666,0.68,-0.017953,0.99824,-0.056535,-0.68173,0.029141,0.73103
0.72876,0.047943,0.68309,-0.014227,0.99839,-0.054894,-0.68462,0.030286,0.72827
0.72583,0.052109,0.6859,-0.015194,0.9981,-0.059748,-0.68771,0.032946,0.72524
0.7223,0.062901,0.68871,-0.020033,0.99734,-0.070078,-0.69129,0.03682,0.72164
0.71893,0.068143,0.69173,-0.02214,0.99692,-0.075196,-0.69473,0.038746,0.71823
0.7152,0.066368,0.69576,-0.024963,0.99727,-0.069468,-0.69848,0.032315,0.7149
0.71157,0.064598,0.69964,-0.027691,0.99757,-0.063943,-0.70207,0.026126,0.71163
0.708,0.064197,0.70329,-0.029186,0.99767,-0.061687,-0.70561,0.023148,0.70822
0.70476,0.063854,0.70657,-0.02882,0.9977,-0.061417,-0.70886,0.02292,0.70497
0.70173,0.062352,0.7097,-0.026738,0.99777,-0.061222,-0.71194,0.023985,0.70183
0.69889,0.061188,0.71261,-0.022903,0.99774,-0.063208,-0.71487,0.027854,0.69871
0.69549,0.060964,0.71595,-0.019435,0.99763,-0.06607,-0.71828,0.032037,0.69502
0.6916,0.0612,0.71968,-0.016616,0.99749,-0.068857,-0.72209,0.035664,0.69088
0.68761,0.061945,0.72344,-0.016689,0.99744,-0.069544,-0.72589,0.035746,0.68688
0.6834,0.063476,0.72728,-0.0186,0.9974,-0.069575,-0.72981,0.03402,0.68281
0.67824,0.063336,0.73211,-0.018395,0.99743,-0.069248,-0.73461,0.033499,0.67766
0.67258,0.066313,0.73705,-0.020582,0.99727,-0.070944,-0.73974,0.032545,0.67211
0.66618,0.072946,0.74222,-0.025144,0.99684,-0.075402,-0.74537,0.031569,0.6659
0.65992,0.079118,0.74715,-0.027134,0.9963,-0.081535,-0.75084,0.033533,0.65963
0.65346,0.080797,0.75264,-0.026893,0.99614,-0.083587,-0.75648,0.03438,0.65311
0.64694,0.076084,0.75873,-0.028105,0.99671,-0.075984,-0.76202,0.027833,0.64696
0.63975,0.071816,0.76522,-0.034187,0.9973,-0.065015,-0.76782,0.015433,0.64048
0.63243,0.06652,0.77175,-0.033397,0.99772,-0.05863,-0.7739,0.011305,0.63321
0.62516,0.068864,0.77745,-0.037877,0.9976,-0.057907,-0.77957,0.0067539,0.62627
0.61721,0.069883,0.78369,-0.03599,0.99751,-0.060605,-0.78597,0.0092011,0.61819
0.61086,0.070596,0.78859,-0.030629,0.99738,-0.065561,-0.79115,0.015896,0.61142
0.60383,0.078152,0.79328,-0.029933,0.9967,-0.075408,-0.79655,0.021788,0.60417
0.59638,0.079296,0.79878,-0.025276,0.99647,-0.08005,-0.80231,0.02755,0.59628
0.58918,0.074931,0.80452,-0.022695,0.99683,-0.076222,-0.80768,0.02665,0.58901
0.58227,0.06889,0.81007,-0.01852,0.99727,-0.071498,-0.81278,0.026629,0.58196
0.57573,0.068465,0.81477,-0.017106,0.99728,-0.071714,-0.81746,0.02735,0.57533
0.5691,0.068053,0.81944,-0.015683,0.99729,-0.071931,-0.82212,0.028085,0.56863
0.56244,0.067608,0.82407,-0.014227,0.9973,-0.07211,-0.82671,0.028834,0.56188
0.55738,0.06199,0.82794,-0.0096738,0.99763,-0.068183,-0.8302,0.029994,0.55666
0.55239,0.058726,0.83151,-0.0090853,0.99788,-0.064441,-0.83353,0.028042,0.55176
0.54794,0.057988,0.8345,-0.01051,0.99799,-0.062447,-0.83645,0.025447,0.54745
0.54334,0.060946,0.8373,-0.011013,0.99779,-0.065481,-0.83944,0.026357,0.54281
0.53951,0.064525,0.8395,-0.010268,0.99749,-0.070069,-0.84191,0.029183,0.53882
0.53653,0.069535,0.84101,-0.010248,0.99706,-0.0759,-0.84382,0.032104,0.53567
0.533,0.072087,0.84304,-0.013061,0.99695,-0.076989,-0.84601,0.030024,0.53232
0.53028,0.067096,0.84516,-0.012916,0.99739,-0.071077,-0.84772,0.026775,0.52976
0.52807,0.058627,0.84718,-0.0097593,0.99797,-0.062978,-0.84915,0.024989,0.52757
0.52555,0.053746,0.84907,-0.0054328,0.99819,-0.059823,-0.85075,0.026827,0.52489
0.52302,0.052474,0.8507,0.0004771,0.99808,-0.061858,-0.85232,0.032759,0.52199
0.52078,0.055615,0.85188,0.0018128,0.9978,-0.06625,-0.85369,0.036046,0.51954
0.51867,0.062333,0.8527,-0.0002165,0.99735,-0.072776,-0.85497,0.037562,0.51731
0.5164,0.070998,0.8534,-0.0024606,0.99668,-0.081428,-0.85635,0.039949,0.51486
0.51427,0.072241,0.85458,0.0018841,0.99635,-0.085359,-0.85763,0.045507,0.51225
0.51168,0.066173,0.85662,0.00089755,0.99699,-0.077552,-0.85917,0.040451,0.51008
0.50803,0.058,0.85938,-0.0070505,0.99798,-0.063186,-0.86131,0.026041,0.50741
0.50454,0.055254,0.86162,-0.015383,0.99837,-0.055016,-0.86325,0.014503,0.50457
0.50233,0.057139,0.86279,-0.016164,0.99826,-0.0567,-0.86453,0.014536,0.50238
0.50007,0.060421,0.86387,-0.01267,0.99797,-0.062466,-0.86589,0.020292,0.49982
0.49757,0.06193,0.86521,-0.011676,0.99784,-0.064708,-0.86735,0.022094,0.49721
0.49492,0.06121,0.86678,-0.012087,0.9979,-0.063568,-0.86885,0.020985,0.49463
0.49213,0.060174,0.86844,-0.01297,0.998,-0.061802,-0.87043,0.019151,0.49193
0.4896,0.05987,0.86989,-0.012807,0.99803,-0.061481,-0.87185,0.01896,0.4894
0.48667,0.060236,0.87151,-0.011126,0.99797,-0.062764,-0.87352,0.020849,0.48635
0.4828,0.062057,0.87353,-0.010226,0.99782,-0.065235,-0.87567,0.022563,0.48238
0.47846,0.064123,0.87576,-0.010396,0.99767,-0.06737,-0.87805,0.02313,0.47801
0.47369,0.066004,0.87822,-0.010393,0.99754,-0.069366,-0.88063,0.023731,0.4732
0.4685,0.068643,0.88079,-0.010755,0.99735,-0.072005,-0.8834,0.024262,0.468
0.46266,0.071796,0.88362,-0.0094242,0.99706,-0.076078,-0.88648,0.026871,0.46198
0.45627,0.074658,0.8867,-0.0076072,0.99677,-0.08001,-0.88981,0.029761,0.45536
0.44963,0.07711,0.88988,-0.00935,0.99662,-0.081635,-0.89316,0.028385,0.44883
0.4427,0.079095,0.89317,-0.013799,0.99658,-0.081413,-0.89656,0.023717,0.44228
0.43596,0.08054,0.89636,-0.017397,0.99656,-0.081081,-0.8998,0.019754,0.43586
0.42954,0.081529,0.89936,-0.017779,0.99649,-0.081843,-0.90287,0.019165,0.42948
0.42253,0.084766,0.90238,-0.018795,0.99622,-0.084781,-0.90616,0.018862,0.42252
0.41481,0.09004,0.90544,-0.021991,0.99579,-0.08895,-0.90964,0.016985,0.41504
0.40706,0.093796,0.90857,-0.02398,0.99547,-0.092023,-0.91309,0.015671,0.40746
0.39973,0.096366,0.91156,-0.025567,0.99524,-0.094002,-0.91628,0.014269,0.40029
0.39223,0.099066,0.91452,-0.025959,0.99498,-0.096648,-0.9195,0.014168,0.39283
0.38479,0.10088,0.91747,-0.027332,0.99482,-0.097922,-0.9226,0.012603,0.38556
0.37774,0.1016,0.92032,-0.023822,0.9947,-0.10003,-0.9256,0.015862,0.37816
0.37077,0.10062,0.92326,-0.021646,0.99478,-0.099723,-0.92847,0.016989,0.37101
0.3633,0.098088,0.92649,-0.02057,0.99504,-0.097279,-0.93144,0.016283,0.36352
0.35588,0.095748,0.92961,-0.021821,0.99532,-0.094162,-0.93428,0.013225,0.35631
0.34926,0.091449,0.93255,-0.021097,0.99574,-0.089744,-0.93679,0.01167,0.34971
0.34364,0.087765,0.93499,-0.017512,0.99605,-0.08706,-0.93894,0.013544,0.34382
0.33824,0.08241,0.93745,-0.01692,0.99653,-0.081499,-0.94091,0.011704,0.33846
0.33269,0.076929,0.93989,-0.016291,0.99699,-0.075835,-0.94289,0.0099177,0.33294
0.32804,0.076763,0.94154,-0.01147,0.99694,-0.077283,-0.94459,0.014553,0.32792
0.32305,0.084279,0.94262,-0.0091091,0.99626,-0.085953,-0.94634,0.019181,0.32261
0.31869,0.096243,0.94296,-0.0036499,0.99495,-0.10032,-0.94785,0.028528,0.31743
0.31481,0.10233,0.94362,0.0023266,0.99408,-0.10858,-0.94915,0.036378,0.31271
0.31079,0.097635,0.94545,0.0084258,0.99439,-0.10546,-0.95044,0.040742,0.30822
0.30625,0.089049,0.94778,0.015227,0.99503,-0.098409,-0.95183,0.04457,0.30337
0.30144,0.083716,0.9498,0.017385,0.99549,-0.093261,-0.95333,0.044625,0.29863
0.29669,0.090374,0.95069,0.01415,0.99499,-0.099001,-0.95487,0.042825,0.29393
0.29205,0.099733,0.95119,0.010115,0.99417,-0.10735,-0.95635,0.040972,0.28934
0.28685,0.10371,0.95235,0.0063135,0.9939,-0.11014,-0.95796,0.037605,0.28444
0.28129,0.098636,0.95454,0.0030841,0.99461,-0.10369,-0.95962,0.03211,0.27947
0.2757,0.095133,0.95652,0.00051807,0.99508,-0.099117,-0.96124,0.027822,0.27429
0.27018,0.09681,0.95793,-0.00060026,0.99495,-0.10038,-0.96281,0.026546,0.26887
0.26517,0.10113,0.95888,-0.0015667,0.99453,-0.10446,-0.9642,0.026197,0.26388
0.26061,0.10139,0.96011,0.0016886,0.99442,-0.10547,-0.96544,0.029107,0.25898
0.25667,0.10053,0.96126,0.0054862,0.99441,-0.10547,-0.96648,0.032344,0.25468
0.25282,0.098925,0.96244,0.0070208,0.99455,-0.10407,-0.96749,0.033068,0.25074
0.24938,0.098385,0.96339,0.0095117,0.99453,-0.10403,-0.96836,0.035106,0.24708
0.24663,0.097263,0.96422,0.0096595,0.99465,-0.1028,-0.96906,0.034668,0.24437
0.24379,0.09602,0.96506,0.0085117,0.99484,-0.10113,-0.96979,0.032869,0.24171
0.24124,0.094166,0.96589,0.0085992,0.99503,-0.099155,-0.97043,0.032226,0.23923
0.23844,0.09451,0.96655,0.0041247,0.99515,-0.098324,-0.97115,0.027431,0.23689
0.2367,0.096943,0.96673,0.002825,0.99494,-0.10046,-0.97158,0.026511,0.23523
0.23489,0.097963,0.96707,0.002216,0.99485,-0.10131,-0.97202,0.025941,0.23346
0.23288,0.098669,0.96749,0.0026139,0.99477,-0.10208,-0.9725,0.026302,0.23141
0.23155,0.095963,0.96808,0.0025826,0.99506,-0.099255,-0.97282,0.025483,0.23016
0.23047,0.0938,0.96855,0.0051765,0.99521,-0.097614,-0.97307,0.027511,0.22888
0.22887,0.089459,0.96934,0.0059528,0.99562,-0.09329,-0.97344,0.027122,0.22733
0.2272,0.093339,0.96937,0.0051262,0.99527,-0.097035,-0.97384,0.027015,0.22564
0.22526,0.097694,0.96939,0.0047535,0.99484,-0.10136,-0.97429,0.027441,0.22363
0.22341,0.10203,0.96937,0.0044202,0.99439,-0.10568,-0.97472,0.027894,0.2217
0.22063,0.10249,0.96996,0.0032087,0.99438,-0.1058,-0.97535,0.026455,0.21906
0.21773,0.09881,0.971,0.0017811,0.99482,-0.10163,-0.97601,0.023858,0.21642
0.21468,0.092658,0.97228,0.0022908,0.99544,-0.095371,-0.97668,0.022702,0.21349
0.211,0.088854,0.97344,0.0030551,0.9958,-0.091557,-0.97748,0.022292,0.20984
0.20701,0.089633,0.97422,0.0017225,0.99576,-0.09198,-0.97834,0.020719,0.20598
0.20282,0.091327,0.97495,0.0018646,0.9956,-0.093649,-0.97922,0.020812,0.20175
0.199,0.091427,0.97573,0.0018953,0.9956,-0.093676,-0.98,0.02049,0.19795
0.19468,0.090857,0.97665,0.0019715,0.99566,-0.093019,-0.98087,0.020034,0.19365
0.19068,0.089707,0.97754,0.0027388,0.99576,-0.091913,-0.98165,0.020204,0.18963
0.18672,0.089355,0.97834,0.0018464,0.99582,-0.091304,-0.98241,0.018855,0.18578
0.18259,0.09018,0.97904,0.00028263,0.99578,-0.091774,-0.98319,0.017034,0.18179
0.17855,0.090991,0.97971,-0.002092,0.99575,-0.092098,-0.98393,0.014395,0.17799
0.17436,0.090537,0.98051,-0.0043158,0.99582,-0.091184,-0.98467,0.011667,0.17402
0.17057,0.091583,0.98108,-0.0087819,0.99577,-0.091428,-0.98531,0.0069796,0.17066
0.16674,0.096161,0.9813,-0.013474,0.99536,-0.095249,-0.98591,0.0026603,0.16726
0.16334,0.10176,0.98131,-0.016092,0.99481,-0.10048,-0.98644,0.00062166,0.16413
0.15983,0.10347,0.98171,-0.017622,0.99463,-0.10196,-0.98699,-0.0010026,0.1608
0.15644,0.10084,0.98253,-0.019122,0.9949,-0.099064,-0.9875,-0.0032903,0.15757
0.15312,0.097028,0.98343,-0.018637,0.99527,-0.095295,-0.98803,-0.0037361,0.15421
0.15009,0.094102,0.98418,-0.018096,0.99555,-0.09243,-0.98851,-0.0039372,0.15113
0.14683,0.093065,0.98477,-0.016716,0.99566,-0.091601,-0.98902,-0.0030116,0.14775
0.14338,0.093186,0.98527,-0.016051,0.99565,-0.091831,-0.98954,-0.0026473,0.14426
0.13919,0.095085,0.98569,-0.016701,0.99546,-0.093669,-0.99012,-0.0034246,0.14015
0.13441,0.097562,0.98611,-0.017016,0.99522,-0.096144,-0.99078,-0.0038575,0.13543
0.12958,0.093411,0.98716,-0.0076314,0.99562,-0.09321,-0.99154,0.0045453,0.12973
0.12538,0.087898,0.98821,-0.007046,0.99612,-0.087708,-0.99208,0.0040338,0.12551
0.11986,0.088842,0.98881,-0.0071171,0.99604,-0.088629,-0.99277,0.0035858,0.12002
0.11588,0.10169,0.98804,-0.0039821,0.99479,-0.10191,-0.99326,0.0078751,0.11568
0.1105,0.11518,0.98718,-0.0020109,0.99329,-0.11567,-0.99387,0.010796,0.10999
0.10474,0.11802,0.98747,-0.0042628,0.99298,-0.11823,-0.99449,0.0081735,0.10451
0.099172,0.11181,0.98877,-0.0087003,0.99373,-0.1115,-0.99503,0.002455,0.099523
0.094065,0.10505,0.99001,-0.010834,0.99447,-0.1045,-0.99551,-0.00089629,0.094682
0.088759,0.10131,0.99089,-0.012434,0.99485,-0.1006,-0.99598,-0.0033909,0.089562
0.082398,0.10096,0.99147,-0.016178,0.99486,-0.099964,-0.99647,-0.0078035,0.083608
0.075162,0.099071,0.99224,-0.020126,0.995,-0.097823,-0.99697,-0.012618,0.07678
0.067754,0.094752,0.99319,-0.023627,0.99535,-0.093347,-0.99742,-0.017142,0.069678
0.060451,0.090804,0.99403,-0.02544,0.99567,-0.089406,-0.99785,-0.019884,0.062499
0.053932,0.092984,0.99421,-0.021066,0.99554,-0.091966,-0.99832,-0.015984,0.055651
0.047577,0.096905,0.99416,-0.018943,0.99519,-0.0961,-0.99869,-0.01426,0.049184
0.040878,0.098963,0.99425,-0.016495,0.99501,-0.098361,-0.99903,-0.012379,0.042306
0.034437,0.097442,0.99465,-0.016524,0.99515,-0.09692,-0.99927,-0.013098,0.035881
0.028168,0.094178,0.99516,-0.017361,0.99545,-0.093714,-0.99945,-0.014637,0.029675
0.022208,0.093328,0.99539,-0.01454,0.99556,-0.09302,-0.99965,-0.012407,0.023466
0.017109,0.095466,0.99529,-0.012392,0.99538,-0.095261,-0.99978,-0.010704,0.018213
0.012392,0.099192,0.99499,-0.012739,0.995,-0.099035,-0.99984,-0.011448,0.013594
0.008943,0.10063,0.99488,-0.010003,0.99488,-0.10054,-0.99991,-0.0090523,0.0099039
0.0066605,0.099441,0.99502,-0.0047724,0.99504,-0.099411,-0.99997,-0.0040865,0.007102
0.004848,0.096898,0.99528,-0.002861,0.99529,-0.096885,-0.99998,-0.0023778,0.0051024
0.0029956,0.095262,0.99545,-0.00081557,0.99545,-0.09526,-1,-0.0005265,0.0030597
0.001307,0.094123,0.99556,0.0011422,0.99556,-0.094125,-1,0.0012602,0.0011937
0.00038849,0.095923,0.99539,0.0034454,0.99538,-0.095924,-0.99999,0.0034668,5.6194e-05
-0.00014766,0.097357,0.99525,0.00527,0.99524,-0.097355,-0.99999,0.0052306,-0.00066003
0.00041317,0.098964,0.99509,0.0088053,0.99505,-0.098963,-0.99996,0.008803,-0.00046028
0.0014929,0.099884,0.995,0.010656,0.99494,-0.099894,-0.99994,0.010752,0.0004209
0.0029188,0.10008,0.99498,0.012017,0.9949,-0.1001,-0.99992,0.012249,0.0017013
0.004793,0.099804,0.995,0.013972,0.9949,-0.099862,-0.99989,0.014381,0.0033741
0.0072157,0.098611,0.9951,0.014849,0.99501,-0.098709,-0.99986,0.015489,0.0057154
0.0098705,0.096343,0.9953,0.015639,0.99521,-0.09649,-0.99983,0.016518,0.0083165
0.012981,0.093285,0.99555,0.015611,0.9955,-0.093484,-0.99979,0.016756,0.011466
0.01636,0.090385,0.99577,0.014764,0.99578,-0.090627,-0.99976,0.016184,0.014956
0.019894,0.088281,0.9959,0.012985,0.99599,-0.088548,-0.99972,0.014694,0.018668
0.023604,0.088723,0.99578,0.0083462,0.996,-0.088941,-0.99969,0.01041,0.022769
0.027345,0.090002,0.99557,0.0056286,0.99591,-0.090188,-0.99961,0.0080699,0.026727
0.031481,0.09016,0.99543,0.0056825,0.99589,-0.090381,-0.99949,0.0085018,0.030839
0.035103,0.087341,0.99556,0.004615,0.99615,-0.087555,-0.99937,0.0076679,0.034565
0.038261,0.084103,0.99572,0.0028041,0.99644,-0.084272,-0.99926,0.0060164,0.037889
0.041963,0.082117,0.99574,-0.00073782,0.99662,-0.082158,-0.99912,0.0027129,0.041881
0.045984,0.083637,0.99543,0.0014509,0.99648,-0.083792,-0.99894,0.0052973,0.0457
0.049815,0.084905,0.99514,0.00095641,0.99638,-0.085058,-0.99876,0.0051889,0.049553
0.05315,0.086964,0.99479,0.00035442,0.9962,-0.087105,-0.99859,0.0049822,0.052917
0.056193,0.089426,0.99441,-0.00065458,0.99598,-0.089531,-0.99842,0.0043801,0.056026
0.05922,0.089882,0.99419,-0.0042097,0.99595,-0.08979,-0.99824,0.0011322,0.059359
0.062387,0.09037,0.99395,-0.006357,0.99591,-0.090149,-0.99803,-0.0006944,0.062706
0.065867,0.091518,0.99362,-0.0078371,0.9958,-0.091199,-0.9978,-0.0017801,0.066307
0.068832,0.089599,0.9936,-0.0090419,0.99597,-0.089187,-0.99759,-0.0028451,0.069365
0.072408,0.091717,0.99315,-0.0095055,0.99578,-0.091267,-0.99733,-0.002832,0.072974
0.074988,0.094375,0.99271,-0.012717,0.99552,-0.093681,-0.9971,-0.0055991,0.075852
0.077488,0.094195,0.99253,-0.014414,0.99553,-0.093354,-0.99689,-0.0070721,0.078499
0.08079,0.093399,0.99235,-0.015669,0.9956,-0.09243,-0.99661,-0.0080819,0.081898
0.083714,0.093632,0.99208,-0.016861,0.99557,-0.092538,-0.99635,-0.0089803,0.084922
0.086633,0.093657,0.99183,-0.0171,0.99556,-0.092516,-0.99609,-0.0089458,0.08785
0.089649,0.095298,0.9914,-0.018064,0.9954,-0.094049,-0.99581,-0.0094775,0.090958
0.092157,0.095917,0.99111,-0.018911,0.99534,-0.094567,-0.99556,-0.010028,0.093542
0.09466,0.097014,0.99077,-0.017861,0.99525,-0.095745,-0.99535,-0.0086332,0.095943
0.0968,0.098702,0.9904,-0.018989,0.99507,-0.097312,-0.99512,-0.0093873,0.098197
0.098343,0.099894,0.99013,-0.019922,0.99495,-0.098401,-0.99495,-0.010048,0.099837
0.099768,0.10143,0.98983,-0.020653,0.99479,-0.099852,-0.9948,-0.010481,0.10134
0.10075,0.10266,0.9896,-0.021203,0.99466,-0.10102,-0.99469,-0.010804,0.10239
0.10087,0.10319,0.98953,-0.020397,0.99461,-0.10164,-0.99469,-0.0099313,0.10243
0.1003,0.1037,0.98954,-0.020908,0.99455,-0.1021,-0.99474,-0.010448,0.10192
0.099266,0.103,0.98972,-0.022468,0.99461,-0.10125,-0.99481,-0.012186,0.10105
0.097809,0.10182,0.98998,-0.023055,0.99472,-0.10003,-0.99494,-0.01304,0.099639
0.095934,0.10252,0.99009,-0.021246,0.99467,-0.10094,-0.99516,-0.011352,0.0976
0.094052,0.1059,0.98992,-0.018405,0.99434,-0.10462,-0.9954,-0.0083793,0.095469
0.0926,0.10916,0.9897,-0.013218,0.99402,-0.1084,-0.99562,-0.0030442,0.093489
0.090362,0.11438,0.98932,-0.010393,0.99344,-0.11391,-0.99585,1.0489e-05,0.090958
0.087875,0.118,0.98912,-0.011306,0.99301,-0.11746,-0.99607,-0.00086098,0.088595
0.085752,0.11812,0.98929,-0.01111,0.993,-0.1176,-0.99625,-0.00090724,0.086464
0.084268,0.11515,0.98977,-0.0065346,0.99334,-0.11501,-0.99642,0.0032241,0.084459
0.083431,0.1089,0.99055,0.0024731,0.99399,-0.10949,-0.99651,0.011584,0.08266
0.081399,0.10878,0.99073,0.0037923,0.99399,-0.10945,-0.99667,0.012666,0.080497
0.078271,0.11243,0.99057,-0.00060162,0.99363,-0.11273,-0.99693,0.0082273,0.07784
0.076164,0.11409,0.99055,-0.003335,0.99346,-0.11417,-0.99709,0.0053918,0.076046
0.07522,0.11203,0.99085,0.001847,0.99365,-0.11249,-0.99717,0.010291,0.074535
0.074266,0.11114,0.99103,0.0068309,0.99369,-0.11195,-0.99722,0.015084,0.073039
0.072501,0.11047,0.99123,0.0074897,0.99376,-0.1113,-0.99734,0.015494,0.071221
0.069838,0.11214,0.99124,0.0038899,0.99362,-0.11268,-0.99755,0.011725,0.068957
0.067724,0.11319,0.99126,0.0013012,0.99353,-0.11354,-0.9977,0.0089793,0.067139
0.066294,0.11757,0.99085,0.0012569,0.99302,-0.11791,-0.9978,0.0090621,0.065684
0.064524,0.11909,0.99078,0.0023609,0.99283,-0.11949,-0.99791,0.01005,0.063781
0.062569,0.1181,0.99103,-0.0012391,0.99298,-0.11825,-0.99804,0.0061708,0.062276
0.060627,0.11702,0.99128,-0.0049082,0.99313,-0.11694,-0.99815,0.0022242,0.060785
0.058471,0.11883,0.99119,-0.0054435,0.99291,-0.11871,-0.99827,0.0015456,0.058704
0.057132,0.12292,0.99077,-0.0020941,0.9924,-0.123,-0.99836,0.0049525,0.056956
0.055652,0.1292,0.99006,-0.00050227,0.9916,-0.12937,-0.99845,0.0067024,0.055249
0.054302,0.13326,0.98959,-0.00049756,0.99106,-0.13343,-0.99852,0.0067534,0.053883
0.053918,0.13041,0.98999,0.0037929,0.9914,-0.13081,-0.99854,0.010808,0.05296
0.05332,0.12408,0.99084,0.0086829,0.99215,-0.12471,-0.99854,0.015253,0.051824
0.052226,0.1215,0.99122,0.011681,0.99243,-0.12226,-0.99857,0.017964,0.050411
0.051136,0.12271,0.99112,0.013947,0.99224,-0.12356,-0.99859,0.020142,0.049028
0.050445,0.12464,0.99092,0.014636,0.99198,-0.12552,-0.99862,0.020835,0.048216
0.049971,0.12553,0.99083,0.015866,0.99185,-0.12646,-0.99862,0.02204,0.047572
0.050096,0.12458,0.99094,0.016271,0.99196,-0.12553,-0.99861,0.022412,0.047666
0.050965,0.12276,0.99113,0.016864,0.99217,-0.12376,-0.99856,0.023022,0.048495
0.052017,0.12183,0.99119,0.01741,0.99227,-0.12288,-0.99849,0.023649,0.049494
0.053289,0.1204,0.99129,0.017324,0.99244,-0.12147,-0.99843,0.023646,0.050801
0.054545,0.11897,0.9914,0.017214,0.99262,-0.12007,-0.99836,0.023615,0.052094
0.056578,0.11757,0.99145,0.018306,0.99275,-0.11877,-0.99823,0.024869,0.054016
0.058679,0.11613,0.9915,0.019716,0.99288,-0.11746,-0.99808,0.026441,0.055972
0.060601,0.11578,0.99142,0.020234,0.9929,-0.11719,-0.99796,0.027163,0.057828
0.06327,0.11619,0.99121,0.021432,0.99281,-0.11775,-0.99777,0.028694,0.060325
0.066254,0.11501,0.99115,0.022849,0.9929,-0.11674,-0.99754,0.030382,0.063156
0.069177,0.11398,0.99107,0.024375,0.99296,-0.1159,-0.99731,0.032175,0.065912
0.072098,0.11296,0.99098,0.025887,0.99302,-0.11507,-0.99706,0.03395,0.06867
0.075137,0.11348,0.99069,0.026319,0.99293,-0.11574,-0.99683,0.03477,0.071619
0.078171,0.11428,0.99037,0.027335,0.99279,-0.11671,-0.99657,0.036195,0.074483
0.081092,0.11534,0.99001,0.026641,0.99268,-0.11784,-0.99635,0.035931,0.077425
0.083747,0.11649,0.98965,0.023762,0.99263,-0.11885,-0.9962,0.03347,0.080361
0.086189,0.11766,0.98931,0.022097,0.99253,-0.11997,-0.99603,0.032201,0.082945
0.088196,0.11818,0.98907,0.019699,0.99254,-0.12036,-0.99591,0.030098,0.085209
0.089819,0.11652,0.98912,0.019255,0.99274,-0.1187,-0.99577,0.029707,0.086924
0.091637,0.11403,0.98924,0.019451,0.99303,-0.11627,-0.9956,0.029896,0.08878
0.092896,0.11123,0.98944,0.019348,0.99335,-0.11349,-0.99549,0.029686,0.090126
0.094039,0.11167,0.98929,0.020845,0.99325,-0.1141,-0.99535,0.031351,0.091076
0.094934,0.11277,0.98908,0.02206,0.99308,-0.11534,-0.99524,0.032768,0.09179
0.095588,0.1129,0.989,0.021786,0.99307,-0.11547,-0.99518,0.032584,0.092466
0.095566,0.11071,0.98925,0.018953,0.99341,-0.11301,-0.99524,0.029549,0.092838
0.095557,0.10874,0.98947,0.016086,0.99372,-0.11076,-0.99529,0.026501,0.093208
0.09578,0.11016,0.98929,0.014461,0.9936,-0.11204,-0.9953,0.025037,0.093574
0.095841,0.11177,0.9891,0.014249,0.99342,-0.11364,-0.99529,0.024985,0.093617
0.096091,0.11199,0.98905,0.013865,0.9934,-0.11383,-0.99528,0.024651,0.093905
0.096044,0.1127,0.98898,0.012374,0.99336,-0.1144,-0.9953,0.023226,0.094011
0.096185,0.1131,0.98892,0.012839,0.9933,-0.11485,-0.99528,0.023744,0.094088
0.096515,0.11282,0.98892,0.012382,0.99334,-0.11454,-0.99525,0.0233,0.094475
0.096761,0.11173,0.98902,0.013493,0.99344,-0.11355,-0.99522,0.024332,0.094619
0.097047,0.112,0.98896,0.012355,0.99344,-0.11371,-0.9952,0.023254,0.095027
0.097094,0.11545,0.98856,0.012279,0.99303,-0.11718,-0.9952,0.023516,0.095
0.098338,0.1159,0.98838,0.0157,0.99289,-0.11799,-0.99503,0.027121,0.095819
0.099586,0.11275,0.98862,0.018343,0.99318,-0.11512,-0.99486,0.029598,0.096839
0.10154,0.11054,0.98867,0.020648,0.99336,-0.11319,-0.99462,0.031907,0.098584
0.10457,0.11363,0.988,0.024767,0.99285,-0.11681,-0.99421,0.036685,0.101
0.10762,0.1167,0.98732,0.028886,0.9923,-0.12043,-0.99377,0.041481,0.10342
0.1107,0.11987,0.9866,0.033066,0.99171,-0.1242,-0.9933,0.046372,0.10582
0.11393,0.1183,0.98642,0.034972,0.99179,-0.12298,-0.99287,0.048509,0.10886
0.11727,0.11896,0.98595,0.036318,0.99162,-0.12397,-0.99244,0.050345,0.11197
0.12048,0.11983,0.98546,0.036789,0.99147,-0.12506,-0.99203,0.05132,0.11504
0.12393,0.12103,0.98488,0.036888,0.99129,-0.12646,-0.9916,0.052003,0.11839
0.12776,0.11608,0.98499,0.036133,0.99192,-0.12159,-0.99115,0.051124,0.12254
0.13187,0.11254,0.98486,0.033526,0.99246,-0.1179,-0.9907,0.048565,0.12711
0.1366,0.11154,0.98433,0.031753,0.99264,-0.11688,-0.99012,0.047221,0.13205
0.14134,0.11055,0.98377,0.029977,0.99281,-0.11587,-0.98951,0.045868,0.13701
0.1467,0.10952,0.9831,0.028158,0.99299,-0.11482,-0.98878,0.044526,0.14258
0.1529,0.10959,0.98215,0.026817,0.99301,-0.11498,-0.98788,0.043919,0.14889
0.15997,0.11064,0.9809,0.024788,0.99294,-0.11604,-0.98681,0.042877,0.15609
0.16853,0.11168,0.97935,0.022526,0.99286,-0.1171,-0.98544,0.041795,0.16481
0.17708,0.11275,0.97772,0.020265,0.99279,-0.11815,-0.98399,0.040736,0.17351
0.18642,0.11318,0.97593,0.0185,0.99276,-0.11866,-0.9823,0.040177,0.18298
0.19562,0.11303,0.97414,0.016788,0.9928,-0.11857,-0.98054,0.039548,0.19232
0.20485,0.11315,0.97223,0.01488,0.99282,-0.11868,-0.97868,0.038779,0.2017
0.21354,0.11281,0.9704,0.012732,0.99291,-0.11823,-0.97685,0.037601,0.21059
0.22174,0.11253,0.96859,0.011251,0.99296,-0.11794,-0.97504,0.037048,0.21891
0.22855,0.11226,0.96704,0.0092264,0.99304,-0.11746,-0.97349,0.035767,0.22592
0.23436,0.1125,0.96562,0.0079474,0.99303,-0.11762,-0.97212,0.03524,0.23183
0.23942,0.11324,0.96429,0.0064568,0.99297,-0.11821,-0.9709,0.034529,0.237
0.24399,0.11286,0.96319,0.0056882,0.99302,-0.11779,-0.96976,0.03422,0.24165
0.24856,0.11302,0.962,0.0045616,0.99302,-0.11784,-0.96861,0.033679,0.24631
0.25297,0.11269,0.96089,0.0044618,0.99305,-0.11764,-0.96746,0.034047,0.25071
0.25745,0.11301,0.95966,0.0042807,0.99299,-0.11809,-0.96628,0.03451,0.25516
0.26165,0.11276,0.95855,0.0038894,0.99302,-0.11788,-0.96515,0.034571,0.25939
0.26618,0.11119,0.95749,0.0036666,0.9932,-0.11635,-0.96392,0.034482,0.26397
0.27058,0.10972,0.95642,0.0023076,0.99341,-0.11461,-0.96269,0.033219,0.26855
0.27524,0.10724,0.95538,0.0026904,0.99367,-0.11232,-0.96137,0.033484,0.2732
0.27979,0.10518,0.95428,0.0025313,0.9939,-0.11029,-0.96006,0.033274,0.27782
0.28408,0.1045,0.95309,0.0017427,0.99398,-0.10951,-0.9588,0.03277,0.28218
0.28837,0.10394,0.95186,0.00091815,0.99406,-0.10883,-0.95752,0.032256,0.28656
0.29295,0.10743,0.95007,-0.0012158,0.99371,-0.11199,-0.95613,0.031653,0.29124
0.29727,0.11071,0.94835,-0.0038551,0.99339,-0.11476,-0.95478,0.03046,0.29574
0.30133,0.11094,0.94704,-0.0053341,0.99339,-0.11467,-0.9535,0.029502,0.29993
0.3045,0.10687,0.9465,-0.0075185,0.99392,-0.1098,-0.95248,0.026319,0.30345
0.3067,0.10427,0.94608,-0.010926,0.9943,-0.10604,-0.95174,0.022186,0.30609
0.30802,0.10585,0.94547,-0.015522,0.99422,-0.10626,-0.95125,0.018053,0.30788
0.30879,0.11096,0.94464,-0.017709,0.99367,-0.11093,-0.95097,0.017524,0.3088
0.30954,0.1161,0.94377,-0.019898,0.99309,-0.11564,-0.95068,0.017015,0.30971
0.30993,0.11641,0.94361,-0.021753,0.99308,-0.11537,-0.95051,0.015231,0.31032
0.30999,0.11235,0.94408,-0.024637,0.99361,-0.11015,-0.95042,0.010888,0.31078
0.31008,0.10826,0.94453,-0.027542,0.9941,-0.1049,-0.95031,0.0065136,0.31123
0.31004,0.1065,0.94474,-0.028759,0.9943,-0.10264,-0.95029,0.0046547,0.31134
0.30971,0.10618,0.94488,-0.028168,0.99433,-0.1025,-0.95041,0.0051314,0.31095
0.3092,0.10727,0.94493,-0.027896,0.99421,-0.10374,-0.95059,0.0057165,0.3104
0.30878,0.10822,0.94496,-0.028077,0.99411,-0.10467,-0.95072,0.0057895,0.31
0.30869,0.10384,0.94548,-0.021768,0.99453,-0.10212,-0.95091,0.010944,0.30927
0.30879,0.10265,0.94558,-0.020646,0.99465,-0.10124,-0.95091,0.011738,0.30925
0.30805,0.1045,0.94561,-0.021252,0.99446,-0.10297,-0.95113,0.011625,0.30857
0.308,0.10971,0.94504,-0.019309,0.99385,-0.10908,-0.95119,0.015348,0.30822
0.3082,0.11465,0.94439,-0.017095,0.99322,-0.115,-0.95117,0.019298,0.30807
0.30712,0.11235,0.94502,-0.019394,0.99354,-0.11182,-0.95147,0.016013,0.30731
0.30699,0.10902,0.94545,-0.018896,0.99392,-0.10847,-0.95153,0.015433,0.30718
0.30666,0.10938,0.94551,-0.019624,0.99389,-0.10861,-0.95162,0.014751,0.30693
0.3066,0.11079,0.94537,-0.01974,0.99373,-0.11006,-0.95163,0.015082,0.30686
0.30703,0.11388,0.94486,-0.017664,0.99333,-0.11398,-0.95154,0.018306,0.30699
0.30718,0.11489,0.94469,-0.017077,0.99319,-0.11524,-0.9515,0.019266,0.30705
0.30724,0.11323,0.94487,-0.017041,0.99339,-0.1135,-0.95148,0.018772,0.30714
0.30763,0.11026,0.94509,-0.016128,0.99372,-0.11069,-0.95137,0.018809,0.30748
0.30812,0.10992,0.94498,-0.013447,0.99371,-0.1112,-0.95125,0.021555,0.30766
0.30905,0.10999,0.94466,-0.0089818,0.99358,-0.11275,-0.951,0.026361,0.30806
0.31,0.10982,0.94437,-0.0049992,0.99348,-0.11389,-0.95072,0.030586,0.30852
0.31123,0.10712,0.94428,-0.0024572,0.99371,-0.11192,-0.95033,0.032512,0.30953
0.31304,0.10645,0.94376,0.003685,0.99356,-0.11329,-0.94973,0.038942,0.31063
0.31458,0.10463,0.94345,0.0077613,0.99359,-0.11278,-0.9492,0.042801,0.31175
0.31476,0.10202,0.94367,0.0056579,0.99399,-0.10935,-0.94916,0.039756,0.31229
0.31479,0.095852,0.94431,0.0027253,0.99479,-0.10188,-0.94916,0.034646,0.31289
0.31573,0.093755,0.94421,0.0037428,0.99498,-0.10005,-0.94884,0.035122,0.31379
0.31621,0.093452,0.94408,0.0038737,0.995,-0.099791,-0.94868,0.035212,0.31427
0.3166,0.096922,0.94359,0.0044888,0.9946,-0.10367,-0.94855,0.037057,0.31446
0.31758,0.098404,0.94311,0.0058712,0.99438,-0.10573,-0.94821,0.039115,0.31522
0.31848,0.096796,0.94297,0.0078149,0.99447,-0.10472,-0.9479,0.040721,0.31597
0.31917,0.093448,0.94308,0.0095777,0.99476,-0.10181,-0.94765,0.041527,0.3166
0.31927,0.092317,0.94316,0.0091342,0.9949,-0.10047,-0.94762,0.040693,0.3168
0.31891,0.092992,0.94321,0.0076891,0.99489,-0.10069,-0.94775,0.039363,0.31657
0.3186,0.093399,0.94328,0.0071582,0.99487,-0.10092,-0.94786,0.038907,0.3163
0.31817,0.090851,0.94367,0.0087498,0.99507,-0.098749,-0.94799,0.039676,0.31581
0.31729,0.088154,0.94422,0.0095353,0.99532,-0.09613,-0.94828,0.039505,0.31497
0.31626,0.08641,0.94473,0.0092632,0.99551,-0.094157,-0.94863,0.03853,0.31404
0.31516,0.086089,0.94513,0.010346,0.99551,-0.094128,-0.94898,0.039443,0.31285
0.31412,0.08773,0.94532,0.012267,0.99526,-0.096441,-0.9493,0.04189,0.31155
0.31275,0.092384,0.94533,0.011662,0.99481,-0.10108,-0.94976,0.042637,0.31005
0.31139,0.09733,0.94529,0.010365,0.99433,-0.10579,-0.95023,0.042741,0.30861
0.30999,0.10238,0.94521,0.0090304,0.99382,-0.11061,-0.9507,0.042824,0.30715
0.3091,0.10306,0.94543,0.0092617,0.99374,-0.11135,-0.95098,0.043176,0.30621
0.30755,0.098986,0.94637,0.0084229,0.99425,-0.10673,-0.95149,0.040797,0.30495
0.30643,0.094197,0.94722,0.0082175,0.99479,-0.10159,-0.95186,0.038912,0.30406
0.3058,0.092775,0.94756,0.01,0.99487,-0.10063,-0.95204,0.04025,0.30331
0.30528,0.093257,0.94769,0.011779,0.99475,-0.10168,-0.95219,0.042204,0.30257
0.30509,0.095459,0.94753,0.01186,0.99451,-0.10401,-0.95225,0.04297,0.30228
0.30496,0.096581,0.94746,0.011994,0.99438,-0.10522,-0.95229,0.043453,0.30208
0.30505,0.096572,0.94743,0.01381,0.99429,-0.1058,-0.95224,0.045356,0.30197
0.30527,0.097485,0.94726,0.01498,0.99413,-0.10714,-0.95215,0.046896,0.30202
0.30516,0.097623,0.94728,0.015418,0.99409,-0.10741,-0.95218,0.047384,0.30185
0.30533,0.10027,0.94695,0.014516,0.99383,-0.10992,-0.95214,0.047307,0.30199
0.30545,0.099946,0.94695,0.015395,0.99383,-0.10986,-0.95208,0.048134,0.30202
0.30586,0.098616,0.94696,0.015215,0.99399,-0.10843,-0.95196,0.047571,0.30252
0.30684,0.096875,0.94682,0.016264,0.99413,-0.10699,-0.95162,0.048227,0.30346
0.30828,0.094965,0.94655,0.016414,0.99433,-0.1051,-0.95116,0.047937,0.30497
0.30989,0.092971,0.94622,0.016983,0.99451,-0.10328,-0.95062,0.048074,0.30661
0.31151,0.09166,0.94581,0.016867,0.99465,-0.10195,-0.95009,0.04771,0.3083
0.31337,0.092539,0.94511,0.015238,0.99462,-0.10244,-0.94951,0.046503,0.31028
0.3152,0.093892,0.94437,0.013727,0.99454,-0.10346,-0.94892,0.045575,0.31219
0.31724,0.094675,0.94361,0.013316,0.99446,-0.10425,-0.94825,0.045638,0.31422
0.31904,0.094543,0.94301,0.012072,0.99453,-0.10379,-0.94767,0.044498,0.31615
0.32022,0.093483,0.94272,0.01074,0.9947,-0.10229,-0.94728,0.042879,0.31752
0.32126,0.092106,0.9425,0.0094531,0.9949,-0.10045,-0.94694,0.04118,0.31875
0.32237,0.092085,0.94212,0.0091569,0.99491,-0.10038,-0.94657,0.040986,0.31989
0.32348,0.092063,0.94174,0.0088657,0.99492,-0.10031,-0.94619,0.040797,0.32102
0.32458,0.091907,0.94138,0.0092596,0.99491,-0.10033,-0.94581,0.04128,0.32207
0.32583,0.091438,0.941,0.0098635,0.99493,-0.10009,-0.94538,0.041895,0.32327
0.32712,0.090748,0.94061,0.011277,0.99493,-0.09991,-0.94491,0.04329,0.32444
0.32829,0.091076,0.94018,0.010972,0.99491,-0.10021,-0.94451,0.043213,0.32561
0.32933,0.091567,0.93976,0.010062,0.99489,-0.10046,-0.94416,0.042541,0.32673
0.33038,0.091812,0.93937,0.0093197,0.99489,-0.10052,-0.9438,0.041963,0.32783
0.33137,0.091913,0.93901,0.0091181,0.99489,-0.1006,-0.94346,0.041897,0.32884
0.33229,0.091996,0.93868,0.008942,0.99488,-0.10067,-0.94314,0.041845,0.32976
0.33295,0.091558,0.93849,0.0077378,0.99498,-0.099814,-0.94291,0.040495,0.33057
0.3335,0.090664,0.93838,0.0065139,0.99512,-0.098461,-0.94273,0.03895,0.33129
0.33422,0.089785,0.93821,0.0059098,0.99523,-0.097348,-0.94248,0.03808,0.3321
0.33495,0.089349,0.93799,0.0068825,0.99524,-0.09726,-0.94221,0.039033,0.33274
0.33564,0.090447,0.93764,0.0073755,0.9951,-0.09863,-0.94196,0.040019,0.33332
0.33608,0.09353,0.93718,0.0060609,0.99482,-0.10146,-0.94181,0.039778,0.33377
0.33663,0.09648,0.93668,0.0046013,0.99456,-0.10409,-0.94163,0.039351,0.33435
0.33758,0.098408,0.93614,0.0043656,0.99435,-0.1061,-0.94129,0.039905,0.33524
0.33841,0.098967,0.93578,0.0060889,0.9942,-0.10735,-0.94098,0.042026,0.33585
0.339,0.098781,0.93559,0.0071715,0.99417,-0.10757,-0.94076,0.043174,0.33632
0.33832,0.097305,0.93599,0.0069804,0.99435,-0.1059,-0.94101,0.04236,0.33573
0.33712,0.096163,0.93654,0.0053803,0.99456,-0.10406,-0.94145,0.040118,0.33476
0.33581,0.09538,0.93709,0.0051711,0.99466,-0.10309,-0.94192,0.039466,0.33352
0.33455,0.094791,0.9376,0.0053063,0.99472,-0.10246,-0.94236,0.039253,0.33228
0.33341,0.094354,0.93805,0.0057635,0.99476,-0.10211,-0.94276,0.03945,0.33112
0.33247,0.094032,0.93842,0.005425,0.99481,-0.1016,-0.9431,0.038871,0.33023
0.33151,0.093183,0.93884,0.0059137,0.99489,-0.10083,-0.94343,0.03898,0.32927
0.33056,0.092334,0.93926,0.0064006,0.99496,-0.10006,-0.94376,0.039088,0.3283
0.32957,0.091558,0.93968,0.0070272,0.99502,-0.099415,-0.94411,0.039367,0.32728
0.32844,0.091341,0.9401,0.0063535,0.99508,-0.098903,-0.9445,0.038457,0.32625
0.32738,0.09153,0.94045,0.0047576,0.99512,-0.098507,-0.94488,0.036723,0.32535
0.32636,0.091686,0.94079,0.0036675,0.99515,-0.098257,-0.94524,0.035518,0.32444
0.3252,0.091682,0.94119,0.0041775,0.99514,-0.098381,-0.94564,0.035925,0.32323
0.32427,0.092275,0.94145,0.0052603,0.99504,-0.099339,-0.94595,0.037165,0.32218
0.32372,0.093468,0.94153,0.005989,0.99489,-0.10082,-0.94614,0.038277,0.3215
0.32339,0.093896,0.9416,0.0061398,0.99484,-0.10131,-0.94625,0.038545,0.32114
0.32358,0.093473,0.94157,0.0054978,0.99491,-0.10066,-0.94618,0.037747,0.32142
0.32387,0.093086,0.94151,0.0048116,0.99497,-0.10003,-0.94609,0.036926,0.3218
0.32483,0.09295,0.94119,0.0038245,0.99502,-0.099586,-0.94576,0.035949,0.32286
0.32603,0.092993,0.94077,0.002494,0.99506,-0.099224,-0.94536,0.034696,0.32419
0.32783,0.093317,0.94012,0.0010839,0.99507,-0.09915,-0.94474,0.033523,0.32611
0.33064,0.093442,0.93912,0.0007158,0.99506,-0.099261,-0.94376,0.033492,0.32894
0.33496,0.093458,0.93759,0.00091022,0.99504,-0.09951,-0.94223,0.034185,0.33321
0.34073,0.093211,0.93553,0.0010509,0.99503,-0.099522,-0.94016,0.034894,0.33894
0.34819,0.093942,0.93271,-4.3466e-05,0.99497,-0.1002,-0.93743,0.034847,0.34644
0.35767,0.09485,0.92902,-0.0020341,0.99491,-0.10079,-0.93385,0.034161,0.35604
0.36803,0.095784,0.92487,-0.0033407,0.99481,-0.1017,-0.92981,0.034338,0.36644
0.37981,0.095875,0.92008,-0.0034715,0.99476,-0.10222,-0.92506,0.035631,0.37815
0.39402,0.096099,0.91406,-0.0055251,0.99475,-0.1022,-0.91908,0.035219,0.39248
0.40987,0.097686,0.9069,-0.0088648,0.99463,-0.10313,-0.9121,0.03423,0.40853
0.42718,0.099414,0.89869,-0.012822,0.9945,-0.10392,-0.90408,0.032869,0.4261
0.44574,0.10098,0.88945,-0.014309,0.99429,-0.10571,-0.89505,0.034393,0.44464
0.46449,0.1033,0.87953,-0.016347,0.994,-0.10811,-0.88543,0.035837,0.46339
0.48374,0.10429,0.86898,-0.017861,0.99385,-0.10933,-0.87503,0.037367,0.48262
0.50276,0.10704,0.85777,-0.023956,0.99365,-0.10995,-0.86409,0.034731,0.50214
0.5167,0.11134,0.84889,-0.028777,0.99321,-0.11275,-0.85568,0.033829,0.5164
0.52096,0.1165,0.8456,-0.03605,0.99276,-0.11456,-0.85282,0.029197,0.52139
0.52004,0.11823,0.84592,-0.038519,0.99261,-0.11506,-0.85328,0.02725,0.52075
0.51547,0.11936,0.84856,-0.039581,0.99251,-0.11557,-0.856,0.025986,0.51633
0.50614,0.11973,0.8541,-0.038989,0.99248,-0.11603,-0.86157,0.025426,0.507
0.49316,0.11914,0.86174,-0.035621,0.99251,-0.11684,-0.86921,0.026923,0.49371
0.47908,0.11813,0.86979,-0.031104,0.99257,-0.11767,-0.87722,0.029319,0.47919
0.46114,0.11675,0.87961,-0.025746,0.99265,-0.11825,-0.88695,0.031884,0.46076
0.44132,0.11625,0.88979,-0.022602,0.9927,-0.11849,-0.89707,0.03218,0.44072
0.42069,0.11645,0.8997,-0.020792,0.9927,-0.11877,-0.90697,0.03126,0.42004
0.39989,0.11649,0.90913,-0.01972,0.99275,-0.11853,-0.91635,0.029471,0.39929
0.37993,0.11566,0.91776,-0.017551,0.99287,-0.11786,-0.92485,0.028672,0.37925
0.36174,0.11453,0.92522,-0.012691,0.99294,-0.11795,-0.93219,0.030925,0.36064
0.34557,0.11313,0.93155,-0.0069324,0.99299,-0.11802,-0.93837,0.034327,0.34393
0.33055,0.11235,0.93708,-0.0032028,0.99302,-0.11793,-0.94378,0.03598,0.32861
0.31674,0.11243,0.94183,-0.0030663,0.99307,-0.11752,-0.94851,0.034334,0.31489
0.30697,0.11056,0.94527,-0.0017438,0.99329,-0.11561,-0.95172,0.033841,0.30511
0.2977,0.10743,0.94859,8.9954e-05,0.99365,-0.11256,-0.95466,0.033594,0.2958
0.29147,0.10632,0.95065,0.0015812,0.99375,-0.11162,-0.95658,0.034038,0.28948
0.2895,0.10641,0.95125,0.0028451,0.9937,-0.11202,-0.95717,0.035137,0.28737
0.29231,0.10684,0.95034,0.0029194,0.99363,-0.11261,-0.95632,0.035691,0.29013
0.29895,0.10586,0.94838,0.0041036,0.99368,-0.11221,-0.95426,0.037437,0.29663
0.30883,0.10428,0.94538,0.0056288,0.99375,-0.11145,-0.9511,0.03974,0.30631
0.32104,0.10351,0.94139,0.0036456,0.99387,-0.11053,-0.94706,0.038915,0.31869
0.33431,0.10564,0.93652,-0.0024495,0.99379,-0.11123,-0.94246,0.03489,0.3325
0.34736,0.10793,0.9315,-0.0077357,0.99365,-0.11225,-0.9377,0.031785,0.34599
0.36119,0.10789,0.92623,-0.011591,0.99373,-0.11123,-0.93242,0.029439,0.36018
0.37579,0.10588,0.92064,-0.013727,0.99398,-0.10871,-0.9266,0.028214,0.37498
0.39107,0.10446,0.91441,-0.0084886,0.9939,-0.10992,-0.92032,0.035223,0.38958
0.40607,0.10279,0.90804,-0.0032857,0.99381,-0.11103,-0.91384,0.042102,0.4039
0.42225,0.10551,0.90032,0.00063769,0.99317,-0.11669,-0.90648,0.049847,0.41929
0.43748,0.10792,0.89273,-0.002493,0.99291,-0.11881,-0.89923,0.049753,0.43465
0.4506,0.10965,0.88597,-0.011403,0.99305,-0.1171,-0.89265,0.042662,0.44872
0.46425,0.10977,0.87888,-0.017997,0.99325,-0.11455,-0.88552,0.037364,0.46309
0.4766,0.1091,0.87232,-0.020747,0.99339,-0.11291,-0.87888,0.035714,0.47571
0.48845,0.10803,0.86588,-0.021291,0.99349,-0.11194,-0.87233,0.036242,0.48757
0.50034,0.10746,0.85913,-0.022257,0.99354,-0.11131,-0.86554,0.036572,0.4995
0.51142,0.10718,0.85262,-0.023134,0.99355,-0.11102,-0.85902,0.037051,0.5106
0.52186,0.10583,0.84644,-0.023134,0.99366,-0.10998,-0.85272,0.037811,0.52101
0.53121,0.1037,0.84087,-0.022778,0.99387,-0.10818,-0.84693,0.038312,0.53032
0.53846,0.1042,0.83619,-0.02538,0.99388,-0.1075,-0.84227,0.036663,0.5378
0.54548,0.10838,0.83108,-0.032489,0.99359,-0.10825,-0.83749,0.032048,0.54551
0.55393,0.11527,0.82455,-0.042485,0.99299,-0.11028,-0.83148,0.026057,0.55494
0.55943,0.11998,0.82015,-0.048933,0.99252,-0.11181,-0.82743,0.022419,0.56112
0.56426,0.11901,0.81697,-0.048974,0.99264,-0.11077,-0.82414,0.022492,0.56594
0.5709,0.11389,0.81308,-0.044449,0.99317,-0.10791,-0.81981,0.025464,0.57206
0.5761,0.10899,0.81008,-0.039975,0.99364,-0.10526,-0.8164,0.028258,0.57679
0.57988,0.10731,0.80761,-0.039623,0.99383,-0.10361,-0.81374,0.02808,0.58055
0.58479,0.10901,0.80382,-0.04394,0.99373,-0.1028,-0.80999,0.024797,0.58592
0.58891,0.11214,0.80038,-0.049381,0.99347,-0.10286,-0.80669,0.021053,0.5906
