1,-1.8228e-10,5.2411e-10,-5.5511e-17,-1.8228e-10,1,-5.0729e-10,-3.3307e-16,5.2411e-10,-5.0729e-10,1,2.2204e-16,0,0,0,1
1,0.00071221,0.0015335,-0.011011,-0.00070557,0.99999,-0.004327,-0.017122,-0.0015366,0.0043259,0.99999,0.96171,0,0,0,1
1,-0.001384,0.0021293,-0.016995,0.0013951,0.99999,-0.0052233,-0.033042,-0.002122,0.0052262,0.99998,1.9249,0,0,0,1
0.99999,-0.0028752,0.002197,-0.031067,0.0028772,1,-0.00091119,-0.063419,-0.0021944,0.00091751,1,2.8881,0,0,0,1
0.99999,-0.0043783,0.0014269,-0.044627,0.0043703,0.99997,0.0055464,-0.095036,-0.0014512,-0.0055401,0.99998,3.8483,0,0,0,1
0.99996,-0.0088007,4.9304e-05,-0.053372,0.0088004,0.99995,0.0046596,-0.12222,-9.0308e-05,-0.004659,0.99999,4.8066,0,0,0,1
0.99993,-0.011541,-0.00099288,-0.064585,0.011543,0.99993,0.0016082,-0.14487,0.00097426,-0.0016196,1,5.739,0,0,0,1
0.99993,-0.012109,-0.001792,-0.075428,0.012106,0.99993,-0.0014633,-0.15357,0.0018095,0.0014415,1,6.6764,0,0,0,1
0.99993,-0.011483,-0.0025962,-0.089364,0.011477,0.99993,-0.0021156,-0.16788,0.0026203,0.0020857,0.99999,7.6062,0,0,0,1
0.99994,-0.010825,-0.003547,-0.1013,0.010825,0.99994,0.00019151,-0.17917,0.0035447,-0.00022989,0.99999,8.5355,0,0,0,1
0.99993,-0.010746,-0.0042529,-0.11413,0.01076,0.99994,0.003119,-0.18658,0.0042191,-0.0031646,0.99999,9.4659,0,0,0,1
0.99993,-0.010905,-0.0052545,-0.12756,0.010928,0.99993,0.0044284,-0.19163,0.0052059,-0.0044855,0.99998,10.389,0,0,0,1
0.99991,-0.012463,-0.005868,-0.14219,0.012493,0.99991,0.0050843,-0.19972,0.0058041,-0.0051571,0.99997,11.34,0,0,0,1
0.9999,-0.012631,-0.0068262,-0.15488,0.012665,0.99991,0.0049733,-0.21556,0.0067628,-0.0050592,0.99996,12.223,0,0,0,1
0.99989,-0.012872,-0.0075008,-0.16931,0.012898,0.99991,0.0033947,-0.23549,0.0074565,-0.0034911,0.99997,13.133,0,0,0,1
0.99987,-0.013366,-0.0090345,-0.18491,0.013377,0.99991,0.0011778,-0.26025,0.0090179,-0.0012985,0.99996,14.041,0,0,0,1
0.99984,-0.014687,-0.01052,-0.19928,0.014687,0.99989,-0.00010341,-0.27606,0.01052,-5.1111e-05,0.99994,14.946,0,0,0,1
0.99982,-0.014327,-0.012186,-0.21695,0.01432,0.9999,-0.00066162,-0.28511,0.012194,0.000487,0.99993,15.846,0,0,0,1
0.99982,-0.013041,-0.013637,-0.23671,0.013021,0.99991,-0.0015693,-0.29336,0.013656,0.0013915,0.99991,16.743,0,0,0,1
0.99981,-0.011596,-0.015361,-0.25485,0.011573,0.99993,-0.0016337,-0.29824,0.015379,0.0014556,0.99988,17.635,0,0,0,1
0.99978,-0.012137,-0.016918,-0.27308,0.012127,0.99993,-0.00067876,-0.30441,0.016925,0.00047344,0.99986,18.527,0,0,0,1
0.99977,-0.011484,-0.018256,-0.29374,0.011499,0.99993,0.00070615,-0.31384,0.018247,-0.00091591,0.99983,19.414,0,0,0,1
0.99974,-0.011323,-0.019759,-0.3146,0.011346,0.99994,0.0010386,-0.32369,0.019746,-0.0012625,0.9998,20.295,0,0,0,1
0.99969,-0.012468,-0.021493,-0.33357,0.012492,0.99992,0.00096851,-0.32204,0.021479,-0.0012367,0.99977,21.169,0,0,0,1
0.99965,-0.012688,-0.023088,-0.35177,0.012699,0.99992,0.00033181,-0.32051,0.023082,-0.00062489,0.99973,22.038,0,0,0,1
0.99963,-0.012614,-0.024112,-0.37255,0.012637,0.99992,0.00078991,-0.31722,0.0241,-0.0010943,0.99971,22.901,0,0,0,1
0.99961,-0.012367,-0.025165,-0.39337,0.01244,0.99992,0.0027471,-0.31593,0.025129,-0.0030591,0.99968,23.758,0,0,0,1
0.99957,-0.013638,-0.025988,-0.4121,0.013788,0.99989,0.0056013,-0.31402,0.025909,-0.0059572,0.99965,24.615,0,0,0,1
0.99956,-0.013277,-0.026675,-0.42803,0.013467,0.99989,0.0069537,-0.30574,0.02658,-0.0073099,0.99962,25.442,0,0,0,1
0.99954,-0.012825,-0.027437,-0.4474,0.012988,0.9999,0.0057605,-0.29885,0.02736,-0.0061141,0.99961,26.266,0,0,0,1
0.99954,-0.01143,-0.028193,-0.46908,0.011519,0.99993,0.0030065,-0.29305,0.028157,-0.0033298,0.9996,27.08,0,0,0,1
0.99952,-0.010923,-0.02897,-0.49162,0.010968,0.99994,0.0014019,-0.29341,0.028953,-0.001719,0.99958,27.877,0,0,0,1
0.9995,-0.010204,-0.02991,-0.51472,0.010237,0.99995,0.00093865,-0.29828,0.029899,-0.0012444,0.99955,28.67,0,0,0,1
0.99946,-0.010424,-0.031319,-0.53773,0.010446,0.99995,0.00052835,-0.30304,0.031312,-0.00085523,0.99951,29.455,0,0,0,1
0.9994,-0.01012,-0.033185,-0.56105,0.010122,0.99995,-9.4155e-05,-0.30246,0.033184,-0.00024181,0.99945,30.227,0,0,0,1
0.99933,-0.01014,-0.035032,-0.58371,0.010129,0.99995,-0.00047999,-0.28932,0.035035,0.00012483,0.99939,30.993,0,0,0,1
0.99926,-0.010454,-0.03709,-0.60988,0.010486,0.99994,0.00064661,-0.28495,0.037082,-0.001035,0.99931,31.753,0,0,0,1
0.99918,-0.010442,-0.039053,-0.63735,0.010578,0.99994,0.0032894,-0.28596,0.039016,-0.0036999,0.99923,32.497,0,0,0,1
0.99912,-0.0096765,-0.040895,-0.6695,0.0098706,0.99994,0.0045486,-0.29132,0.040848,-0.0049482,0.99915,33.235,0,0,0,1
0.99905,-0.0082123,-0.042839,-0.70703,0.0084256,0.99995,0.0048018,-0.2981,0.042797,-0.0051582,0.99907,33.962,0,0,0,1
0.99899,-0.0055704,-0.044651,-0.7476,0.0057521,0.99998,0.0039421,-0.30118,0.044628,-0.0041949,0.99899,34.704,0,0,0,1
0.99891,-0.0040768,-0.046409,-0.78612,0.004226,0.99999,0.0031162,-0.3013,0.046395,-0.0033089,0.99892,35.393,0,0,0,1
0.99884,-0.0036023,-0.04792,-0.8225,0.0038242,0.99998,0.0045391,-0.2935,0.047903,-0.0047171,0.99884,36.086,0,0,0,1
0.9988,-0.0024219,-0.048962,-0.85797,0.0027249,0.99998,0.0061222,-0.28456,0.048946,-0.0062483,0.99878,36.773,0,0,0,1
0.9988,0.00060596,-0.048894,-0.89798,-0.00027076,0.99998,0.006862,-0.28292,0.048897,-0.0068406,0.99878,37.449,0,0,0,1
0.99885,0.0037485,-0.047824,-0.93569,-0.0035236,0.99998,0.004787,-0.27535,0.047841,-0.004613,0.99884,38.111,0,0,0,1
0.99892,0.0053521,-0.046051,-0.96624,-0.0052913,0.99998,0.0014417,-0.2644,0.046058,-0.0011965,0.99894,38.764,0,0,0,1
0.99902,0.0057128,-0.043904,-0.99407,-0.0057431,0.99998,-0.00056304,-0.25903,0.0439,0.00081463,0.99904,39.401,0,0,0,1
0.99914,0.0069281,-0.040848,-1.023,-0.00692,0.99998,0.00034087,-0.25469,0.040849,-5.7907e-05,0.99917,40.037,0,0,0,1
0.99923,0.011976,-0.037299,-1.0546,-0.011853,0.99992,0.003534,-0.25614,0.037339,-0.0030892,0.9993,40.687,0,0,0,1
0.9993,0.016416,-0.033473,-1.0828,-0.016181,0.99984,0.0072826,-0.256,0.033588,-0.0067359,0.99941,41.292,0,0,0,1
0.99935,0.021316,-0.029154,-1.1073,-0.021088,0.99974,0.0081201,-0.25424,0.029319,-0.0075,0.99954,41.891,0,0,0,1
0.9994,0.02502,-0.023766,-1.1275,-0.024831,0.99966,0.0082331,-0.25049,0.023964,-0.007638,0.99968,42.476,0,0,0,1
0.99943,0.028709,-0.017958,-1.1432,-0.028529,0.99954,0.010233,-0.24728,0.018243,-0.0097147,0.99979,43.044,0,0,0,1
0.99937,0.033724,-0.011208,-1.1565,-0.033593,0.99937,0.01169,-0.24613,0.011595,-0.011306,0.99987,43.592,0,0,0,1
0.99931,0.03701,-0.0040727,-1.1637,-0.036963,0.99926,0.01104,-0.24633,0.0044782,-0.010881,0.99993,44.119,0,0,0,1
0.99917,0.040508,0.0032609,-1.1653,-0.040543,0.99911,0.011425,-0.24603,-0.0027952,-0.011548,0.99993,44.627,0,0,0,1
0.99893,0.044947,0.010811,-1.1653,-0.045065,0.99892,0.010929,-0.24016,-0.010308,-0.011405,0.99988,45.11,0,0,0,1
0.99861,0.049322,0.018532,-1.1621,-0.049476,0.99874,0.0079466,-0.23485,-0.018117,-0.0088525,0.9998,45.574,0,0,0,1
0.99834,0.051056,0.026488,-1.1539,-0.051196,0.99868,0.0046143,-0.23687,-0.026217,-0.0059627,0.99964,46.014,0,0,0,1
0.99808,0.051516,0.034451,-1.1397,-0.051717,0.99865,0.0049747,-0.23803,-0.034148,-0.0067469,0.99939,46.436,0,0,0,1
0.99781,0.050997,0.042244,-1.1191,-0.051308,0.99866,0.0063158,-0.23953,-0.041865,-0.0084694,0.99909,46.833,0,0,0,1
0.99734,0.05274,0.050347,-1.0982,-0.053167,0.99856,0.0071664,-0.23917,-0.049897,-0.0098241,0.99871,47.205,0,0,0,1
0.99665,0.056185,0.05951,-1.0777,-0.056705,0.99837,0.0070825,-0.23875,-0.059014,-0.010433,0.9982,47.567,0,0,0,1
0.99583,0.060823,0.067967,-1.0595,-0.061411,0.99809,0.0065969,-0.24042,-0.067436,-0.010743,0.99767,47.878,0,0,0,1
0.99495,0.064398,0.077038,-1.0361,-0.065107,0.99786,0.0067316,-0.2444,-0.076439,-0.011713,0.99701,48.177,0,0,0,1
0.99422,0.063843,0.086349,-1.0063,-0.064694,0.99788,0.0070851,-0.25327,-0.085713,-0.01263,0.99624,48.451,0,0,0,1
0.9933,0.062792,0.097052,-0.9731,-0.063583,0.99796,0.0050806,-0.26078,-0.096535,-0.011217,0.99527,48.717,0,0,0,1
0.99214,0.061523,0.10898,-0.93696,-0.061929,0.99808,0.00034016,-0.26759,-0.10875,-0.0070867,0.99404,48.976,0,0,0,1
0.99054,0.062487,0.12219,-0.89775,-0.06247,0.99804,-0.0039717,-0.27344,-0.1222,-0.0036994,0.9925,49.232,0,0,0,1
0.98837,0.064317,0.13779,-0.85674,-0.06411,0.99793,-0.0059415,-0.28057,-0.13789,-0.0029615,0.99044,49.487,0,0,0,1
0.98573,0.066287,0.15476,-0.80843,-0.065965,0.9978,-0.007221,-0.28609,-0.1549,-0.0030908,0.98793,49.75,0,0,0,1
0.98302,0.066692,0.17096,-0.75771,-0.066217,0.99777,-0.0084834,-0.29157,-0.17114,-0.002981,0.98524,49.986,0,0,0,1
0.97973,0.065954,0.18914,-0.69716,-0.065301,0.99782,-0.0096884,-0.29676,-0.18937,-0.0028592,0.9819,50.231,0,0,0,1
0.97573,0.065032,0.20911,-0.62966,-0.064334,0.99788,-0.010147,-0.30229,-0.20932,-0.0035523,0.97784,50.477,0,0,0,1
0.9713,0.065513,0.22865,-0.56263,-0.064609,0.99784,-0.011445,-0.30678,-0.2289,-0.0036562,0.97344,50.707,0,0,0,1
0.96591,0.067609,0.24988,-0.48892,-0.066237,0.99771,-0.013905,-0.31171,-0.25025,-0.0031197,0.96818,50.945,0,0,0,1
0.95967,0.068923,0.27256,-0.40749,-0.067071,0.99762,-0.016119,-0.31791,-0.27302,-0.0028122,0.962,51.181,0,0,0,1
0.95227,0.070184,0.29707,-0.31722,-0.068153,0.99753,-0.017201,-0.3255,-0.29754,-0.0038661,0.9547,51.42,0,0,0,1
0.94361,0.073089,0.32289,-0.22124,-0.071026,0.99731,-0.018184,-0.33408,-0.32335,-0.0057747,0.94626,51.659,0,0,0,1
0.93341,0.075496,0.35077,-0.11471,-0.073331,0.99712,-0.019473,-0.34395,-0.35123,-0.0075462,0.93626,51.901,0,0,0,1
0.92227,0.076136,0.37896,0.00027359,-0.073738,0.99706,-0.020859,-0.3545,-0.37944,-0.0087061,0.92518,52.13,0,0,0,1
0.90959,0.074278,0.40881,0.13095,-0.071089,0.9972,-0.023014,-0.36427,-0.40938,-0.0081291,0.91233,52.356,0,0,0,1
0.89442,0.071696,0.44144,0.27603,-0.067125,0.99741,-0.025988,-0.37339,-0.44216,-0.006387,0.89691,52.58,0,0,0,1
0.87714,0.071454,0.47488,0.42798,-0.06474,0.99744,-0.030501,-0.38243,-0.47584,-0.0039901,0.87952,52.8,0,0,0,1
0.85754,0.073415,0.50915,0.59079,-0.064094,0.9973,-0.035851,-0.39191,-0.51041,-0.0018892,0.85993,53.019,0,0,0,1
0.83543,0.075688,0.54436,0.77011,-0.063945,0.99713,-0.040504,-0.4026,-0.54587,-0.00097131,0.83787,53.244,0,0,0,1
0.81048,0.07888,0.58043,0.96524,-0.065183,0.99688,-0.044458,-0.41476,-0.58213,-0.0018022,0.81309,53.473,0,0,0,1
0.78317,0.083029,0.61625,1.1723,-0.068282,0.99653,-0.04749,-0.43025,-0.61805,-0.0048864,0.78612,53.695,0,0,0,1
0.75306,0.087486,0.65211,1.4017,-0.071883,0.99613,-0.050628,-0.44674,-0.65402,-0.0087496,0.75643,53.927,0,0,0,1
0.71989,0.088578,0.68841,1.6583,-0.071342,0.99601,-0.053553,-0.46471,-0.69041,-0.01056,0.72334,54.153,0,0,0,1
0.68344,0.086317,0.72488,1.9461,-0.068133,0.99619,-0.054386,-0.47764,-0.72682,-0.012219,0.68672,54.369,0,0,0,1
0.64444,0.085033,0.75991,2.2697,-0.065116,0.99629,-0.056263,-0.47777,-0.76188,-0.013225,0.64759,54.585,0,0,0,1
0.6015,0.084785,0.79436,2.6127,-0.063091,0.99629,-0.058564,-0.48322,-0.79638,-0.014891,0.60461,54.79,0,0,0,1
0.55617,0.084725,0.82674,2.9738,-0.059395,0.9963,-0.062145,-0.47928,-0.82894,-0.014541,0.55915,54.984,0,0,0,1
0.50822,0.083686,0.85715,3.3593,-0.056743,0.99636,-0.063633,-0.48609,-0.85936,-0.016298,0.51112,55.17,0,0,0,1
0.45956,0.081661,0.88439,3.7661,-0.054798,0.99647,-0.063536,-0.49139,-0.88646,-0.019264,0.46241,55.335,0,0,0,1
0.40954,0.079795,0.90879,4.1984,-0.054806,0.99652,-0.062799,-0.51662,-0.91064,-0.024088,0.41249,55.484,0,0,0,1
0.35973,0.079611,0.92965,4.6414,-0.057808,0.99634,-0.062953,-0.53962,-0.93126,-0.031095,0.36302,55.618,0,0,0,1
0.31034,0.080452,0.94721,5.1037,-0.054979,0.99626,-0.066605,-0.56459,-0.94903,-0.031406,0.31361,55.721,0,0,0,1
0.26361,0.076225,0.96161,5.5855,-0.044319,0.99678,-0.066863,-0.59577,-0.96361,-0.024992,0.26614,55.802,0,0,0,1
0.22007,0.070936,0.9729,6.0885,-0.030599,0.99736,-0.065798,-0.62668,-0.975,-0.015289,0.22167,55.856,0,0,0,1
0.17704,0.0694,0.98175,6.6124,-0.021806,0.99754,-0.066583,-0.65324,-0.98396,-0.0096202,0.17812,55.903,0,0,0,1
0.13943,0.072253,0.98759,7.1264,-0.017754,0.99736,-0.070461,-0.68213,-0.99007,-0.0077087,0.14035,55.938,0,0,0,1
0.10748,0.072042,0.99159,7.6586,-0.0088528,0.9974,-0.071504,-0.72429,-0.99417,-0.001093,0.10784,55.954,0,0,0,1
0.078522,0.070274,0.99443,8.2096,-0.0021819,0.99752,-0.07032,-0.77379,-0.99691,0.0033518,0.07848,55.971,0,0,0,1
0.053799,0.068074,0.99623,8.7749,0.0046779,0.99765,-0.068424,-0.81375,-0.99854,0.0083414,0.053354,55.978,0,0,0,1
0.034252,0.068297,0.99708,9.3517,0.010117,0.99759,-0.068679,-0.85738,-0.99936,0.012439,0.033479,55.983,0,0,0,1
0.018746,0.070079,0.99737,9.9332,0.013316,0.99743,-0.070334,-0.90206,-0.99974,0.0146,0.017765,55.982,0,0,0,1
0.0052842,0.069622,0.99756,10.538,0.013919,0.99747,-0.06969,-0.94737,-0.99989,0.014254,0.0043018,55.98,0,0,0,1
-0.0061903,0.070298,0.99751,11.138,0.014315,0.99743,-0.070203,-0.99654,-0.99988,0.013844,-0.0071806,55.979,0,0,0,1
-0.014799,0.073715,0.99717,11.755,0.019107,0.99712,-0.073428,-1.0553,-0.99971,0.017966,-0.016164,55.963,0,0,0,1
-0.021223,0.075648,0.99691,12.383,0.023704,0.99689,-0.075142,-1.1172,-0.99949,0.022036,-0.02295,55.93,0,0,0,1
-0.025909,0.07475,0.99687,13.02,0.023921,0.99696,-0.074135,-1.168,-0.99938,0.021925,-0.027618,55.903,0,0,0,1
-0.029699,0.072354,0.99694,13.673,0.021536,0.99719,-0.071731,-1.2175,-0.99933,0.019339,-0.031174,55.883,0,0,0,1
-0.032246,0.064821,0.99738,14.334,0.0193,0.99775,-0.064221,-1.2695,-0.99929,0.017178,-0.033425,55.859,0,0,0,1
-0.03358,0.058966,0.99769,15.013,0.020692,0.99808,-0.058292,-1.3174,-0.99922,0.018687,-0.034736,55.821,0,0,0,1
-0.034037,0.056852,0.9978,15.698,0.023322,0.99815,-0.056076,-1.3661,-0.99915,0.021362,-0.0353,55.779,0,0,0,1
-0.033724,0.059221,0.99767,16.387,0.026478,0.99795,-0.058342,-1.4171,-0.99908,0.024448,-0.035223,55.741,0,0,0,1
-0.033059,0.067305,0.99718,17.083,0.027707,0.99741,-0.066402,-1.4624,-0.99907,0.025433,-0.034838,55.703,0,0,0,1
-0.030873,0.075127,0.9967,17.785,0.028323,0.99684,-0.07426,-1.5024,-0.99912,0.025937,-0.032903,55.672,0,0,0,1
-0.028693,0.076589,0.99665,18.505,0.029704,0.99669,-0.075737,-1.5457,-0.99915,0.027432,-0.030873,55.643,0,0,0,1
-0.026661,0.071584,0.99708,19.242,0.028593,0.99708,-0.07082,-1.5939,-0.99924,0.026621,-0.02863,55.615,0,0,0,1
-0.024196,0.064035,0.99765,19.978,0.028157,0.99759,-0.063349,-1.6477,-0.99931,0.026558,-0.025941,55.59,0,0,0,1
-0.02155,0.063297,0.99776,20.713,0.025856,0.9977,-0.062734,-1.6967,-0.99943,0.024446,-0.023137,55.569,0,0,0,1
-0.018131,0.068984,0.99745,21.439,0.033897,0.99709,-0.068343,-1.7417,-0.99926,0.032572,-0.020417,55.537,0,0,0,1
-0.014656,0.074345,0.99712,22.167,0.03594,0.99663,-0.073779,-1.7879,-0.99925,0.034756,-0.017278,55.51,0,0,0,1
-0.012522,0.074735,0.99712,22.903,0.029176,0.99681,-0.074344,-1.8391,-0.9995,0.028161,-0.014662,55.505,0,0,0,1
-0.0093027,0.072185,0.99735,23.632,0.025582,0.99708,-0.071927,-1.8958,-0.99963,0.024845,-0.011122,55.502,0,0,0,1
-0.0045867,0.066579,0.99777,24.373,0.029249,0.99736,-0.066417,-1.9558,-0.99956,0.028879,-0.0065219,55.485,0,0,0,1
-0.0012519,0.069114,0.99761,25.112,0.034204,0.99703,-0.069031,-2.0085,-0.99941,0.034036,-0.0036122,55.464,0,0,0,1
0.0018595,0.073097,0.99732,25.835,0.033656,0.99676,-0.073119,-2.0594,-0.99943,0.033702,-0.00060671,55.462,0,0,0,1
0.0053311,0.074461,0.99721,26.568,0.030178,0.99676,-0.074588,-2.1137,-0.99953,0.030491,0.0030667,55.473,0,0,0,1
0.0091535,0.073181,0.99728,27.305,0.029117,0.99688,-0.073418,-2.1676,-0.99953,0.02971,0.0069941,55.49,0,0,0,1
0.013076,0.070485,0.99743,28.044,0.033513,0.99692,-0.070889,-2.2265,-0.99935,0.034354,0.010674,55.498,0,0,0,1
0.017093,0.070226,0.99738,28.778,0.038093,0.99676,-0.070834,-2.2887,-0.99913,0.039205,0.014363,55.51,0,0,0,1
0.020718,0.071269,0.99724,29.512,0.040906,0.99656,-0.07207,-2.3439,-0.99895,0.042286,0.017731,55.522,0,0,0,1
0.02346,0.071558,0.99716,30.246,0.041049,0.99652,-0.072478,-2.3954,-0.99888,0.042632,0.020441,55.536,0,0,0,1
0.027005,0.070397,0.99715,30.986,0.042708,0.99653,-0.071509,-2.4452,-0.99872,0.044517,0.023904,55.549,0,0,0,1
0.030709,0.068675,0.99717,31.726,0.044166,0.99657,-0.069994,-2.4961,-0.99855,0.04619,0.027571,55.562,0,0,0,1
0.033566,0.069859,0.99699,32.465,0.043089,0.99653,-0.071277,-2.5374,-0.99851,0.045352,0.030439,55.585,0,0,0,1
0.036623,0.071253,0.99679,33.207,0.040275,0.99654,-0.072715,-2.5782,-0.99852,0.042808,0.033627,55.613,0,0,0,1
0.039502,0.071352,0.99667,33.951,0.04213,0.99644,-0.073005,-2.6206,-0.99833,0.044874,0.036355,55.64,0,0,0,1
0.042268,0.07092,0.99659,34.698,0.039449,0.99658,-0.072593,-2.6677,-0.99833,0.042383,0.039326,55.673,0,0,0,1
0.044293,0.071815,0.99643,35.443,0.038371,0.99655,-0.073529,-2.7119,-0.99828,0.041491,0.041384,55.709,0,0,0,1
0.047413,0.071333,0.99633,36.198,0.034539,0.99673,-0.073006,-2.7614,-0.99828,0.037874,0.044794,55.749,0,0,0,1
0.050771,0.073423,0.99601,36.951,0.033334,0.99661,-0.075167,-2.8124,-0.99815,0.037018,0.048151,55.787,0,0,0,1
0.053976,0.077693,0.99552,37.705,0.032351,0.99631,-0.079509,-2.8676,-0.99802,0.036497,0.051263,55.827,0,0,0,1
0.05735,0.07908,0.99522,38.466,0.031982,0.9962,-0.081001,-2.923,-0.99784,0.036475,0.054603,55.869,0,0,0,1
0.060393,0.081817,0.99482,39.23,0.026272,0.99616,-0.083523,-2.9734,-0.99783,0.03118,0.058012,55.921,0,0,0,1
0.062978,0.080561,0.99476,40.002,0.022298,0.99637,-0.082103,-3.0243,-0.99777,0.027352,0.060954,55.976,0,0,0,1
0.066646,0.081059,0.99448,40.778,0.024457,0.99626,-0.082843,-3.0809,-0.99748,0.029844,0.064414,56.025,0,0,0,1
0.070694,0.082007,0.99412,41.556,0.023875,0.99619,-0.083875,-3.1359,-0.99721,0.029665,0.068467,56.078,0,0,0,1
0.074165,0.08302,0.99378,42.34,0.019365,0.99622,-0.084669,-3.1888,-0.99706,0.025524,0.072277,56.141,0,0,0,1
0.078311,0.081929,0.99356,43.13,0.019009,0.99631,-0.083654,-3.2443,-0.99675,0.025438,0.076465,56.203,0,0,0,1
0.083323,0.080262,0.99328,43.938,0.01887,0.99645,-0.0821,-3.2972,-0.99634,0.025584,0.081512,56.27,0,0,0,1
0.088146,0.08494,0.99248,44.714,0.015447,0.99612,-0.086623,-3.3525,-0.99599,0.022966,0.086492,56.344,0,0,0,1
0.09422,0.094227,0.99108,45.504,0.013861,0.99529,-0.095945,-3.4026,-0.99545,0.022777,0.09247,56.423,0,0,0,1
0.1017,0.098554,0.98992,46.308,0.01204,0.99489,-0.10029,-3.4612,-0.99474,0.022118,0.099993,56.508,0,0,0,1
0.10888,0.10095,0.98892,47.122,0.0080082,0.99471,-0.10242,-3.5253,-0.99402,0.019071,0.1075,56.605,0,0,0,1
0.1158,0.098731,0.98835,47.914,0.0040864,0.99499,-0.099873,-3.5925,-0.99326,0.015604,0.11482,56.707,0,0,0,1
0.12345,0.096844,0.98761,48.727,0.0038042,0.99517,-0.098061,-3.6622,-0.99234,0.015863,0.12249,56.812,0,0,0,1
0.13066,0.093882,0.98697,49.541,0.0036808,0.99545,-0.095176,-3.7276,-0.99142,0.016068,0.12972,56.922,0,0,0,1
0.13812,0.087772,0.98652,50.357,0.0014189,0.99605,-0.088818,-3.7929,-0.99041,0.013667,0.13745,57.041,0,0,0,1
0.14525,0.081015,0.98607,51.168,-0.00072627,0.99665,-0.081777,-3.8501,-0.9894,0.011162,0.14482,57.168,0,0,0,1
0.15291,0.077344,0.98521,51.989,-0.0012738,0.99695,-0.078067,-3.9125,-0.98824,0.010682,0.15254,57.297,0,0,0,1
0.15997,0.080358,0.98384,52.774,-0.001057,0.99669,-0.081236,-3.968,-0.98712,0.011956,0.15953,57.425,0,0,0,1
0.1657,0.086167,0.9824,53.562,-0.0009233,0.99619,-0.087221,-4.0232,-0.98618,0.013545,0.16515,57.56,0,0,0,1
0.17086,0.090699,0.98111,54.343,-0.00186,0.99578,-0.091731,-4.0825,-0.98529,0.013848,0.17031,57.699,0,0,0,1
0.17556,0.093003,0.98007,55.104,-0.0039921,0.99559,-0.09376,-4.1437,-0.98446,0.012548,0.17516,57.838,0,0,0,1
0.18095,0.092503,0.97913,55.871,-0.005856,0.99565,-0.092982,-4.2044,-0.98347,0.011091,0.18071,57.98,0,0,0,1
0.18635,0.089093,0.97844,56.645,-0.0021801,0.99591,-0.09027,-4.2621,-0.98248,0.014689,0.18578,58.12,0,0,0,1
0.19082,0.083155,0.9781,57.389,-0.0011836,0.99642,-0.084482,-4.3183,-0.98162,0.014963,0.19023,58.263,0,0,0,1
0.1938,0.075706,0.97812,58.137,-0.0036067,0.99707,-0.076458,-4.3692,-0.98103,0.01129,0.19351,58.414,0,0,0,1
0.1969,0.073018,0.9777,58.876,-0.0067935,0.9973,-0.073114,-4.4208,-0.9804,0.0077542,0.19687,58.567,0,0,0,1
0.20008,0.073422,0.97702,59.6,-0.0084624,0.99728,-0.073212,-4.4676,-0.97974,0.0063805,0.20016,58.716,0,0,0,1
0.20219,0.075734,0.97641,60.312,-0.010499,0.99712,-0.075166,-4.5164,-0.97929,0.004947,0.2024,58.866,0,0,0,1
0.20346,0.07985,0.97582,61.013,-0.014763,0.99681,-0.078489,-4.5645,-0.97897,0.0015634,0.20399,59.021,0,0,0,1
0.20543,0.084305,0.97503,61.704,-0.01628,0.99644,-0.082726,-4.6148,-0.97854,0.0011213,0.20608,59.172,0,0,0,1
0.20745,0.089467,0.97415,62.382,-0.016844,0.99599,-0.087886,-4.6576,-0.9781,0.0018233,0.20812,59.321,0,0,0,1
0.20904,0.091294,0.97364,63.056,-0.016397,0.99582,-0.089854,-4.7064,-0.97777,0.0028184,0.20966,59.468,0,0,0,1
0.21017,0.090996,0.97342,63.722,-0.01864,0.99585,-0.089068,-4.7588,-0.97749,0.00057446,0.21099,59.617,0,0,0,1
0.21083,0.088233,0.97353,64.382,-0.018666,0.9961,-0.086236,-4.8147,-0.97735,8.9125e-06,0.21165,59.76,0,0,0,1
0.21129,0.085414,0.97368,65.033,-0.018654,0.99635,-0.083354,-4.8678,-0.97725,-0.00055151,0.21211,59.902,0,0,0,1
0.21107,0.084432,0.97382,65.672,-0.017923,0.99643,-0.082508,-4.9134,-0.97731,-3.9318e-05,0.21182,60.035,0,0,0,1
0.20952,0.083724,0.97421,66.301,-0.017854,0.99649,-0.081798,-4.9654,-0.97764,-0.00025471,0.21028,60.168,0,0,0,1
0.20778,0.08441,0.97453,66.922,-0.01913,0.99643,-0.082229,-5.0183,-0.97799,-0.0015572,0.20865,60.298,0,0,0,1
0.20537,0.087849,0.97473,67.546,-0.020157,0.99613,-0.08553,-5.0767,-0.97848,-0.0020827,0.20634,60.432,0,0,0,1
0.20313,0.091322,0.97488,68.12,-0.018428,0.99582,-0.089443,-5.1303,-0.97898,0.0002036,0.20396,60.554,0,0,0,1
0.2014,0.09174,0.9752,68.725,-0.016085,0.99578,-0.090354,-5.1821,-0.97938,0.0025111,0.20202,60.678,0,0,0,1
0.19919,0.09078,0.97575,69.303,-0.01684,0.99587,-0.089215,-5.2319,-0.97982,0.0013397,0.1999,60.803,0,0,0,1
0.19657,0.087993,0.97653,69.883,-0.01712,0.99612,-0.086312,-5.2859,-0.98034,0.00024811,0.19731,60.919,0,0,0,1
0.19453,0.083561,0.97733,70.45,-0.016858,0.9965,-0.081845,-5.3428,-0.98075,-0.00055418,0.19526,61.033,0,0,0,1
0.19269,0.082572,0.97778,71.001,-0.013863,0.99658,-0.081428,-5.3931,-0.98116,0.0021361,0.19318,61.14,0,0,0,1
0.19098,0.084582,0.97794,71.545,-0.0095567,0.99639,-0.084312,-5.4408,-0.98155,0.0067564,0.1911,61.244,0,0,0,1
0.18863,0.08635,0.97825,72.087,-0.0057315,0.99621,-0.08683,-5.4854,-0.98203,0.010772,0.18841,61.347,0,0,0,1
0.18697,0.088836,0.97834,72.623,-0.0064475,0.99599,-0.089206,-5.5322,-0.98235,0.010371,0.18679,61.451,0,0,0,1
0.1857,0.091177,0.97837,73.158,-0.0065984,0.99578,-0.091547,-5.5831,-0.98258,0.010544,0.18552,61.555,0,0,0,1
0.18454,0.089268,0.97876,73.701,-0.0048873,0.99594,-0.089913,-5.6302,-0.98281,0.011809,0.18422,61.657,0,0,0,1
0.1854,0.087483,0.97876,74.243,0.0014006,0.996,-0.089289,-5.6764,-0.98266,0.017925,0.18453,61.749,0,0,0,1
0.18799,0.086472,0.97836,74.788,0.0064556,0.99599,-0.089271,-5.7208,-0.98215,0.023098,0.18668,61.842,0,0,0,1
0.19,0.08543,0.97806,75.335,0.0088313,0.99602,-0.088714,-5.7682,-0.98174,0.025493,0.18849,61.945,0,0,0,1
0.19342,0.085069,0.97742,75.887,0.0057142,0.99612,-0.087827,-5.8171,-0.9811,0.022573,0.19218,62.058,0,0,0,1
0.19895,0.085543,0.97627,76.434,0.0051543,0.99608,-0.088329,-5.8624,-0.98,0.022605,0.19773,62.171,0,0,0,1
0.2058,0.084671,0.97492,76.993,0.0062276,0.99612,-0.087826,-5.9123,-0.97857,0.024146,0.20448,62.291,0,0,0,1
0.21408,0.08394,0.9732,77.568,0.0057606,0.99618,-0.087189,-5.9611,-0.9768,0.024272,0.21278,62.424,0,0,0,1
0.22213,0.083231,0.97146,78.129,0.0052611,0.99623,-0.086557,-6.0088,-0.975,0.024338,0.22085,62.553,0,0,0,1
0.231,0.082482,0.96945,78.693,0.0014159,0.99637,-0.085109,-6.0599,-0.97295,0.021033,0.23005,62.692,0,0,0,1
0.24099,0.082493,0.96701,79.285,-0.00015091,0.99638,-0.08496,-6.1079,-0.97053,0.020329,0.24013,62.846,0,0,0,1
0.25041,0.085728,0.96434,79.851,-0.0045113,0.99616,-0.087386,-6.1508,-0.96813,0.017531,0.24983,63.005,0,0,0,1
0.26003,0.088671,0.96152,80.453,-0.008289,0.99594,-0.089603,-6.1928,-0.96556,0.01533,0.25971,63.18,0,0,0,1
0.27077,0.09063,0.95837,81.048,-0.012523,0.99581,-0.090632,-6.239,-0.96256,0.012539,0.27077,63.357,0,0,0,1
0.28105,0.092557,0.95522,81.655,-0.0144,0.99563,-0.092236,-6.2857,-0.95958,0.012168,0.28116,63.541,0,0,0,1
0.29087,0.093264,0.95221,82.266,-0.016952,0.99558,-0.092335,-6.325,-0.95661,0.010715,0.29116,63.74,0,0,0,1
0.30121,0.094234,0.94889,82.895,-0.018475,0.99549,-0.092998,-6.3712,-0.95338,0.010481,0.30159,63.948,0,0,0,1
0.31148,0.095,0.94549,83.535,-0.021826,0.99544,-0.092828,-6.4147,-0.95,0.0082779,0.31213,64.167,0,0,0,1
0.3221,0.089733,0.94244,84.194,-0.021587,0.99594,-0.087449,-6.4585,-0.94646,0.007823,0.32273,64.4,0,0,0,1
0.33298,0.081818,0.93938,84.861,-0.017967,0.9966,-0.080433,-6.4986,-0.94276,0.0099049,0.33332,64.637,0,0,0,1
0.34402,0.077579,0.93575,85.539,-0.016564,0.99693,-0.076561,-6.545,-0.93882,0.010839,0.34425,64.888,0,0,0,1
0.35409,0.07459,0.93223,86.224,-0.016506,0.99716,-0.073515,-6.5856,-0.93506,0.010644,0.35432,65.154,0,0,0,1
0.36321,0.070477,0.92904,86.927,-0.010063,0.99737,-0.071727,-6.605,-0.93165,0.016703,0.36296,65.428,0,0,0,1
0.37246,0.066719,0.92565,87.632,-0.0038109,0.99751,-0.070365,-6.6243,-0.92804,0.02268,0.37178,65.703,0,0,0,1
0.37954,0.056992,0.92342,88.358,0.0051386,0.99796,-0.063704,-6.6463,-0.92516,0.028924,0.37847,65.993,0,0,0,1
0.38686,0.052864,0.92062,89.077,0.011536,0.998,-0.062155,-6.6841,-0.92207,0.034665,0.38548,66.289,0,0,0,1
0.39415,0.053122,0.91751,89.792,0.012806,0.99791,-0.063279,-6.7254,-0.91895,0.036692,0.39265,66.599,0,0,0,1
0.4018,0.059151,0.91382,90.502,0.015517,0.99733,-0.07138,-6.7637,-0.9156,0.04286,0.39981,66.907,0,0,0,1
0.40914,0.06372,0.91025,91.218,0.019739,0.99671,-0.078645,-6.8134,-0.91226,0.050143,0.40653,67.229,0,0,0,1
0.41443,0.06513,0.90775,91.922,0.017054,0.9967,-0.079299,-6.8707,-0.90992,0.048344,0.41195,67.559,0,0,0,1
0.41885,0.067324,0.90556,92.609,0.0092041,0.99688,-0.078371,-6.9143,-0.90801,0.04116,0.41692,67.904,0,0,0,1
0.42275,0.0707,0.90349,93.289,0.0030578,0.99684,-0.079436,-6.9752,-0.90624,0.036344,0.42119,68.247,0,0,0,1
0.42704,0.074055,0.9012,93.961,0.002045,0.99656,-0.08286,-7.0349,-0.90423,0.037227,0.42542,68.581,0,0,0,1
0.43119,0.078363,0.89885,94.633,-0.0010139,0.99626,-0.086369,-7.11,-0.90226,0.03633,0.42965,68.92,0,0,0,1
0.43456,0.081231,0.89697,95.275,-0.0042905,0.9961,-0.088129,-7.183,-0.90063,0.034449,0.43321,69.248,0,0,0,1
0.43856,0.079536,0.89518,95.927,-0.0054821,0.99629,-0.085835,-7.2597,-0.89869,0.032736,0.43737,69.582,0,0,0,1
0.44285,0.075914,0.89337,96.583,-0.0044168,0.99658,-0.082495,-7.3293,-0.89658,0.032587,0.44168,69.913,0,0,0,1
0.4462,0.073543,0.89191,97.206,-0.0048759,0.9968,-0.079753,-7.3985,-0.89492,0.031237,0.44513,70.236,0,0,0,1
0.44981,0.072641,0.89016,97.846,-0.0062233,0.99692,-0.078208,-7.4695,-0.8931,0.029639,0.44888,70.57,0,0,0,1
0.45313,0.074646,0.88831,98.435,-0.007838,0.99678,-0.079762,-7.5332,-0.89141,0.02918,0.45226,70.884,0,0,0,1
0.45592,0.074935,0.88686,99.033,-0.0068748,0.99672,-0.080683,-7.5921,-0.89,0.030688,0.45493,71.198,0,0,0,1
0.45804,0.073094,0.88592,99.628,-0.0048491,0.9968,-0.079736,-7.6502,-0.88892,0.032226,0.45693,71.509,0,0,0,1
0.45979,0.072102,0.8851,100.21,-0.0028675,0.99681,-0.079713,-7.7097,-0.88803,0.034113,0.45853,71.816,0,0,0,1
0.46158,0.071908,0.88418,100.79,-0.0042919,0.99688,-0.078833,-7.7667,-0.88709,0.032593,0.46045,72.125,0,0,0,1
0.46359,0.071548,0.88315,101.35,-0.0031143,0.99686,-0.079125,-7.8235,-0.88604,0.033931,0.46236,72.433,0,0,0,1
0.46622,0.073709,0.88159,101.91,-0.0034358,0.99667,-0.081513,-7.8833,-0.88466,0.034974,0.46492,72.736,0,0,0,1
0.46933,0.073073,0.87999,102.44,-0.0011097,0.99662,-0.082165,-7.9431,-0.88302,0.037586,0.46782,73.032,0,0,0,1
0.47244,0.072377,0.87839,102.98,0.0012341,0.99657,-0.082778,-8.0024,-0.88136,0.040191,0.47073,73.328,0,0,0,1
0.47568,0.070687,0.87677,103.51,0.0040505,0.99658,-0.082544,-8.0537,-0.87961,0.042816,0.47377,73.621,0,0,0,1
0.47912,0.069755,0.87497,104.04,0.0055303,0.99658,-0.082478,-8.0966,-0.87773,0.044356,0.4771,73.91,0,0,0,1
0.48232,0.069352,0.87325,104.55,0.0064671,0.99655,-0.082717,-8.1393,-0.87597,0.045543,0.48021,74.196,0,0,0,1
0.48573,0.068657,0.87141,105.06,0.0071599,0.99656,-0.082508,-8.182,-0.87408,0.046316,0.48357,74.482,0,0,0,1
0.48917,0.068146,0.86952,105.56,0.008817,0.99651,-0.083058,-8.2238,-0.87214,0.048296,0.48686,74.766,0,0,0,1
0.49306,0.069452,0.86722,106.06,0.0084127,0.99638,-0.084579,-8.2651,-0.86995,0.048998,0.49069,75.054,0,0,0,1
0.49741,0.0696,0.86472,106.56,0.010394,0.99623,-0.086164,-8.3084,-0.86746,0.051846,0.49481,75.343,0,0,0,1
0.50214,0.073054,0.86169,107.06,0.008009,0.99599,-0.089106,-8.3631,-0.86475,0.051645,0.49954,75.634,0,0,0,1
0.50758,0.078897,0.85798,107.54,0.0047007,0.99553,-0.094326,-8.4187,-0.86159,0.051911,0.50494,75.926,0,0,0,1
0.51337,0.085919,0.85385,108.03,-0.00072177,0.99502,-0.099689,-8.4759,-0.85817,0.050562,0.51088,76.229,0,0,0,1
0.51941,0.092101,0.84955,108.51,-0.0057484,0.99453,-0.1043,-8.5303,-0.8545,0.049294,0.5171,76.532,0,0,0,1
0.52582,0.096484,0.84511,108.99,-0.0087868,0.99411,-0.10803,-8.5861,-0.85055,0.049377,0.52357,76.841,0,0,0,1
0.53118,0.096716,0.84172,109.48,-0.013396,0.9943,-0.10579,-8.6423,-0.84716,0.04492,0.52944,77.161,0,0,0,1
0.53649,0.095521,0.83848,109.99,-0.019855,0.99473,-0.10062,-8.7065,-0.84367,0.037331,0.53556,77.49,0,0,0,1
0.54224,0.093127,0.83505,110.5,-0.025978,0.99522,-0.094121,-8.7631,-0.83982,0.029343,0.54207,77.825,0,0,0,1
0.54796,0.090995,0.83154,111.01,-0.032245,0.99562,-0.087702,-8.8178,-0.83588,0.021245,0.5485,78.171,0,0,0,1
0.55409,0.089237,0.82766,111.54,-0.034935,0.99585,-0.083983,-8.8674,-0.83172,0.01762,0.55491,78.52,0,0,0,1
0.56051,0.092863,0.82292,112.06,-0.03949,0.99556,-0.085446,-8.9154,-0.82721,0.015396,0.56169,78.876,0,0,0,1
0.56645,0.096772,0.81839,112.58,-0.043255,0.9952,-0.08774,-8.9632,-0.82296,0.014301,0.56792,79.247,0,0,0,1
0.57256,0.10014,0.81373,113.12,-0.04601,0.99487,-0.090055,-9.0116,-0.81857,0.014122,0.57423,79.628,0,0,0,1
0.57887,0.10202,0.80901,113.67,-0.048055,0.99469,-0.091056,-9.0571,-0.814,0.013833,0.5807,80.019,0,0,0,1
0.58512,0.10296,0.80438,114.23,-0.051317,0.99462,-0.089985,-9.1054,-0.80932,0.011374,0.58726,80.426,0,0,0,1
0.59124,0.10492,0.79964,114.79,-0.057262,0.99446,-0.088142,-9.158,-0.80446,0.0063241,0.59398,80.849,0,0,0,1
0.59841,0.10266,0.79458,115.37,-0.057668,0.9947,-0.085079,-9.217,-0.79911,0.0050899,0.60116,81.285,0,0,0,1
0.60597,0.10072,0.78908,115.95,-0.057665,0.9949,-0.082713,-9.2737,-0.79339,0.0046189,0.60869,81.729,0,0,0,1
0.61349,0.10087,0.78323,116.53,-0.058588,0.99489,-0.08224,-9.3178,-0.78753,0.0045658,0.61626,82.189,0,0,0,1
0.62094,0.10329,0.77702,117.11,-0.063519,0.99465,-0.081457,-9.3663,-0.78128,0.0012239,0.62418,82.664,0,0,0,1
0.62878,0.10381,0.77062,117.7,-0.06393,0.99459,-0.081821,-9.4102,-0.77495,0.0021821,0.63202,83.151,0,0,0,1
0.63553,0.10461,0.76496,118.3,-0.065658,0.99451,-0.081449,-9.4576,-0.76928,0.0015371,0.63891,83.652,0,0,0,1
0.64072,0.10325,0.7608,118.91,-0.065622,0.99465,-0.07972,-9.5015,-0.76496,0.001153,0.64407,84.164,0,0,0,1
0.64443,0.1018,0.75786,119.52,-0.064806,0.9948,-0.078519,-9.5499,-0.76191,0.0014864,0.64768,84.685,0,0,0,1
0.64827,0.099141,0.75492,120.16,-0.060927,0.99506,-0.078358,-9.5906,-0.75897,0.0048022,0.65111,85.224,0,0,0,1
0.65179,0.095536,0.75236,120.78,-0.055547,0.99538,-0.078275,-9.6352,-0.75637,0.009227,0.65408,85.744,0,0,0,1
0.65578,0.0887,0.74972,121.43,-0.047805,0.99596,-0.076017,-9.6829,-0.75343,0.01401,0.65737,86.293,0,0,0,1
0.65946,0.083056,0.74714,122.08,-0.042183,0.9964,-0.073532,-9.7287,-0.75055,0.016975,0.66059,86.852,0,0,0,1
0.66306,0.077366,0.74456,122.73,-0.036524,0.9968,-0.07105,-9.774,-0.74768,0.019916,0.66376,87.405,0,0,0,1
0.66637,0.076237,0.74172,123.38,-0.036321,0.9969,-0.069835,-9.8204,-0.74474,0.019596,0.66707,87.978,0,0,0,1
0.6694,0.077895,0.73881,124.02,-0.037132,0.99675,-0.071448,-9.8681,-0.74198,0.020393,0.67012,88.555,0,0,0,1
0.67263,0.08244,0.73537,124.68,-0.042961,0.99645,-0.072413,-9.9163,-0.73873,0.017115,0.67379,89.16,0,0,0,1
0.67522,0.085845,0.73261,125.31,-0.048438,0.99622,-0.07209,-9.9644,-0.73603,0.01319,0.67682,89.754,0,0,0,1
0.67813,0.082617,0.73028,125.96,-0.049417,0.99654,-0.06685,-10.014,-0.73328,0.0092443,0.67987,90.36,0,0,0,1
0.68161,0.079759,0.72735,126.62,-0.052076,0.99681,-0.060505,-10.058,-0.72986,0.0033636,0.68359,90.977,0,0,0,1
0.68512,0.074498,0.72461,127.28,-0.051718,0.99722,-0.053626,-10.101,-0.72659,-0.00073494,0.68707,91.597,0,0,0,1
0.68978,0.070187,0.7206,127.93,-0.048969,0.99753,-0.050285,-10.143,-0.72236,-0.00060162,0.69152,92.218,0,0,0,1
0.69455,0.067464,0.71627,128.58,-0.043384,0.99771,-0.051903,-10.184,-0.71813,0.0049748,0.69589,92.841,0,0,0,1
0.70008,0.064468,0.71115,129.22,-0.032617,0.99776,-0.058341,-10.233,-0.71332,0.017647,0.70062,93.464,0,0,0,1
0.70559,0.066268,0.70552,129.88,-0.026831,0.9974,-0.06685,-10.287,-0.70812,0.028239,0.70553,94.106,0,0,0,1
0.71128,0.066271,0.69978,130.51,-0.024196,0.99726,-0.06985,-10.341,-0.7025,0.03275,0.71093,94.744,0,0,0,1
0.7171,0.062276,0.69419,131.15,-0.021678,0.99751,-0.067094,-10.4,-0.69664,0.033064,0.71666,95.403,0,0,0,1
0.72311,0.055879,0.68847,131.79,-0.01711,0.99787,-0.06302,-10.456,-0.69052,0.033791,0.72252,96.07,0,0,0,1
0.72849,0.053526,0.68296,132.43,-0.012896,0.99784,-0.064449,-10.505,-0.68493,0.038143,0.72761,96.742,0,0,0,1
0.73312,0.054738,0.67789,133.06,-0.010469,0.99755,-0.069226,-10.552,-0.68002,0.043654,0.73189,97.419,0,0,0,1
0.73675,0.057404,0.67372,133.68,-0.011544,0.99731,-0.072352,-10.604,-0.67607,0.045528,0.73543,98.104,0,0,0,1
0.73994,0.053391,0.67055,134.32,-0.0091695,0.99755,-0.06931,-10.66,-0.67261,0.045137,0.73862,98.796,0,0,0,1
0.74239,0.048222,0.66823,134.95,-0.0059403,0.99784,-0.065408,-10.716,-0.66994,0.044589,0.74107,99.489,0,0,0,1
0.74381,0.044222,0.66693,135.6,-0.0028105,0.99801,-0.063041,-10.771,-0.66839,0.045016,0.74245,100.2,0,0,0,1
0.74441,0.039818,0.66654,136.22,0.00060754,0.99818,-0.060309,-10.82,-0.66772,0.045299,0.74303,100.88,0,0,0,1
0.74468,0.038869,0.66629,136.85,0.00050349,0.99827,-0.058797,-10.87,-0.66743,0.04412,0.74337,101.58,0,0,0,1
0.7445,0.039086,0.66648,137.48,-0.00070607,0.99833,-0.057759,-10.918,-0.66762,0.042531,0.74328,102.28,0,0,0,1
0.74397,0.04142,0.66693,138.12,-0.00236,0.99823,-0.059364,-10.969,-0.66821,0.042591,0.74276,102.99,0,0,0,1
0.74258,0.04566,0.6682,138.77,-0.0062048,0.9981,-0.061308,-11.018,-0.66973,0.04138,0.74146,103.7,0,0,0,1
0.74067,0.049076,0.67008,139.39,-0.009657,0.998,-0.06242,-11.065,-0.6718,0.039761,0.73966,104.38,0,0,0,1
0.73863,0.052146,0.67209,140.02,-0.01407,0.99798,-0.061968,-11.115,-0.67396,0.036316,0.73787,105.07,0,0,0,1
0.7362,0.053061,0.67468,140.67,-0.015964,0.99801,-0.06107,-11.164,-0.67658,0.034189,0.73558,105.77,0,0,0,1
0.73386,0.053028,0.67723,141.31,-0.016763,0.99806,-0.059984,-11.215,-0.6791,0.032667,0.73332,106.46,0,0,0,1
0.73139,0.051666,0.68,141.95,-0.017953,0.99824,-0.056535,-11.262,-0.68173,0.029141,0.73103,107.13,0,0,0,1
0.72876,0.047943,0.68309,142.59,-0.014227,0.99839,-0.054894,-11.309,-0.68462,0.030286,0.72827,107.81,0,0,0,1
0.72583,0.052109,0.6859,143.23,-0.015194,0.9981,-0.059748,-11.36,-0.68771,0.032946,0.72524,108.46,0,0,0,1
0.7223,0.062901,0.68871,143.86,-0.020033,0.99734,-0.070078,-11.411,-0.69129,0.03682,0.72164,109.12,0,0,0,1
0.71893,0.068143,0.69173,144.5,-0.02214,0.99692,-0.075196,-11.463,-0.69473,0.038746,0.71823,109.78,0,0,0,1
0.7152,0.066368,0.69576,145.15,-0.024963,0.99727,-0.069468,-11.521,-0.69848,0.032315,0.7149,110.45,0,0,0,1
0.71157,0.064598,0.69964,145.79,-0.027691,0.99757,-0.063943,-11.579,-0.70207,0.026126,0.71163,111.1,0,0,0,1
0.708,0.064197,0.70329,146.45,-0.029186,0.99767,-0.061687,-11.634,-0.70561,0.023148,0.70822,111.75,0,0,0,1
0.70476,0.063854,0.70657,147.08,-0.02882,0.9977,-0.061417,-11.683,-0.70886,0.02292,0.70497,112.38,0,0,0,1
0.70173,0.062352,0.7097,147.73,-0.026738,0.99777,-0.061222,-11.732,-0.71194,0.023985,0.70183,113.01,0,0,0,1
0.69889,0.061188,0.71261,148.4,-0.022903,0.99774,-0.063208,-11.784,-0.71487,0.027854,0.69871,113.64,0,0,0,1
0.69549,0.060964,0.71595,149.05,-0.019435,0.99763,-0.06607,-11.835,-0.71828,0.032037,0.69502,114.25,0,0,0,1
0.6916,0.0612,0.71968,149.71,-0.016616,0.99749,-0.068857,-11.884,-0.72209,0.035664,0.69088,114.84,0,0,0,1
0.68761,0.061945,0.72344,150.38,-0.016689,0.99744,-0.069544,-11.928,-0.72589,0.035746,0.68688,115.44,0,0,0,1
0.6834,0.063476,0.72728,151.05,-0.0186,0.9974,-0.069575,-11.976,-0.72981,0.03402,0.68281,116.04,0,0,0,1
0.67824,0.063336,0.73211,151.73,-0.018395,0.99743,-0.069248,-12.024,-0.73461,0.033499,0.67766,116.63,0,0,0,1
0.67258,0.066313,0.73705,152.4,-0.020582,0.99727,-0.070944,-12.072,-0.73974,0.032545,0.67211,117.22,0,0,0,1
0.66618,0.072946,0.74222,153.09,-0.025144,0.99684,-0.075402,-12.125,-0.74537,0.031569,0.6659,117.82,0,0,0,1
0.65992,0.079118,0.74715,153.77,-0.027134,0.9963,-0.081535,-12.179,-0.75084,0.033533,0.65963,118.4,0,0,0,1
0.65346,0.080797,0.75264,154.48,-0.026893,0.99614,-0.083587,-12.238,-0.75648,0.03438,0.65311,118.99,0,0,0,1
0.64694,0.076084,0.75873,155.19,-0.028105,0.99671,-0.075984,-12.299,-0.76202,0.027833,0.64696,119.57,0,0,0,1
0.63975,0.071816,0.76522,155.91,-0.034187,0.9973,-0.065015,-12.365,-0.76782,0.015433,0.64048,120.15,0,0,0,1
0.63243,0.06652,0.77175,156.65,-0.033397,0.99772,-0.05863,-12.426,-0.7739,0.011305,0.63321,120.72,0,0,0,1
0.62516,0.068864,0.77745,157.38,-0.037877,0.9976,-0.057907,-12.476,-0.77957,0.0067539,0.62627,121.3,0,0,0,1
0.61721,0.069883,0.78369,158.13,-0.03599,0.99751,-0.060605,-12.526,-0.78597,0.0092011,0.61819,121.87,0,0,0,1
0.61086,0.070596,0.78859,158.91,-0.030629,0.99738,-0.065561,-12.584,-0.79115,0.015896,0.61142,122.43,0,0,0,1
0.60383,0.078152,0.79328,159.65,-0.029933,0.9967,-0.075408,-12.639,-0.79655,0.021788,0.60417,122.97,0,0,0,1
0.59638,0.079296,0.79878,160.4,-0.025276,0.99647,-0.08005,-12.702,-0.80231,0.02755,0.59628,123.51,0,0,0,1
0.58918,0.074931,0.80452,161.19,-0.022695,0.99683,-0.076222,-12.778,-0.80768,0.02665,0.58901,124.06,0,0,0,1
0.58227,0.06889,0.81007,161.96,-0.01852,0.99727,-0.071498,-12.852,-0.81278,0.026629,0.58196,124.58,0,0,0,1
0.57573,0.068465,0.81477,162.73,-0.017106,0.99728,-0.071714,-12.919,-0.81746,0.02735,0.57533,125.09,0,0,0,1
0.5691,0.068053,0.81944,163.5,-0.015683,0.99729,-0.071931,-12.987,-0.82212,0.028085,0.56863,125.6,0,0,0,1
0.56244,0.067608,0.82407,164.27,-0.014227,0.9973,-0.07211,-13.055,-0.82671,0.028834,0.56188,126.11,0,0,0,1
0.55738,0.06199,0.82794,165.04,-0.0096738,0.99763,-0.068183,-13.122,-0.8302,0.029994,0.55666,126.6,0,0,0,1
0.55239,0.058726,0.83151,165.8,-0.0090853,0.99788,-0.064441,-13.183,-0.83353,0.028042,0.55176,127.09,0,0,0,1
0.54794,0.057988,0.8345,166.55,-0.01051,0.99799,-0.062447,-13.24,-0.83645,0.025447,0.54745,127.58,0,0,0,1
0.54334,0.060946,0.8373,167.29,-0.011014,0.99779,-0.065481,-13.3,-0.83944,0.026357,0.54281,128.05,0,0,0,1
0.53951,0.064525,0.8395,168.05,-0.010268,0.99749,-0.070069,-13.364,-0.84191,0.029183,0.53882,128.53,0,0,0,1
0.53653,0.069535,0.84101,168.76,-0.010248,0.99706,-0.0759,-13.424,-0.84382,0.032104,0.53567,128.98,0,0,0,1
0.533,0.072087,0.84304,169.48,-0.013061,0.99695,-0.076989,-13.485,-0.84601,0.030024,0.53232,129.43,0,0,0,1
0.53028,0.067096,0.84516,170.19,-0.012916,0.99739,-0.071077,-13.549,-0.84772,0.026775,0.52976,129.88,0,0,0,1
0.52807,0.058627,0.84718,170.91,-0.0097593,0.99797,-0.062978,-13.612,-0.84915,0.024989,0.52757,130.32,0,0,0,1
0.52555,0.053746,0.84907,171.62,-0.0054328,0.99819,-0.059823,-13.671,-0.85075,0.026827,0.52489,130.75,0,0,0,1
0.52302,0.052474,0.8507,172.32,0.0004771,0.99808,-0.061858,-13.728,-0.85232,0.032759,0.52199,131.18,0,0,0,1
0.52078,0.055615,0.85188,173.01,0.0018128,0.9978,-0.06625,-13.784,-0.85369,0.036046,0.51954,131.59,0,0,0,1
0.51867,0.062333,0.8527,173.69,-0.0002165,0.99735,-0.072776,-13.845,-0.85497,0.037562,0.51731,132.01,0,0,0,1
0.5164,0.070998,0.8534,174.35,-0.0024606,0.99668,-0.081428,-13.906,-0.85635,0.039949,0.51485,132.42,0,0,0,1
0.51427,0.072241,0.85458,175.03,0.0018841,0.99635,-0.085359,-13.964,-0.85763,0.045507,0.51225,132.83,0,0,0,1
0.51168,0.066173,0.85662,175.69,0.00089755,0.99699,-0.077552,-14.018,-0.85917,0.040451,0.51008,133.22,0,0,0,1
0.50803,0.058,0.85938,176.35,-0.0070505,0.99798,-0.063186,-14.079,-0.86131,0.026041,0.50741,133.63,0,0,0,1
0.50454,0.055254,0.86162,177.01,-0.015383,0.99837,-0.055016,-14.134,-0.86325,0.014503,0.50457,134.03,0,0,0,1
0.50233,0.057139,0.86279,177.65,-0.016164,0.99826,-0.0567,-14.181,-0.86453,0.014536,0.50238,134.41,0,0,0,1
0.50007,0.060421,0.86387,178.29,-0.01267,0.99797,-0.062466,-14.223,-0.86589,0.020292,0.49982,134.78,0,0,0,1
0.49757,0.06193,0.86521,178.93,-0.011676,0.99784,-0.064708,-14.265,-0.86735,0.022094,0.49721,135.14,0,0,0,1
0.49492,0.06121,0.86678,179.56,-0.012087,0.9979,-0.063568,-14.313,-0.86885,0.020985,0.49463,135.5,0,0,0,1
0.49213,0.060174,0.86844,180.17,-0.01297,0.998,-0.061802,-14.363,-0.87043,0.019151,0.49193,135.86,0,0,0,1
0.4896,0.05987,0.86989,180.78,-0.012807,0.99803,-0.061481,-14.413,-0.87185,0.01896,0.4894,136.22,0,0,0,1
0.48667,0.060236,0.87151,181.39,-0.011126,0.99797,-0.062764,-14.459,-0.87352,0.020849,0.48635,136.56,0,0,0,1
0.4828,0.062057,0.87353,181.99,-0.010226,0.99782,-0.065235,-14.503,-0.87567,0.022563,0.48238,136.89,0,0,0,1
0.47846,0.064123,0.87576,182.58,-0.010396,0.99767,-0.06737,-14.547,-0.87805,0.02313,0.47801,137.21,0,0,0,1
0.47369,0.066004,0.87822,183.17,-0.010393,0.99754,-0.069366,-14.591,-0.88063,0.023731,0.4732,137.53,0,0,0,1
0.4685,0.068643,0.88079,183.75,-0.010755,0.99735,-0.072005,-14.631,-0.8834,0.024262,0.468,137.84,0,0,0,1
0.46266,0.071796,0.88362,184.33,-0.0094242,0.99706,-0.076078,-14.672,-0.88648,0.026871,0.46198,138.15,0,0,0,1
0.45627,0.074658,0.8867,184.91,-0.0076072,0.99677,-0.08001,-14.712,-0.88981,0.029761,0.45536,138.45,0,0,0,1
0.44963,0.07711,0.88988,185.5,-0.00935,0.99662,-0.081635,-14.755,-0.89316,0.028385,0.44883,138.75,0,0,0,1
0.4427,0.079095,0.89317,186.1,-0.013799,0.99658,-0.081413,-14.798,-0.89656,0.023717,0.44228,139.06,0,0,0,1
0.43596,0.08054,0.89636,186.7,-0.017397,0.99656,-0.081081,-14.845,-0.8998,0.019754,0.43586,139.36,0,0,0,1
0.42954,0.081529,0.89936,187.32,-0.017779,0.99649,-0.081843,-14.894,-0.90287,0.019165,0.42948,139.65,0,0,0,1
0.42253,0.084766,0.90238,187.94,-0.018795,0.99622,-0.084781,-14.943,-0.90616,0.018862,0.42252,139.94,0,0,0,1
0.41481,0.09004,0.90544,188.56,-0.021991,0.99579,-0.08895,-14.993,-0.90964,0.016985,0.41504,140.24,0,0,0,1
0.40706,0.093796,0.90857,189.2,-0.02398,0.99547,-0.092023,-15.039,-0.91309,0.015671,0.40746,140.53,0,0,0,1
0.39973,0.096366,0.91156,189.84,-0.025567,0.99524,-0.094002,-15.088,-0.91628,0.014269,0.40029,140.82,0,0,0,1
0.39223,0.099066,0.91452,190.5,-0.025959,0.99498,-0.096648,-15.146,-0.9195,0.014168,0.39283,141.1,0,0,0,1
0.38479,0.10088,0.91747,191.17,-0.027332,0.99482,-0.097922,-15.206,-0.9226,0.012603,0.38556,141.38,0,0,0,1
0.37774,0.1016,0.92032,191.85,-0.023822,0.9947,-0.10003,-15.264,-0.9256,0.015862,0.37816,141.65,0,0,0,1
0.37077,0.10062,0.92326,192.54,-0.021646,0.99478,-0.099723,-15.325,-0.92847,0.016989,0.37101,141.93,0,0,0,1
0.3633,0.098088,0.92649,193.25,-0.02057,0.99504,-0.097279,-15.388,-0.93144,0.016283,0.36352,142.2,0,0,0,1
0.35588,0.095748,0.92961,193.96,-0.021821,0.99532,-0.094162,-15.452,-0.93428,0.013225,0.35631,142.48,0,0,0,1
0.34926,0.091449,0.93255,194.7,-0.021097,0.99574,-0.089744,-15.514,-0.93679,0.01167,0.34971,142.75,0,0,0,1
0.34364,0.087765,0.93499,195.46,-0.017512,0.99605,-0.08706,-15.573,-0.93894,0.013544,0.34382,143.03,0,0,0,1
0.33824,0.08241,0.93745,196.21,-0.01692,0.99653,-0.081499,-15.627,-0.94091,0.011704,0.33846,143.29,0,0,0,1
0.33269,0.076929,0.93989,196.99,-0.016291,0.99699,-0.075835,-15.682,-0.94289,0.0099177,0.33294,143.57,0,0,0,1
0.32804,0.076763,0.94154,197.77,-0.01147,0.99694,-0.077283,-15.74,-0.94459,0.014553,0.32792,143.83,0,0,0,1
0.32305,0.084279,0.94262,198.56,-0.0091091,0.99626,-0.085953,-15.798,-0.94634,0.019181,0.32261,144.1,0,0,0,1
0.31869,0.096243,0.94296,199.34,-0.0036499,0.99495,-0.10032,-15.854,-0.94785,0.028528,0.31743,144.35,0,0,0,1
0.31481,0.10233,0.94362,200.15,0.0023266,0.99408,-0.10858,-15.924,-0.94915,0.036378,0.31271,144.61,0,0,0,1
0.31079,0.097635,0.94545,200.98,0.0084258,0.99439,-0.10546,-16.005,-0.95044,0.040742,0.30822,144.87,0,0,0,1
0.30625,0.089049,0.94778,201.82,0.015227,0.99503,-0.098409,-16.089,-0.95183,0.04457,0.30337,145.13,0,0,0,1
0.30144,0.083716,0.9498,202.69,0.017385,0.99549,-0.093261,-16.176,-0.95333,0.044625,0.29863,145.4,0,0,0,1
0.29669,0.090374,0.95069,203.53,0.01415,0.99499,-0.099001,-16.261,-0.95487,0.042825,0.29393,145.65,0,0,0,1
0.29205,0.099733,0.95119,204.37,0.010115,0.99417,-0.10735,-16.339,-0.95635,0.040972,0.28934,145.91,0,0,0,1
0.28685,0.10371,0.95235,205.25,0.0063135,0.9939,-0.11014,-16.427,-0.95796,0.037605,0.28444,146.17,0,0,0,1
0.28129,0.098636,0.95454,206.1,0.0030841,0.99461,-0.10369,-16.516,-0.95962,0.03211,0.27947,146.42,0,0,0,1
0.2757,0.095133,0.95652,206.98,0.00051807,0.99508,-0.099117,-16.61,-0.96124,0.027822,0.27429,146.68,0,0,0,1
0.27018,0.09681,0.95793,207.86,-0.00060026,0.99495,-0.10038,-16.699,-0.96281,0.026546,0.26887,146.93,0,0,0,1
0.26517,0.10113,0.95888,208.75,-0.0015667,0.99453,-0.10446,-16.784,-0.9642,0.026197,0.26388,147.17,0,0,0,1
0.26061,0.10139,0.96011,209.64,0.0016886,0.99442,-0.10547,-16.874,-0.96544,0.029107,0.25898,147.41,0,0,0,1
0.25667,0.10053,0.96126,210.55,0.0054862,0.99441,-0.10547,-16.963,-0.96648,0.032344,0.25468,147.64,0,0,0,1
0.25282,0.098925,0.96244,211.46,0.0070208,0.99455,-0.10407,-17.054,-0.96749,0.033068,0.25074,147.88,0,0,0,1
0.24938,0.098385,0.96339,212.38,0.0095117,0.99453,-0.10403,-17.144,-0.96836,0.035106,0.24708,148.11,0,0,0,1
0.24663,0.097263,0.96422,213.3,0.0096595,0.99465,-0.1028,-17.234,-0.96906,0.034668,0.24437,148.35,0,0,0,1
0.24379,0.09602,0.96506,214.23,0.0085117,0.99484,-0.10113,-17.322,-0.96979,0.032869,0.24171,148.58,0,0,0,1
0.24124,0.094166,0.96589,215.16,0.0085992,0.99503,-0.099155,-17.411,-0.97043,0.032226,0.23923,148.81,0,0,0,1
0.23844,0.09451,0.96655,216.08,0.0041247,0.99515,-0.098324,-17.5,-0.97115,0.027431,0.23689,149.05,0,0,0,1
0.2367,0.096943,0.96673,217.01,0.002825,0.99494,-0.10046,-17.589,-0.97158,0.026511,0.23523,149.28,0,0,0,1
0.23489,0.097963,0.96707,217.93,0.002216,0.99485,-0.10131,-17.678,-0.97202,0.025941,0.23346,149.5,0,0,0,1
0.23288,0.098669,0.96749,218.86,0.0026139,0.99477,-0.10208,-17.769,-0.9725,0.026302,0.23141,149.73,0,0,0,1
0.23155,0.095963,0.96808,219.79,0.0025826,0.99506,-0.099255,-17.859,-0.97282,0.025483,0.23016,149.95,0,0,0,1
0.23047,0.0938,0.96855,220.72,0.0051765,0.99521,-0.097614,-17.946,-0.97307,0.027511,0.22888,150.17,0,0,0,1
0.22887,0.089459,0.96934,221.64,0.0059528,0.99562,-0.09329,-18.034,-0.97344,0.027122,0.22733,150.38,0,0,0,1
0.2272,0.093339,0.96937,222.57,0.0051262,0.99527,-0.097035,-18.12,-0.97384,0.027015,0.22564,150.6,0,0,0,1
0.22526,0.097694,0.96939,223.51,0.0047535,0.99484,-0.10136,-18.208,-0.97429,0.027441,0.22363,150.81,0,0,0,1
0.22341,0.10203,0.96937,224.41,0.0044202,0.99439,-0.10568,-18.294,-0.97472,0.027894,0.2217,151.02,0,0,0,1
0.22063,0.10249,0.96996,225.33,0.0032087,0.99438,-0.1058,-18.386,-0.97535,0.026455,0.21906,151.23,0,0,0,1
0.21773,0.09881,0.971,226.27,0.0017811,0.99482,-0.10163,-18.481,-0.97601,0.023858,0.21642,151.45,0,0,0,1
0.21468,0.092658,0.97228,227.17,0.0022908,0.99544,-0.095371,-18.568,-0.97668,0.022702,0.21349,151.64,0,0,0,1
0.211,0.088854,0.97344,228.1,0.0030551,0.99579,-0.091557,-18.655,-0.97748,0.022292,0.20984,151.84,0,0,0,1
0.20701,0.089633,0.97422,229.01,0.0017225,0.99576,-0.09198,-18.737,-0.97834,0.020719,0.20598,152.04,0,0,0,1
0.20282,0.091327,0.97495,229.92,0.0018646,0.9956,-0.093649,-18.817,-0.97922,0.020812,0.20175,152.23,0,0,0,1
0.199,0.091427,0.97573,230.84,0.0018953,0.9956,-0.093676,-18.894,-0.98,0.02049,0.19795,152.42,0,0,0,1
0.19468,0.090857,0.97665,231.76,0.0019715,0.99566,-0.093019,-18.97,-0.98087,0.020034,0.19365,152.6,0,0,0,1
0.19068,0.089707,0.97754,232.69,0.0027388,0.99576,-0.091913,-19.041,-0.98165,0.020204,0.18963,152.79,0,0,0,1
0.18672,0.089355,0.97834,233.62,0.0018464,0.99582,-0.091304,-19.115,-0.98241,0.018855,0.18578,152.96,0,0,0,1
0.18259,0.09018,0.97904,234.53,0.00028263,0.99578,-0.091774,-19.187,-0.98319,0.017034,0.18179,153.14,0,0,0,1
0.17855,0.090991,0.97971,235.45,-0.002092,0.99575,-0.092098,-19.261,-0.98393,0.014395,0.17799,153.31,0,0,0,1
0.17436,0.090537,0.98051,236.38,-0.0043158,0.99582,-0.091184,-19.334,-0.98467,0.011667,0.17402,153.48,0,0,0,1
0.17057,0.091583,0.98108,237.29,-0.0087819,0.99577,-0.091428,-19.41,-0.98531,0.0069796,0.17066,153.64,0,0,0,1
0.16674,0.096161,0.9813,238.2,-0.013474,0.99536,-0.095249,-19.496,-0.98591,0.0026603,0.16726,153.8,0,0,0,1
0.16334,0.10176,0.98131,239.11,-0.016092,0.99481,-0.10048,-19.579,-0.98644,0.00062166,0.16413,153.96,0,0,0,1
0.15983,0.10347,0.98171,240.02,-0.017622,0.99463,-0.10196,-19.664,-0.98699,-0.0010026,0.1608,154.11,0,0,0,1
0.15644,0.10084,0.98253,240.93,-0.019122,0.9949,-0.099064,-19.753,-0.9875,-0.0032903,0.15757,154.26,0,0,0,1
0.15312,0.097028,0.98343,241.85,-0.018637,0.99527,-0.095295,-19.84,-0.98803,-0.0037361,0.15421,154.4,0,0,0,1
0.15009,0.094102,0.98418,242.76,-0.018096,0.99555,-0.09243,-19.924,-0.98851,-0.0039372,0.15113,154.54,0,0,0,1
0.14683,0.093065,0.98477,243.67,-0.016716,0.99566,-0.091601,-20.004,-0.98902,-0.0030116,0.14775,154.67,0,0,0,1
0.14338,0.093186,0.98527,244.58,-0.016051,0.99565,-0.091831,-20.084,-0.98954,-0.0026473,0.14426,154.8,0,0,0,1
0.13919,0.095085,0.98569,245.47,-0.016701,0.99546,-0.093669,-20.164,-0.99013,-0.0034246,0.14015,154.92,0,0,0,1
0.13441,0.097562,0.98611,246.37,-0.017016,0.99522,-0.096144,-20.245,-0.99078,-0.0038575,0.13542,155.04,0,0,0,1
0.12958,0.093411,0.98716,247.27,-0.0076314,0.99562,-0.09321,-20.323,-0.99154,0.0045453,0.12973,155.14,0,0,0,1
0.12538,0.087898,0.98821,248.17,-0.007046,0.99612,-0.087708,-20.404,-0.99208,0.0040338,0.12551,155.25,0,0,0,1
0.11986,0.088842,0.98881,249.07,-0.0071171,0.99604,-0.088629,-20.482,-0.99277,0.0035858,0.12002,155.36,0,0,0,1
0.11588,0.10169,0.98804,249.95,-0.0039821,0.99479,-0.10191,-20.557,-0.99326,0.0078751,0.11568,155.45,0,0,0,1
0.1105,0.11518,0.98718,250.83,-0.0020109,0.99329,-0.11567,-20.635,-0.99387,0.010796,0.10999,155.54,0,0,0,1
0.10474,0.11802,0.98747,251.73,-0.0042628,0.99298,-0.11823,-20.72,-0.99449,0.0081735,0.10451,155.63,0,0,0,1
0.099172,0.11181,0.98877,252.62,-0.0087003,0.99373,-0.1115,-20.806,-0.99503,0.002455,0.099523,155.72,0,0,0,1
0.094065,0.10505,0.99001,253.51,-0.010834,0.99447,-0.1045,-20.894,-0.99551,-0.00089629,0.094682,155.81,0,0,0,1
0.08876,0.10131,0.99089,254.4,-0.012434,0.99485,-0.1006,-20.982,-0.99598,-0.0033909,0.089562,155.88,0,0,0,1
0.082398,0.10096,0.99147,255.28,-0.016178,0.99486,-0.099964,-21.065,-0.99647,-0.0078035,0.083608,155.96,0,0,0,1
0.075162,0.099071,0.99224,256.16,-0.020126,0.995,-0.097823,-21.145,-0.99697,-0.012618,0.07678,156.03,0,0,0,1
0.067754,0.094752,0.99319,257.04,-0.023627,0.99535,-0.093347,-21.224,-0.99742,-0.017142,0.069678,156.09,0,0,0,1
0.060451,0.090804,0.99403,257.92,-0.02544,0.99567,-0.089406,-21.302,-0.99785,-0.019884,0.062499,156.15,0,0,0,1
0.053932,0.092984,0.99421,258.79,-0.021066,0.99554,-0.091966,-21.375,-0.99832,-0.015984,0.055651,156.19,0,0,0,1
0.047577,0.096905,0.99416,259.66,-0.018943,0.99519,-0.0961,-21.442,-0.99869,-0.01426,0.049184,156.22,0,0,0,1
0.040878,0.098963,0.99425,260.53,-0.016495,0.99501,-0.098361,-21.511,-0.99903,-0.012379,0.042306,156.26,0,0,0,1
0.034437,0.097442,0.99465,261.4,-0.016524,0.99515,-0.09692,-21.584,-0.99927,-0.013098,0.035881,156.29,0,0,0,1
0.028168,0.094177,0.99516,262.27,-0.017361,0.99545,-0.093714,-21.653,-0.99945,-0.014637,0.029675,156.32,0,0,0,1
0.022208,0.093328,0.99539,263.14,-0.01454,0.99556,-0.09302,-21.726,-0.99965,-0.012407,0.023466,156.33,0,0,0,1
0.017109,0.095466,0.99529,264.01,-0.012392,0.99538,-0.095262,-21.797,-0.99978,-0.010704,0.018213,156.35,0,0,0,1
0.012392,0.099192,0.99499,264.87,-0.012739,0.995,-0.099034,-21.867,-0.99984,-0.011448,0.013594,156.36,0,0,0,1
0.008943,0.10063,0.99488,265.73,-0.010003,0.99488,-0.10054,-21.941,-0.99991,-0.0090523,0.0099039,156.36,0,0,0,1
0.0066605,0.099441,0.99502,266.59,-0.0047724,0.99504,-0.099411,-22.017,-0.99997,-0.0040865,0.007102,156.36,0,0,0,1
0.004848,0.096898,0.99528,267.46,-0.002861,0.99529,-0.096885,-22.093,-0.99998,-0.0023778,0.0051024,156.36,0,0,0,1
0.0029956,0.095262,0.99545,268.32,-0.00081557,0.99545,-0.09526,-22.167,-1,-0.0005265,0.0030597,156.35,0,0,0,1
0.001307,0.094124,0.99556,269.18,0.0011422,0.99556,-0.094125,-22.242,-1,0.0012602,0.0011937,156.35,0,0,0,1
0.00038849,0.095923,0.99539,270.04,0.0034454,0.99538,-0.095924,-22.317,-0.99999,0.0034668,5.6194e-05,156.34,0,0,0,1
-0.00014766,0.097357,0.99525,270.89,0.00527,0.99524,-0.097355,-22.392,-0.99999,0.0052306,-0.00066003,156.34,0,0,0,1
0.00041317,0.098964,0.99509,271.74,0.0088053,0.99505,-0.098963,-22.469,-0.99996,0.008803,-0.00046028,156.33,0,0,0,1
0.0014929,0.099884,0.995,272.59,0.010656,0.99494,-0.099894,-22.553,-0.99994,0.010752,0.0004209,156.33,0,0,0,1
0.0029188,0.10008,0.99498,273.44,0.012017,0.9949,-0.1001,-22.637,-0.99992,0.012249,0.0017013,156.33,0,0,0,1
0.004793,0.099804,0.995,274.24,0.013972,0.9949,-0.099862,-22.717,-0.99989,0.014381,0.0033741,156.33,0,0,0,1
0.0072157,0.098611,0.9951,275.06,0.014849,0.99501,-0.09871,-22.798,-0.99986,0.015489,0.0057154,156.33,0,0,0,1
0.0098705,0.096343,0.9953,275.86,0.015639,0.99521,-0.09649,-22.878,-0.99983,0.016518,0.0083165,156.34,0,0,0,1
0.012981,0.093285,0.99555,276.67,0.015611,0.9955,-0.093484,-22.955,-0.99979,0.016756,0.011466,156.35,0,0,0,1
0.01636,0.090385,0.99577,277.45,0.014764,0.99578,-0.090628,-23.03,-0.99976,0.016184,0.014956,156.36,0,0,0,1
0.019894,0.088281,0.9959,278.22,0.012985,0.99599,-0.088548,-23.102,-0.99972,0.014694,0.018668,156.38,0,0,0,1
0.023604,0.088723,0.99578,278.99,0.0083462,0.996,-0.088941,-23.172,-0.99969,0.01041,0.022769,156.4,0,0,0,1
0.027345,0.090002,0.99557,279.74,0.0056286,0.99591,-0.090188,-23.238,-0.99961,0.0080699,0.026727,156.43,0,0,0,1
0.031481,0.09016,0.99543,280.48,0.0056825,0.99589,-0.090381,-23.302,-0.99949,0.0085018,0.030839,156.46,0,0,0,1
0.035103,0.087341,0.99556,281.22,0.004615,0.99615,-0.087555,-23.367,-0.99937,0.0076679,0.034565,156.48,0,0,0,1
0.038261,0.084104,0.99572,281.94,0.0028041,0.99644,-0.084272,-23.432,-0.99926,0.0060164,0.037889,156.52,0,0,0,1
0.041963,0.082117,0.99574,282.65,-0.00073782,0.99662,-0.082158,-23.496,-0.99912,0.0027129,0.041881,156.56,0,0,0,1
0.045984,0.083637,0.99543,283.34,0.0014509,0.99648,-0.083792,-23.552,-0.99894,0.0052973,0.0457,156.59,0,0,0,1
0.049815,0.084905,0.99514,284.01,0.00095641,0.99638,-0.085058,-23.61,-0.99876,0.0051889,0.049553,156.63,0,0,0,1
0.05315,0.086964,0.99479,284.68,0.00035442,0.9962,-0.087105,-23.67,-0.99859,0.0049822,0.052917,156.68,0,0,0,1
0.056193,0.089426,0.99441,285.33,-0.00065458,0.99598,-0.089531,-23.727,-0.99842,0.0043801,0.056026,156.72,0,0,0,1
0.05922,0.089882,0.99419,285.97,-0.0042097,0.99595,-0.08979,-23.781,-0.99824,0.0011322,0.059359,156.76,0,0,0,1
0.062387,0.09037,0.99395,286.59,-0.006357,0.99591,-0.090149,-23.834,-0.99803,-0.0006944,0.062706,156.81,0,0,0,1
0.065867,0.091518,0.99362,287.21,-0.0078371,0.9958,-0.091199,-23.89,-0.9978,-0.0017801,0.066307,156.85,0,0,0,1
0.068832,0.089599,0.9936,287.81,-0.0090419,0.99597,-0.089187,-23.943,-0.99759,-0.0028451,0.069365,156.9,0,0,0,1
0.072408,0.091717,0.99315,288.41,-0.0095055,0.99578,-0.091267,-23.996,-0.99733,-0.002832,0.072974,156.94,0,0,0,1
0.074988,0.094375,0.99271,288.97,-0.012717,0.99552,-0.093681,-24.046,-0.9971,-0.0055991,0.075852,156.99,0,0,0,1
0.077488,0.094194,0.99253,289.55,-0.014414,0.99553,-0.093353,-24.102,-0.99689,-0.0070721,0.078499,157.04,0,0,0,1
0.08079,0.0934,0.99235,290.11,-0.015669,0.9956,-0.09243,-24.151,-0.99661,-0.0080819,0.081898,157.09,0,0,0,1
0.083714,0.093632,0.99208,290.66,-0.016861,0.99557,-0.092539,-24.197,-0.99635,-0.0089803,0.084921,157.13,0,0,0,1
0.086633,0.093657,0.99183,291.2,-0.0171,0.99556,-0.092517,-24.24,-0.99609,-0.0089458,0.08785,157.18,0,0,0,1
0.089649,0.095298,0.9914,291.73,-0.018064,0.9954,-0.094049,-24.282,-0.99581,-0.0094775,0.090958,157.23,0,0,0,1
0.092157,0.095917,0.99111,292.25,-0.018911,0.99534,-0.094567,-24.322,-0.99556,-0.010027,0.093542,157.28,0,0,0,1
0.09466,0.097014,0.99077,292.76,-0.017861,0.99525,-0.095745,-24.361,-0.99535,-0.0086332,0.095943,157.32,0,0,0,1
0.0968,0.098702,0.9904,293.26,-0.018989,0.99507,-0.097312,-24.405,-0.99512,-0.0093873,0.098197,157.37,0,0,0,1
0.098343,0.099894,0.99013,293.75,-0.019922,0.99495,-0.098401,-24.448,-0.99495,-0.010048,0.099837,157.42,0,0,0,1
0.099768,0.10143,0.98983,294.24,-0.020653,0.99479,-0.099852,-24.491,-0.9948,-0.010481,0.10134,157.47,0,0,0,1
0.10075,0.10266,0.9896,294.72,-0.021203,0.99466,-0.10102,-24.537,-0.99469,-0.010804,0.10239,157.52,0,0,0,1
0.10087,0.10319,0.98953,295.21,-0.020397,0.99461,-0.10164,-24.585,-0.99469,-0.0099313,0.10243,157.57,0,0,0,1
0.1003,0.1037,0.98954,295.7,-0.020908,0.99455,-0.1021,-24.633,-0.99474,-0.010448,0.10192,157.62,0,0,0,1
0.099266,0.103,0.98972,296.2,-0.022468,0.99461,-0.10125,-24.678,-0.99481,-0.012186,0.10105,157.67,0,0,0,1
0.097809,0.10182,0.98998,296.7,-0.023055,0.99472,-0.10003,-24.723,-0.99494,-0.01304,0.099639,157.72,0,0,0,1
0.095934,0.10252,0.99009,297.21,-0.021246,0.99467,-0.10094,-24.771,-0.99516,-0.011352,0.0976,157.77,0,0,0,1
0.094052,0.1059,0.98992,297.72,-0.018405,0.99434,-0.10462,-24.822,-0.9954,-0.0083793,0.095469,157.81,0,0,0,1
0.0926,0.10916,0.9897,298.24,-0.013218,0.99402,-0.1084,-24.875,-0.99562,-0.0030442,0.093489,157.85,0,0,0,1
0.090362,0.11438,0.98932,298.77,-0.010393,0.99344,-0.11391,-24.924,-0.99585,1.0489e-05,0.090958,157.89,0,0,0,1
0.087875,0.118,0.98912,299.31,-0.011306,0.99301,-0.11746,-24.97,-0.99607,-0.00086098,0.088595,157.94,0,0,0,1
0.085752,0.11812,0.98929,299.87,-0.01111,0.993,-0.1176,-25.021,-0.99625,-0.00090724,0.086464,157.98,0,0,0,1
0.084268,0.11515,0.98977,300.43,-0.0065346,0.99334,-0.11501,-25.085,-0.99642,0.0032241,0.084459,158.02,0,0,0,1
0.083431,0.1089,0.99055,301.01,0.0024731,0.99399,-0.10949,-25.15,-0.99651,0.011584,0.08266,158.05,0,0,0,1
0.081399,0.10878,0.99073,301.6,0.0037923,0.99399,-0.10945,-25.213,-0.99667,0.012666,0.080497,158.09,0,0,0,1
0.078271,0.11243,0.99057,302.19,-0.00060162,0.99363,-0.11273,-25.275,-0.99693,0.0082273,0.07784,158.14,0,0,0,1
0.076164,0.11409,0.99055,302.79,-0.003335,0.99346,-0.11417,-25.339,-0.99709,0.0053918,0.076046,158.19,0,0,0,1
0.07522,0.11203,0.99085,303.41,0.001847,0.99365,-0.11249,-25.403,-0.99717,0.010291,0.074535,158.23,0,0,0,1
0.074266,0.11114,0.99103,304.04,0.0068309,0.99369,-0.11195,-25.467,-0.99722,0.015084,0.073039,158.27,0,0,0,1
0.072501,0.11047,0.99123,304.68,0.0074897,0.99376,-0.1113,-25.532,-0.99734,0.015494,0.071221,158.31,0,0,0,1
0.069838,0.11214,0.99124,305.33,0.0038899,0.99362,-0.11268,-25.598,-0.99755,0.011725,0.068957,158.36,0,0,0,1
0.067724,0.11319,0.99126,306,0.0013012,0.99353,-0.11354,-25.662,-0.9977,0.0089793,0.067139,158.41,0,0,0,1
0.066294,0.11757,0.99085,306.67,0.0012569,0.99302,-0.11791,-25.725,-0.9978,0.0090621,0.065684,158.45,0,0,0,1
0.064524,0.1191,0.99078,307.35,0.0023609,0.99283,-0.11949,-25.795,-0.99791,0.010049,0.063781,158.48,0,0,0,1
0.062569,0.1181,0.99103,308.05,-0.0012391,0.99298,-0.11825,-25.868,-0.99804,0.0061708,0.062276,158.53,0,0,0,1
0.060627,0.11702,0.99128,308.75,-0.0049082,0.99313,-0.11694,-25.941,-0.99815,0.0022242,0.060785,158.58,0,0,0,1
0.058471,0.11883,0.99119,309.46,-0.0054435,0.99291,-0.11871,-26.017,-0.99827,0.0015456,0.058704,158.62,0,0,0,1
0.057132,0.12292,0.99077,310.17,-0.0020941,0.9924,-0.123,-26.096,-0.99836,0.0049525,0.056956,158.66,0,0,0,1
0.055652,0.1292,0.99006,310.9,-0.00050227,0.9916,-0.12937,-26.175,-0.99845,0.0067024,0.055249,158.7,0,0,0,1
0.054302,0.13326,0.98959,311.63,-0.00049756,0.99106,-0.13343,-26.254,-0.99852,0.0067534,0.053883,158.74,0,0,0,1
0.053918,0.13041,0.98999,312.38,0.0037929,0.9914,-0.13081,-26.341,-0.99854,0.010808,0.05296,158.77,0,0,0,1
0.05332,0.12408,0.99084,313.14,0.008683,0.99215,-0.12471,-26.432,-0.99854,0.015253,0.051824,158.8,0,0,0,1
0.052226,0.1215,0.99122,313.91,0.011681,0.99243,-0.12226,-26.521,-0.99857,0.017964,0.050411,158.83,0,0,0,1
0.051136,0.12271,0.99112,314.68,0.013947,0.99224,-0.12356,-26.608,-0.99859,0.020142,0.049028,158.87,0,0,0,1
0.050445,0.12464,0.99092,315.45,0.014636,0.99198,-0.12552,-26.694,-0.99862,0.020835,0.048216,158.9,0,0,0,1
0.049971,0.12553,0.99083,316.24,0.015866,0.99184,-0.12646,-26.78,-0.99862,0.02204,0.047572,158.94,0,0,0,1
0.050096,0.12458,0.99094,317.04,0.016271,0.99196,-0.12553,-26.871,-0.99861,0.022412,0.047666,158.98,0,0,0,1
0.050965,0.12276,0.99113,317.84,0.016864,0.99217,-0.12376,-26.963,-0.99856,0.023022,0.048495,159.01,0,0,0,1
0.052017,0.12183,0.99119,318.65,0.01741,0.99227,-0.12288,-27.055,-0.99849,0.023649,0.049494,159.05,0,0,0,1
0.053289,0.1204,0.99129,319.48,0.017324,0.99244,-0.12147,-27.145,-0.99843,0.023646,0.050801,159.1,0,0,0,1
0.054545,0.11897,0.9914,320.3,0.017214,0.99262,-0.12007,-27.235,-0.99836,0.023615,0.052094,159.14,0,0,0,1
0.056578,0.11757,0.99145,321.14,0.018306,0.99275,-0.11877,-27.327,-0.99823,0.024869,0.054016,159.19,0,0,0,1
0.058679,0.11613,0.9915,321.98,0.019716,0.99288,-0.11746,-27.418,-0.99808,0.026441,0.055972,159.23,0,0,0,1
0.060601,0.11578,0.99142,322.83,0.020234,0.9929,-0.11719,-27.509,-0.99796,0.027163,0.057828,159.28,0,0,0,1
0.06327,0.11619,0.99121,323.69,0.021432,0.99281,-0.11775,-27.599,-0.99777,0.028694,0.060325,159.33,0,0,0,1
0.066254,0.11501,0.99115,324.56,0.022849,0.9929,-0.11674,-27.689,-0.99754,0.030382,0.063156,159.39,0,0,0,1
0.069177,0.11398,0.99107,325.44,0.024375,0.99296,-0.1159,-27.782,-0.99731,0.032175,0.065912,159.44,0,0,0,1
0.072098,0.11296,0.99098,326.31,0.025887,0.99302,-0.11507,-27.875,-0.99706,0.03395,0.06867,159.5,0,0,0,1
0.075137,0.11348,0.99069,327.2,0.026319,0.99293,-0.11574,-27.968,-0.99683,0.03477,0.071619,159.56,0,0,0,1
0.078171,0.11428,0.99037,328.09,0.027335,0.99279,-0.11671,-28.063,-0.99657,0.036195,0.074483,159.62,0,0,0,1
0.081092,0.11534,0.99001,328.99,0.026641,0.99268,-0.11784,-28.158,-0.99635,0.035931,0.077425,159.69,0,0,0,1
0.083747,0.11649,0.98965,329.89,0.023762,0.99263,-0.11885,-28.258,-0.9962,0.03347,0.080361,159.76,0,0,0,1
0.086189,0.11766,0.98931,330.79,0.022097,0.99253,-0.11997,-28.359,-0.99603,0.032201,0.082945,159.84,0,0,0,1
0.088196,0.11818,0.98907,331.7,0.019699,0.99254,-0.12036,-28.46,-0.99591,0.030098,0.085209,159.91,0,0,0,1
0.089819,0.11652,0.98912,332.61,0.019255,0.99274,-0.1187,-28.562,-0.99577,0.029707,0.086924,159.99,0,0,0,1
0.091637,0.11403,0.98924,333.52,0.019451,0.99303,-0.11627,-28.666,-0.9956,0.029896,0.08878,160.07,0,0,0,1
0.092896,0.11123,0.98944,334.43,0.019348,0.99335,-0.11349,-28.772,-0.99549,0.029686,0.090126,160.16,0,0,0,1
0.094039,0.11167,0.98929,335.35,0.020845,0.99325,-0.1141,-28.873,-0.99535,0.031351,0.091076,160.24,0,0,0,1
0.094934,0.11277,0.98908,336.26,0.02206,0.99308,-0.11534,-28.972,-0.99524,0.032768,0.09179,160.33,0,0,0,1
0.095588,0.1129,0.989,337.18,0.021786,0.99307,-0.11547,-29.071,-0.99518,0.032584,0.092466,160.41,0,0,0,1
0.095566,0.11071,0.98925,338.09,0.018953,0.99341,-0.11301,-29.173,-0.99524,0.029549,0.092838,160.5,0,0,0,1
0.095557,0.10874,0.98947,339,0.016086,0.99372,-0.11076,-29.275,-0.99529,0.026501,0.093208,160.59,0,0,0,1
0.09578,0.11016,0.98929,339.91,0.014461,0.9936,-0.11204,-29.375,-0.9953,0.025037,0.093574,160.67,0,0,0,1
0.095841,0.11177,0.9891,340.81,0.014249,0.99342,-0.11364,-29.477,-0.99529,0.024985,0.093617,160.75,0,0,0,1
0.096091,0.11199,0.98905,341.71,0.013865,0.9934,-0.11383,-29.578,-0.99528,0.024651,0.093905,160.83,0,0,0,1
0.096044,0.1127,0.98898,342.62,0.012374,0.99336,-0.1144,-29.68,-0.9953,0.023226,0.094011,160.91,0,0,0,1
0.096185,0.1131,0.98892,343.52,0.012839,0.9933,-0.11485,-29.78,-0.99528,0.023744,0.094088,160.99,0,0,0,1
0.096515,0.11282,0.98892,344.42,0.012382,0.99334,-0.11454,-29.878,-0.99525,0.0233,0.094475,161.07,0,0,0,1
0.096761,0.11173,0.98902,345.33,0.013493,0.99344,-0.11355,-29.978,-0.99522,0.024332,0.094619,161.14,0,0,0,1
0.097047,0.112,0.98896,346.22,0.012355,0.99344,-0.11371,-30.077,-0.9952,0.023254,0.095027,161.23,0,0,0,1
0.097094,0.11545,0.98856,347.12,0.01228,0.99303,-0.11718,-30.178,-0.9952,0.023516,0.095,161.31,0,0,0,1
0.098338,0.1159,0.98838,348.01,0.0157,0.99289,-0.11799,-30.276,-0.99503,0.027121,0.095819,161.39,0,0,0,1
0.099586,0.11275,0.98862,348.91,0.018343,0.99318,-0.11512,-30.375,-0.99486,0.029598,0.096839,161.47,0,0,0,1
0.10154,0.11054,0.98867,349.81,0.020648,0.99336,-0.11319,-30.474,-0.99462,0.031907,0.098584,161.56,0,0,0,1
0.10457,0.11363,0.988,350.7,0.024767,0.99285,-0.11681,-30.57,-0.99421,0.036685,0.101,161.64,0,0,0,1
0.10762,0.1167,0.98732,351.59,0.028886,0.9923,-0.12043,-30.665,-0.99377,0.041481,0.10342,161.72,0,0,0,1
0.1107,0.11987,0.9866,352.48,0.033066,0.99171,-0.1242,-30.76,-0.9933,0.046372,0.10582,161.8,0,0,0,1
0.11393,0.1183,0.98642,353.38,0.034972,0.99179,-0.12298,-30.86,-0.99287,0.048509,0.10886,161.88,0,0,0,1
0.11727,0.11896,0.98595,354.27,0.036318,0.99162,-0.12397,-30.961,-0.99244,0.050345,0.11197,161.97,0,0,0,1
0.12048,0.11983,0.98546,355.17,0.036789,0.99147,-0.12506,-31.056,-0.99203,0.05132,0.11504,162.05,0,0,0,1
0.12393,0.12103,0.98488,356.07,0.036888,0.99129,-0.12646,-31.15,-0.9916,0.052003,0.11839,162.14,0,0,0,1
0.12776,0.11608,0.98499,356.97,0.036133,0.99192,-0.12159,-31.244,-0.99115,0.051124,0.12254,162.24,0,0,0,1
0.13187,0.11254,0.98486,357.86,0.033526,0.99246,-0.1179,-31.343,-0.9907,0.048565,0.12711,162.35,0,0,0,1
0.1366,0.11154,0.98433,358.76,0.031753,0.99264,-0.11689,-31.432,-0.99012,0.047221,0.13205,162.45,0,0,0,1
0.14134,0.11055,0.98377,359.67,0.029977,0.99281,-0.11587,-31.522,-0.98951,0.045868,0.13701,162.55,0,0,0,1
0.1467,0.10952,0.9831,360.57,0.028158,0.99299,-0.11482,-31.61,-0.98878,0.044526,0.14258,162.65,0,0,0,1
0.1529,0.10959,0.98215,361.48,0.026817,0.99301,-0.11498,-31.7,-0.98788,0.043919,0.14889,162.77,0,0,0,1
0.15997,0.11064,0.9809,362.38,0.024788,0.99294,-0.11604,-31.792,-0.98681,0.042877,0.15609,162.9,0,0,0,1
0.16853,0.11168,0.97935,363.27,0.022526,0.99286,-0.1171,-31.885,-0.98544,0.041795,0.16481,163.03,0,0,0,1
0.17708,0.11275,0.97772,364.17,0.020265,0.99279,-0.11815,-31.977,-0.98399,0.040736,0.17351,163.17,0,0,0,1
0.18642,0.11318,0.97593,365.06,0.0185,0.99276,-0.11866,-32.073,-0.9823,0.040177,0.18298,163.32,0,0,0,1
0.19562,0.11303,0.97414,365.95,0.016788,0.9928,-0.11857,-32.169,-0.98054,0.039548,0.19232,163.48,0,0,0,1
0.20485,0.11315,0.97223,366.84,0.01488,0.99282,-0.11868,-32.266,-0.97868,0.038779,0.2017,163.66,0,0,0,1
0.21354,0.11281,0.9704,367.73,0.012732,0.99291,-0.11823,-32.365,-0.97685,0.037601,0.21059,163.85,0,0,0,1
0.22174,0.11253,0.96859,368.6,0.011251,0.99296,-0.11794,-32.467,-0.97504,0.037048,0.21891,164.05,0,0,0,1
0.22855,0.11226,0.96704,369.48,0.0092264,0.99304,-0.11746,-32.564,-0.97349,0.035767,0.22592,164.26,0,0,0,1
0.23436,0.1125,0.96562,370.35,0.0079474,0.99303,-0.11762,-32.658,-0.97212,0.03524,0.23183,164.48,0,0,0,1
0.23942,0.11324,0.96429,371.22,0.0064568,0.99297,-0.11821,-32.753,-0.9709,0.034529,0.237,164.7,0,0,0,1
0.24399,0.11286,0.96319,372.09,0.0056882,0.99302,-0.11779,-32.849,-0.96976,0.03422,0.24165,164.92,0,0,0,1
0.24856,0.11302,0.962,372.96,0.0045616,0.99302,-0.11784,-32.95,-0.96861,0.033679,0.24631,165.14,0,0,0,1
0.25297,0.11269,0.96089,373.84,0.0044618,0.99305,-0.11764,-33.049,-0.96746,0.034047,0.25071,165.36,0,0,0,1
0.25745,0.11301,0.95966,374.72,0.0042807,0.99299,-0.11809,-33.147,-0.96628,0.03451,0.25516,165.59,0,0,0,1
0.26165,0.11276,0.95855,375.6,0.0038894,0.99302,-0.11788,-33.247,-0.96515,0.034571,0.25939,165.83,0,0,0,1
0.26618,0.11119,0.95749,376.48,0.0036666,0.9932,-0.11635,-33.348,-0.96392,0.034482,0.26397,166.07,0,0,0,1
0.27058,0.10972,0.95642,377.36,0.0023076,0.99341,-0.11461,-33.452,-0.96269,0.033219,0.26855,166.31,0,0,0,1
0.27524,0.10724,0.95538,378.23,0.0026904,0.99367,-0.11232,-33.552,-0.96137,0.033484,0.2732,166.57,0,0,0,1
0.27979,0.10518,0.95428,379.1,0.0025313,0.9939,-0.11029,-33.651,-0.96006,0.033274,0.27782,166.83,0,0,0,1
0.28408,0.1045,0.95309,379.95,0.0017427,0.99398,-0.10951,-33.751,-0.9588,0.03277,0.28218,167.09,0,0,0,1
0.28837,0.10394,0.95186,380.8,0.00091815,0.99406,-0.10883,-33.85,-0.95752,0.032256,0.28656,167.36,0,0,0,1
0.29295,0.10743,0.95007,381.65,-0.0012158,0.99371,-0.11199,-33.949,-0.95613,0.031653,0.29124,167.62,0,0,0,1
0.29727,0.11071,0.94835,382.48,-0.0038551,0.99339,-0.11476,-34.052,-0.95478,0.03046,0.29574,167.9,0,0,0,1
0.30133,0.11094,0.94704,383.32,-0.0053341,0.99339,-0.11467,-34.15,-0.9535,0.029502,0.29993,168.17,0,0,0,1
0.3045,0.10687,0.9465,384.16,-0.0075185,0.99392,-0.1098,-34.249,-0.95248,0.026319,0.30345,168.45,0,0,0,1
0.3067,0.10427,0.94608,384.99,-0.010926,0.9943,-0.10604,-34.349,-0.95174,0.022186,0.30609,168.73,0,0,0,1
0.30802,0.10585,0.94547,385.81,-0.015522,0.99422,-0.10626,-34.449,-0.95125,0.018053,0.30788,169.01,0,0,0,1
0.30879,0.11096,0.94464,386.62,-0.017709,0.99367,-0.11093,-34.544,-0.95097,0.017524,0.3088,169.29,0,0,0,1
0.30954,0.1161,0.94377,387.43,-0.019898,0.99309,-0.11564,-34.639,-0.95068,0.017015,0.30971,169.57,0,0,0,1
0.30993,0.11641,0.94361,388.25,-0.021753,0.99308,-0.11537,-34.738,-0.95051,0.015231,0.31032,169.86,0,0,0,1
0.30999,0.11235,0.94408,389.05,-0.024637,0.99361,-0.11016,-34.837,-0.95042,0.010888,0.31078,170.14,0,0,0,1
0.31008,0.10826,0.94453,389.86,-0.027542,0.9941,-0.1049,-34.935,-0.95031,0.0065136,0.31123,170.42,0,0,0,1
0.31004,0.1065,0.94474,390.65,-0.028759,0.9943,-0.10265,-35.031,-0.95029,0.0046547,0.31134,170.69,0,0,0,1
0.30971,0.10618,0.94488,391.44,-0.028168,0.99433,-0.1025,-35.121,-0.95041,0.0051314,0.31095,170.97,0,0,0,1
0.3092,0.10727,0.94493,392.23,-0.027896,0.99421,-0.10374,-35.211,-0.95059,0.0057165,0.3104,171.24,0,0,0,1
0.30878,0.10822,0.94496,393.01,-0.028077,0.99411,-0.10467,-35.298,-0.95072,0.0057895,0.31,171.5,0,0,0,1
0.30869,0.10384,0.94548,393.82,-0.021768,0.99453,-0.10212,-35.378,-0.95091,0.010944,0.30927,171.76,0,0,0,1
0.30879,0.10265,0.94558,394.62,-0.020646,0.99465,-0.10124,-35.459,-0.95091,0.011738,0.30925,172.02,0,0,0,1
0.30805,0.1045,0.94561,395.4,-0.021252,0.99446,-0.10297,-35.543,-0.95113,0.011625,0.30857,172.28,0,0,0,1
0.308,0.10971,0.94504,396.19,-0.019309,0.99385,-0.10908,-35.623,-0.95119,0.015348,0.30822,172.54,0,0,0,1
0.3082,0.11465,0.94439,396.98,-0.017095,0.99322,-0.115,-35.71,-0.95117,0.019298,0.30807,172.8,0,0,0,1
0.30712,0.11235,0.94502,397.78,-0.019394,0.99354,-0.11182,-35.8,-0.95147,0.016013,0.30731,173.06,0,0,0,1
0.30699,0.10902,0.94545,398.59,-0.018896,0.99392,-0.10847,-35.891,-0.95153,0.015433,0.30718,173.33,0,0,0,1
0.30666,0.10938,0.94551,399.39,-0.019624,0.99389,-0.10861,-35.987,-0.95162,0.014751,0.30693,173.6,0,0,0,1
0.3066,0.11079,0.94537,400.21,-0.01974,0.99373,-0.11006,-36.082,-0.95163,0.015082,0.30686,173.87,0,0,0,1
0.30703,0.11388,0.94486,401.04,-0.017664,0.99333,-0.11398,-36.173,-0.95154,0.018306,0.30699,174.15,0,0,0,1
0.30718,0.11489,0.94469,401.86,-0.017077,0.99319,-0.11524,-36.261,-0.9515,0.019266,0.30705,174.41,0,0,0,1
0.30724,0.11323,0.94487,402.73,-0.017041,0.99339,-0.1135,-36.36,-0.95148,0.018772,0.30714,174.7,0,0,0,1
0.30763,0.11026,0.94509,403.54,-0.016128,0.99372,-0.11069,-36.456,-0.95137,0.018809,0.30748,174.97,0,0,0,1
0.30812,0.10992,0.94498,404.39,-0.013447,0.99371,-0.1112,-36.56,-0.95125,0.021555,0.30766,175.25,0,0,0,1
0.30905,0.10999,0.94466,405.24,-0.0089818,0.99358,-0.11275,-36.658,-0.951,0.026361,0.30806,175.53,0,0,0,1
0.31,0.10982,0.94437,406.1,-0.0049992,0.99348,-0.11389,-36.761,-0.95072,0.030586,0.30852,175.81,0,0,0,1
0.31123,0.10712,0.94428,406.95,-0.0024572,0.99371,-0.11192,-36.861,-0.95033,0.032512,0.30953,176.09,0,0,0,1
0.31304,0.10645,0.94376,407.81,0.003685,0.99355,-0.11329,-36.961,-0.94973,0.038942,0.31063,176.37,0,0,0,1
0.31458,0.10463,0.94345,408.67,0.0077613,0.99359,-0.11278,-37.057,-0.9492,0.042801,0.31175,176.65,0,0,0,1
0.31476,0.10202,0.94367,409.52,0.0056579,0.99399,-0.10935,-37.149,-0.94916,0.039756,0.31229,176.95,0,0,0,1
0.31479,0.095852,0.94431,410.38,0.0027253,0.99479,-0.10188,-37.237,-0.94916,0.034646,0.31289,177.25,0,0,0,1
0.31573,0.093755,0.94421,411.24,0.0037428,0.99498,-0.10005,-37.323,-0.94884,0.035122,0.31379,177.53,0,0,0,1
0.31621,0.093452,0.94408,412.09,0.0038737,0.995,-0.099791,-37.407,-0.94868,0.035212,0.31427,177.82,0,0,0,1
0.3166,0.096922,0.94359,412.94,0.0044888,0.9946,-0.10367,-37.492,-0.94855,0.037057,0.31446,178.09,0,0,0,1
0.31758,0.098404,0.94311,413.8,0.0058712,0.99438,-0.10573,-37.573,-0.94821,0.039115,0.31522,178.36,0,0,0,1
0.31848,0.096796,0.94297,414.66,0.0078149,0.99447,-0.10472,-37.662,-0.9479,0.040721,0.31597,178.64,0,0,0,1
0.31917,0.093448,0.94308,415.5,0.0095777,0.99476,-0.10181,-37.749,-0.94765,0.041527,0.3166,178.91,0,0,0,1
0.31927,0.092317,0.94316,416.34,0.0091342,0.9949,-0.10047,-37.833,-0.94762,0.040693,0.3168,179.18,0,0,0,1
0.31891,0.092992,0.94321,417.17,0.0076891,0.99489,-0.10069,-37.917,-0.94775,0.039363,0.31657,179.45,0,0,0,1
0.3186,0.093399,0.94328,417.99,0.0071582,0.99487,-0.10092,-38.001,-0.94786,0.038907,0.3163,179.72,0,0,0,1
0.31817,0.090851,0.94367,418.8,0.0087498,0.99507,-0.098749,-38.082,-0.94799,0.039676,0.31581,179.99,0,0,0,1
0.31729,0.088154,0.94422,419.61,0.0095353,0.99532,-0.09613,-38.158,-0.94828,0.039505,0.31497,180.25,0,0,0,1
0.31626,0.08641,0.94473,420.4,0.0092632,0.99551,-0.094157,-38.233,-0.94863,0.03853,0.31404,180.5,0,0,0,1
0.31516,0.086089,0.94513,421.19,0.010346,0.99551,-0.094128,-38.306,-0.94898,0.039443,0.31285,180.75,0,0,0,1
0.31412,0.08773,0.94532,421.96,0.012267,0.99526,-0.096441,-38.375,-0.9493,0.04189,0.31155,180.99,0,0,0,1
0.31275,0.092384,0.94533,422.72,0.011662,0.99481,-0.10108,-38.444,-0.94976,0.042637,0.31005,181.23,0,0,0,1
0.31139,0.09733,0.94529,423.47,0.010365,0.99433,-0.10579,-38.522,-0.95023,0.042741,0.30861,181.47,0,0,0,1
0.30999,0.10238,0.94521,424.23,0.0090304,0.99382,-0.11061,-38.6,-0.9507,0.042824,0.30715,181.71,0,0,0,1
0.3091,0.10306,0.94543,424.97,0.0092617,0.99374,-0.11135,-38.682,-0.95098,0.043176,0.30621,181.95,0,0,0,1
0.30755,0.098986,0.94637,425.71,0.0084229,0.99425,-0.10673,-38.765,-0.95149,0.040797,0.30495,182.19,0,0,0,1
0.30643,0.094197,0.94722,426.46,0.0082175,0.99479,-0.10159,-38.846,-0.95186,0.038912,0.30406,182.43,0,0,0,1
0.3058,0.092775,0.94756,427.19,0.01,0.99487,-0.10063,-38.919,-0.95204,0.04025,0.30331,182.65,0,0,0,1
0.30528,0.093257,0.94769,427.92,0.011779,0.99475,-0.10168,-38.989,-0.95219,0.042204,0.30257,182.88,0,0,0,1
0.30509,0.095459,0.94753,428.64,0.01186,0.99451,-0.10401,-39.061,-0.95225,0.04297,0.30228,183.1,0,0,0,1
0.30496,0.096581,0.94746,429.36,0.011994,0.99438,-0.10522,-39.132,-0.95229,0.043453,0.30208,183.33,0,0,0,1
0.30505,0.096572,0.94743,430.09,0.01381,0.99429,-0.1058,-39.202,-0.95224,0.045356,0.30197,183.56,0,0,0,1
0.30527,0.097485,0.94726,430.81,0.01498,0.99413,-0.10714,-39.267,-0.95215,0.046896,0.30202,183.78,0,0,0,1
0.30516,0.097623,0.94728,431.54,0.015418,0.99409,-0.10741,-39.329,-0.95218,0.047384,0.30185,184.02,0,0,0,1
0.30533,0.10027,0.94695,432.25,0.014516,0.99383,-0.10992,-39.386,-0.95214,0.047307,0.30199,184.24,0,0,0,1
0.30545,0.099946,0.94695,432.98,0.015395,0.99383,-0.10986,-39.446,-0.95208,0.048134,0.30202,184.48,0,0,0,1
0.30586,0.098616,0.94696,433.71,0.015215,0.99399,-0.10843,-39.515,-0.95196,0.047571,0.30252,184.71,0,0,0,1
0.30684,0.096875,0.94682,434.44,0.016264,0.99413,-0.10699,-39.586,-0.95162,0.048227,0.30346,184.94,0,0,0,1
0.30828,0.094965,0.94655,435.18,0.016414,0.99433,-0.1051,-39.656,-0.95116,0.047937,0.30497,185.17,0,0,0,1
0.30989,0.092971,0.94622,435.89,0.016983,0.99451,-0.10328,-39.727,-0.95062,0.048074,0.30661,185.4,0,0,0,1
0.31151,0.09166,0.94581,436.59,0.016867,0.99465,-0.10195,-39.802,-0.95009,0.04771,0.3083,185.62,0,0,0,1
0.31337,0.092539,0.94511,437.3,0.015238,0.99462,-0.10244,-39.88,-0.94951,0.046503,0.31028,185.86,0,0,0,1
0.3152,0.093892,0.94437,437.99,0.013727,0.99454,-0.10346,-39.962,-0.94892,0.045575,0.31219,186.09,0,0,0,1
0.31724,0.094675,0.94361,438.66,0.013316,0.99446,-0.10425,-40.037,-0.94825,0.045638,0.31422,186.32,0,0,0,1
0.31904,0.094543,0.94301,439.32,0.012072,0.99453,-0.10379,-40.115,-0.94767,0.044498,0.31615,186.55,0,0,0,1
0.32022,0.093483,0.94272,439.98,0.01074,0.9947,-0.10229,-40.193,-0.94728,0.042879,0.31752,186.78,0,0,0,1
0.32126,0.092106,0.9425,440.63,0.0094531,0.9949,-0.10045,-40.267,-0.94694,0.04118,0.31875,187,0,0,0,1
0.32237,0.092085,0.94212,441.26,0.0091569,0.99491,-0.10038,-40.333,-0.94657,0.040986,0.31989,187.21,0,0,0,1
0.32348,0.092063,0.94174,441.89,0.0088657,0.99492,-0.10031,-40.399,-0.94619,0.040797,0.32102,187.42,0,0,0,1
0.32458,0.091907,0.94138,442.52,0.0092596,0.99491,-0.10033,-40.469,-0.94581,0.04128,0.32207,187.64,0,0,0,1
0.32583,0.091438,0.941,443.11,0.0098635,0.99493,-0.10009,-40.532,-0.94538,0.041895,0.32327,187.84,0,0,0,1
0.32712,0.090748,0.94061,443.71,0.011277,0.99493,-0.09991,-40.59,-0.94491,0.04329,0.32444,188.04,0,0,0,1
0.32829,0.091076,0.94018,444.31,0.010972,0.99491,-0.10021,-40.651,-0.94451,0.043213,0.32561,188.25,0,0,0,1
0.32933,0.091567,0.93976,444.87,0.010062,0.99489,-0.10046,-40.713,-0.94416,0.042541,0.32673,188.44,0,0,0,1
0.33038,0.091812,0.93937,445.45,0.0093197,0.99489,-0.10052,-40.777,-0.9438,0.041963,0.32783,188.64,0,0,0,1
0.33137,0.091913,0.93901,445.98,0.0091181,0.99489,-0.1006,-40.836,-0.94346,0.041897,0.32884,188.83,0,0,0,1
0.33229,0.091996,0.93868,446.53,0.008942,0.99488,-0.10067,-40.894,-0.94314,0.041845,0.32976,189.02,0,0,0,1
0.33295,0.091558,0.93849,447.06,0.0077378,0.99498,-0.099814,-40.947,-0.94291,0.040495,0.33057,189.2,0,0,0,1
0.3335,0.090664,0.93838,447.58,0.0065139,0.99512,-0.098461,-41.003,-0.94273,0.03895,0.33129,189.38,0,0,0,1
0.33422,0.089785,0.93821,448.09,0.0059098,0.99523,-0.097348,-41.057,-0.94248,0.03808,0.3321,189.56,0,0,0,1
0.33495,0.089349,0.93799,448.59,0.0068825,0.99524,-0.09726,-41.111,-0.94221,0.039033,0.33274,189.74,0,0,0,1
0.33564,0.090447,0.93764,449.08,0.0073755,0.9951,-0.09863,-41.165,-0.94196,0.040019,0.33332,189.91,0,0,0,1
0.33608,0.09353,0.93718,449.55,0.0060609,0.99482,-0.10146,-41.222,-0.94181,0.039778,0.33377,190.08,0,0,0,1
0.33663,0.09648,0.93668,450.01,0.0046013,0.99456,-0.10409,-41.278,-0.94163,0.039351,0.33435,190.25,0,0,0,1
0.33758,0.098408,0.93614,450.47,0.0043656,0.99435,-0.1061,-41.334,-0.94129,0.039905,0.33524,190.41,0,0,0,1
0.33841,0.098967,0.93578,450.92,0.0060889,0.9942,-0.10735,-41.385,-0.94098,0.042026,0.33585,190.57,0,0,0,1
0.339,0.098781,0.93559,451.35,0.0071715,0.99417,-0.10757,-41.431,-0.94076,0.043174,0.33632,190.72,0,0,0,1
0.33832,0.097305,0.93599,451.78,0.0069804,0.99435,-0.1059,-41.478,-0.94101,0.04236,0.33573,190.87,0,0,0,1
0.33712,0.096163,0.93654,452.19,0.0053803,0.99456,-0.10406,-41.523,-0.94145,0.040118,0.33476,191.02,0,0,0,1
0.33581,0.09538,0.93709,452.6,0.0051711,0.99466,-0.10309,-41.57,-0.94192,0.039466,0.33352,191.16,0,0,0,1
0.33455,0.094791,0.9376,452.98,0.0053063,0.99472,-0.10246,-41.616,-0.94236,0.039253,0.33228,191.29,0,0,0,1
0.33341,0.094354,0.93805,453.35,0.0057635,0.99476,-0.10211,-41.663,-0.94276,0.03945,0.33112,191.42,0,0,0,1
0.33247,0.094032,0.93842,453.71,0.005425,0.99481,-0.1016,-41.704,-0.9431,0.038871,0.33023,191.55,0,0,0,1
0.33151,0.093183,0.93884,454.06,0.0059137,0.99489,-0.10083,-41.747,-0.94343,0.03898,0.32927,191.67,0,0,0,1
0.33056,0.092334,0.93926,454.4,0.0064006,0.99496,-0.10006,-41.79,-0.94376,0.039088,0.3283,191.79,0,0,0,1
0.32957,0.091558,0.93968,454.73,0.0070272,0.99502,-0.099415,-41.835,-0.94411,0.039367,0.32728,191.91,0,0,0,1
0.32844,0.091341,0.9401,455.05,0.0063535,0.99508,-0.098903,-41.879,-0.9445,0.038457,0.32625,192.03,0,0,0,1
0.32738,0.091529,0.94045,455.35,0.0047576,0.99512,-0.098507,-41.915,-0.94488,0.036723,0.32535,192.14,0,0,0,1
0.32636,0.091686,0.94079,455.65,0.0036675,0.99515,-0.098257,-41.95,-0.94524,0.035518,0.32444,192.25,0,0,0,1
0.3252,0.091682,0.94119,455.95,0.0041775,0.99514,-0.098381,-41.976,-0.94564,0.035925,0.32323,192.34,0,0,0,1
0.32427,0.092275,0.94145,456.23,0.0052603,0.99504,-0.099339,-42.007,-0.94595,0.037165,0.32218,192.44,0,0,0,1
0.32372,0.093468,0.94153,456.51,0.005989,0.99489,-0.10082,-42.034,-0.94614,0.038277,0.3215,192.53,0,0,0,1
0.32339,0.093896,0.9416,456.78,0.0061398,0.99484,-0.10131,-42.06,-0.94625,0.038545,0.32114,192.63,0,0,0,1
0.32358,0.093473,0.94157,457.05,0.0054978,0.99491,-0.10066,-42.09,-0.94618,0.037747,0.32142,192.73,0,0,0,1
0.32387,0.093086,0.94151,457.32,0.0048116,0.99497,-0.10003,-42.12,-0.94609,0.036926,0.3218,192.83,0,0,0,1
0.32483,0.09295,0.94119,457.58,0.0038245,0.99502,-0.099586,-42.149,-0.94576,0.035949,0.32286,192.92,0,0,0,1
0.32603,0.092993,0.94077,457.85,0.002494,0.99506,-0.099224,-42.178,-0.94536,0.034696,0.32419,193.02,0,0,0,1
0.32783,0.093317,0.94012,458.11,0.0010839,0.99507,-0.09915,-42.201,-0.94474,0.033523,0.32611,193.11,0,0,0,1
0.33064,0.093442,0.93912,458.37,0.0007158,0.99506,-0.099261,-42.223,-0.94376,0.033492,0.32894,193.21,0,0,0,1
0.33496,0.093458,0.93759,458.63,0.00091022,0.99504,-0.09951,-42.246,-0.94223,0.034185,0.33321,193.31,0,0,0,1
0.34073,0.093211,0.93553,458.9,0.0010509,0.99503,-0.099522,-42.273,-0.94016,0.034894,0.33894,193.41,0,0,0,1
0.34819,0.093942,0.93271,459.16,-4.3466e-05,0.99497,-0.1002,-42.302,-0.93743,0.034847,0.34644,193.52,0,0,0,1
0.35767,0.09485,0.92902,459.43,-0.0020341,0.99491,-0.10079,-42.33,-0.93385,0.034161,0.35604,193.64,0,0,0,1
0.36803,0.095784,0.92487,459.7,-0.0033407,0.99481,-0.1017,-42.358,-0.92981,0.034338,0.36644,193.76,0,0,0,1
0.37981,0.095875,0.92008,459.97,-0.0034715,0.99476,-0.10222,-42.388,-0.92506,0.035631,0.37815,193.88,0,0,0,1
0.39402,0.096099,0.91406,460.25,-0.0055251,0.99475,-0.1022,-42.416,-0.91908,0.035219,0.39248,194.02,0,0,0,1
0.40987,0.097686,0.9069,460.53,-0.0088648,0.99463,-0.10313,-42.445,-0.9121,0.03423,0.40853,194.17,0,0,0,1
0.42718,0.099414,0.89869,460.82,-0.012822,0.9945,-0.10392,-42.47,-0.90408,0.032869,0.4261,194.32,0,0,0,1
0.44574,0.10098,0.88945,461.09,-0.014309,0.99429,-0.10571,-42.495,-0.89505,0.034393,0.44464,194.47,0,0,0,1
0.46449,0.1033,0.87953,461.37,-0.016347,0.994,-0.10811,-42.522,-0.88543,0.035837,0.46339,194.63,0,0,0,1
0.48374,0.10429,0.86898,461.65,-0.017861,0.99384,-0.10933,-42.552,-0.87503,0.037367,0.48262,194.8,0,0,0,1
0.50276,0.10704,0.85777,461.9,-0.023956,0.99365,-0.10995,-42.58,-0.86409,0.034731,0.50214,194.97,0,0,0,1
0.5167,0.11134,0.84889,462.16,-0.028777,0.99321,-0.11275,-42.601,-0.85568,0.033829,0.5164,195.14,0,0,0,1
0.52096,0.1165,0.8456,462.41,-0.03605,0.99276,-0.11456,-42.62,-0.85282,0.029197,0.52139,195.31,0,0,0,1
0.52004,0.11823,0.84592,462.66,-0.038519,0.99261,-0.11506,-42.642,-0.85328,0.02725,0.52075,195.47,0,0,0,1
0.51547,0.11936,0.84856,462.9,-0.039581,0.99251,-0.11557,-42.662,-0.856,0.025986,0.51633,195.61,0,0,0,1
0.50614,0.11973,0.8541,463.14,-0.038989,0.99248,-0.11603,-42.683,-0.86157,0.025426,0.507,195.74,0,0,0,1
0.49316,0.11914,0.86174,463.38,-0.035621,0.99251,-0.11684,-42.695,-0.86921,0.026923,0.49371,195.86,0,0,0,1
0.47908,0.11813,0.86979,463.59,-0.031104,0.99257,-0.11767,-42.7,-0.87722,0.029319,0.47919,195.96,0,0,0,1
0.46114,0.11675,0.87961,463.85,-0.025746,0.99265,-0.11825,-42.719,-0.88695,0.031884,0.46076,196.08,0,0,0,1
0.44132,0.11625,0.88979,464.1,-0.022602,0.9927,-0.11849,-42.737,-0.89707,0.03218,0.44072,196.18,0,0,0,1
0.42069,0.11645,0.8997,464.35,-0.020792,0.9927,-0.11877,-42.75,-0.90697,0.03126,0.42004,196.27,0,0,0,1
0.39989,0.11649,0.90913,464.6,-0.01972,0.99275,-0.11853,-42.763,-0.91635,0.029471,0.39929,196.36,0,0,0,1
0.37993,0.11566,0.91776,464.87,-0.017551,0.99287,-0.11786,-42.784,-0.92485,0.028672,0.37925,196.46,0,0,0,1
0.36174,0.11453,0.92522,465.14,-0.012691,0.99294,-0.11795,-42.812,-0.93219,0.030925,0.36064,196.55,0,0,0,1
0.34557,0.11313,0.93155,465.4,-0.0069324,0.99299,-0.11802,-42.839,-0.93837,0.034327,0.34393,196.63,0,0,0,1
0.33055,0.11235,0.93708,465.68,-0.0032028,0.99302,-0.11793,-42.873,-0.94378,0.03598,0.32861,196.72,0,0,0,1
0.31674,0.11243,0.94183,465.95,-0.0030663,0.99307,-0.11752,-42.904,-0.94851,0.034334,0.31489,196.8,0,0,0,1
0.30697,0.11056,0.94527,466.21,-0.0017438,0.99329,-0.11561,-42.934,-0.95172,0.033841,0.30511,196.87,0,0,0,1
0.2977,0.10743,0.94859,466.47,8.9954e-05,0.99365,-0.11256,-42.971,-0.95466,0.033594,0.2958,196.94,0,0,0,1
0.29147,0.10632,0.95065,466.71,0.0015812,0.99375,-0.11162,-43.003,-0.95658,0.034038,0.28948,197.01,0,0,0,1
0.2895,0.10641,0.95125,466.95,0.0028451,0.9937,-0.11202,-43.033,-0.95717,0.035137,0.28737,197.07,0,0,0,1
0.29231,0.10684,0.95034,467.19,0.0029194,0.99363,-0.11261,-43.055,-0.95632,0.035691,0.29013,197.14,0,0,0,1
0.29895,0.10586,0.94838,467.41,0.0041036,0.99368,-0.11221,-43.076,-0.95426,0.037437,0.29663,197.21,0,0,0,1
0.30883,0.10428,0.94538,467.62,0.0056288,0.99375,-0.11145,-43.099,-0.9511,0.03974,0.30631,197.28,0,0,0,1
0.32104,0.10351,0.94139,467.82,0.0036456,0.99387,-0.11053,-43.124,-0.94706,0.038915,0.31869,197.35,0,0,0,1
0.33431,0.10564,0.93652,468,-0.0024495,0.99379,-0.11123,-43.151,-0.94246,0.03489,0.3325,197.43,0,0,0,1
0.34736,0.10793,0.9315,468.17,-0.0077357,0.99365,-0.11225,-43.183,-0.9377,0.031785,0.34599,197.5,0,0,0,1
0.36119,0.10789,0.92623,468.33,-0.011591,0.99373,-0.11123,-43.203,-0.93242,0.029439,0.36018,197.57,0,0,0,1
0.37579,0.10588,0.92064,468.49,-0.013727,0.99398,-0.10871,-43.224,-0.9266,0.028214,0.37498,197.64,0,0,0,1
0.39107,0.10446,0.91441,468.63,-0.0084886,0.9939,-0.10992,-43.241,-0.92032,0.035223,0.38958,197.69,0,0,0,1
0.40607,0.10279,0.90804,468.76,-0.0032857,0.99381,-0.11103,-43.259,-0.91384,0.042102,0.4039,197.74,0,0,0,1
0.42225,0.10551,0.90032,468.88,0.00063769,0.99317,-0.11669,-43.273,-0.90648,0.049847,0.41929,197.79,0,0,0,1
0.43748,0.10792,0.89273,468.99,-0.002493,0.99291,-0.11881,-43.285,-0.89923,0.049753,0.43465,197.85,0,0,0,1
0.4506,0.10965,0.88597,469.09,-0.011403,0.99305,-0.1171,-43.292,-0.89265,0.042661,0.44872,197.92,0,0,0,1
0.46425,0.10977,0.87888,469.2,-0.017997,0.99325,-0.11455,-43.296,-0.88552,0.037364,0.46309,197.98,0,0,0,1
0.4766,0.1091,0.87232,469.3,-0.020747,0.99339,-0.11291,-43.298,-0.87888,0.035714,0.47571,198.04,0,0,0,1
0.48845,0.10803,0.86588,469.39,-0.021291,0.99349,-0.11194,-43.307,-0.87233,0.036242,0.48757,198.08,0,0,0,1
0.50034,0.10746,0.85913,469.47,-0.022257,0.99354,-0.11131,-43.313,-0.86554,0.036572,0.4995,198.13,0,0,0,1
0.51142,0.10718,0.85262,469.56,-0.023134,0.99355,-0.11102,-43.316,-0.85902,0.037051,0.5106,198.18,0,0,0,1
0.52186,0.10583,0.84644,469.63,-0.023134,0.99366,-0.10998,-43.314,-0.85272,0.037811,0.52101,198.22,0,0,0,1
0.53121,0.1037,0.84087,469.71,-0.022778,0.99387,-0.10818,-43.322,-0.84693,0.038312,0.53032,198.26,0,0,0,1
0.53846,0.1042,0.83619,469.77,-0.02538,0.99388,-0.1075,-43.336,-0.84227,0.036663,0.5378,198.3,0,0,0,1
0.54548,0.10838,0.83108,469.82,-0.032489,0.99359,-0.10825,-43.344,-0.83749,0.032048,0.54551,198.35,0,0,0,1
0.55393,0.11527,0.82455,469.86,-0.042485,0.99299,-0.11028,-43.349,-0.83148,0.026057,0.55494,198.4,0,0,0,1
0.55943,0.11998,0.82015,469.89,-0.048933,0.99252,-0.11181,-43.352,-0.82743,0.022419,0.56112,198.44,0,0,0,1
0.56426,0.11901,0.81697,469.94,-0.048974,0.99264,-0.11077,-43.357,-0.82414,0.022492,0.56594,198.48,0,0,0,1
0.5709,0.11389,0.81308,469.98,-0.044449,0.99317,-0.10791,-43.36,-0.81981,0.025464,0.57206,198.51,0,0,0,1
0.5761,0.10899,0.81008,470.03,-0.039975,0.99364,-0.10526,-43.366,-0.8164,0.028258,0.57679,198.53,0,0,0,1
0.57988,0.10731,0.80761,470.07,-0.039623,0.99383,-0.10361,-43.375,-0.81374,0.02808,0.58055,198.57,0,0,0,1
0.58479,0.10901,0.80382,470.09,-0.04394,0.99373,-0.1028,-43.387,-0.80999,0.024797,0.58592,198.6,0,0,0,1
0.58891,0.11214,0.80038,470.12,-0.049381,0.99347,-0.10286,-43.39,-0.80669,0.021053,0.5906,198.63,0,0,0,1
0.59167,0.11485,0.79796,470.14,-0.053333,0.99321,-0.10341,-43.392,-0.80442,0.018626,0.59377,198.66,0,0,0,1
