0.10413
0.10413
0.10425
0.10412
0.10413
0.10425
0.10412
0.10412
0.10425
0.10412
0.10424
0.10413
0.10425
0.10415
0.10413
0.10423
0.10425
0.10412
0.10425
0.10413
0.10426
0.10412
0.10425
0.10412
0.10413
0.10425
0.10413
0.10412
0.10412
0.10425
0.10412
0.10412
0.10413
0.10413
0.10413
0.10413
0.10412
0.10414
0.10411
0.10412
0.10413
0.10412
0.10413
0.10425
0.10413
0.10412
0.10412
0.10412
0.10413
0.10411
0.10413
0.10425
0.104
0.10426
0.10413
0.10401
0.10412
0.10413
0.10412
0.104
0.10412
0.10412
0.10413
0.10413
0.10412
0.104
0.10412
0.10413
0.10413
0.104
0.10412
0.10412
0.10413
0.104
0.10413
0.10412
0.10413
0.104
0.10412
0.10413
0.10413
0.10414
0.10411
0.10412
0.10413
0.10413
0.10412
0.10413
0.10412
0.10412
0.10413
0.10412
0.10413
0.10414
0.1041
0.10412
0.10413
0.10412
0.10413
0.104
0.10412
0.10413
0.10412
0.10413
0.10413
0.10412
0.10413
0.10412
0.10413
0.10412
0.10414
0.10424
0.10414
0.1041
0.10413
0.10425
0.10413
0.10412
0.10413
0.10424
0.10413
0.10413
0.10412
0.10415
0.1041
0.10425
0.10413
0.10412
0.10413
0.10412
0.10413
0.10414
0.10411
0.10413
0.10425
0.10412
0.10412
0.10413
0.10412
0.10412
0.10413
0.10415
0.1041
0.10413
0.10412
0.10415
0.10423
0.10412
0.10413
0.10412
0.10413
0.10412
0.10401
0.10412
0.10413
0.10412
0.10412
0.10413
0.10412
0.10413
0.10413
0.104
0.10412
0.10412
0.10414
0.10411
0.10413
0.10413
0.10402
0.1041
0.10412
0.10401
0.10412
0.10413
0.10412
0.104
0.10413
0.10421
0.10406
0.10406
0.10406
0.10411
0.104
0.104
0.10412
0.1041
0.10391
0.10412
0.10401
0.10411
0.10405
0.10406
0.10402
0.104
0.10412
0.104
0.10404
0.10409
0.10402
0.1041
0.10417
0.10409
0.104
0.1041
0.10404
0.10398
0.104
0.10412
0.104
0.10401
0.10412
0.10402
0.10398
0.104
0.10412
0.104
0.10401
0.10414
0.10398
0.104
0.104
0.10409
0.10393
0.10398
0.104
0.10415
0.104
0.10398
0.10413
0.10399
0.104
0.10402
0.10411
0.104
0.104
0.104
0.10412
0.104
0.10413
0.10399
0.10415
0.10398
0.10413
0.10412
0.10413
0.10401
0.10411
0.104
0.10413
0.1042
0.10392
0.10415
0.1041
0.10414
0.10451
0.10361
0.10652
0.10465
0.10108
0.10416
0.1041
0.10414
0.10408
0.10456
0.10371
0.10412
0.10401
0.10413
0.10456
0.10371
