0.10387
0.10387
0.10413
0.104
0.10413
0.10412
0.10413
0.10425
0.10413
0.10415
0.1041
0.10413
0.10415
0.10398
0.104
0.104
0.10387
0.10388
0.10389
0.10373
0.10362
0.10377
0.1036
0.10363
0.10362
0.10352
0.1036
0.1035
0.1035
0.10362
0.10362
0.10363
0.10362
0.10363
0.10376
0.10364
0.10374
0.10364
0.10373
0.10375
0.10375
0.10375
0.10379
0.10386
0.10388
0.10385
0.104
0.10402
0.10398
0.1039
0.10385
0.10388
0.10388
0.10377
0.10385
0.10375
0.10375
0.10362
0.10376
0.10364
0.10373
0.10363
0.10375
0.10363
0.10375
0.10362
0.10363
0.1035
0.10375
0.10362
0.10375
0.10362
0.10365
0.1036
0.10365
0.10362
0.10361
0.10375
0.10376
0.10374
0.10388
0.10375
0.10387
0.10375
0.10375
0.10375
0.10375
0.10388
0.10377
0.10373
0.10375
0.10375
0.10365
0.10373
0.10375
0.10388
0.10376
0.10386
0.10388
0.10387
0.10388
0.10375
0.10388
0.10374
0.10388
0.10374
0.10364
0.10374
0.10376
0.10374
0.10376
0.10362
0.10379
0.10371
0.10375
0.10367
0.10371
0.10374
0.10377
0.10373
0.10375
0.10376
0.10366
0.10371
0.10364
0.10377
0.10376
0.10375
0.10375
0.1037
0.10376
0.10387
0.10373
0.10377
0.10377
0.10377
0.10384
0.10389
0.10386
0.10387
0.10386
0.10379
0.10385
0.10375
0.10375
0.10375
0.10375
0.10377
0.10375
0.10386
0.10375
0.10375
0.10375
0.10377
0.10389
0.10371
0.10375
0.10375
0.10377
0.10373
0.10388
0.10375
0.10377
0.10385
0.10375
0.10376
0.10389
0.10373
0.1039
0.10385
0.10375
0.1039
0.10373
0.10387
0.10375
0.10388
0.10381
0.1038
0.10378
0.10383
0.10387
0.10366
0.10385
0.10367
0.10385
0.10363
0.10387
0.10376
0.10362
0.10362
0.10375
0.10353
0.10374
0.10348
0.10375
0.10375
0.10363
0.10375
0.10375
0.10375
0.10387
0.10375
0.10388
0.10387
0.10388
0.10401
0.10399
0.10388
0.10402
0.10386
0.10399
0.10388
0.104
0.10392
0.10383
0.10387
0.10375
0.10388
0.10377
0.10373
0.10362
0.10362
0.10363
0.10365
0.1036
0.10363
0.10362
0.10375
0.10363
0.10375
0.10362
0.10376
0.10376
0.10362
0.10374
0.10375
0.10375
0.10387
0.10384
0.10367
0.10376
0.10373
0.10377
0.10373
0.10375
0.10387
0.10382
0.10381
0.10378
0.10372
0.10363
0.10375
0.10364
0.10361
0.10365
0.10381
0.10368
0.10361
0.10377
0.10361
0.10374
0.10377
0.10374
0.10374
0.10375
0.10388
0.10388
0.10387
0.10387
0.10388
0.10388
0.10387
0.10375
0.10387
0.10388
0.10377
0.10373
0.10375
0.1039
0.10372
0.10375
0.10363
0.10375
0.10388
0.10377
0.10387
0.10373
0.10388
0.10388
0.10387
0.10375
0.10377
0.10373
0.10362
0.10363
0.10375
0.10363
0.10375
0.10362
0.10375
0.10377
0.10375
0.1036
0.10376
0.10362
0.10376
0.10374
0.10375
0.10375
0.10362
0.10376
0.10374
0.10376
0.10362
0.10375
0.10362
0.10376
0.10375
0.10376
0.10361
0.10375
0.10375
0.10389
0.10361
0.10375
0.10375
0.10377
0.10361
0.10375
0.10362
0.10375
0.10375
0.10363
0.10375
0.10362
0.10375
0.10375
0.10388
0.10365
0.10372
0.10377
0.10361
0.10375
0.10375
0.10362
0.10375
0.10365
0.10373
0.10362
0.10376
0.10375
0.10374
0.10375
0.10375
0.10376
0.10375
0.10375
0.10375
0.10375
0.10362
0.10375
0.10362
0.10363
0.10362
0.10376
0.10375
0.10374
0.10375
0.10388
0.104
0.104
0.104
0.104
0.10413
0.104
0.10387
0.104
0.10388
0.10387
0.10375
0.10375
0.10375
0.10366
0.10374
0.10373
0.10375
0.10362
0.10376
0.10374
0.10375
0.10363
0.10374
0.10376
0.10375
0.10362
0.10376
0.10362
0.10363
0.10374
0.10363
0.10375
0.10363
0.10375
0.10362
0.10376
0.10362
0.10375
0.10362
0.10375
0.10375
0.10363
0.10376
0.10361
0.10375
0.10375
0.10377
0.10373
0.10377
0.10377
0.10371
0.1039
0.10375
0.10374
0.10363
0.1039
0.1036
0.10374
0.10374
0.10375
0.10375
0.10379
0.10383
0.10363
0.10375
0.1038
0.1037
0.10377
0.10373
0.10375
0.10388
0.10375
0.10375
0.10375
0.10387
0.10376
0.10374
0.10388
0.10387
0.10388
0.10375
0.10388
0.10387
0.10388
0.10387
0.10389
0.10386
0.10375
0.10388
0.10375
0.10387
0.10377
0.10373
0.10375
0.10377
0.10373
0.10363
0.10375
0.10375
0.10364
0.10375
0.10361
0.10375
0.10363
0.10374
0.10365
0.10373
0.10375
0.10362
0.10375
0.10363
0.10375
0.10362
0.10382
0.10359
0.10372
0.10369
0.1037
0.10376
0.10376
0.10378
0.10361
0.1036
0.10375
0.10361
0.10375
0.10362
0.10375
0.10364
0.10361
0.10374
0.10363
0.10375
0.10362
0.10376
0.10374
0.10376
0.10375
0.10375
0.10375
0.10375
0.10375
0.10375
0.10375
0.10375
0.10362
0.10375
0.10375
0.10375
0.10375
0.10375
0.10375
0.10375
0.10375
0.10363
0.10375
0.10364
0.10374
0.10375
0.10374
0.10388
0.10375
0.10375
0.10387
0.10376
0.10387
0.10375
0.10375
0.10375
0.10375
0.10375
0.10362
0.10375
0.10378
0.10377
0.10372
0.10387
0.10374
0.10376
0.10384
0.10378
0.10383
0.10367
0.10377
0.10373
0.10375
0.10375
0.10374
0.1039
0.10373
0.10388
0.10387
0.10376
0.10387
0.10375
0.10387
0.10375
0.104
0.1039
0.10385
0.10388
0.10388
0.10387
0.10375
0.10375
0.10375
0.10363
0.10374
0.10363
0.10377
0.10372
0.10376
0.10375
0.10375
0.10375
0.10377
0.1036
0.10378
0.10364
0.10373
0.10361
0.10375
0.10374
0.10376
0.10363
0.10378
0.10371
0.10375
0.10378
0.10377
0.10379
0.10366
0.1039
0.10397
0.10388
0.104
0.10402
0.10386
0.10387
0.10388
0.104
0.10387
0.10388
0.10387
0.10375
0.10387
0.10376
0.10375
0.10377
0.10373
0.10362
0.10376
0.10364
0.10373
0.10364
0.10361
0.10362
0.10375
0.10365
0.10361
0.10374
0.10363
0.10375
0.10362
0.10375
0.10376
0.10362
0.10375
0.10375
0.10362
0.10376
0.10362
0.10362
0.10378
0.1036
0.10375
0.10363
0.10375
0.10362
0.10363
0.10362
0.10363
0.10376
0.10361
0.10363
0.10376
0.10361
0.10363
0.10375
0.10363
0.10362
0.10375
0.10375
0.10375
0.10375
0.10375
0.10377
0.10373
0.10375
0.10363
0.10374
0.10375
0.10388
0.10375
0.10377
0.10388
0.10385
0.10375
0.10388
0.10374
0.10388
0.10375
0.10376
0.10386
0.10363
0.10387
0.10375
0.10375
0.10376
0.10362
0.10376
0.10387
0.10375
0.10377
0.10375
0.10373
0.10375
0.10375
0.10375
0.10375
0.10375
0.10375
0.10377
0.10373
0.10375
0.10375
0.10375
0.10377
0.10385
0.10388
0.10387
0.10388
0.104
0.1039
0.10385
0.104
0.10388
0.10387
0.10391
0.10371
0.10401
0.10387
0.10375
0.10388
0.104
0.10377
0.10385
0.10387
0.10375
0.10363
0.10375
0.10363
0.10374
0.10363
0.10363
0.10362
0.1035
0.10363
0.10362
0.10363
0.10362
0.10366
0.1037
0.10369
0.1037
0.10363
0.10362
0.10363
0.10375
0.10362
0.10375
0.10376
0.10362
0.10375
0.10375
0.10362
0.10375
0.10363
0.10375
0.10375
0.10362
0.10376
0.10362
0.10375
0.10375
0.10363
0.10375
0.10374
0.10375
0.10375
0.10376
0.10376
0.10361
0.10375
0.10365
0.10373
0.10362
0.10375
0.10366
0.1037
0.10364
0.10376
0.10366
0.10371
0.10373
0.10365
0.10374
0.10373
0.10365
0.10375
0.10362
0.10375
0.10363
0.10375
0.10375
0.10375
0.10372
0.10365
0.10384
0.10368
0.10363
0.10362
0.10373
0.10363
0.10375
0.10363
0.10362
0.10375
0.10362
0.10377
0.10361
0.10375
0.10364
0.10375
0.10361
0.10367
0.1036
0.10375
0.10361
0.10362
0.10376
0.10361
0.10376
0.10362
0.10375
0.10365
0.10364
0.1037
0.10366
0.10373
0.10362
0.10375
0.10362
0.10376
0.10362
0.10377
0.10375
0.10361
0.10375
0.10362
0.10365
0.1036
0.10375
0.10375
0.10375
0.10365
0.10373
0.10375
0.10387
0.104
0.104
0.10412
0.10413
0.10413
0.10425
0.10426
0.10424
0.10425
0.10425
0.10425
0.10425
0.10425
0.104
0.10412
0.10413
0.104
0.104
0.1039
0.10397
0.10388
0.1039
0.10398
0.10387
0.10375
0.10388
0.10387
0.10375
0.1039
0.1036
0.10375
0.10363
0.1035
0.10362
0.10363
0.10349
0.10353
0.10335
0.10354
0.10359
0.1035
0.10364
0.10374
0.10362
0.10375
0.10375
0.10375
0.10375
0.10375
0.10375
0.10375
0.10362
0.10375
0.10363
0.10365
0.1036
0.10363
0.10362
0.10367
0.10371
0.10364
0.1036
0.10363
0.10375
0.10375
0.10377
0.10373
0.10375
0.10375
0.10363
0.10374
0.10378
0.10367
0.10357
0.10374
0.10362
0.10378
0.10361
0.10374
0.10375
0.10375
0.10377
0.10373
0.10375
0.10364
0.10374
0.10374
0.10363
0.10379
0.10361
0.10372
0.10377
0.10373
0.10375
0.10377
0.10383
0.10368
0.10372
0.10376
0.10374
0.10375
0.10375
0.10376
0.10364
0.10373
0.10375
0.10375
0.10363
0.10375
0.10375
0.10362
0.10375
0.10375
0.10363
0.10375
0.10357
0.1038
0.1036
0.1038
0.1036
0.1038
0.1036
0.1037
0.1037
0.1037
0.1036
0.1038
0.1036
0.1038
0.1036
0.1037
0.1037
0.1037
0.1038
0.1037
0.1036
0.1038
0.1037
0.1038
0.1038
0.1036
0.1037
0.1038
0.1036
0.1037
0.1038
0.1036
0.1038
0.1036
0.1037
0.1038
0.1036
0.1038
0.1037
0.1036
0.1037
0.1036
0.1036
0.1036
0.1038
0.1037
0.1037
0.1036
0.1037
0.1038
0.1036
0.1036
0.1038
0.1038
0.1036
0.1037
0.1039
0.1037
0.1039
0.1038
0.1038
0.1038
0.1037
0.1038
0.1038
0.1037
0.1037
0.1038
0.1038
0.1037
0.1036
0.1038
0.1036
0.1037
0.1037
0.1037
0.1036
0.1038
0.1037
0.1038
0.1037
0.1038
0.1037
0.1038
0.1037
0.1039
0.1038
0.1037
0.1038
0.1037
0.1038
0.1037
0.1036
0.1038
0.1037
0.1037
0.1037
0.1036
0.1038
0.1037
0.1037
0.1037
0.1036
0.1038
0.1036
0.1036
0.1037
0.1037
0.1036
0.1038
0.1036
0.1038
0.1036
0.1037
0.1037
0.1037
0.1036
0.1038
0.1036
0.1038
0.1037
0.1036
0.1038
0.1036
0.1038
0.1036
0.1037
0.1038
0.1036
0.1037
0.1037
0.1037
0.1038
0.1036
0.1038
0.1037
0.1038
0.1037
0.1038
0.1036
0.1037
0.1038
0.1038
0.1037
0.1038
0.1036
0.1037
0.1038
0.1037
0.1038
0.1037
0.1036
0.1038
0.1036
0.1038
0.1037
0.1037
0.1037
0.1036
0.1038
0.1039
0.1034
0.1038
0.1037
0.1038
0.1036
0.1038
0.1037
0.1038
0.1038
0.1037
0.1036
0.1037
0.1038
0.1036
0.1038
0.1036
0.1038
0.1036
0.1037
0.1036
0.1038
0.1038
0.1037
0.1036
0.1038
0.1037
0.1036
0.1038
0.1037
0.1037
0.1037
0.1038
0.1036
0.1037
0.1037
0.1037
0.1036
0.1038
0.1036
0.1038
0.1036
0.1036
0.1038
0.1036
0.1037
0.1037
0.1037
0.1038
0.1036
0.1037
0.1038
0.1036
0.1038
0.1037
0.1037
0.1037
0.1038
0.1037
0.1036
0.1036
0.1038
0.1036
0.1036
0.1038
0.1036
0.1038
0.1036
0.1038
0.1037
0.1036
0.1038
0.1037
0.1036
0.1038
0.1036
0.1038
