0.012102,0.00044687,0.12673
0.015927,0.00069962,0.14216
0.023794,0.0015337,0.16288
0.034218,0.001098,0.17542
0.042321,0.0016336,0.1885
0.048217,0.0014706,0.20254
0.045249,0.0023586,0.21531
0.046422,0.0019415,0.22951
0.052483,-0.0033334,0.24304
0.068919,-0.0047241,0.25613
0.065871,-0.0039283,0.26222
0.06011,-0.0054932,0.27227
0.063502,-0.0048976,0.28757
0.069004,-0.0051355,0.29788
0.07326,-0.0076972,0.30925
0.072611,-0.0060065,0.3247
0.070485,-0.0031963,0.33939
0.066835,-0.0027274,0.36027
0.057039,-0.0032289,0.37904
0.056593,-0.0060739,0.40115
0.057174,-0.0067937,0.42293
0.052379,-0.0095612,0.4458
0.047248,-0.0086878,0.4707
0.045465,-0.008155,0.49245
0.045597,-0.0074025,0.51513
0.041808,-0.0052294,0.5409
0.034101,-0.004706,0.56824
0.025818,-0.0043218,0.59351
0.020554,-0.0057238,0.62211
0.015177,-0.0068973,0.64627
0.0097212,-0.0073269,0.67127
0.0075395,-0.0078637,0.69658
0.0081542,-0.0086922,0.71611
0.00901,-0.0097194,0.73857
0.0098348,-0.0092069,0.75691
0.0092103,-0.0088363,0.77372
0.0081871,-0.0080825,0.79177
0.0068976,-0.0087329,0.79943
0.0091142,-0.011251,0.80528
0.010844,-0.014785,0.80949
0.011725,-0.016961,0.80991
0.011825,-0.01614,0.81598
0.015597,-0.017026,0.81977
0.018237,-0.018437,0.82223
0.02037,-0.016602,0.8275
0.023751,-0.015315,0.82864
0.029538,-0.016099,0.83487
0.033051,-0.018129,0.83636
0.034208,-0.018111,0.83786
0.031733,-0.018326,0.84027
0.029818,-0.017913,0.8408
0.034837,-0.017436,0.84173
0.040131,-0.016283,0.84314
0.039225,-0.017643,0.84032
0.038992,-0.016951,0.84347
0.044249,-0.019535,0.8502
0.039479,-0.024445,0.84331
0.037004,-0.025201,0.83435
0.030409,-0.020711,0.82927
0.026618,-0.014888,0.82555
0.030018,-0.015609,0.83228
0.030115,-0.014155,0.83302
0.028415,-0.014175,0.83377
0.027681,-0.015584,0.83386
0.030109,-0.019016,0.82837
0.023775,-0.023737,0.82184
0.016773,-0.020105,0.81167
0.014361,-0.018299,0.80386
0.0040819,-0.020667,0.80032
0.0031478,-0.017253,0.8033
0.01527,-0.016741,0.80423
0.01361,-0.018368,0.80995
0.0043963,-0.01607,0.82265
-0.00069811,-0.01056,0.83873
-0.0034498,-0.012373,0.85805
-0.01203,-0.012627,0.87612
-0.018108,-0.012395,0.89162
-0.017639,-0.012217,0.90834
-0.017337,-0.01221,0.92463
-0.0186,-0.014089,0.94239
-0.017804,-0.016158,0.96091
-0.013541,-0.016556,0.97643
-0.010154,-0.017474,0.99026
-0.0093171,-0.015606,1.0011
-0.0082078,-0.014439,1.0172
-0.0091244,-0.016175,1.0288
-0.0083448,-0.017481,1.0346
-0.011612,-0.01924,1.041
-0.0099159,-0.021129,1.0385
-0.011001,-0.024095,1.0366
-0.011121,-0.022731,1.0345
-0.011071,-0.023426,1.0341
-0.011451,-0.024715,1.0315
-0.010913,-0.025163,1.0267
-0.0092761,-0.025756,1.0252
-0.0087656,-0.025489,1.0231
-0.0087276,-0.027444,1.015
-0.0076252,-0.025905,1.0112
-0.0048891,-0.023648,1.0058
-0.001183,-0.021521,1.0073
0.0048442,-0.026645,1.0026
-0.0025593,-0.028413,0.99531
0.0024137,-0.028781,0.9879
0.0014217,-0.027102,0.98202
-0.0023129,-0.025969,0.98124
-0.0011381,-0.024978,0.97607
0.00030302,-0.021187,0.97396
0.0011554,-0.017629,0.97877
-0.0016788,-0.022543,0.97579
-0.0030987,-0.025021,0.96863
-0.0011579,-0.028948,0.95245
0.0021652,-0.0251,0.94831
0.0041779,-0.019688,0.95111
0.0024444,-0.024706,0.95173
-0.0047195,-0.022909,0.95047
-0.0051339,-0.019606,0.94908
-0.0088483,-0.024498,0.94898
-0.017529,-0.025282,0.94074
-0.017874,-0.020141,0.9403
-0.0041201,-0.021248,0.93767
-0.0010105,-0.025258,0.93382
-0.0061041,-0.021257,0.93041
-0.0048222,-0.014946,0.93154
-0.0029931,-0.019779,0.93422
-0.015956,-0.014153,0.92807
-0.022023,-0.011529,0.93041
-0.016211,-0.012105,0.92935
-0.017543,-0.016081,0.92257
-0.01822,-0.011862,0.92666
-0.013805,-0.018081,0.92017
-0.018093,-0.025041,0.91601
-0.01273,-0.021122,0.90797
-0.013891,-0.013668,0.91047
-0.019466,-0.015469,0.91664
-0.017529,-0.019066,0.9163
-0.017182,-0.02299,0.90785
-0.01821,-0.022242,0.90136
-0.018257,-0.019088,0.90199
-0.013088,-0.017199,0.90508
-0.011869,-0.017901,0.90608
-0.0097246,-0.015451,0.90271
-0.012636,-0.016768,0.90632
-0.013819,-0.020228,0.90898
-0.01496,-0.02358,0.90267
-0.025131,-0.022286,0.89911
-0.02683,-0.022141,0.89609
-0.01528,-0.021367,0.89233
-0.0096428,-0.017736,0.89474
-0.01636,-0.0145,0.89799
-0.012454,-0.018865,0.90158
-0.014663,-0.024334,0.90237
-0.014175,-0.021631,0.89335
-0.015664,-0.02199,0.89476
-0.015324,-0.020313,0.89507
-0.016152,-0.01984,0.89892
-0.0093634,-0.019855,0.8973
-0.0063103,-0.020019,0.89618
-0.010761,-0.019447,0.89557
-0.020255,-0.020231,0.89521
-0.019751,-0.01883,0.89615
-0.008374,-0.01935,0.89609
-0.0079025,-0.020456,0.89521
-0.0083121,-0.02267,0.89225
-0.0013343,-0.014534,0.89863
0.0033332,-0.016628,0.8961
-0.0040132,-0.02353,0.89247
-0.010195,-0.020823,0.89179
-0.0086945,-0.016952,0.88747
-0.0091816,-0.020457,0.89018
-0.0063939,-0.018139,0.88949
0.00040952,-0.016127,0.88852
-0.0018972,-0.020113,0.89344
-0.0015544,-0.022649,0.88408
0.0004502,-0.023569,0.87354
0.0014111,-0.01926,0.87156
-0.0030291,-0.015952,0.87314
-0.0028355,-0.024041,0.87281
0.0042118,-0.022105,0.8694
0.0010008,-0.018701,0.86222
-0.018865,-0.024347,0.85784
-0.016423,-0.021028,0.85223
-0.0056872,-0.019446,0.84974
-0.0031238,-0.018568,0.84519
-0.0063648,-0.018989,0.83672
0.0030744,-0.01477,0.84182
0.003485,-0.01643,0.83286
6.7692e-05,-0.019564,0.83745
-0.0066471,-0.02158,0.82358
-0.006099,-0.024546,0.815
-0.0096527,-0.017927,0.8106
-0.013159,-0.012042,0.80829
-0.016472,-0.016896,0.81048
-0.014288,-0.022438,0.80488
-0.012362,-0.01992,0.79597
-0.018425,-0.0164,0.79369
-0.016833,-0.015822,0.7929
-0.014115,-0.019902,0.78158
-0.016744,-0.023334,0.77426
-0.024681,-0.019904,0.76391
-0.02155,-0.013596,0.76106
-0.017867,-0.010522,0.76812
-0.02143,-0.013606,0.77107
-0.026007,-0.018368,0.76246
-0.02504,-0.021848,0.74918
-0.021309,-0.013885,0.74425
-0.021341,-0.0055125,0.74915
-0.011117,-0.010729,0.7594
-0.0089485,-0.019089,0.75715
-0.0075202,-0.013357,0.75609
-0.0070678,-0.010491,0.74971
-0.0026669,-0.016275,0.74691
-0.0099896,-0.017346,0.75353
-0.0040489,-0.013032,0.74855
-0.0055606,-0.015357,0.748
-0.0036211,-0.020119,0.74641
-0.0058105,-0.015979,0.73559
-0.0077688,-0.016217,0.73243
-0.0081713,-0.019966,0.72809
-0.0073719,-0.019134,0.7219
-0.0038223,-0.011399,0.71613
-0.0070226,-0.014242,0.72083
-0.0091426,-0.01702,0.71823
-0.016522,-0.020507,0.70994
-0.014762,-0.017705,0.70099
-0.0192,-0.012739,0.69704
-0.025097,-0.01074,0.69276
-0.033855,-0.011383,0.68694
-0.027647,-0.015747,0.68534
-0.023916,-0.01585,0.68044
-0.025197,-0.017296,0.67433
-0.027476,-0.020241,0.66702
-0.026103,-0.020669,0.65614
-0.021562,-0.017,0.65516
-0.024988,-0.012302,0.6383
-0.027814,-0.013252,0.64082
-0.022059,-0.0094913,0.63541
-0.012047,-0.013854,0.63601
-0.011044,-0.015326,0.63057
-0.024118,-0.016156,0.62113
-0.024092,-0.015726,0.61372
-0.012662,-0.010456,0.60713
-0.00412,-0.0039876,0.61031
-0.0063328,0.0034452,0.6155
-0.01719,-0.0043488,0.62845
-0.014583,-0.0091458,0.63121
-0.010936,-0.018193,0.63165
-0.0015584,-0.016777,0.62198
-0.0019304,-0.013931,0.61924
0.00049052,-0.0034161,0.62039
-0.0053846,-0.0035978,0.62464
-0.0074069,-0.0091618,0.62804
-0.011022,-0.015508,0.63933
-0.011519,-0.016568,0.64234
-0.013469,-0.01495,0.64588
-0.013242,-0.013782,0.64799
-0.013896,-0.013403,0.64631
-0.019876,-0.015204,0.64642
-0.026128,-0.015944,0.6481
-0.02256,-0.013058,0.65525
-0.022858,-0.014718,0.66651
-0.022121,-0.01407,0.67585
-0.030347,-0.015873,0.67338
-0.027322,-0.012574,0.6737
-0.021816,-0.012646,0.68679
-0.018425,-0.014683,0.68913
-0.010193,-0.017198,0.70462
0.0018635,-0.0145,0.71452
0.0029663,-0.015188,0.70941
0.00054199,-0.011578,0.71969
0.0051001,-0.014024,0.73065
0.013061,-0.012453,0.74558
0.010248,-0.010388,0.7476
0.0084453,-0.015057,0.75084
0.0043266,-0.017522,0.75072
0.0027066,-0.013578,0.75299
0.00019447,-0.013674,0.75165
0.00066772,-0.016085,0.74725
0.0012997,-0.016031,0.74755
0.0029445,-0.0088632,0.74418
-0.0024335,-0.0046116,0.74542
-0.0040625,-0.0046701,0.7502
-0.0039771,-0.0069002,0.74787
-0.0068086,-0.013355,0.74779
-0.0039721,-0.01172,0.74796
0.0043674,-0.0094096,0.7437
0.0080783,-0.013943,0.74503
0.011892,-0.017627,0.73811
0.0081374,-0.019003,0.74289
0.0056563,-0.014268,0.74328
0.013425,-0.01108,0.74773
0.016444,-0.013712,0.7472
0.0072822,-0.012117,0.74219
-0.004736,-0.013246,0.74409
0.0025937,-0.014511,0.74369
-1.8917e-05,-0.015113,0.75225
-0.004242,-0.011484,0.74897
-0.0092812,-0.010451,0.75475
-0.0044827,-0.015411,0.75932
0.00043979,-0.022584,0.76079
0.002366,-0.022755,0.76294
0.0056259,-0.022444,0.76617
-0.0023179,-0.017781,0.77469
-0.0088771,-0.020835,0.77586
-0.014285,-0.014854,0.7838
-0.01256,-0.014385,0.782
-0.013794,-0.020771,0.78605
-0.01986,-0.024581,0.7872
-0.020353,-0.013583,0.78874
-0.017984,-0.014729,0.79157
-0.01642,-0.020621,0.7967
-0.017036,-0.019188,0.79394
-0.01443,-0.021191,0.79985
-0.011846,-0.021714,0.80124
-0.010452,-0.01766,0.79946
-0.0069044,-0.013666,0.79428
-0.005786,-0.0088938,0.78899
-0.01181,-0.0053506,0.79053
-0.018696,-0.0060384,0.79521
-0.017498,-0.00038722,0.79086
-0.0096472,-0.0093054,0.77989
-0.011174,-0.0052971,0.77986
-0.018781,-0.0013857,0.78432
-0.019009,-0.0015534,0.79437
-0.0080724,-0.005059,0.80039
-0.0026853,-0.0062026,0.80376
-0.0094976,-0.013839,0.80439
-0.010627,-0.023246,0.80032
-0.0081924,-0.019422,0.78997
-0.0077896,-0.013358,0.79092
-0.012418,-0.011058,0.79257
-0.01089,-0.012992,0.79307
-0.011214,-0.0058162,0.79185
-0.0097936,-0.0066909,0.79814
-0.0096933,-0.011368,0.80506
-0.0071595,-0.017577,0.80663
-0.0064339,-0.017419,0.8107
-0.0069061,-0.014679,0.8119
-0.0056407,-0.018298,0.8173
-0.0084042,-0.017768,0.81191
-0.02009,-0.026302,0.79812
-0.012658,-0.013396,0.79795
-0.0064352,-0.0017561,0.79597
-0.0050311,0.001633,0.81146
-0.0087343,-0.010696,0.81656
-0.0051607,-0.011693,0.81174
-0.0022807,-0.013769,0.81121
0.00010364,-0.018266,0.81752
-0.0027272,-0.01408,0.82126
-0.0066027,-0.012858,0.81714
-0.0078753,-0.013806,0.81632
-0.0072048,-0.015525,0.81395
-0.0096756,-0.0081849,0.81355
-0.0051452,-0.0010743,0.81675
-0.0087837,0.0019068,0.81775
-0.01192,-0.009615,0.81944
-0.0098922,-0.00060654,0.81726
-0.01162,-0.0032926,0.81475
-0.017549,-0.00016817,0.814
-0.011343,-0.0068994,0.81103
-0.0075101,-0.0028176,0.81689
-0.011041,-0.0064245,0.81802
-0.011286,-0.0053871,0.81946
-0.015378,-0.0020982,0.81471
-0.023247,-0.0028622,0.82151
-0.02023,-0.00097413,0.82503
-0.022891,-0.008154,0.8232
-0.025464,-0.00983,0.82083
-0.024284,-0.0089423,0.81579
-0.020743,-0.0048915,0.81537
-0.017483,-0.005153,0.8199
-0.014899,-0.0147,0.81818
-0.007499,-0.0088868,0.81479
0.0029464,-0.0072801,0.81195
0.012907,0.00076424,0.8124
0.012243,-0.0014233,0.82007
-0.00091513,-0.009572,0.81626
0.0088561,-0.0056451,0.8162
0.013993,-0.0057121,0.81231
0.0078671,-0.0081082,0.81138
1.2275e-05,-0.0086899,0.81882
-0.00035115,-0.004534,0.81835
-0.0045727,-0.0023024,0.82471
-0.0026824,-0.0079664,0.8265
-0.0029898,-0.0041742,0.82916
-0.0066403,-0.01002,0.82346
-0.010334,-0.012293,0.81986
-0.0073983,-0.0069173,0.81565
-0.005694,0.0076434,0.82374
-0.0076803,0.0093477,0.83331
-0.0087032,-0.0025114,0.8429
-0.0033966,-0.0021671,0.84144
-0.00064651,-0.004947,0.84913
-0.010238,-0.010243,0.85453
-0.012686,-0.011512,0.85795
-0.01092,-0.012148,0.86082
-0.012768,-0.012962,0.86488
-0.017066,-0.021735,0.86892
-0.014829,-0.014828,0.86424
-0.0044028,-0.018625,0.87071
-0.002928,-0.024873,0.87026
-0.0062121,-0.022995,0.87843
-0.012956,-0.013672,0.8865
-0.0182,-0.015654,0.89189
-0.017026,-0.018017,0.90136
-0.022123,-0.01713,0.90893
-0.017632,-0.026051,0.90598
-0.016513,-0.021477,0.90222
-0.018892,-0.01613,0.89577
-0.0085721,-0.0070133,0.88982
-0.0039834,-0.0056794,0.89267
-0.0013557,-0.0043815,0.89589
0.0022397,-0.0017385,0.90566
0.020012,-0.015725,0.91826
0.012896,-0.015311,0.92446
0.017582,-0.0188,0.92563
0.00076924,-0.013138,0.92539
0.028373,-0.080668,0.98094
0.031108,-0.098174,1.0031
0.046705,-0.1023,1.004
0.030502,-0.078601,0.98307
0.028721,-0.065988,0.97802
0.029441,-0.071989,0.97868
0.019021,-0.048795,0.97821
0.010791,-0.052268,0.98429
0.002664,-0.042738,0.98373
0.0075334,-0.048553,0.98081
-0.0033983,-0.040419,0.96317
-0.00090676,-0.043755,0.97505
0.008283,-0.033186,0.96826
0.0073444,-0.033783,0.9731
0.0031294,-0.030674,0.96444
0.0029013,-0.030738,0.96866
0.0061125,-0.027895,0.96244
-0.0037547,-0.030925,0.96156
-0.0092664,-0.028932,0.96037
-0.0051834,-0.028714,0.95076
-0.012055,-0.026995,0.9571
-0.0023378,-0.019456,0.95123
-0.009347,-0.029526,0.95135
-0.0080346,-0.026575,0.94484
-0.0012506,-0.022876,0.94781
-0.0084299,-0.023843,0.95046
-0.014892,-0.029548,0.9493
-0.0071867,-0.021655,0.94782
0.0004995,-0.019843,0.94838
-0.0053055,-0.031984,0.94065
-0.00017192,-0.032773,0.94039
0.0051066,-0.023213,0.93392
0.0025878,-0.020576,0.93977
0.000476,-0.021399,0.9454
0.0021669,-0.020316,0.95011
0.0040956,-0.022658,0.95415
0.0050688,-0.024063,0.95138
0.0023527,-0.024814,0.95069
0.0057797,-0.022291,0.95216
0.0085561,-0.020193,0.95813
0.0068858,-0.021131,0.963
0.0090418,-0.022149,0.96532
0.0040257,-0.017755,0.96933
0.0076093,-0.016321,0.97841
0.0019027,-0.022717,0.97993
0.0029317,-0.025392,0.97026
0.0055127,-0.022975,0.96908
0.0076813,-0.018789,0.97345
0.010124,-0.018281,0.98169
0.0080613,-0.020129,0.9883
0.0048405,-0.022864,0.98921
0.0073941,-0.020163,0.99308
0.0018709,-0.021179,0.99518
-0.0039631,-0.021292,1.0001
-0.00047121,-0.021868,0.99886
-0.0012153,-0.023533,1.0033
-0.00062561,-0.022203,1.0055
-0.0022705,-0.019655,1.0094
0.002554,-0.019837,1.0084
-0.0007571,-0.019496,1.0167
-0.00093758,-0.017882,1.0133
-0.0028827,-0.021018,1.0137
-0.0031095,-0.023096,1.0151
-0.0031763,-0.026148,1.0094
7.351e-05,-0.025888,1.0095
-0.0010011,-0.021003,1.0112
0.001203,-0.022639,1.0168
0.0048519,-0.021925,1.0192
0.0035565,-0.023696,1.0202
0.0022826,-0.029711,1.0118
0.0055468,-0.029607,1.0059
0.0049599,-0.027135,1.0066
0.0085763,-0.02477,1.0085
0.0092266,-0.025018,1.0177
0.013025,-0.028225,1.0157
0.010826,-0.027647,1.016
0.0090289,-0.028084,1.017
0.0074424,-0.030395,1.0113
0.0055612,-0.031648,1.0133
0.0069935,-0.028747,1.0088
0.0045548,-0.024679,1.0155
0.0084833,-0.02656,1.0165
0.0064261,-0.02784,1.0121
0.0078686,-0.031303,1.0135
0.0055935,-0.026129,1.0114
0.0065422,-0.025716,1.0137
0.0037373,-0.026136,1.014
0.0050459,-0.025925,1.0117
0.005133,-0.025452,1.0094
0.0054774,-0.024889,1.0067
0.0074524,-0.024851,1.0017
0.0099468,-0.024343,0.99927
0.0017243,-0.022748,0.99538
0.002138,-0.022018,0.99181
-0.00059764,-0.023976,0.98225
0.00075505,-0.025281,0.9722
0.00014637,-0.025616,0.9615
-0.00079813,-0.026078,0.94997
-0.0014356,-0.02603,0.93702
-0.0025955,-0.026386,0.92446
-0.0069434,-0.02412,0.91239
-0.011572,-0.028404,0.89403
-0.011639,-0.030225,0.87744
-0.011657,-0.026248,0.85843
-0.0085474,-0.028256,0.84097
-0.0059311,-0.028111,0.82329
-0.0018197,-0.028522,0.80604
0.0017509,-0.027276,0.79403
0.0039317,-0.027833,0.78332
0.0021501,-0.029688,0.77086
0.001308,-0.028608,0.75863
0.0029261,-0.025354,0.74567
0.002744,-0.027187,0.73669
0.0084495,-0.029311,0.72316
0.0083698,-0.031305,0.70774
0.0077389,-0.032116,0.70035
0.0090512,-0.027406,0.69914
0.012349,-0.020669,0.70208
0.016114,-0.021604,0.71396
0.010929,-0.023317,0.7194
0.014182,-0.022144,0.7244
0.015462,-0.024482,0.73002
0.013447,-0.024218,0.72799
0.013802,-0.02332,0.7323
0.014425,-0.022954,0.73193
0.016831,-0.017568,0.73721
0.015195,-0.013908,0.74699
0.01125,-0.0094042,0.75601
0.010134,-0.010367,0.77621
-0.0012559,-0.016459,0.78743
-0.0017911,-0.021802,0.78872
0.0019093,-0.028238,0.78698
0.00036896,-0.025875,0.78977
0.00045364,-0.021898,0.79325
0.0069752,-0.015632,0.80524
0.0067194,-0.015219,0.80582
0.012953,-0.021666,0.80849
0.0088337,-0.022414,0.79924
0.0049464,-0.018191,0.79184
0.0034618,-0.018868,0.78908
0.0010035,-0.017143,0.78481
0.0021665,-0.019887,0.77675
0.0066697,-0.021316,0.77065
0.010936,-0.022564,0.75951
0.0069024,-0.023638,0.75473
0.0062904,-0.022944,0.74336
0.010102,-0.022894,0.72913
0.0072237,-0.02579,0.71991
0.0019717,-0.023197,0.71424
-0.0025131,-0.021965,0.7084
0.0092921,-0.019904,0.71804
0.019923,-0.0162,0.70292
0.02543,-0.01907,0.71061
0.030226,-0.021895,0.71412
0.031212,-0.020628,0.70743
0.034341,-0.021058,0.7299
0.030072,-0.013064,0.72764
0.024477,-0.013132,0.74846
0.015628,-0.015517,0.75546
0.018119,-0.014605,0.75332
0.011189,-0.022952,0.76064
0.0018131,-0.027321,0.76331
-0.0020619,-0.025918,0.76772
0.0025199,-0.019987,0.77398
-0.00049377,-0.028328,0.76751
-0.017595,-0.040338,0.75656
-0.014552,-0.032646,0.75291
-0.0018901,-0.010722,0.75582
-0.015257,-0.0059052,0.77907
-0.02441,-0.014345,0.79321
-0.015982,-0.023777,0.78761
-0.017304,-0.042464,0.76498
-0.018468,-0.032698,0.74104
-0.014156,-0.010446,0.75232
-0.01321,-0.0011654,0.76547
-0.019896,-0.012226,0.7696
-0.014956,-0.026918,0.75342
-0.0042907,-0.029261,0.7312
-0.0025307,-0.023185,0.71615
-0.0061135,-0.018489,0.71344
-0.0085577,-0.01743,0.71004
-0.0079542,-0.016258,0.69964
-0.010236,-0.016507,0.68633
-0.016129,-0.015861,0.67644
-0.016612,-0.01592,0.66628
-0.012258,-0.018599,0.66209
-0.0062907,-0.021197,0.65354
0.0028461,-0.018393,0.64942
0.01179,-0.014126,0.6338
0.014699,-0.017285,0.62744
0.0078558,-0.016959,0.59883
0.010218,-0.017364,0.57476
0.0048681,-0.014462,0.55816
0.0072189,-0.013475,0.53343
0.0010247,-0.013445,0.51769
0.009217,-0.018033,0.49115
0.012428,-0.021499,0.45535
0.016645,-0.020346,0.42976
0.012308,-0.013708,0.40545
0.0042865,-0.0086418,0.37826
-0.00012301,7.7583e-05,0.36734
0.0074163,0.0013178,0.35167
0.0090858,-0.0045217,0.33678
0.015492,-0.0047427,0.32171
0.014563,-0.003728,0.30442
-0.0019146,-0.0045756,0.28664
-0.012279,-0.0081577,0.26502
-0.01265,-0.0056469,0.24688
-0.0079678,-0.0024393,0.22549
-0.0012968,-0.004851,0.20184
0.0021397,-0.0077326,0.17713
0.0009551,-0.006691,0.15942
-0.0093057,0.00076531,0.1511
-0.015557,-0.0012577,0.14973
-0.012953,0.0020035,0.15215
-0.0013204,0.0037549,0.15728
-0.0048046,0.0039598,0.15301
-0.012056,-0.0008119,0.14735
-0.020924,-0.0019755,0.14544
-0.02355,-0.0027556,0.14526
-0.0213,-0.0010789,0.14838
-0.017907,-0.00018775,0.16161
-0.018905,0.0014598,0.17638
-0.026312,0.0044508,0.19404
-0.036631,0.0035571,0.21177
-0.032639,-0.0020122,0.22395
-0.017755,-0.0086848,0.23375
-0.011796,-0.0075315,0.24755
-0.016602,-0.0077833,0.25113
-0.023177,-0.0021802,0.2634
-0.023597,-0.0001187,0.27007
-0.028963,-0.0064984,0.27054
-0.034331,-0.0063378,0.2881
-0.036107,-0.0052559,0.29941
-0.036891,-0.002275,0.29966
-0.049071,-0.00090079,0.32344
-0.051129,0.00045891,0.33493
-0.040653,-0.0029417,0.33429
-0.036317,-0.0047821,0.3645
-0.034858,-0.0056331,0.36115
-0.042257,-0.0046321,0.39172
-0.045113,-0.0046939,0.40659
-0.043485,-0.0044083,0.40743
-0.054631,-0.0047323,0.43766
-0.07616,-0.0060601,0.45296
-0.077054,-0.0069507,0.46262
-0.065436,-0.006665,0.49225
-0.066665,-0.006106,0.50221
-0.058276,-0.0069409,0.5298
-0.057718,-0.0057502,0.54894
-0.037732,-0.0057021,0.55651
-0.013799,-0.00040254,0.5752
-0.020503,-0.0023358,0.59407
-0.024002,-0.0031895,0.60308
-0.029742,-0.0052581,0.62697
-0.028318,-0.0031928,0.63827
-0.013969,-0.014665,0.6703
-0.0064083,-0.020552,0.68682
-0.003899,-0.024884,0.70369
-0.0071072,-0.021083,0.71761
-0.0032752,-0.021701,0.73114
-0.0098271,-0.015963,0.74574
-0.0047518,-0.018375,0.76113
-0.0099834,-0.016611,0.77467
-0.0035121,-0.01688,0.79034
-0.0064926,-0.013617,0.80423
-0.006312,-0.015294,0.82017
-0.009966,-0.014641,0.83255
-0.0084393,-0.014843,0.84512
-0.0054035,-0.014498,0.85474
-0.0053254,-0.013805,0.86228
-0.0069369,-0.014708,0.87867
-0.011144,-0.01712,0.88484
-0.0074321,-0.014487,0.8983
-0.0096,-0.010374,0.90969
-0.012997,-0.0096532,0.92491
-0.010465,-0.01163,0.93869
-0.0096799,-0.01588,0.94814
-0.0049376,-0.012625,0.95862
-0.0032491,-0.012817,0.96764
-0.0051045,-0.013479,0.98174
-0.0070739,-0.012136,0.9924
-0.0064598,-0.01303,1.0056
-0.0085335,-0.014747,1.0153
-0.0076774,-0.014144,1.0251
-0.0099615,-0.014047,1.0395
-0.0077915,-0.013435,1.0489
-0.0064993,-0.02649,1.052
-0.026689,-0.017459,1.0472
-0.019877,-0.017292,1.0577
-0.017283,-0.016472,1.0626
-0.015658,-0.017554,1.0753
-0.016983,-0.020196,1.0755
-0.010316,-0.01361,1.0813
-0.011762,-0.0043773,1.0814
-0.0099761,-0.0035167,1.0802
-0.004565,-0.0082495,1.0937
-0.0045142,-0.010734,1.092
-0.001104,-0.013622,1.0871
-0.0006508,-0.012413,1.0932
-0.0023398,-0.019193,1.0919
-0.010879,-0.033956,1.1102
0.0009579,-0.030443,1.1107
-0.0025222,-0.034162,1.0913
0.00044444,-0.030817,1.107
0.0013876,-0.028858,1.09
0.0063235,-0.021074,1.1083
0.018439,-0.015279,1.1093
0.013134,-0.019486,1.0862
0.017088,-0.025914,1.1126
0.020689,-0.027364,1.0918
0.017368,-0.023418,1.1128
0.016213,-0.024961,1.1153
0.018612,-0.026335,1.1101
0.014789,-0.025149,1.1294
0.012362,-0.024704,1.1266
0.013974,-0.020851,1.1196
0.012338,-0.019026,1.1358
0.010558,-0.021905,1.1327
0.006618,-0.014042,1.1414
-0.0043532,-0.013685,1.1418
-0.013069,-0.015349,1.1462
-0.015268,-0.017359,1.1466
-0.013417,-0.015785,1.1515
-0.01046,-0.01563,1.1576
-0.0087445,-0.01138,1.1695
-0.009775,-0.010319,1.1806
-0.012986,-0.0094629,1.1934
-0.013243,-0.011537,1.2
-0.018033,-0.014287,1.2051
-0.016742,-0.015175,1.2064
-0.015053,-0.014945,1.221
-0.01379,-0.014086,1.2285
-0.015949,-0.01538,1.2405
-0.018014,-0.016296,1.2471
-0.019471,-0.013856,1.2508
-0.014865,-0.013233,1.2621
-0.016068,-0.015661,1.2728
-0.010232,-0.014869,1.2734
-0.010996,-0.014337,1.2854
-0.013696,-0.014497,1.2921
-0.010886,-0.015941,1.3011
-0.013643,-0.01538,1.3083
-0.0056719,0.0062343,1.3355
-0.0086098,0.0035165,1.3434
-0.0066324,0.0056057,1.351
-0.0085234,-0.0026118,1.3533
-0.0044305,0.0013984,1.3638
-0.0061318,-0.0057646,1.3697
-0.0062031,-0.0072166,1.3765
-0.006797,-0.020248,1.3818
-0.0060199,-0.020446,1.39
-0.0038272,-0.017704,1.3961
-0.0057315,-0.01899,1.4044
-0.0037872,-0.018663,1.4121
-0.0061314,-0.019153,1.416
-0.0041044,-0.017829,1.4292
-0.0069378,-0.016291,1.4313
-0.0057636,-0.017419,1.4442
-0.008162,-0.017537,1.4487
-0.0051696,-0.018689,1.4574
-0.0052334,-0.016551,1.4622
-0.0047979,-0.01573,1.475
-0.007358,-0.017233,1.4762
-0.0084929,-0.015756,1.4859
-0.010098,-0.017486,1.4916
-0.0076067,-0.022348,1.5064
-0.0086569,-0.022103,1.5014
-0.010447,-0.020171,1.4978
-0.011847,-0.018417,1.5033
-0.013265,-0.021672,1.5048
-0.019568,-0.033168,1.511
-0.022763,-0.040117,1.5162
-0.02225,-0.040856,1.5153
-0.01721,-0.035462,1.5175
-0.017509,-0.032376,1.5192
-0.015525,-0.03221,1.5178
-0.015187,-0.031523,1.5252
-0.017624,-0.033008,1.5192
-0.014007,-0.028866,1.5181
-0.016347,-0.030327,1.5159
-0.011508,-0.028024,1.5178
-0.012669,-0.026142,1.5157
-0.014737,-0.02722,1.5115
-0.013028,-0.024567,1.5064
-0.0051664,-0.024361,1.5083
-0.00091737,-0.024002,1.5081
0.0071616,-0.019679,1.5064
0.005099,-0.025237,1.5023
0.0010798,-0.02514,1.4984
-0.0066874,-0.023951,1.5063
-0.0070803,-0.023236,1.5047
-0.008435,-0.023487,1.5028
-0.0048867,-0.021034,1.503
-0.0075101,-0.020104,1.5032
0.0016135,-0.019231,1.5008
-0.0032644,-0.023066,1.5034
0.0021002,-0.021346,1.4974
-0.001021,-0.022698,1.4973
0.0011095,-0.021607,1.4948
0.0037778,-0.024278,1.4961
-0.0001258,-0.028319,1.4858
-0.0008911,-0.029998,1.4751
-0.0054624,-0.028059,1.4738
-0.0038062,-0.030517,1.4634
-5.2522e-05,-0.02788,1.4542
0.0079666,-0.025417,1.4426
0.0060762,-0.02902,1.4369
0.0040461,-0.032183,1.4283
0.0043851,-0.031299,1.4177
0.002888,-0.031102,1.4105
0.0036896,-0.03251,1.3961
0.0019089,-0.032721,1.38
0.002538,-0.028843,1.3549
-2.7982e-05,-0.029146,1.3355
0.0022625,-0.028875,1.3084
0.0050987,-0.02954,1.2807
0.0095768,-0.031666,1.2467
0.0039811,-0.031163,1.2249
0.0047076,-0.029942,1.2026
0.0035346,-0.02844,1.1649
0.0010223,-0.028412,1.1316
0.00041274,-0.025513,1.0973
0.004972,-0.026627,1.0634
0.0080724,-0.027474,1.0234
-0.0043461,-0.03328,0.98884
0.0020603,-0.031867,0.94153
0.0026751,-0.02971,0.90087
0.0047608,-0.030236,0.86209
0.0061053,-0.028044,0.81615
0.0059896,-0.027158,0.77688
0.0099489,-0.023269,0.73793
0.022325,-0.024293,0.69366
0.020767,-0.019243,0.66788
0.032326,-0.016473,0.64353
0.052308,-0.014812,0.59019
0.037244,-0.014307,0.62513
0.061264,-0.01627,0.55488
0.034715,-0.012981,0.61403
0.027461,-0.011762,0.6159
0.081932,-0.015219,0.51925
0.019428,-0.017449,0.59545
0.1099,-0.021607,0.47923
0.01575,-0.011152,0.5721
0.13202,-0.007906,0.46124
0.030489,-0.01067,0.53772
0.033934,-0.0088864,0.5369
0.13843,-0.012534,0.4587
0.01863,-0.0072309,0.52784
0.14182,-0.0094436,0.47246
0.030926,-0.014325,0.52571
0.028314,-0.0040561,0.52629
0.15976,-0.01804,0.49152
0.017037,0.0059623,0.52829
0.15192,-0.0065489,0.52161
0.014185,-0.0039824,0.54638
0.0039957,-0.0094896,0.55378
0.15541,-0.021574,0.5681
0.014356,-0.007486,0.55862
0.15543,-0.02362,0.59683
0.011975,-0.001328,0.56964
0.030473,-0.000966,0.58769
0.14212,-0.0081596,0.65101
0.034354,-0.0049499,0.61632
0.040656,-0.002362,0.63686
0.10237,-0.0023451,0.69412
0.035359,0.0067981,0.66685
0.036227,0.0041223,0.68715
0.05191,0.0023293,0.72901
0.032616,-0.00029376,0.72339
0.020387,-0.0027213,0.742
0.024956,-0.0012386,0.75783
0.019243,-0.0053945,0.75606
0.028698,0.0098569,0.78948
0.007459,-0.0029654,0.7887
0.0035181,-0.0069781,0.78956
0.023774,0.0042071,0.81121
0.014914,-0.0025122,0.80821
0.013735,-0.0058618,0.81466
0.020857,-0.0029494,0.83104
0.025029,-0.0024182,0.81478
0.034475,-0.0025921,0.83707
0.025343,-0.0056592,0.82241
0.018116,-2.7706e-06,0.84048
0.022126,-0.0078382,0.85406
0.017389,-0.0053348,0.8466
0.0032832,-0.012251,0.85493
-0.0028485,-0.0082745,0.87633
-0.014292,-0.012852,0.88434
-0.026081,-0.017499,0.89132
-0.026371,-0.019772,0.89635
-0.020784,-0.016919,0.89589
-0.015211,-0.013653,0.91104
-0.015288,-0.01201,0.9147
-0.013778,-0.011978,0.93328
-0.014029,-0.01942,0.94159
-0.021232,-0.022813,0.94798
-0.021297,-0.027516,0.952
-0.0069599,-0.025736,0.95896
-0.011705,-0.022743,0.97702
-0.012229,-0.025843,0.98659
-0.0072556,-0.016773,0.99931
-0.0039013,-0.02253,1.0109
-0.011626,-0.019805,1.017
-0.0028672,-0.019877,1.0178
-0.0061058,-0.021429,1.0136
-0.0062646,-0.020886,1.0142
-0.0071025,-0.02022,1.0126
-0.014615,-0.021035,1.0158
-0.011664,-0.020329,1.0116
-0.010461,-0.024018,1.0032
-0.01336,-0.028215,1.0044
-0.014303,-0.03012,0.99839
-0.0058099,-0.021664,0.98607
-0.0067097,-0.022082,0.97972
-0.011818,-0.026833,0.96762
-0.016913,-0.018307,0.97057
-0.017012,-0.015182,0.96472
-0.011575,-0.01016,0.95669
-0.0079733,-0.012151,0.94903
-0.011618,-0.018623,0.93577
-0.014675,-0.021319,0.92688
-0.013313,-0.014671,0.91551
-0.018873,-0.0089282,0.9127
-0.014725,-0.0094427,0.89722
-0.013858,-0.012807,0.88551
-0.019179,-0.0088202,0.86638
-0.016776,-0.0065943,0.8497
-0.015844,-0.0017962,0.83535
-0.017182,-0.00271,0.81339
-0.020946,0.0034833,0.78915
-0.020317,-0.0080954,0.76706
-0.011363,-0.009789,0.7435
-0.0090456,-0.01026,0.71858
-0.016562,-0.012912,0.69334
-0.021099,-0.017333,0.66269
-0.013812,-0.015349,0.63437
-0.018563,-0.019091,0.60344
-0.012492,-0.01488,0.57185
-0.0059588,-0.016581,0.53276
-0.0077257,-0.012789,0.50119
-0.0066892,-0.0097926,0.46972
-0.013623,-0.0039309,0.43587
-0.0073048,0.0033207,0.41012
0.0061494,0.0025688,0.37389
0.0080165,-0.0051867,0.34614
0.0019472,0.0012968,0.31614
-0.0045103,-0.0020379,0.28822
0.0030339,0.0049412,0.26336
0.003753,-0.0039784,0.24517
-0.0030068,-0.0014784,0.22343
-0.0012365,0.0050877,0.21685
-0.0015919,0.0080231,0.21089
-0.00091895,0.0020373,0.20733
-0.00017356,0.010382,0.20738
-0.0027787,0.0082755,0.20857
-0.0039697,0.0025476,0.20353
-0.0016782,0.0065763,0.20216
-0.0045296,0.007404,0.20351
-0.0048663,0.0076418,0.20179
-0.0017503,0.0047209,0.20605
0.0010402,0.0004302,0.19743
0.0007855,-0.0053508,0.19413
-0.00061028,-0.005673,0.18463
-0.0050423,-0.0084117,0.18199
-0.0048073,-0.0017428,0.18224
-0.00061005,-0.0064329,0.17729
0.0014602,-0.0057124,0.17207
0.00063465,-0.00077794,0.16432
-0.0051088,0.002512,0.15448
-0.0069183,-0.0059121,0.14685
-0.0031488,-0.0083148,0.14362
0.0015568,-0.0055398,0.14097
0.0027229,-0.00044696,0.1421
-0.0048852,-0.00078812,0.13938
-0.0072706,0.0073109,0.1467
-0.0092221,0.0062382,0.14419
-0.00735,-0.0034847,0.1348
-0.0048283,-0.0077044,0.12943
-0.0039307,-0.0083659,0.12964
-0.0045444,-0.0057436,0.13081
-0.00561,-0.0005502,0.13434
-0.0036937,0.0048871,0.14004
-0.0034604,0.0079617,0.15007
-0.0030667,0.0026464,0.15917
-0.0038958,0.001909,0.17761
-0.0051472,0.0010422,0.20394
-0.0088486,8.7746e-05,0.23213
-0.010293,-0.0016531,0.26056
-0.0065586,0.001976,0.29043
-0.0042792,0.010379,0.31952
-0.010029,0.017016,0.34599
-0.01403,0.01059,0.37665
-0.010712,0.0047497,0.39568
-0.0050683,0.02179,0.42813
-0.0052658,0.015355,0.44907
-0.011849,0.010725,0.47297
-0.013595,0.0073556,0.4888
-0.01119,0.014496,0.5147
-0.0062707,0.016316,0.54288
0.00074166,0.016134,0.56422
-0.008039,0.010839,0.57722
-0.017354,0.011967,0.59886
-0.01158,0.0095521,0.62203
-0.012022,-0.0017778,0.63167
-0.010536,0.0033333,0.65628
-0.011164,0.0050838,0.67315
-0.0046262,0.0043914,0.6924
-0.0052359,0.00029421,0.71136
-0.0079213,-0.0052639,0.72929
-0.017876,-0.005611,0.74054
-0.018933,-0.0057571,0.75985
-0.0057108,-0.0016741,0.77562
-0.0015686,-0.00086109,0.80045
-0.015727,-0.0074807,0.81969
-0.018679,-0.015603,0.83127
-0.017026,-0.014086,0.84801
-0.013428,-0.011555,0.85797
-0.018503,-0.015404,0.88571
-0.012714,-0.010091,0.89461
-0.019925,-0.018583,0.90526
-0.012682,-0.013126,0.91568
-0.012874,-0.023375,0.92236
-0.011826,-0.019996,0.92114
-0.012624,-0.022175,0.91997
-0.0024081,-0.020158,0.91821
-0.007201,-0.022447,0.91437
-0.0077724,-0.022214,0.91903
-0.0038212,-0.01062,0.91782
-0.0010169,-0.010618,0.91849
0.0037071,-0.0074161,0.91928
0.0020514,-0.011236,0.9276
-0.0016955,-0.01732,0.93367
-0.0055821,-0.016147,0.93413
-0.0022791,-0.013487,0.93466
-0.0027813,-0.011182,0.93988
-0.00021928,-0.012759,0.9417
-0.0035725,-0.012294,0.94679
-0.0033516,-0.017921,0.9497
-0.0020007,-0.01217,0.94738
-0.0020844,-0.0077677,0.95183
-0.0043485,-0.0070354,0.95729
-0.0056482,-0.013264,0.95744
-0.0062327,-0.017592,0.96611
-0.0078277,-0.019667,0.9668
-0.009527,-0.014367,0.96869
-0.0089523,-0.010463,0.97194
-0.0076094,-0.014242,0.97843
-0.0060211,-0.016372,0.9811
-0.0087135,-0.018635,0.97588
-0.0076983,-0.017333,0.97534
-0.0072924,-0.019728,0.97204
-0.013335,-0.019274,0.97657
-0.011945,-0.022517,0.97206
-0.010718,-0.019137,0.97312
-0.0048382,-0.016608,0.96487
-0.0089668,-0.013607,0.96417
-0.0079156,-0.012956,0.95946
-0.006673,-0.016549,0.95478
-0.0044262,-0.014773,0.94739
-0.010307,-0.016266,0.94257
-0.0098401,-0.013544,0.94223
-0.0092689,-0.010937,0.94102
-0.0073626,-0.015528,0.93901
-0.010129,-0.019174,0.92941
-0.010648,-0.024274,0.91652
-0.0070716,-0.019577,0.91827
0.0014262,-0.012866,0.91434
0.005515,-0.012899,0.91055
0.0053502,-0.013913,0.90109
-0.00035557,-0.021194,0.8879
0.00015401,-0.02079,0.88213
-0.0052999,-0.02226,0.86645
-0.0087935,-0.021647,0.85494
-0.0085134,-0.020377,0.82638
-0.0079688,-0.018616,0.80664
-0.011204,-0.013945,0.79118
-9.2052e-05,-0.0048925,0.77433
0.0039416,-0.0068818,0.75315
0.0029637,-0.011241,0.7168
-0.0059267,-0.018283,0.68791
0.0034092,-0.018236,0.65482
-0.0019432,-0.01391,0.62636
-0.0062473,-0.01349,0.60585
-0.0083448,-0.015381,0.5813
-0.0022487,-0.020453,0.55781
-0.0063227,-0.027719,0.53524
-0.012851,-0.020459,0.51704
-0.013181,-0.016575,0.50724
-0.0078234,-0.01018,0.49699
-0.005244,-0.015436,0.48691
-0.005417,-0.011866,0.47799
-0.0076282,-0.013455,0.46382
-0.0054485,-0.0079537,0.45258
-0.00013191,-0.0076239,0.44353
0.0022517,-0.005821,0.43441
0.00062496,-0.0050265,0.42466
0.00012955,-0.0054245,0.41595
-0.0029071,-0.0039728,0.40215
-0.0031791,-0.010331,0.38716
-0.001978,-0.01247,0.37402
-0.001498,-0.0226,0.3587
-0.0062032,-0.0161,0.34906
-0.0047951,-0.021929,0.33384
0.0012541,-0.018226,0.32308
0.0030737,-0.017252,0.31233
-0.00053461,-0.0063745,0.30559
-0.0066028,-0.0059622,0.29383
-0.0083569,-0.0056313,0.27896
-0.010195,-0.0052529,0.26435
-0.0092254,-0.0096341,0.25005
-0.0055958,-0.010667,0.23076
7.4178e-05,-0.0050319,0.21892
-0.0018398,-0.0061316,0.20591
-0.0026142,-0.0082347,0.19626
-0.00521,-0.010549,0.18045
-0.0077108,-0.0086752,0.17031
-0.0036459,-0.002367,0.15913
-0.0019507,-0.0013966,0.14953
-0.0047486,-0.0009628,0.14199
-0.0066057,-0.0018724,0.13134
-0.0057101,-0.0014582,0.12451
-0.0035155,-0.0018753,0.11648
-0.0052186,-0.0047471,0.10586
-0.007149,-0.002641,0.09999
-0.0076319,-0.0041986,0.094773
-0.0019316,-0.00097623,0.091253
0.0021374,-0.0015078,0.085192
-0.0017037,-0.0020176,0.076892
-0.0013046,-0.00022474,0.072295
0.0014913,0.0057714,0.068879
-0.00039227,-0.00061219,0.062407
0.00076459,-0.0054687,0.058471
-0.00056011,-0.0030876,0.055636
-0.0015479,-0.0031382,0.052226
-0.0013081,-0.0012537,0.047626
-0.00083457,-0.002917,0.043684
-0.00083563,-0.0027826,0.03837
-0.0012541,-0.0040229,0.035728
-0.0024901,-0.0033764,0.030575
-0.0023771,-0.0037172,0.026206
-0.0027009,-0.0019468,0.020707
-0.002633,-0.0010135,0.016934
-0.0025197,-0.0010015,0.014217
-0.0014432,0.0022667,0.012205
-0.0012754,0.0036318,0.01179
-0.001601,0.0033381,0.011569
0.0035647,0.0094453,0.019485
0.002356,0.0081421,0.019719
0.0065657,0.01308,0.02879
0.0038148,0.0099781,0.030902
0.0045293,0.0084893,0.033521
0.001897,0.0044331,0.032811
-0.00014937,0.0030573,0.034168
-0.00061324,0.0031393,0.038964
-0.00068737,0.0028418,0.043189
-0.0020349,0.0028057,0.047792
-0.0029077,0.0014876,0.05114
-0.0028197,-0.0026158,0.057962
-0.0023112,-0.0019716,0.061014
-0.00081396,-0.0047054,0.0689
-0.00047956,-0.0043955,0.071723
-0.0015295,-0.0067509,0.077356
-0.0015393,-0.0067524,0.081786
-0.001771,-0.0088914,0.087487
-0.0015497,-0.0075479,0.091131
-0.00082591,-0.0073579,0.095199
-0.0037703,-0.0087584,0.10157
-0.0044493,-0.0057715,0.10341
-0.0045838,-0.010206,0.10519
-0.0011654,-0.0048111,0.10738
0.00046535,-0.0064543,0.11339
-0.00055604,-0.007043,0.11489
0.00060029,-0.0092377,0.11652
0.0035156,-0.0069767,0.11702
0.0025757,-0.010114,0.11596
-0.0024372,-0.013296,0.11107
-0.0041915,-0.011488,0.10552
-0.0046581,-0.010598,0.10118
-0.0021639,-0.0058217,0.097003
-0.0035302,-0.0089465,0.092175
-0.0027902,-0.0078067,0.085242
-0.0047846,-0.011328,0.079175
-0.0032935,-0.0059527,0.07083
