0.00057894,0.015322,-0.0015087
5.4485e-05,0.020383,-0.0035867
-0.00032949,0.02815,-0.00032928
-0.0028376,0.033674,0.00017712
-0.0021862,0.036606,0.002979
-0.0010743,0.038739,0.003865
-0.0032438,0.04471,0.0016149
-0.002378,0.048413,-0.0010846
-0.0072719,0.051086,0.00040069
-0.0093582,0.04784,0.0061254
-0.0041783,0.053699,0.0055112
-0.0033519,0.057776,-0.0027727
-0.0057719,0.059394,-0.00014804
-0.003652,0.059968,0.0058033
-0.001696,0.060536,0.0057148
-0.0020053,0.059189,0.0038681
9.8602e-05,0.057492,0.0036224
-4.8937e-05,0.058835,0.0018346
-0.002184,0.056982,-0.0022134
-0.0025146,0.053252,0.00084244
-0.0029475,0.048767,0.0014096
-0.0048527,0.044024,0.00059213
-2.3861e-05,0.041496,-2.0279e-05
-9.1232e-05,0.041063,0.00090939
0.0037786,0.038195,0.0042395
0.003698,0.032152,0.0033103
0.0049347,0.027455,0.0015656
0.0025121,0.022066,0.0019292
-0.00012376,0.016544,0.0020119
-0.0013887,0.012592,0.0037971
-0.0026357,0.011116,-0.0023918
-0.0040611,0.012893,-0.0012403
-0.0011963,0.010305,0.00014528
-0.0020084,0.010546,-0.00032267
-0.0020447,0.0099209,-0.00083585
-0.0011891,0.011211,0.003118
-0.0016587,0.011856,-0.0025388
-0.0031732,0.0099739,-0.0027048
-0.0067214,0.013396,-0.00070647
0.00012092,0.013034,-0.0015182
-0.0019539,0.013062,0.00072271
0.0010227,0.012784,-0.0015455
-0.0012119,0.01652,0.00019549
0.0023965,0.019474,-1.4619e-05
0.00068066,0.025265,-0.0017623
0.0015259,0.031778,-0.00069148
0.0003462,0.032155,0.00052696
-0.00099076,0.034723,0.0013243
0.00091357,0.034582,0.0021431
0.0021503,0.032498,0.000813
0.0027813,0.033179,3.3827e-05
0.0022953,0.033514,0.0032026
0.0041918,0.032814,0.0082751
0.0058937,0.030965,0.0057561
0.0043998,0.03022,0.0074287
0.0026828,0.028745,0.0096286
0.0086375,0.025948,0.0073819
0.015036,0.027585,0.005669
0.018296,0.027028,0.0013327
0.015807,0.025433,-0.0011841
0.011593,0.027064,0.0050116
0.0045809,0.025578,0.0012838
-0.0023471,0.024091,0.0015354
-0.006926,0.022341,0.0027425
-0.0057103,0.020274,0.0047976
0.0010771,0.015568,0.0028628
0.0018396,0.011991,0.003487
0.0026749,0.012457,0.0014545
0.0043233,0.0097826,-0.0059679
-0.0013347,0.012405,-0.0017024
0.00051515,0.0098337,0.0031372
0.0011297,0.010679,0.0028901
0.0033378,0.0063475,0.0023198
0.0022252,-0.00022329,0.00018442
-0.0011407,-0.0052173,0.0032022
-0.0012211,-0.0074016,-0.0015212
0.00034552,-0.0092813,-0.0022033
0.0012218,-0.008502,-0.00063176
0.00017969,-0.0059399,-0.0015471
-0.0013814,-0.0029724,-0.0045686
-0.00016314,-0.0032565,-0.0028478
-0.0012892,0.00022757,-0.0037866
0.00011864,0.0018073,-0.0020228
0.00056629,-0.00044389,-0.00079466
-0.00050703,0.00099453,0.00018588
4.8323e-05,-7.6711e-05,0.0014377
-0.0010288,0.003151,-0.0021572
-0.00039935,-0.00027211,-0.001661
0.00019698,0.00057023,-0.0015014
0.00020401,-0.0024782,-0.0024133
-0.00056703,0.0010067,-0.0023553
-0.0023165,-0.0035626,-0.00014078
-0.0031549,-0.0017806,-5.3451e-05
-0.0014227,-0.0033172,-0.00022965
0.00045398,-0.0027255,0.0010173
0.00048183,-0.00024208,-0.00072293
0.0017084,0.0021219,-0.0013386
0.002134,0.0029031,0.00093644
0.0016328,0.0053583,0.00042873
-0.0014917,0.007766,-0.00026435
-0.0039287,0.0075758,0.00045264
-0.001848,0.0050774,-0.0023265
0.0027139,0.0074847,0.0013019
0.0013292,0.0051822,-0.00087951
0.0019074,0.0055313,0.00029973
0.0010106,0.00399,-0.00010755
-0.0013792,0.0053337,-0.00093333
-0.0085558,0.0046373,0.0015004
-0.0097633,0.002274,0.00079785
-0.0040271,0.00064785,-0.00036415
0.0084752,0.0019785,0.0020455
0.0062601,0.0017184,0.00079505
0.0022268,0.0021531,0.0062405
-0.0006566,0.00040041,0.0032214
-0.0033917,-0.0019156,-0.0010571
-0.0043476,-0.00069953,-0.00096033
-0.0054885,-0.00058287,-0.0028178
-0.0016391,-0.0017634,-0.010413
-7.5252e-05,-0.0028236,-0.0079493
-0.00069053,-0.0027556,0.0030547
2.1577e-05,-0.0047002,0.0036614
0.0040194,-0.0072141,0.0020548
-2.3127e-05,-0.0091295,0.0067075
0.00016538,-0.0083936,0.0058021
0.0019574,-0.011037,-0.0021265
-0.0021928,-0.013024,-0.00085561
-0.0063474,-0.01161,-0.0011609
-0.0026759,-0.013417,7.5634e-05
-0.0017622,-0.013684,0.0022629
0.00077271,-0.012279,0.0010238
0.0037884,-0.013218,0.0011263
0.010294,-0.012331,0.0042121
0.0041134,-0.012667,-0.00018068
-0.0032339,-0.013773,-0.0020301
-0.0038233,-0.012799,-0.0019012
0.0020812,-0.011676,-0.0023288
0.0059463,-0.0084187,-0.003729
0.0078941,-0.0034459,-0.0048175
0.0027138,-0.0054417,-0.0023218
-0.00027889,-0.0039578,-0.0008081
0.0012655,-0.0047139,0.00085761
-0.0032163,-0.0036762,-0.0020063
-0.0048051,-0.0059276,-0.0023172
-0.0017232,-0.0059735,-0.00038561
0.00061854,-0.0054384,-0.0068349
0.00064538,-0.0070335,-0.0074261
0.0014346,-0.005427,0.0014203
0.0027766,-0.0087712,0.0049662
0.00019095,-0.0079226,-0.00015888
-0.0069444,-0.0082514,-0.0013848
-0.0029299,-0.0074776,-0.0013217
0.0052444,-0.0061014,-0.0018264
0.0041395,-0.0048351,-0.00070894
0.0032614,-0.0067941,-0.0010475
-0.0029935,-0.0082293,0.00095971
-0.0001985,-0.0094283,0.0028766
7.1913e-06,-0.0079459,0.0044488
0.00021559,-0.0072292,0.0015907
-0.00043148,-0.0067841,-0.0046943
-0.0017812,-0.0064181,-0.003228
-0.00081747,-0.0059051,0.0021793
-0.00078033,-0.004754,0.0027997
0.0022994,-0.0051966,0.0024536
-0.0020465,-0.0049168,0.0050845
-0.003137,-0.0052066,0.0052271
-0.0017937,-0.0063838,0.0044856
0.0033821,-0.0043167,-0.0012957
0.0011617,-0.0031432,-0.0018951
-0.00029659,-0.00092283,-0.0023803
-3.2066e-05,-0.00058419,-8.2452e-05
-0.0049246,-0.0019533,0.0030997
-0.004926,-0.001329,0.00028054
-0.0016976,-0.0018476,0.00044342
0.0064524,-0.0010427,-0.0011316
0.0022923,-0.0016671,-0.0014082
-0.00061208,0.00012087,-0.002498
-0.0019417,0.00049174,-0.0021673
-0.0031465,-0.0011179,0.0026855
0.0050035,-0.0022559,0.00062192
0.0031125,-0.0010873,-0.0085078
0.0025613,-0.0018647,-0.0058552
0.0029276,4.6633e-05,0.0038025
0.0021285,-0.0021914,0.0037014
0.0017925,-0.0019835,0.00083121
-0.0017932,-0.00058968,0.0058952
-0.0044367,-0.0017706,0.0068761
-0.0065635,-0.0024938,0.0042254
-0.0013204,-0.0032655,-2.8546e-05
0.0045502,-0.0038297,0.0039785
0.0019996,-0.007443,0.0021479
0.0038008,-0.010033,0.0018524
-0.0053423,-0.0088095,0.0033049
-0.0014028,-0.012338,0.0046122
0.0031601,-0.012516,0.0044181
0.0011127,-0.014243,0.0014914
-0.00028734,-0.014213,0.0021472
0.0036248,-0.016393,0.0016331
0.005666,-0.014677,-0.0017637
0.01044,-0.01314,-0.0041132
0.0088451,-0.014811,-0.0038987
0.0032267,-0.013835,-0.00077222
-0.0047407,-0.011299,-0.0026968
-0.0043575,-0.0090311,-0.0055162
0.005334,-0.008594,-0.0030142
0.0087755,-0.0072396,-0.0013859
0.0032895,-0.0031582,-0.0032216
-0.0040492,0.00088618,-0.001571
-0.0053006,0.0023202,-0.0028497
-0.0039615,0.0028749,0.0015542
-0.0014662,0.0026825,0.0034217
-0.00090698,0.0036062,0.0020059
-0.0020461,0.0054933,-0.0026045
-0.00041934,0.0045685,-0.0025714
-0.0041981,0.0065279,-0.0019306
-0.0020288,0.0072975,0.0021742
0.00030106,0.0045801,-0.00074521
0.00040086,0.0046499,-0.00049436
0.0026039,0.0028514,-0.0015161
0.0039142,0.0029913,-0.0004971
0.0024285,0.0019488,0.0036052
-0.0028476,-0.00058411,0.0057655
-0.0029487,-0.0031912,0.0032281
-0.00030432,-0.0076565,0.0014068
0.0013673,-0.0097204,0.0041538
-0.00089844,-0.014891,0.0032137
-0.0011171,-0.015125,0.0021816
-0.0049013,-0.016767,-0.0047592
-0.0076924,-0.016427,-0.00097241
-0.006101,-0.019081,-0.00036185
-0.0079034,-0.017259,9.5006e-05
-0.0049537,-0.017133,-0.0017866
-0.0030369,-0.017425,0.00078264
-0.00069075,-0.017376,0.0014712
-0.00020639,-0.019214,-0.0015903
-0.00097438,-0.015735,-0.0048473
-0.0062731,-0.012819,-0.0035357
-0.0018065,-0.013689,0.0040255
-0.0014476,-0.012343,0.0029068
0.0027466,-0.012319,-0.0038118
0.0057598,-0.010751,-0.0036197
0.0097059,-0.010462,0.0016199
0.006923,-0.0086481,0.0053769
-0.00019882,-0.0056628,0.0019637
-0.0076001,-0.0061975,-0.0037926
-0.010312,-0.0055843,-0.0051406
-0.010455,-0.0032669,-0.001752
-3.1425e-06,-3.2651e-05,0.0032079
0.0041204,-0.00037909,0.0012945
0.0016592,-0.0017589,0.0032745
-0.004461,-0.0047084,-0.002832
-0.0043207,-0.0025785,0.0015099
-0.006909,-0.004276,-0.00014205
-0.0030786,-0.0047028,0.00068823
-0.0014154,-0.0067054,0.00075207
-0.0023486,-0.0088257,0.0010836
-1.1672e-05,-0.0085022,0.0013489
0.0021234,-0.010451,-0.0022595
0.0029372,-0.01204,-0.00073973
0.0037975,-0.010293,0.00020054
0.0017607,-0.012799,0.0010672
-0.0035743,-0.012689,0.0017591
-0.0014911,-0.011154,-0.00045342
-0.00048786,-0.01104,0.00089513
-0.0041571,-0.0095558,-0.0043235
-0.0006457,-0.0081458,-0.0017396
-0.0022786,-0.0058173,0.0012167
-0.0046928,-0.003529,0.0026272
0.0057131,-0.0012841,0.0049269
-0.0019048,0.0027926,0.00091778
0.0031489,-0.00017675,0.0049743
0.0016115,0.00091305,0.0048736
-0.0049387,0.00060581,0.0012364
-0.0027955,0.00094133,0.0005622
-0.0020338,0.0024441,0.00064302
0.00040667,0.0023213,0.00042025
-0.0011044,0.0027227,-0.001983
0.00025891,0.001335,-0.0012886
0.0025348,0.00087915,0.0020805
0.0061195,0.0010044,-0.00052375
0.0017024,0.0010918,-0.0017464
-0.0019428,0.0025396,-0.0011147
-0.0043109,0.0023847,-0.00201
-0.00070504,0.0028023,-0.0035983
0.00013809,0.0033676,-0.0021
-0.00095628,0.0068905,-0.00036537
-0.0016372,0.007303,-0.00054292
-4.5256e-05,0.012153,0.0015925
0.0023259,0.010841,9.2645e-05
0.0021401,0.010571,-0.0023151
-0.0053187,0.011825,0.0021309
-0.0085957,0.008929,0.0058714
-0.0041117,0.0068999,0.0023322
-0.0030775,0.0043841,-0.0056851
-0.0030852,0.0024166,0.0017241
0.00016921,0.0015916,0.00034888
0.0026972,0.0012285,-0.0008156
0.002507,-0.00030841,-0.0039942
-0.00079024,-0.00085921,-0.0001444
-0.0012578,-0.002626,-0.00060184
-0.0019513,-0.0017003,0.0015309
-0.0010763,-0.0021428,0.0048655
0.00020712,-0.0034706,6.1634e-06
-0.0019485,-0.005498,-0.0019953
-0.0056269,-0.0045941,-0.0028434
-0.0041612,-0.0045469,-0.00050923
-0.00030441,-0.0028152,-0.0020084
0.0038413,-0.0055784,-0.0071778
0.0066261,-0.0032507,-0.0043483
0.0015904,-0.0061598,-0.004328
-0.0017767,-0.0023828,-0.0024943
-0.0011806,-0.0033792,-0.0012395
0.0039655,-0.0055955,9.5529e-05
-0.00065601,-0.0036445,-0.00028384
-0.0030997,-0.0051159,-0.00042849
6.4405e-05,-0.0055487,0.00036355
0.0013494,-0.0049841,0.0020536
0.0020828,-0.0045535,0.0013396
-0.0029866,-0.0048797,-0.0051706
-0.0016324,-0.0057533,-0.0043789
0.0045084,-0.0043624,0.0021207
0.007029,-0.0045145,0.0019872
0.0049055,-0.0022736,-0.0048424
-0.0040419,-0.0022809,-0.0064222
-0.012745,-0.0028355,-8.1841e-05
-0.0093279,-0.0032091,0.0045776
-0.0080259,-0.00090217,-0.00038674
-0.0034989,-0.0016576,-0.0042893
0.0051555,-0.0049636,0.0011065
0.008631,-0.0053453,0.00084753
0.0040799,-0.0040903,-0.00050603
0.0027309,-0.0044533,0.0024324
0.0013975,-0.0034827,0.00050864
-0.0014718,-0.0035603,0.0026296
-0.0053308,-0.0036196,0.0016989
-0.0047343,-0.0022946,0.0035926
-0.0058827,-0.0031187,0.00149
-0.0060063,-0.0069919,0.0022325
-0.0081207,-0.0017567,0.0022727
-0.0021067,-0.0013483,0.00012076
0.0075866,-0.0026845,-0.0080782
0.01344,0.00037192,-0.0035628
0.0098744,-0.0022101,0.00028775
-0.0034719,0.00032965,-4.1627e-06
-0.0052881,0.00082321,-0.0026615
-0.0019617,-0.0023388,0.0013144
0.0012869,-0.0011619,0.003703
0.00091699,-0.0021141,0.0032025
-0.0037016,-0.002774,-0.00093055
-0.0028508,-0.0013064,-0.0039657
0.00093828,-0.0017971,-7.0779e-05
0.0043134,-0.0015676,0.0017476
0.0025562,-0.0017476,-0.0003645
0.00059043,-0.0021936,0.0041295
-0.0047641,-0.004506,-0.0016823
-0.0033414,-0.0031943,-0.001548
-0.0016617,-0.0040401,0.0018051
0.0012066,-0.0044925,-0.00020625
0.0025954,-0.0043032,-0.0066762
0.0038509,-0.0045235,0.00013927
0.0027124,-0.0098233,0.004411
-0.0015207,-0.010651,0.005381
-0.0013854,-0.011164,0.0042613
5.5888e-05,-0.015336,0.0035397
-0.0027227,-0.01386,-0.0007826
-0.0033665,-0.016541,0.00072395
-0.0061256,-0.014898,-0.0040257
-0.0016894,-0.012844,-0.0050263
0.0017073,-0.0090944,-0.0054289
0.0026913,-0.0064534,-0.0050657
0.0015153,-0.00099739,-0.005362
0.0034781,0.0026948,-0.0063847
0.0045199,0.0076093,-0.0062399
0.0030642,0.011308,-0.0037845
0.0038701,0.011346,0.0053162
-0.0029899,0.012912,0.0029092
-0.0017586,0.011803,-0.0067247
0.00051126,0.012456,0.0019914
0.0011976,0.010894,0.0047143
0.0019288,0.011238,0.0039813
0.0019143,0.0093601,-0.0029114
-0.0016498,0.007255,-0.0029738
-0.0048957,0.0070498,-0.003591
-0.0066489,0.0065299,-0.00062815
-0.004657,0.003971,5.1275e-05
0.0043314,0.0044714,-0.0036566
0.006967,0.0031847,-0.0050959
0.012921,0.0023448,-0.0014583
0.0061359,0.0029869,-0.00067881
-0.00011947,0.00093744,-0.0010837
-0.0063717,0.0016394,-0.0031826
-0.0018917,0.00031765,0.0021518
-0.00061442,-0.0024979,0.0030492
-0.0033871,-0.0017471,0.0013411
-0.0040177,-0.0058751,-0.00054672
-0.00084206,-0.0054872,0.00191
-0.002044,-0.0045867,0.00027533
0.0001228,-0.0037458,-0.005144
0.0012078,-0.0041965,0.00019726
0.0038813,-0.0058922,0.0059991
0.0033873,-0.0071119,0.0043078
0.0013495,-0.0070318,0.00062564
-0.00089974,-0.010174,-0.00032435
-0.00499,-0.0080496,-0.0021261
-0.0071321,-0.009357,-0.002453
-0.0078877,-0.0090817,-0.0043653
-0.0036321,-0.0085805,-0.0016791
0.0025704,-0.0097784,-4.9694e-05
0.0085341,-0.0089602,0.0029977
0.0085771,-0.0085036,0.0018513
0.007175,-0.0087815,0.0041072
0.0051613,-0.009403,0.0037171
-0.0011849,-0.0081562,0.0070446
-0.0036953,-0.0086617,0.0044264
-0.0061094,-0.010103,0.0042369
-0.0040634,-0.0090898,0.0024155
-0.0040099,-0.0070503,-0.00073409
-0.0030237,-0.0086117,-0.0057774
-0.0021514,-0.0051827,-0.0063792
-0.0018981,-0.0049168,0.0018731
-4.0675e-05,-0.005815,-0.0024393
0.0034455,-0.0049348,0.0032885
0.0054536,-0.0066119,0.0016744
-5.4608e-05,-0.0068903,0.0014974
-0.0038121,-0.0042997,-0.0035751
-0.006586,-0.0038951,-0.0043744
0.0017071,-0.0056702,0.00020437
0.0062659,-0.0049292,-0.0017168
0.0056225,-0.0067837,-6.6604e-05
0.0017907,-0.0068388,0.0066441
-0.003651,-0.0035562,0.0038699
0.00070736,-0.0059114,0.0065209
0.00016242,-0.0080798,0.0045036
-0.0019394,-0.0059663,0.0058606
-0.0022019,-0.0060604,0.00018999
-0.0018855,-0.003096,-0.00048434
0.0046476,-0.0058044,0.0020487
0.00014301,-0.0044833,-0.0028559
-0.0016075,-0.0056317,0.0060227
-0.0025074,-0.0065041,-0.0019001
0.00085857,-0.0056377,-0.00020418
-0.00057264,-0.006876,0.0058876
-0.0033557,-0.004181,-0.0037861
-0.0026834,-0.0041596,-0.0076206
-0.00076473,-0.0032859,0.00030758
-0.003523,-0.0034504,0.003371
-0.0016241,-0.0021029,-0.0037009
0.0059428,-0.0018532,-8.6428e-05
0.0052457,-0.001698,0.0023002
0.00064288,0.0015291,0.0010426
-0.0043134,0.0032804,-0.00047924
-0.0035855,0.0044068,0.00011189
-0.0043172,0.0036129,0.0017689
0.00055592,0.0045696,-0.0009747
0.0041817,0.0075671,-0.0038278
0.0067666,0.0066365,-0.00075761
0.0031147,0.0079396,0.0020771
-0.00096854,0.0077382,4.6028e-05
-0.00078351,0.010441,0.00086155
-0.0036949,0.0083441,-0.0029202
-0.0053777,0.0079729,0.0009363
-0.0082741,0.0087588,-0.0037009
0.0025355,0.0099702,-0.003719
0.0076644,0.0079825,0.00099155
0.0057532,0.0088008,0.0024041
-0.00099944,0.0068059,0.0012888
-0.0019922,0.0082491,0.00031441
-0.0032553,0.0054796,-0.00049586
-0.00097053,0.0057266,0.0021892
-0.00063541,0.0048498,-0.0025352
-0.00051264,0.0040126,-0.0050421
0.00016069,0.0041125,-0.0017118
-0.001181,0.0048364,-0.0022431
-0.00015859,0.0050265,-0.0028447
0.00032991,0.0046711,-0.0020571
-0.00019584,0.0035336,0.0019061
0.00039775,0.0036922,-0.00011988
-0.0010249,0.0028228,0.00088659
-0.0007929,0.0033127,-0.0037952
-0.00053801,0.0038429,-0.001844
0.0016144,0.0056939,0.0010178
0.0035578,0.0034029,-0.00060694
0.0014496,0.00074455,0.0022168
-0.0058019,1.2692e-05,0.0057194
-0.0083058,0.00077079,0.0043086
-0.00706,0.0003444,0.0021373
0.00096803,0.0023461,0.0024272
0.0050443,0.002868,0.002664
0.008342,0.00010914,0.0024506
0.0011388,0.0011804,0.0030844
-0.0010831,0.0019431,0.0040632
-0.0021772,-0.00038715,0.0016419
-0.0040102,0.0013321,0.0040175
-0.0012428,-0.0014162,0.0027939
-0.0023703,-0.00066352,-0.00049782
0.001907,0.0011455,0.0018428
0.0033323,0.0013571,0.0023655
-0.0012349,0.0018718,0.00030691
-0.0051407,0.0013245,0.00029337
-0.001467,0.00072465,-0.00013425
0.0019019,-0.00034995,0.00064951
0.00075614,0.00089374,0.0019681
-0.0004924,0.0017692,0.00097945
-0.001564,-8.0143e-05,0.00098908
-0.00078397,-0.00064522,0.0025358
-0.0015112,-0.00083292,0.0039347
-0.00073601,-0.00076896,0.0039317
-0.0025957,-0.0012689,0.0069618
0.0015097,-0.0012742,0.0073928
-0.00050942,-0.0022382,0.0020347
-0.0020987,-0.0006278,0.0041058
-0.001304,-0.0025096,0.00063768
-0.0012855,-0.002765,-0.0025027
0.0010804,-0.0017436,0.0030967
0.00071958,-0.0030212,0.00046744
-0.00011261,3.4477e-05,0.0013917
-0.0044635,-0.00092503,-0.002093
-0.0070152,0.0010587,-0.0042725
-0.0072903,0.00097074,-0.0080002
-0.0014691,0.00047955,-0.003734
-0.00065826,0.00087116,-0.0071718
-0.00034627,0.0003734,-0.0062376
5.5053e-05,0.0014476,-0.0028725
0.00047528,-0.00059923,-0.0015694
0.0027607,0.0020444,0.00085274
0.00056457,-0.0003557,0.00077721
7.8735e-05,0.0010671,-0.00065425
0.00078905,0.0013646,-0.00088677
-0.0012368,0.0029604,0.00045404
0.00015876,0.0043045,-0.0016375
-0.00097842,0.0080628,-0.000436
-4.8137e-05,0.0077428,-0.0021193
0.0050804,0.0076072,-0.0022948
0.0043508,0.009089,-0.0025871
0.0030654,0.010848,-0.0026461
-0.0021277,0.012881,-0.00059486
-0.0075947,0.012078,-0.0022207
-0.0064828,0.011306,0.0016751
-0.0038721,0.011351,0.00058091
-0.0023027,0.0099988,0.0013984
0.0022238,0.012334,0.0023956
0.0044541,0.010934,0.0040283
0.0056451,0.0087857,0.0075727
0.0017214,0.0063218,0.007254
-0.0051116,0.0036922,0.0070243
-0.015043,0.0053571,0.0026776
-0.016646,0.0056363,-6.384e-05
-0.015686,0.0060419,-0.0021624
-0.0033305,0.0068235,7.5278e-05
0.00388,0.0080407,-0.0014164
0.0035384,0.0062409,-0.00032059
-0.0044636,0.0060605,0.0053957
-0.0063032,0.0043063,0.0046278
-0.0043817,0.0087122,0.0049604
-0.0031264,0.0056478,0.0056801
0.0032575,0.0058883,0.0038096
0.0020619,0.0059909,0.0010534
-0.00060903,0.0067072,-0.0023886
-0.0019612,0.0079514,-0.001009
-0.00099932,0.0093679,0.001925
0.0027325,0.011119,0.0024178
-0.00050706,0.010662,0.0010747
-0.0025238,0.010305,-0.00049537
0.0016914,0.011699,0.0033164
0.0043776,0.011299,0.0023125
0.010067,0.013181,-0.0024865
0.0076474,0.013465,-0.008233
0.0058179,0.01723,-0.0019142
0.0027261,0.021487,0.0018709
0.0039354,0.020643,0.0039779
0.0082716,0.021207,0.0028327
0.007266,0.021,0.0049357
0.0029206,0.019956,0.0080783
0.0022359,0.019403,0.0066484
-0.0056257,0.018272,0.0018218
-0.0087841,0.014918,-0.00046569
-0.01005,0.011783,0.0030753
-0.0058009,0.011498,-0.00041277
-0.004132,0.0087788,-0.0019396
-0.002318,0.0074306,-0.0030899
-0.0061201,0.0088513,-0.0015167
-0.0015069,0.0073093,-0.0040836
0.010078,0.0071788,-0.014695
0.0201,0.0062362,-0.0075732
0.017301,0.0029557,0.0032096
0.002395,0.0036776,-0.0076479
-0.010775,-0.00059437,-0.0095648
-0.0075159,-0.0015108,-0.0018016
0.01584,-0.002557,-0.0047394
0.02622,-0.0067138,-0.00069658
0.020103,-0.0061369,-0.00086276
-0.0002106,-0.0039036,-0.0043275
-0.01531,-0.0027121,-0.0057517
-0.0086285,-0.00082059,-0.0024362
0.0024688,-0.0013289,0.0054666
0.010491,-0.0019293,0.0048389
0.0081937,-0.0034942,0.0043436
0.0018256,-0.0016618,0.0019661
0.0037029,-0.0017075,0.0029218
0.008044,0.0018678,0.00012995
0.0047288,0.0010163,-0.002246
0.0044208,0.0023935,-0.0062524
0.001042,0.0058894,-0.0052151
0.00089722,0.01148,-0.0040612
0.00088047,0.01777,-0.0023998
0.00043856,0.018445,0.0032928
-6.679e-05,0.01903,0.0045507
0.00094555,0.01798,0.0049565
0.0013866,0.015573,0.0029526
0.002476,0.017403,0.0012628
-0.00054796,0.016855,-0.0020997
-0.0031061,0.018634,-0.0023647
0.00021189,0.018517,0.0016838
0.0043691,0.017238,0.0054578
0.010116,0.015359,0.0067315
0.010086,0.015413,0.005121
0.0079375,0.013736,0.0020006
0.0079737,0.011353,-0.0017421
0.0031484,0.011613,0.0012348
0.001286,0.0090262,0.0026676
-0.00032402,0.0059559,0.0077789
-0.0013458,0.006033,0.010406
-0.0031192,0.0056679,-0.00016751
-3.8833e-05,0.0056803,-0.004848
-0.0014971,0.0042702,-0.0062983
-0.0012646,0.0033118,-0.0021236
-0.00027635,0.0036461,0.0017881
0.0025486,0.0013134,0.0062144
0.00040466,0.00081436,0.0041347
0.0036779,-0.0012833,0.0025224
0.0016801,-0.0022902,-0.0028535
-0.00057384,-0.0030813,-0.00014408
-0.0027901,-0.0033959,0.0076318
-0.003739,-0.0036055,0.0069463
0.0013146,-0.0037932,0.0022177
0.00037558,-0.0036526,-0.0042998
0.00095395,-0.0043897,-0.0045368
0.0027123,-0.0049286,-0.0038403
0.00025832,-0.0059199,-0.00084335
-0.0024791,-0.0053281,0.00063448
-0.0020072,-0.0068913,-0.005398
-0.00072725,-0.007397,-0.0075085
-0.001877,-0.0087239,-0.005797
-0.0034157,-0.010327,0.00069371
-0.0013019,-0.011515,0.0066957
-0.0020111,-0.01156,0.0056104
0.00061318,-0.016125,0.0040655
-0.0014381,-0.014486,0.0050876
0.00069136,-0.01642,0.00089663
-0.0019886,-0.022086,-0.00034974
0.00035046,-0.022217,-0.0015241
0.001704,-0.021326,-0.00017036
0.0026985,-0.022274,-0.0060698
0.0039086,-0.023121,-0.0064232
0.0008146,-0.027681,-0.0016091
-0.0015026,-0.025844,0.0040201
6.1984e-05,-0.024911,0.001671
-0.0004892,-0.025933,-0.0014436
-0.00036254,-0.024545,-0.00173
-0.00025765,-0.025596,-0.0022227
0.0019559,-0.026574,0.0029586
0.001715,-0.023255,0.0014994
-0.0014434,-0.022383,0.0016268
0.0011633,-0.019171,0.00079176
-0.0015461,-0.020581,-0.00042005
-3.7401e-05,-0.018636,-0.0016125
0.00012254,-0.018597,0.0021399
-0.00077594,-0.018019,0.0020148
0.00095956,-0.019193,0.0048647
0.00052349,-0.017581,0.0055135
0.0015208,-0.018198,6.2453e-05
0.00056579,-0.015657,-0.00074795
0.0019821,-0.01538,-0.0019226
-0.003028,-0.014982,-7.9721e-05
-0.0023103,-0.012839,0.0010108
-0.0018499,-0.010291,-0.0020324
-0.002033,-0.0063393,-0.00231
0.0014369,-0.0053739,-0.00055903
0.00018594,-0.0054015,0.0014381
-0.00084831,-0.0029559,-0.0029998
0.0010632,-0.0023038,-0.0008358
-0.00075537,-0.0037369,0.00083253
0.0005043,-0.0020368,0.0015903
-0.00016819,-0.0030416,0.0019893
0.0029078,-0.0042701,-0.0011611
0.0028962,-0.00075103,0.0024727
0.0021316,-0.0036221,-0.00045706
0.0013134,-5.21e-05,0.003217
0.00087763,-0.002941,0.0010567
0.0020966,-0.0013446,-0.0015637
0.0034917,-0.0019784,0.0015902
0.0034189,9.9043e-05,0.00089863
-0.0029785,-0.00010843,-0.0017216
-0.0033293,-6.4214e-06,-0.0014896
-0.00312,-0.0010636,-0.0011966
0.00070816,-0.0012859,0.0032814
0.00011875,0.0014542,0.0011575
0.0012387,-0.0010619,0.0032635
0.0012411,-0.00059751,0.0018807
0.00023946,-0.0018617,-0.00045477
-0.0012058,0.00050303,0.0019248
0.002825,-5.4641e-05,-0.0011315
0.00196,0.00054475,-0.0020346
-0.0014149,0.0008618,-0.00016611
-0.0014519,-0.0013654,0.0011463
0.00033748,0.0020003,-0.005607
0.00066557,0.00090443,-0.0041734
0.0029248,0.0033911,-0.00075541
0.0034058,0.0086647,-0.0056107
0.0025087,0.0085078,-0.0064784
0.0018102,0.012561,-0.0048711
-0.00089422,0.013065,-0.0045121
-0.002038,0.014863,-0.0011949
-0.0046263,0.017004,-0.0020353
-0.0022701,0.016717,-0.0038655
0.0029346,0.019177,0.00035018
0.0020822,0.018722,-0.0027995
0.00034389,0.019876,-0.001289
-0.0032528,0.021715,-0.0025877
-0.0019091,0.023902,0.00091837
0.0028315,0.025965,-0.0017517
0.0072025,0.026116,-0.0028546
0.0043769,0.025988,-0.00030202
0.0036261,0.029679,-0.010018
0.0029232,0.031901,0.0023721
0.00088737,0.031333,-0.0077593
0.0016182,0.028614,0.00095894
0.0062254,0.028601,0.0014649
0.0023215,0.025095,0.0019937
0.0022136,0.024421,0.00080974
-0.001006,0.024815,-0.001265
0.0010255,0.023854,-0.0032472
0.0013463,0.021806,-0.00034373
0.00069555,0.021736,0.00067555
-0.0050409,0.017598,0.0017618
-0.0017322,0.014422,0.0051588
0.0023578,0.0088581,0.0061526
0.0021038,0.0066661,0.0039732
-0.00015943,0.0045759,-0.0017666
-0.0022348,0.0031537,-0.00086702
0.0012089,0.0026902,-0.0035861
0.0030698,0.0037082,0.0012498
0.0016928,0.0020593,0.0023707
0.00072093,0.0043437,0.0008929
-0.0040165,0.00071283,-0.0020088
-0.0030888,0.00075727,-0.0014311
0.0010467,0.0019339,-0.0022753
0.0052217,-0.00050881,-0.00032967
0.0041399,0.00049891,0.00041929
6.7547e-05,-0.0002944,0.0030168
-0.00078629,-0.0011521,-0.0013931
0.00093952,0.00057382,-0.0045331
0.00089313,0.00087161,-0.0013945
-0.0024724,0.0024258,-0.00034344
-0.0025491,0.0035799,-0.00054023
0.0031948,0.0014902,0.0019439
0.00043412,0.0024431,-5.6421e-05
0.0015194,0.0021585,-0.0014212
-0.0010684,0.0015369,0.0012449
-0.0011867,0.0030315,-0.0037224
-0.0022243,0.0028455,-0.0014978
0.00021647,0.00066863,-0.00086095
0.00074718,0.0023249,0.00087455
0.0012473,0.0044033,0.00015296
-0.00031816,0.0017284,0.001194
0.0012372,0.0024528,0.0017978
0.0018169,0.0024811,-0.00054182
0.00034419,0.0024304,-0.0015144
-0.00054762,0.0026557,-0.00065471
-0.00034599,0.0032413,-0.00010956
0.00034042,0.0036281,6.7346e-05
0.00028412,0.0048612,0.0004439
0.00088897,0.0020689,-0.00046386
-0.00080756,0.0016051,0.0012654
0.00095584,0.00068911,-0.00039276
0.0014902,-0.00088967,0.0011949
0.00041621,0.00066915,-0.00015743
0.0011013,0.0019861,0.0014247
-0.00030996,0.0022638,0.00043378
-0.0018519,0.001662,0.00067064
0.00013177,-8.5207e-05,-0.0002703
-1.8938e-05,0.0035087,-0.0010439
-0.0014508,0.00071432,-0.0031908
-0.0027354,-0.00081614,-0.00062216
-0.00041475,0.0022192,0.0026243
0.0015305,0.0010276,0.0022941
-0.00082504,0.0016245,-0.00039728
0.00096458,-0.00014432,-0.00051011
-0.0012614,0.00039444,0.0018787
0.00096959,-0.0013677,-0.0019332
-0.00045409,-0.0002416,-0.0010511
0.0022242,-0.00081627,0.002846
-0.0007415,-0.0033274,0.0022893
-0.0014457,-0.0018495,0.0031415
-0.001806,-0.002632,0.00014296
0.0021655,-0.001627,-0.0008245
-0.00039825,1.2587e-05,0.00013499
0.00059566,-0.0013899,-0.00073477
0.00076361,0.0031209,0.00045627
-0.0013585,-0.00052003,-0.00071312
0.001524,-0.0006102,-0.0025147
-0.0011421,-0.00025631,-0.0028176
-0.0026729,-0.00081935,0.0015257
-0.0014987,-0.0018014,0.00094275
-0.0013467,-0.0008337,0.0073809
0.0015286,-0.0012256,0.0018301
0.004519,0.00050823,-0.00021918
0.00056324,-0.00032786,-0.0040136
-0.0018425,-0.002102,-0.0021106
0.00026744,-0.0023078,-4.8822e-05
0.0021759,-0.002351,-0.0026629
0.00025487,0.00057344,-0.0039067
-0.0005263,-9.8722e-05,-0.0036401
-0.0014164,0.001643,-0.0010775
0.00047133,0.0010161,0.0014437
0.0027442,0.00074094,0.00086858
-0.00096971,-0.0014491,0.00453
-0.0013564,-0.0006038,0.00012337
0.0016862,-0.0014174,0.0010859
0.0044333,-0.0013191,-0.0010531
-0.00061428,-0.0023385,-0.0020836
-0.0032991,-0.0024474,-0.0060143
-0.001516,-0.001449,-0.00064817
-0.0029349,0.0012572,0.0012372
-1.1296e-05,0.00066468,0.0022994
0.0012958,0.00097546,0.00058448
0.0001998,0.0011245,-5.6406e-05
-0.0014081,0.0004507,-0.00092631
0.00021459,0.0014946,-0.0021152
0.0014361,-0.0010682,-0.0016243
-0.00065712,0.0016328,0.0012224
-0.0031714,0.0015764,-0.0016708
-0.0033647,0.0014702,-0.0011854
0.000847,0.00025057,-0.0014985
0.0071657,0.00018377,0.0017246
0.00040631,-0.00059619,0.0010454
-0.0029513,0.00046948,0.00092954
-0.0017256,0.00032249,-0.0021434
-0.00090611,-0.00021701,0.00019136
-0.0013971,-0.0029295,-0.0016106
-0.0025513,-0.0033891,0.0022214
-0.0027317,-0.0011843,0.0013923
-0.0029802,-0.00033907,-0.0027176
-0.0012955,0.0013036,-0.00086333
0.0025358,-0.0015993,0.001582
6.6955e-05,-0.0013487,-8.3505e-06
-0.00022164,0.00046745,-0.0023734
-0.00018049,0.00099605,-0.002705
-0.0025596,0.0096765,-0.0030614
0.00015717,0.01601,-0.0041583
0.0016912,0.023055,-0.0062109
0.0012983,0.028312,-0.0022767
0.0021573,0.030897,-0.0020647
0.0026993,0.038265,0.0026968
-0.0015948,0.04417,-0.0017102
-9.5449e-05,0.050053,-0.0023404
-0.00017689,0.05254,-0.001962
-0.0012539,0.054163,0.00027556
0.00043366,0.060597,-0.0020006
0.001028,0.063586,-0.0018477
0.0026711,0.066301,-0.0037651
0.0039888,0.06608,-0.00066773
0.0040882,0.064813,0.0032412
0.0014324,0.063773,0.0074074
0.0019179,0.06638,-0.0017617
-9.0046e-06,0.064242,-0.0043581
-0.00089803,0.065755,-0.0012635
0.00088346,0.06466,0.0041585
0.0057433,0.065573,0.0021463
0.0098278,0.066647,-0.00088902
0.010035,0.066697,-0.004448
0.0060013,0.062919,-0.00064194
-0.0011103,0.065192,-0.0047543
0.00072249,0.065006,-0.004694
0.0041541,0.06924,-0.0022459
0.0071746,0.065965,-0.0015576
0.0087662,0.067933,-0.0020521
0.0055166,0.067298,-0.0026881
0.00489,0.064564,-0.0021753
0.0036481,0.06286,6.7544e-05
0.0043616,0.060673,-0.0022276
0.002579,0.054038,-0.00050624
0.0039794,0.050261,-0.0014572
0.0039178,0.044104,0.0016031
0.0025183,0.038059,-0.00075008
-0.00056327,0.031036,-0.00087082
-0.0042049,0.028438,-0.0024289
-0.0038214,0.023637,-0.004508
2.1139e-05,0.020177,-0.0068456
-0.0031421,0.019367,-0.0034991
-0.0011161,0.019656,-0.0065167
-0.0019292,0.019923,-0.010701
-0.0032636,0.020239,-0.0085354
-0.004188,0.02291,-0.0023732
-0.0062704,0.025912,-0.0096295
-0.0058213,0.024219,-0.0093864
-0.0029256,0.025358,-0.0097481
-0.001947,0.02698,-0.0012
-0.0020097,0.028028,-0.0015524
-0.0035071,0.02944,0.00014054
-0.0056769,0.025482,0.0013306
-0.0048738,0.020576,0.0039058
-0.0045379,0.01839,0.001533
-0.0037989,0.011987,-0.0010588
-0.0063188,0.0080582,-0.00097056
-0.0037584,0.0032109,-0.0043282
-0.0040302,0.00034304,-0.0094729
0.0011882,-0.00021767,-0.0059132
0.0051349,-0.0019623,-0.0047759
0.0070879,-0.0029937,-0.00040532
0.0065434,-0.0050182,-0.001891
0.0019546,-0.0057875,0.0022514
-0.0023061,-0.0065561,-0.0017892
0.0015549,-0.0022278,-0.0014739
0.0042633,-0.0023202,-0.0052947
0.0046679,0.0016194,-0.0009384
0.00077868,0.0010648,-0.003342
-0.0018378,-0.0018954,-0.0013467
-0.003663,0.00050548,0.0014052
-0.0010779,-0.0013557,0.0049209
-0.0029868,-0.0025913,-0.0023986
-0.001974,-0.002466,0.0021874
-0.00097096,-0.0032736,0.0024599
-0.0012938,-0.0024713,0.0020033
-0.0015907,-0.0029939,0.006125
0.00014816,-0.0057578,0.0020579
0.0040286,-0.0030533,-0.0025273
0.0033637,-0.002388,0.0019904
-0.0022881,-0.0014356,-0.0018772
0.00026205,-0.0011765,0.00062976
0.002402,-0.0045138,-0.00081721
0.0029541,-0.0013518,0.0012551
-0.002293,-0.0015882,-0.0012702
-0.0051935,0.0011411,-0.0010421
0.00018005,-0.0014699,-0.0035283
0.0024214,-0.0027235,0.00090169
0.0018632,-0.0018955,0.00192
3.6297e-05,-0.001726,-0.00065562
-0.0013262,-0.0013034,-0.0018741
0.002872,-0.0033347,0.0011583
-0.001479,-0.003437,-0.001692
-0.0026069,-0.0026823,8.1566e-05
-0.0016048,-0.0026121,-0.0008228
0.0042943,-0.0010986,-0.00023295
-0.0014639,-0.002386,-0.0017494
-0.0013604,-0.001429,-0.00083458
-0.0017336,-0.000332,-0.0031477
-0.0012238,5.2734e-05,-0.0017977
0.0005964,-0.00095627,-0.0015287
-0.0026626,-0.0025982,0.0028805
-0.002428,-0.0019053,0.0036432
-0.0041312,-0.0013659,-0.0026663
-0.0010626,-0.0008312,-0.0056304
0.00031865,-0.0027653,0.0020211
0.0015701,-0.00037703,-0.0020692
-9.2191e-05,-0.0011203,0.0010377
0.0021739,-1.4617e-05,0.0024649
0.0018103,-0.001645,0.0019421
0.0027466,-0.0012649,-0.00010757
0.0002486,0.001693,-0.0039466
-0.0021977,-0.000289,-0.0054591
-0.00084187,0.00030386,0.0032746
-0.0013683,-0.0019953,0.0062862
0.0021167,-2.477e-05,0.0017727
0.00087531,-0.0003994,-0.0015521
-0.00027466,-0.0037262,-0.0010316
-0.001448,-0.0017544,0.001565
-0.0016,-0.0016401,-0.0019227
0.004589,-0.0030198,0.00085394
0.0033017,-0.0011252,-0.0003475
0.0012135,0.0012874,0.0012723
0.0015235,-0.00056094,0.0010964
-0.00011323,-0.00069398,0.00068774
0.00052334,0.00043276,-0.0010343
0.00096449,0.0014653,-0.0015627
0.0033993,-3.7566e-05,-0.00026233
0.00018152,0.00070531,-0.00096696
-0.002013,0.0016037,0.0011041
-0.00049899,0.00044201,0.0024035
-0.00087958,-0.0022805,0.0037267
0.00073349,0.0002821,0.00043105
-0.000527,0.0011546,-0.0015371
0.00035516,-0.00085733,-0.004286
0.00055862,-0.002399,0.0017065
-0.0025802,-0.00055292,0.0013139
-0.0013239,0.00025284,0.00086834
0.0010016,0.00075972,-0.0013555
7.0424e-05,-0.00022561,-0.0024675
0.0022768,0.00070897,0.00018697
0.0015771,-0.00022203,0.0026839
0.00043201,-0.0019971,0.0035343
0.0001328,-0.00049515,-0.00043654
-0.0033743,0.00037375,-0.0020653
-0.0034357,2.4445e-05,-0.0035437
0.00092009,0.0025808,-0.003148
0.001061,-0.0015095,-0.0024965
0.0027418,-0.0021581,0.0014236
0.00064018,-0.00054601,7.1141e-05
-0.00071265,-0.0022442,0.00045012
0.0013994,2.2707e-05,-0.00033458
0.00031912,0.0013124,-0.0010993
0.0025958,0.00017994,-0.00083943
0.0038995,-0.0026755,0.0015846
0.0022069,-0.0021157,0.00084837
0.0031786,-0.0031331,-0.0011951
0.00097349,-0.0036505,-0.00025027
0.00020854,-0.0065759,0.0026995
0.0035852,-0.0051483,0.0041574
0.0033643,-0.0057548,0.00025879
-0.00036389,-0.0089408,-0.0016584
0.00032346,-0.010045,0.0031403
-0.0015129,-0.011307,0.0042898
-0.0021092,-0.0095831,0.0016412
-0.0040829,-0.009844,-0.00070843
0.0036951,-0.011012,-0.0028012
0.0020228,-0.0096299,0.00044754
-0.0045347,-0.010701,0.0023527
-0.0031305,-0.0093885,0.0030287
-0.0014826,-0.0077731,0.00080771
-0.0030746,-0.0084784,-0.0049965
-0.0066273,-0.0063006,-0.0012352
-0.00039786,-0.0044121,-0.0036212
-0.0027466,-0.0015557,-0.0058169
-0.0044916,0.00014216,-0.0061547
0.00059853,-0.0012154,0.00021145
-0.0010727,-0.0032123,0.00037264
9.3331e-05,-0.00096849,0.0041239
0.005834,-0.0033386,-0.006178
0.0060314,-0.0035561,-0.0060903
0.004698,-0.00063578,0.001559
0.00017782,-0.0022623,0.0062525
-0.0041445,-0.00092564,-0.0034185
-0.0012691,-0.00041131,-0.0022887
-0.0019644,-0.0015917,-0.0015436
0.0023447,-0.0034104,0.0012637
-0.0021085,-0.0014195,0.002563
-0.0023255,-0.0043964,0.0030144
-0.0014708,-0.0057653,0.00090579
-0.0029867,-0.006444,0.0042383
-0.0023897,-0.0061107,0.0046189
-0.00048068,-0.003782,0.0025007
0.0022719,-0.0041599,0.00017636
0.0027311,-0.0039964,0.0015133
0.0021298,-0.0013724,-0.0051871
0.0026921,-0.0012399,-0.00064985
0.0018528,0.00011899,-0.0036023
0.00045172,0.0010526,-0.0071081
-0.0036748,0.0022256,0.0015045
-0.0014115,0.0034666,0.0024256
-0.0016977,0.002808,0.0017522
0.0033511,0.0024008,-0.0017527
0.00094483,0.0027763,0.00058127
0.0007927,0.0019551,0.0011673
-0.00067257,0.0039009,-0.00080433
-0.0022655,0.0034186,-0.0020515
-0.000305,0.0028057,0.00087941
0.00084545,0.0022991,-0.0006462
0.0033381,0.0027068,0.0009963
0.0013575,0.0032392,-0.00057291
0.00061542,0.00074524,0.0012125
-0.0011996,0.00077784,-0.0016122
0.00052586,-0.00046469,-0.0010377
0.0014733,-0.0024765,-0.0018597
0.0016805,-0.0013281,-0.00038807
0.0012856,-0.0018007,0.00079024
-0.0011031,-0.00056877,0.0011918
0.0038763,-0.0024483,-0.00037979
0.0035303,-0.0022942,0.00036228
0.0046493,-0.0019256,0.0002293
-0.0045088,-0.0022081,-0.002149
-0.003123,-0.0024923,0.0011266
-0.0030045,-0.0011068,0.00058518
0.00027944,-0.0013765,0.00175
0.00073629,-0.00081305,-0.00028884
0.00091874,-0.0030316,0.0027232
-0.00025486,-0.0011361,0.001169
-0.00010353,-0.0018478,0.0017841
0.0011087,-0.0028547,0.00076027
-0.0022599,-0.0033858,-0.00072245
-0.0044229,-0.0027829,-0.0015128
-0.0071797,-0.00089356,-8.3162e-05
0.0020212,-2.1022e-05,-0.0045314
0.0053466,0.001121,-0.00070645
0.0024987,0.00058851,-0.0016412
0.00095871,0.0023197,0.0040826
-0.0025661,0.003386,0.0054057
-0.00074419,0.001045,0.0046566
0.00024631,0.001573,0.0016219
0.00028256,0.0014514,0.0018191
0.0012747,0.0027957,-0.00098242
0.0040224,0.0026542,-0.0032061
0.01016,0.004029,-0.0023008
0.006704,0.00479,-0.0013396
0.0017427,-0.00032313,-0.0038644
-0.0037684,0.0016807,0.0040221
-0.0036315,-0.00029842,0.0045147
-0.00074569,0.0016731,0.003468
4.7356e-05,0.00097995,0.00058815
0.0043763,-0.0013877,0.0074713
0.0026732,-0.0011897,0.0025178
0.00081148,0.00091826,-0.00035153
-0.0021161,0.0014401,-0.0035579
-0.00065891,-0.00020762,0.0037237
0.0036676,0.00094081,-0.0030811
0.0026701,0.00078989,-0.0038296
0.0024418,-0.0009722,-0.0044111
-0.0021418,-0.00029971,-0.0011492
-0.0029186,0.0014231,0.0003233
-0.0030333,0.002137,0.00090333
-0.00020785,0.0013313,-0.0037535
0.00088188,5.0998e-05,-0.00083526
-0.0008876,0.0010336,0.0012304
5.6169e-05,0.0016295,0.0052751
-0.00020722,0.00063886,0.0016736
0.00017515,-0.0018513,0.00038374
-6.487e-05,-0.00060517,0.00093565
-0.00041698,-0.00093022,0.00040195
3.1116e-05,-0.00017102,0.0023944
-0.001069,0.00034038,0.0014922
0.0012796,-0.00028947,-0.0012097
0.0045248,0.00076104,0.0016632
0.0042703,-0.0015991,0.0037047
-0.00022772,-0.00063268,0.0038324
0.00091667,-0.0040511,0.0029451
0.0018166,-0.0046899,-0.00041196
-5.7518e-05,-0.0024011,-0.0019827
0.0015257,-0.0014714,-0.0017013
4.7613e-05,-0.00419,-0.0032382
0.0013851,-0.001631,-0.0015676
-5.215e-05,-0.0024046,0.0010497
0.00064752,-0.0029769,0.00029133
0.0010023,-0.0024235,0.00080122
0.0012883,-0.00075267,0.00065745
0.001227,-0.00018376,-0.0016361
0.0020884,0.00028967,0.0019594
0.001579,0.0003107,0.0020084
0.0027869,0.001289,0.0015916
0.00028818,-0.00084528,-0.00023731
0.00034926,-0.0028785,0.00015776
-0.00032568,0.00060391,0.00015129
0.00018462,-0.0027642,-0.0003514
0.0022857,-0.0021398,-0.00067077
0.00060842,-0.0016112,-0.001525
0.00096957,0.00083637,-0.0003798
0.00020068,0.00010092,0.0035044
-0.00048733,0.00042997,0.00070297
0.00075919,0.00016496,-0.00118
0.00054766,-0.00060763,-0.00076223
0.0011656,0.00044085,0.00042114
0.0006181,-0.00037764,0.0014803
0.0012628,0.0011451,-0.0002579
0.0016157,0.0011432,-0.00060227
0.00046843,-0.00046377,0.00032883
0.00060977,-0.0015033,7.2267e-05
0.00067263,-0.0017639,-1.0309e-05
-8.4647e-05,0.00010307,0.0011895
0.0017892,2.5436e-05,-0.00042477
0.00043685,0.0015029,5.0189e-05
-0.00049135,-0.0013623,9.133e-05
0.0009431,-0.00041133,-0.00020182
0.00054419,-0.0014668,0.001193
0.00047768,-0.0007887,-0.00039503
0.0022896,0.00028704,-0.0003448
0.00080517,-0.00087421,0.00036927
0.001756,-0.00024162,0.00011573
0.0013305,0.0023341,-0.00082295
0.00035576,0.0023891,0.00088191
-0.0010817,-9.4518e-05,-0.0017567
0.00040564,-0.00045144,-0.00039928
0.00014275,0.00012629,2.1067e-05
-0.00042119,0.0018551,0.0012138
-0.00036099,-0.0018947,-0.0018051
0.0011459,0.00099929,0.0010201
0.00047969,0.00026542,0.00057092
-0.0020095,0.0012435,0.00055325
-0.00092322,0.0010168,3.1067e-05
-0.0019402,-0.0016794,-0.00041541
0.00073843,0.00045832,-0.00040197
0.00028441,-0.0011328,0.0011201
0.0013465,-0.00099423,0.0012303
-0.0020259,0.00050797,0.000627
0.0010232,-0.0013676,-0.0016691
0.00016535,0.00079681,-0.00067535
0.0012637,-0.0010281,0.00019686
-0.0021394,-0.00034523,-0.00041161
-0.00026242,-0.00039516,-0.0010993
0.0011886,-1.241e-06,-0.00057618
0.00047679,0.00020254,0.0010666
0.00057998,-0.0002655,0.0015965
0.0012236,-0.00055407,0.0020586
0.00050379,0.00068684,0.0014642
0.00093352,0.0014983,0.0029177
-0.0020537,0.00098635,0.0029691
-0.001495,0.0010745,-0.00096526
0.00069625,-0.0013893,-0.0011238
0.00016678,-0.00024683,0.0012152
0.00030077,0.00030938,-0.00028461
0.00069606,0.0011581,-0.00043827
-0.00057349,-7.8335e-05,0.00052868
-0.0015855,0.0029553,-0.00027406
-0.0013888,0.00016813,-0.00036937
