1,-1.1976e-11,-1.7046e-10,1.1976e-11,1,-3.5625e-10,1.7046e-10,3.5625e-10,1
0.99988,0.0013816,0.015408,-0.001366,1,-0.001024,-0.015409,0.0010028,0.99988
0.99934,0.0041393,0.036059,-0.0041183,0.99999,-0.00065521,-0.036061,0.00050627,0.99935
0.99801,0.0057088,0.062758,-0.0057607,0.99998,0.00064638,-0.062753,-0.0010066,0.99803
0.99535,0.0054116,0.096144,-0.0057189,0.99998,0.0029212,-0.096126,-0.0034575,0.99536
0.991,0.002438,0.13386,-0.0031551,0.99998,0.0051452,-0.13385,-0.0055213,0.99099
0.98488,-0.00087976,0.17323,-0.00011486,0.99998,0.0057315,-0.17323,-0.0056648,0.98486
0.97634,-0.0012093,0.21624,-0.00031053,0.99998,0.0069941,-0.21625,-0.0068957,0.97631
0.96448,-0.0011752,0.26415,-0.0013471,0.99996,0.0093673,-0.26415,-0.0093904,0.96444
0.9501,-0.0041779,0.31192,-0.0010099,0.99986,0.016468,-0.31195,-0.015961,0.94997
0.93336,-0.014161,0.35867,0.0055938,0.99967,0.024912,-0.35891,-0.021245,0.93313
0.91233,-0.020149,0.40896,0.008865,0.99953,0.029469,-0.40936,-0.02326,0.91208
0.88727,-0.021777,0.46074,0.0073556,0.99943,0.033072,-0.4612,-0.025954,0.88692
0.85902,-0.024093,0.51137,0.0054601,0.99927,0.037908,-0.51191,-0.029771,0.85852
0.82705,-0.029183,0.56138,0.0066314,0.99909,0.042167,-0.5621,-0.031151,0.82649
0.79119,-0.034867,0.61058,0.0087917,0.99892,0.04565,-0.61151,-0.03075,0.79064
0.75327,-0.039285,0.65653,0.0098464,0.99878,0.048467,-0.65763,-0.030044,0.75274
0.71355,-0.042625,0.69931,0.011123,0.99871,0.049525,-0.70052,-0.02756,0.7131
0.67164,-0.044608,0.73953,0.010774,0.99867,0.050453,-0.7408,-0.025919,0.67123
0.62891,-0.044931,0.77618,0.0061442,0.99858,0.052826,-0.77746,-0.028454,0.62829
0.58704,-0.045774,0.80826,0.0032008,0.99852,0.054225,-0.80955,-0.029245,0.58632
0.54685,-0.047003,0.83591,0.0015795,0.99848,0.055111,-0.83723,-0.028817,0.54609
0.508,-0.049528,0.85993,0.00031205,0.99836,0.057316,-0.86136,-0.028848,0.50718
0.47057,-0.049398,0.88098,-0.0025062,0.99835,0.057318,-0.88236,-0.02918,0.46968
0.43411,-0.048762,0.89954,-0.0038334,0.99842,0.055973,-0.90085,-0.027747,0.43324
0.4002,-0.04738,0.9152,-0.0024598,0.9986,0.052773,-0.91643,-0.023371,0.39952
0.37051,-0.045793,0.9277,-0.00034073,0.99878,0.049438,-0.92883,-0.018634,0.37004
0.34475,-0.04391,0.93767,0.0010479,0.99892,0.046393,-0.93869,-0.015012,0.34442
0.32391,-0.043205,0.9451,0.00224,0.99899,0.044901,-0.94608,-0.012427,0.32368
0.30875,-0.043755,0.95014,0.0031932,0.99898,0.044967,-0.95114,-0.01085,0.30858
0.29714,-0.045351,0.95376,0.0045067,0.99893,0.046094,-0.95482,-0.009398,0.29702
0.28617,-0.047348,0.95701,0.0033226,0.99882,0.048423,-0.95817,-0.010678,0.28599
0.27558,-0.049112,0.96002,0.0016694,0.99872,0.050612,-0.96128,-0.012345,0.27531
0.26549,-0.050829,0.96277,0.00092903,0.99862,0.052466,-0.96411,-0.013035,0.26517
0.25529,-0.052767,0.96542,-0.00010241,0.99851,0.054602,-0.96687,-0.014038,0.2549
0.24471,-0.054442,0.96807,-0.00024332,0.99842,0.05621,-0.9696,-0.013991,0.24431
0.23448,-0.055575,0.97053,-0.00026751,0.99836,0.057233,-0.97212,-0.01368,0.23408
0.22396,-0.058768,0.97282,-0.0016738,0.99816,0.060683,-0.9746,-0.015219,0.22345
0.21269,-0.061874,0.97516,-0.0034993,0.99794,0.064082,-0.97711,-0.017042,0.21204
0.20057,-0.066445,0.97742,-0.0045351,0.99762,0.068749,-0.97967,-0.018221,0.19979
0.18769,-0.068852,0.97981,-0.0054798,0.99745,0.071141,-0.98221,-0.018722,0.18684
0.17366,-0.069491,0.98235,-0.0059673,0.99741,0.071612,-0.98479,-0.018298,0.1728
0.15933,-0.0685,0.98485,-0.0073068,0.99748,0.070561,-0.9872,-0.018439,0.15843
0.14296,-0.067483,0.98743,-0.0079232,0.99756,0.069323,-0.9897,-0.017734,0.14208
0.12274,-0.065859,0.99025,-0.010368,0.99766,0.067636,-0.99239,-0.018568,0.12176
0.09757,-0.064609,0.99313,-0.014834,0.99769,0.066363,-0.99512,-0.021207,0.096386
0.067703,-0.064322,0.99563,-0.019148,0.99765,0.065755,-0.99752,-0.023516,0.066312
0.034799,-0.063899,0.99735,-0.022416,0.99765,0.0647,-0.99914,-0.024608,0.033285
0.00055469,-0.063577,0.99798,-0.024323,0.99768,0.063572,-0.9997,-0.024309,-0.00099299
-0.033402,-0.062478,0.99749,-0.0252,0.99778,0.061652,-0.99912,-0.023078,-0.034902
-0.066188,-0.060329,0.99598,-0.026997,0.99791,0.058652,-0.99744,-0.023007,-0.067679
-0.098501,-0.057724,0.99346,-0.029714,0.99804,0.055044,-0.99469,-0.024098,-0.10002
-0.13092,-0.053428,0.98995,-0.027608,0.99836,0.050231,-0.99101,-0.020754,-0.13218
-0.16253,-0.047773,0.98555,-0.022282,0.99875,0.044738,-0.98645,-0.014688,-0.1634
-0.19298,-0.040873,0.98035,-0.016394,0.99913,0.038428,-0.98107,-0.0086557,-0.19348
-0.22178,-0.035483,0.97445,-0.010322,0.99937,0.034041,-0.97504,-0.0025091,-0.222
-0.2498,-0.029437,0.96785,-0.0022146,0.99955,0.02983,-0.9683,0.0053079,-0.24975
-0.27608,-0.020115,0.96092,0.0038348,0.99975,0.02203,-0.96113,0.0097671,-0.27594
-0.30155,-0.0046199,0.95344,0.0085145,0.99994,0.0075382,-0.95341,0.010391,-0.3015
-0.32636,0.013069,0.94515,0.0099189,0.9999,-0.010401,-0.94519,0.0059805,-0.32646
-0.35147,0.028635,0.93576,0.0099045,0.99959,-0.026868,-0.93615,-0.00017494,-0.35161
-0.37625,0.039294,0.92569,0.01331,0.99923,-0.037005,-0.92642,-0.001602,-0.37648
-0.39983,0.043415,0.91556,0.016233,0.99906,-0.040285,-0.91645,-0.0012447,-0.40015
-0.42235,0.043113,0.90541,0.019533,0.99907,-0.038461,-0.90622,0.0014419,-0.4228
-0.44268,0.039124,0.89583,0.023068,0.99921,-0.03224,-0.89638,0.0063933,-0.44323
-0.46069,0.036644,0.88681,0.029655,0.99922,-0.025884,-0.88707,0.014374,-0.46142
-0.47459,0.038358,0.87937,0.033682,0.99911,-0.025403,-0.87956,0.017563,-0.47546
-0.4858,0.041501,0.87308,0.036663,0.99896,-0.027085,-0.8733,0.018852,-0.48682
-0.49572,0.044726,0.86733,0.038639,0.99882,-0.029422,-0.86762,0.018928,-0.49686
-0.5063,0.044744,0.86119,0.032995,0.99893,-0.032502,-0.86172,0.011959,-0.50724
-0.51788,0.042122,0.85441,0.030666,0.99906,-0.030665,-0.8549,0.010321,-0.51869
-0.52663,0.044154,0.84895,0.033315,0.99895,-0.03129,-0.84944,0.011804,-0.52755
-0.53375,0.047513,0.8443,0.036983,0.99878,-0.032825,-0.84483,0.013705,-0.53486
-0.53774,0.050895,0.84157,0.037824,0.99863,-0.036225,-0.84226,0.012352,-0.53893
-0.53759,0.052805,0.84155,0.037756,0.99854,-0.038537,-0.84236,0.011057,-0.5388
-0.53442,0.053411,0.84353,0.03972,0.99849,-0.038057,-0.84428,0.013166,-0.53574
-0.52882,0.051634,0.84716,0.038042,0.99859,-0.037117,-0.84788,0.0126,-0.53004
-0.52207,0.050585,0.8514,0.035984,0.99866,-0.037269,-0.85214,0.01118,-0.52319
-0.51509,0.050015,0.85567,0.034291,0.9987,-0.037733,-0.85645,0.0099054,-0.51614
-0.50888,0.04845,0.85947,0.031536,0.99879,-0.037631,-0.86026,0.0079545,-0.50979
-0.50442,0.04648,0.86221,0.027358,0.99891,-0.037844,-0.86303,0.0044994,-0.50514
-0.5029,0.043389,0.86325,0.022759,0.99906,-0.036956,-0.86404,0.0010616,-0.50341
-0.50335,0.040712,0.86312,0.019531,0.99917,-0.03574,-0.86386,-0.0011314,-0.50373
-0.50441,0.03922,0.86257,0.017993,0.99923,-0.034912,-0.86327,-0.0020901,-0.50473
-0.50485,0.038607,0.86234,0.017919,0.99925,-0.034246,-0.86302,-0.0018371,-0.50517
-0.50505,0.037803,0.86226,0.017858,0.99928,-0.033351,-0.86291,-0.001446,-0.50536
-0.50507,0.037266,0.86227,0.018044,0.9993,-0.032619,-0.86289,-0.00091595,-0.50539
-0.50515,0.036751,0.86225,0.017726,0.99932,-0.032208,-0.86285,-0.00098597,-0.50546
-0.50539,0.03521,0.86217,0.01608,0.99938,-0.031387,-0.86274,-0.001999,-0.50564
-0.50536,0.034207,0.86223,0.015574,0.99941,-0.030522,-0.86277,-0.0019963,-0.5056
-0.50483,0.033579,0.86256,0.014382,0.99943,-0.03049,-0.8631,-0.0029869,-0.50503
-0.50368,0.03212,0.86329,0.013884,0.99948,-0.029087,-0.86378,-0.002665,-0.50386
-0.50164,0.029921,0.86456,0.014311,0.99955,-0.026289,-0.86496,-0.00081501,-0.50184
-0.49922,0.02839,0.86601,0.014638,0.9996,-0.024331,-0.86635,0.00052997,-0.49944
-0.49691,0.027985,0.86735,0.014892,0.99961,-0.02372,-0.86768,0.0011302,-0.49713
-0.49473,0.028527,0.86858,0.015539,0.99959,-0.023979,-0.86891,0.0016336,-0.49497
-0.49385,0.02886,0.86907,0.015384,0.99958,-0.024453,-0.86941,0.0012933,-0.49409
-0.49438,0.030226,0.86872,0.014786,0.99954,-0.026363,-0.86912,-0.00018857,-0.4946
-0.49722,0.031922,0.86704,0.013469,0.99949,-0.029075,-0.86752,-0.0027784,-0.49739
-0.50161,0.032541,0.86448,0.012368,0.99946,-0.030446,-0.86501,-0.0045802,-0.50174
-0.50704,0.031357,0.86135,0.012952,0.9995,-0.028762,-0.86183,-0.0034275,-0.50719
-0.51253,0.028742,0.85819,0.014377,0.99959,-0.024891,-0.85855,-0.00041868,-0.51273
-0.51773,0.026565,0.85513,0.011852,0.99964,-0.023879,-0.85546,-0.002228,-0.51786
-0.52264,0.029412,0.85205,0.013997,0.99957,-0.025918,-0.85244,-0.0016202,-0.52282
-0.52742,0.031893,0.849,0.014326,0.99949,-0.028647,-0.84948,-0.0029463,-0.52761
-0.53231,0.031833,0.84595,0.012675,0.99948,-0.029634,-0.84645,-0.0050522,-0.53244
-0.53609,0.03226,0.84354,0.011711,0.99946,-0.03078,-0.84408,-0.006622,-0.53618
-0.53935,0.031398,0.8415,0.01242,0.99949,-0.029332,-0.84199,-0.0053687,-0.53946
-0.54184,0.025565,0.84009,0.013593,0.99967,-0.021654,-0.84037,-0.00031363,-0.54201
-0.54396,0.016561,0.83895,0.01329,0.99985,-0.01112,-0.839,0.0051002,-0.5441
-0.54573,0.011948,0.83788,0.012662,0.9999,-0.0060108,-0.83787,0.0073293,-0.54582
-0.54679,0.019456,0.83704,0.013886,0.9998,-0.014168,-0.83715,0.0038764,-0.54695
-0.54781,0.025436,0.83622,0.015637,0.99967,-0.020164,-0.83646,0.0020295,-0.54803
-0.54825,0.03003,0.83578,0.021187,0.99953,-0.022016,-0.83605,0.0056373,-0.54863
-0.54799,0.030417,0.83593,0.024806,0.99949,-0.020107,-0.83612,0.0097175,-0.54847
-0.54745,0.027583,0.83638,0.02401,0.99956,-0.017249,-0.83649,0.010639,-0.54788
-0.54674,0.023409,0.83698,0.023062,0.99965,-0.012893,-0.83699,0.012253,-0.54709
-0.54596,0.016778,0.83764,0.020076,0.99977,-0.0069407,-0.83757,0.013027,-0.54618
-0.54551,0.010062,0.83804,0.011615,0.99992,-0.0044443,-0.83802,0.0073099,-0.54558
-0.54407,0.0058129,0.83902,0.0043375,0.99998,-0.0041154,-0.83903,0.0014002,-0.54408
-0.54207,0.0054884,0.84031,0.0065763,0.99998,-0.0022889,-0.84031,0.0042854,-0.5421
-0.53896,0.0079891,0.84229,0.010781,0.99994,-0.0025857,-0.84226,0.0076872,-0.53902
-0.53394,0.012505,0.84543,0.013213,0.99989,-0.0064446,-0.84542,0.0077297,-0.53404
-0.52624,0.015157,0.8502,0.01899,0.9998,-0.00607,-0.85012,0.012951,-0.52643
-0.51812,0.016866,0.85514,0.025864,0.99966,-0.0040453,-0.85492,0.020021,-0.51838
-0.50832,0.017239,0.861,0.02452,0.99968,-0.0055399,-0.86082,0.018295,-0.50858
-0.49747,0.015165,0.86735,0.022344,0.99974,-0.004664,-0.86719,0.01706,-0.49768
-0.48589,0.011538,0.87394,0.022125,0.99975,-0.00089796,-0.87374,0.0189,-0.48603
-0.47471,0.010053,0.88009,0.02184,0.99976,0.00035991,-0.87987,0.019392,-0.47481
-0.46284,0.0094247,0.88639,0.022613,0.99974,0.0011779,-0.88615,0.02059,-0.46294
-0.45082,0.010598,0.89255,0.024965,0.99969,0.00073884,-0.89227,0.022616,-0.45094
-0.43864,0.013043,0.89857,0.024215,0.9997,-0.0026905,-0.89834,0.020579,-0.43883
-0.42683,0.023866,0.90402,0.027851,0.99952,-0.013238,-0.9039,0.019527,-0.4273
-0.41417,0.029216,0.90973,0.028209,0.99942,-0.019254,-0.90976,0.017688,-0.41475
-0.40251,0.025177,0.91507,0.026392,0.99953,-0.015892,-0.91504,0.017754,-0.40298
-0.39055,0.021238,0.92034,0.025166,0.99961,-0.012388,-0.92024,0.018323,-0.39093
-0.38057,0.021969,0.92449,0.022215,0.99965,-0.01461,-0.92448,0.014977,-0.38093
-0.3733,0.025664,0.92735,0.018041,0.99963,-0.020402,-0.92753,0.009114,-0.37363
-0.36832,0.031181,0.92918,0.01232,0.99951,-0.028658,-0.92962,0.00089235,-0.36852
-0.36479,0.033035,0.9305,0.0094768,0.99945,-0.031767,-0.93104,-0.0027702,-0.3649
-0.36108,0.032667,0.93196,0.0074289,0.99946,-0.032154,-0.93251,-0.0046867,-0.36112
-0.3562,0.032993,0.93383,0.0078425,0.99945,-0.03232,-0.93438,-0.0041889,-0.35626
-0.35054,0.029795,0.93607,0.0057779,0.99954,-0.029651,-0.93653,-0.0049854,-0.35055
-0.34526,0.025141,0.93817,0.0047069,0.99967,-0.025057,-0.9385,-0.0042353,-0.34526
-0.33949,0.022506,0.94034,0.0038206,0.99974,-0.022549,-0.9406,-0.0040625,-0.33949
-0.33378,0.020638,0.94243,-0.0038214,0.99972,-0.023246,-0.94264,-0.01136,-0.33361
-0.32771,0.020987,0.94454,-0.011772,0.99958,-0.026295,-0.9447,-0.019737,-0.32733
-0.32096,0.023941,0.94679,-0.01076,0.99952,-0.028922,-0.94703,-0.01947,-0.32055
-0.31378,0.027943,0.94909,-0.0078763,0.99946,-0.03203,-0.94946,-0.017525,-0.31338
-0.30715,0.026367,0.9513,-0.0087353,0.9995,-0.030524,-0.95162,-0.017685,-0.30677
-0.3003,0.021187,0.95361,-0.009618,0.99964,-0.025239,-0.9538,-0.016751,-0.29999
-0.29322,0.018018,0.95588,-0.01095,0.99969,-0.022203,-0.95598,-0.016977,-0.29293
-0.28676,0.021119,0.95777,-0.012498,0.99959,-0.025783,-0.95792,-0.019363,-0.28638
-0.28046,0.023798,0.95957,-0.012538,0.99952,-0.028453,-0.95978,-0.020011,-0.28003
-0.27373,0.025474,0.96147,-0.013774,0.99944,-0.030401,-0.96171,-0.021565,-0.27323
-0.2669,0.024011,0.96343,-0.014573,0.99947,-0.028947,-0.96362,-0.021766,-0.26641
-0.25893,0.024183,0.96559,-0.011255,0.99954,-0.028051,-0.96583,-0.018131,-0.25854
-0.2511,0.024993,0.96764,-0.0076088,0.99958,-0.027793,-0.96793,-0.014341,-0.25081
-0.24442,0.025395,0.96934,-0.0059216,0.9996,-0.027681,-0.96965,-0.012506,-0.24417
-0.23781,0.024557,0.971,-0.01164,0.99954,-0.02813,-0.97124,-0.017992,-0.23742
-0.232,0.022871,0.97245,-0.015571,0.99951,-0.027222,-0.97259,-0.021458,-0.23153
-0.22721,0.022401,0.97359,-0.013474,0.99957,-0.026144,-0.97375,-0.019058,-0.22681
-0.22244,0.022497,0.97469,-0.011894,0.9996,-0.025786,-0.97487,-0.017329,-0.22209
-0.21781,0.02499,0.97567,-0.011177,0.99954,-0.028097,-0.97593,-0.017025,-0.21743
-0.21193,0.023422,0.97701,-0.0054565,0.99967,-0.025149,-0.97727,-0.010661,-0.21173
-0.20656,0.022227,0.97818,0.0017078,0.99975,-0.022356,-0.97843,-0.0029473,-0.20655
-0.20158,0.021032,0.97925,0.0042237,0.99978,-0.020604,-0.97946,-1.7238e-05,-0.20162
-0.19735,0.02314,0.98006,0.0027877,0.99973,-0.023043,-0.98033,-0.0018155,-0.19736
-0.19372,0.025007,0.98074,0.0014531,0.99968,-0.025203,-0.98106,-0.003457,-0.19369
-0.19184,0.023959,0.98113,-0.0012592,0.9997,-0.024658,-0.98142,-0.0059659,-0.19175
-0.19096,0.022597,0.98134,-0.001834,0.99973,-0.023377,-0.9816,-0.0062639,-0.19087
-0.18979,0.0194,0.98163,0.00018195,0.99981,-0.019724,-0.98183,-0.0035648,-0.18975
-0.18869,0.01353,0.98194,-0.00078901,0.9999,-0.013929,-0.98204,-0.0034031,-0.18866
-0.1879,0.010597,0.98213,-0.0012413,0.99994,-0.011027,-0.98219,-0.0032911,-0.18787
-0.18646,0.015829,0.98234,-0.00074332,0.99987,-0.016253,-0.98246,-0.0037606,-0.18642
-0.18638,0.020132,0.98227,-0.00050579,0.99979,-0.020587,-0.98248,-0.004334,-0.18633
-0.18656,0.019044,0.98226,-0.0034572,0.99979,-0.02004,-0.98244,-0.0071344,-0.18645
-0.18592,0.018581,0.98239,-0.0050108,0.99979,-0.019858,-0.98255,-0.0086146,-0.18578
-0.18549,0.017812,0.98248,-0.0023153,0.99983,-0.018563,-0.98264,-0.0057181,-0.18542
-0.18441,0.021009,0.98262,-0.0020835,0.99976,-0.021766,-0.98285,-0.0060612,-0.18432
-0.18472,0.022662,0.98253,-0.010277,0.99963,-0.024988,-0.98274,-0.014713,-0.18442
-0.18456,0.023404,0.98254,-0.016906,0.99949,-0.026983,-0.98268,-0.021591,-0.18407
-0.18405,0.027315,0.98254,-0.014529,0.99943,-0.030506,-0.98281,-0.01989,-0.18354
-0.18367,0.02766,0.9826,-0.012953,0.99945,-0.030555,-0.9829,-0.018339,-0.18321
-0.18196,0.029429,0.98287,-0.013604,0.99938,-0.032442,-0.98321,-0.019274,-0.18144
-0.18011,0.028468,0.98323,-0.0062179,0.99953,-0.030079,-0.98363,-0.011531,-0.17985
-0.17652,0.025902,0.98396,-3.216e-05,0.99965,-0.026321,-0.9843,-0.0046778,-0.17646
-0.17452,0.020035,0.98445,0.0038312,0.9998,-0.019668,-0.98465,0.00033915,-0.17456
-0.17092,0.019847,0.98509,0.0049909,0.9998,-0.019278,-0.98527,0.0016216,-0.17098
-0.16571,0.024616,0.98587,0.0070876,0.99969,-0.02377,-0.98615,0.0030485,-0.16583
-0.15951,0.027412,0.98682,0.0075606,0.99962,-0.026545,-0.98717,0.0032265,-0.15966
-0.15106,0.029789,0.98808,0.0085298,0.99955,-0.028831,-0.98849,0.0040728,-0.15125
-0.14147,0.024715,0.98963,0.00955,0.99968,-0.0236,-0.9899,0.0061123,-0.14166
-0.12959,0.02266,0.99131,0.013295,0.99969,-0.021114,-0.99148,0.010443,-0.12985
-0.11581,0.025629,0.99294,0.018167,0.99955,-0.023681,-0.99311,0.015296,-0.11623
-0.1015,0.026777,0.99447,0.017859,0.99953,-0.02509,-0.99467,0.015214,-0.10193
-0.087549,0.026698,0.9958,0.019661,0.99949,-0.025068,-0.99597,0.017383,-0.08803
-0.073781,0.028712,0.99686,0.020872,0.99941,-0.027241,-0.99706,0.018797,-0.074337
-0.060074,0.033964,0.99762,0.018175,0.99929,-0.032927,-0.99803,0.016154,-0.060649
-0.047293,0.043719,0.99792,0.011852,0.999,-0.043204,-0.99881,0.009784,-0.047764
-0.033651,0.051946,0.99808,0.0077753,0.99863,-0.051712,-0.9994,0.0060202,-0.034009
-0.020026,0.05369,0.99836,0.0071134,0.99854,-0.053557,-0.99977,0.0060292,-0.020379
-0.0081639,0.049529,0.99874,0.0035003,0.99877,-0.049502,-0.99996,0.0030918,-0.0083272
0.0026464,0.04615,0.99893,-0.00093272,0.99893,-0.046147,-1,-0.0008096,0.0026866
0.011924,0.052251,0.99856,-0.0045324,0.99863,-0.0522,-0.99992,-0.0039035,0.012144
0.018784,0.06077,0.99798,-0.0071156,0.99813,-0.060645,-0.9998,-0.005962,0.019182
0.02219,0.064364,0.99768,-0.010678,0.99788,-0.06414,-0.9997,-0.0092305,0.02283
0.022194,0.06086,0.9979,-0.012565,0.99808,-0.060592,-0.99967,-0.011194,0.022916
0.020457,0.054971,0.99828,-0.0152,0.99839,-0.054665,-0.99968,-0.014056,0.02126
0.017561,0.052156,0.99848,-0.013649,0.99856,-0.051919,-0.99975,-0.012717,0.018248
0.014817,0.052557,0.99851,-0.011084,0.99856,-0.052396,-0.99983,-0.010291,0.015378
0.011246,0.052869,0.99854,-0.0097897,0.99856,-0.05276,-0.99989,-0.009182,0.011748
0.0063893,0.050455,0.99871,-0.011013,0.99867,-0.050383,-0.99992,-0.010676,0.0069365
0.0011996,0.051694,0.99866,-0.010826,0.99861,-0.051678,-0.99994,-0.01075,0.0017576
-0.0047732,0.0497,0.99875,-0.012109,0.99869,-0.049755,-0.99992,-0.012332,-0.0041651
-0.01075,0.045894,0.99889,-0.010679,0.99888,-0.046009,-0.99989,-0.011162,-0.010248
-0.015938,0.04683,0.99878,-0.010696,0.99884,-0.047004,-0.99982,-0.011432,-0.015418
-0.021396,0.047938,0.99862,-0.012206,0.99876,-0.048207,-0.9997,-0.013221,-0.020784
-0.025582,0.049899,0.99843,-0.013056,0.99865,-0.050244,-0.99959,-0.014321,-0.024897
-0.028205,0.051789,0.99826,-0.013245,0.99855,-0.052179,-0.99951,-0.014694,-0.027478
-0.029926,0.053858,0.9981,-0.010488,0.99848,-0.054192,-0.9995,-0.012089,-0.029315
-0.029403,0.052656,0.99818,-0.0069883,0.99858,-0.052883,-0.99954,-0.0085305,-0.028993
-0.025611,0.048586,0.99849,-0.0045323,0.9988,-0.048717,-0.99966,-0.0057732,-0.02536
-0.018445,0.047805,0.99869,-0.0035095,0.99885,-0.047877,-0.99982,-0.004388,-0.018256
-0.0074184,0.048955,0.99877,-0.00064868,0.9988,-0.048961,-0.99997,-0.0010111,-0.0073778
0.0071214,0.049097,0.99877,0.0020051,0.99879,-0.049112,-0.99997,0.0023524,0.0070143
0.02244,0.047349,0.99863,0.0016273,0.99887,-0.047398,-0.99975,0.0026886,0.022337
0.038417,0.042159,0.99837,-0.0036688,0.99911,-0.042049,-0.99926,-0.0020474,0.038538
0.054919,0.035708,0.99785,-0.0046408,0.99936,-0.035507,-0.99848,-0.0026809,0.055049
0.071925,0.028688,0.997,-0.004992,0.99958,-0.028403,-0.9974,-0.0029342,0.072038
0.08958,0.021085,0.99576,-0.0050855,0.99977,-0.020713,-0.99597,-0.0032085,0.089667
0.10691,0.015068,0.99415,-0.0072685,0.99987,-0.014373,-0.99424,-0.0056894,0.107
0.12473,0.012246,0.99212,-0.0080808,0.9999,-0.011326,-0.99216,-0.0066044,0.12482
0.14288,0.011258,0.98968,-0.0059294,0.99993,-0.010519,-0.98972,-0.0043653,0.14293
0.16032,0.010511,0.98701,-0.0073278,0.99993,-0.0094585,-0.98704,-0.0057162,0.16039
0.17654,0.010275,0.98424,-0.011419,0.9999,-0.0083909,-0.98423,-0.0097573,0.17664
0.19099,0.006266,0.98157,-0.014173,0.99989,-0.0036253,-0.98149,-0.013219,0.19106
0.20337,0.0025546,0.9791,-0.011214,0.99994,-0.00027959,-0.97904,-0.010923,0.20339
0.21437,0.0011722,0.97675,-0.00805,0.99997,0.00056667,-0.97672,-0.0079843,0.21437
0.2243,0.004603,0.97451,-0.012427,0.99992,-0.0018629,-0.97444,-0.011692,0.22434
0.23309,0.011277,0.97239,-0.017344,0.99982,-0.0074377,-0.9723,-0.015132,0.23325
0.24227,0.021269,0.96997,-0.016825,0.9997,-0.017719,-0.97006,-0.012027,0.24256
0.25074,0.027614,0.96766,-0.01157,0.99961,-0.025527,-0.96799,-0.0047949,0.25096
0.25742,0.02647,0.96594,-0.0099837,0.99964,-0.024733,-0.96625,-0.0032768,0.2576
0.26331,0.019279,0.96452,-0.012999,0.99978,-0.016435,-0.96462,-0.0082103,0.26351
0.2676,0.0088502,0.96349,-0.016485,0.99985,-0.0046056,-0.96339,-0.014651,0.26771
0.26976,-0.00021815,0.96293,-0.018698,0.99981,0.0054649,-0.96274,-0.019479,0.26971
0.27081,-0.0013557,0.96263,-0.014657,0.99988,0.0055314,-0.96252,-0.015607,0.27076
0.27216,0.00135,0.96225,-0.011186,0.99994,0.0017608,-0.96219,-0.011243,0.27216
0.27378,0.0006608,0.96179,-0.0073956,0.99997,0.0014182,-0.96176,-0.0075013,0.27378
0.2755,-0.00051983,0.9613,-0.0097529,0.99995,0.0033359,-0.96125,-0.010295,0.27548
0.27815,-0.0044821,0.96053,-0.0095724,0.99993,0.0074379,-0.96049,-0.011263,0.27809
0.28128,-0.0099339,0.95957,-0.0094514,0.99987,0.013122,-0.95958,-0.01276,0.28115
0.28545,-0.013192,0.9583,-0.0081688,0.99984,0.016197,-0.95836,-0.012451,0.28529
0.29158,-0.014836,0.95643,-0.0061548,0.99983,0.017386,-0.95653,-0.010956,0.29144
0.29956,-0.017949,0.95391,-0.0041424,0.99979,0.020113,-0.95407,-0.0099764,0.29942
0.30904,-0.020052,0.95084,-0.001794,0.99976,0.021667,-0.95105,-0.0084019,0.30893
0.32015,-0.018421,0.94719,-0.0028348,0.99979,0.020402,-0.94736,-0.009217,0.32003
0.33167,-0.014675,0.94328,-0.0043827,0.99984,0.017096,-0.94339,-0.0098043,0.33155
0.34321,-0.011111,0.93919,-0.0052658,0.99989,0.013753,-0.93924,-0.0096659,0.34311
0.35493,-0.010355,0.93483,-0.0041555,0.99991,0.012653,-0.93488,-0.0083758,0.35486
0.36633,-0.01342,0.93039,-0.002983,0.99987,0.015596,-0.93048,-0.0084886,0.36624
0.37733,-0.014995,0.92596,-0.0044785,0.99983,0.018017,-0.92607,-0.010945,0.3772
0.38873,-0.015682,0.92122,-0.005481,0.9998,0.019333,-0.92134,-0.012564,0.38856
0.39835,-0.017042,0.91708,-0.0097113,0.99969,0.022796,-0.91718,-0.017987,0.39806
0.4056,-0.015461,0.91392,-0.012969,0.99966,0.022667,-0.91396,-0.021046,0.40526
0.41002,-0.018011,0.9119,-0.013768,0.99957,0.025933,-0.91197,-0.023188,0.40959
0.41254,-0.022603,0.91066,-0.011151,0.99949,0.02986,-0.91087,-0.022473,0.41207
0.4128,-0.020846,0.91058,-0.0068345,0.99964,0.025983,-0.9108,-0.016949,0.41251
0.41161,-0.021101,0.91112,-0.0056527,0.99965,0.025705,-0.91134,-0.015731,0.41134
0.41085,-0.019983,0.91149,-0.0021385,0.99974,0.022882,-0.9117,-0.01135,0.4107
0.41065,-0.021162,0.91155,0.0019101,0.99975,0.022349,-0.91179,-0.0074367,0.41059
0.40999,-0.027689,0.91167,0.0051561,0.99959,0.02804,-0.91208,-0.0067957,0.40997
0.40893,-0.030619,0.91205,0.0058033,0.9995,0.030953,-0.91255,-0.0073644,0.4089
0.40731,-0.033081,0.91269,0.0057236,0.99942,0.03367,-0.91327,-0.0084903,0.40726
0.40595,-0.033609,0.91328,0.0056653,0.9994,0.03426,-0.91388,-0.0087338,0.40589
0.40401,-0.03358,0.91414,0.0042093,0.99938,0.034852,-0.91474,-0.010232,0.4039
0.40228,-0.032833,0.91493,0.0033507,0.9994,0.034391,-0.91551,-0.010769,0.40215
0.40103,-0.029851,0.91558,0.0038281,0.99951,0.030911,-0.91606,-0.0088914,0.40095
0.4003,-0.0238,0.91608,0.0046633,0.9997,0.023935,-0.91637,-0.0053091,0.40029
0.39933,-0.019984,0.91659,0.0022984,0.99978,0.020796,-0.9168,-0.0061978,0.39929
0.39784,-0.022558,0.91718,0.00090547,0.99971,0.024195,-0.91745,-0.0087954,0.39774
0.39673,-0.025871,0.91757,-0.0011667,0.99959,0.028688,-0.91794,-0.012452,0.39653
0.39437,-0.025892,0.91859,-0.0048532,0.99953,0.030258,-0.91894,-0.016391,0.39406
0.38967,-0.025349,0.92061,-0.0078961,0.99949,0.030863,-0.92092,-0.019296,0.38927
0.38333,-0.02641,0.92323,-0.0072013,0.99948,0.031581,-0.92358,-0.018754,0.38294
0.37462,-0.026834,0.92679,-0.0074321,0.99946,0.031942,-0.92715,-0.018854,0.37422
0.36475,-0.026354,0.93073,-0.0054917,0.99952,0.030454,-0.93109,-0.016219,0.36443
0.35426,-0.023168,0.93486,-0.0055097,0.99962,0.026861,-0.93513,-0.014666,0.354
0.34272,-0.022158,0.93918,-0.0084618,0.99961,0.026672,-0.9394,-0.017088,0.3424
0.33173,-0.030128,0.94289,-0.0046463,0.99943,0.033569,-0.94336,-0.015517,0.3314
0.32308,-0.039656,0.94554,0.00049929,0.99913,0.041733,-0.94637,-0.013011,0.32282
0.31584,-0.045208,0.94774,0.0014488,0.99889,0.047165,-0.94881,-0.013523,0.31555
0.31119,-0.046239,0.94922,-0.0042907,0.99874,0.050058,-0.95034,-0.019651,0.3106
0.30873,-0.048288,0.94992,-0.0038499,0.99864,0.052016,-0.95114,-0.019716,0.30812
0.30705,-0.049062,0.95043,-0.0026543,0.99862,0.052407,-0.95169,-0.018615,0.3065
0.30604,-0.04754,0.95083,-0.0025503,0.99871,0.050755,-0.95201,-0.017958,0.30553
0.30564,-0.044957,0.95109,-0.0058272,0.99878,0.049084,-0.95213,-0.020544,0.305
0.30609,-0.04594,0.95089,-0.0066995,0.99871,0.050407,-0.95198,-0.0218,0.30539
0.30787,-0.046982,0.95027,-0.0073451,0.99863,0.051752,-0.9514,-0.022913,0.3071
0.30921,-0.048795,0.94974,-0.005912,0.99856,0.053228,-0.95098,-0.022074,0.30847
0.31071,-0.049848,0.9492,-0.002316,0.99858,0.053199,-0.9505,-0.018728,0.31015
0.31374,-0.051117,0.94813,-0.0011251,0.99853,0.054206,-0.94951,-0.018073,0.31322
0.31802,-0.052861,0.94661,-0.001996,0.9984,0.056424,-0.94808,-0.019833,0.3174
0.32303,-0.056899,0.94468,-0.0042239,0.99809,0.061561,-0.94638,-0.023876,0.32217
0.32826,-0.060532,0.94265,-0.0048712,0.99782,0.065771,-0.94457,-0.026182,0.32725
0.3327,-0.060762,0.94107,-0.0054254,0.99778,0.066341,-0.94302,-0.027178,0.33163
0.33718,-0.057106,0.93971,-0.011732,0.99783,0.064847,-0.94137,-0.03289,0.33578
0.34186,-0.050386,0.9384,-0.015206,0.99813,0.059133,-0.93963,-0.034485,0.34046
0.34647,-0.04688,0.93689,-0.019038,0.99819,0.056988,-0.93787,-0.037581,0.34495
0.35102,-0.047109,0.93518,-0.02139,0.99807,0.058306,-0.93613,-0.04047,0.34933
0.35504,-0.045392,0.93375,-0.023398,0.99808,0.057416,-0.93456,-0.042233,0.35329
0.35907,-0.04245,0.93234,-0.023591,0.99823,0.054535,-0.93301,-0.041577,0.35744
0.36368,-0.041913,0.93058,-0.023539,0.99825,0.054161,-0.93123,-0.041602,0.36206
0.36826,-0.043567,0.9287,-0.023576,0.99814,0.056174,-0.92942,-0.042582,0.36655
0.37257,-0.044087,0.92696,-0.020038,0.99826,0.055532,-0.92779,-0.039264,0.37103
0.37687,-0.044007,0.92522,-0.016806,0.99838,0.054332,-0.92611,-0.036025,0.37552
0.38106,-0.041397,0.92362,-0.017052,0.99851,0.051789,-0.92439,-0.035485,0.37979
0.38536,-0.04194,0.92181,-0.02168,0.99828,0.054483,-0.92251,-0.04098,0.38379
0.39001,-0.042353,0.91984,-0.024857,0.99809,0.056495,-0.92048,-0.044898,0.38821
0.39401,-0.040171,0.91823,-0.022595,0.99832,0.053371,-0.91883,-0.041776,0.39244
0.39802,-0.033725,0.91676,-0.021204,0.99872,0.045946,-0.91713,-0.037727,0.39679
0.40129,-0.027063,0.91555,-0.026806,0.99879,0.041273,-0.91556,-0.041105,0.40008
0.40433,-0.027124,0.91421,-0.033603,0.99844,0.044484,-0.914,-0.048706,0.40279
0.40701,-0.037173,0.91267,-0.033654,0.99788,0.055652,-0.9128,-0.053366,0.4049
0.40889,-0.049222,0.91125,-0.029526,0.99731,0.067119,-0.9121,-0.05435,0.40634
0.41052,-0.057447,0.91004,-0.030206,0.99661,0.076537,-0.91135,-0.058909,0.40739
0.41263,-0.060195,0.90891,-0.032298,0.99622,0.080641,-0.91033,-0.062631,0.40912
0.41539,-0.055915,0.90792,-0.031375,0.99663,0.075734,-0.9091,-0.059945,0.41224
0.41954,-0.049785,0.90637,-0.02996,0.99719,0.068642,-0.90724,-0.055953,0.41687
0.42379,-0.045377,0.90462,-0.029662,0.99751,0.063932,-0.90527,-0.053926,0.42139
0.42797,-0.043413,0.90275,-0.028127,0.99772,0.061315,-0.90336,-0.051633,0.42577
0.43205,-0.041092,0.90092,-0.027488,0.9979,0.058698,-0.90143,-0.050125,0.43001
0.43591,-0.042481,0.89899,-0.025587,0.9979,0.059561,-0.89963,-0.048965,0.43391
0.43932,-0.047347,0.89708,-0.025,0.99758,0.064894,-0.89798,-0.050936,0.43707
0.44228,-0.053007,0.89531,-0.022853,0.99726,0.070333,-0.89658,-0.051567,0.43986
0.44478,-0.058556,0.89372,-0.020939,0.99691,0.075737,-0.89539,-0.0524,0.44218
0.44671,-0.064005,0.89239,-0.01891,0.99654,0.080942,-0.89448,-0.053032,0.44395
0.44822,-0.070735,0.89112,-0.017382,0.99599,0.087802,-0.89376,-0.054844,0.44519
0.44994,-0.072125,0.89014,-0.01735,0.99584,0.08946,-0.89289,-0.055696,0.44682
0.45174,-0.061564,0.89002,-0.025736,0.9963,0.081978,-0.89178,-0.059939,0.44849
0.45262,-0.04822,0.8904,-0.028109,0.99727,0.068296,-0.89126,-0.05594,0.45003
0.45349,-0.038675,0.89042,-0.027816,0.99796,0.057512,-0.89083,-0.050848,0.45148
0.45344,-0.041063,0.89034,-0.027644,0.99781,0.060098,-0.89086,-0.051863,0.45131
0.45365,-0.047149,0.88993,-0.028867,0.9973,0.067552,-0.89071,-0.056335,0.45106
0.45504,-0.048929,0.88912,-0.027108,0.99727,0.068753,-0.89006,-0.055388,0.45247
0.45604,-0.048761,0.88862,-0.024027,0.99746,0.067064,-0.88963,-0.051935,0.45371
0.45741,-0.050236,0.88784,-0.019485,0.9976,0.066485,-0.88904,-0.04771,0.45533
0.4589,-0.055083,0.88678,-0.019054,0.99724,0.071805,-0.88828,-0.049848,0.45658
0.45992,-0.057832,0.88607,-0.02093,0.99689,0.075929,-0.88771,-0.053467,0.45728
0.46099,-0.056451,0.88561,-0.022185,0.99693,0.075095,-0.88713,-0.054265,0.45832
0.46217,-0.053414,0.88518,-0.021115,0.99724,0.071201,-0.88654,-0.051597,0.45977
0.46372,-0.051005,0.88451,-0.020601,0.99745,0.068317,-0.88574,-0.049902,0.46148
0.46553,-0.053921,0.88339,-0.017321,0.9974,0.070008,-0.88486,-0.047892,0.46338
0.46892,-0.057211,0.88139,-0.017012,0.99713,0.073775,-0.88308,-0.049588,0.4666
0.47253,-0.059077,0.87933,-0.0165,0.99698,0.075848,-0.88116,-0.05035,0.47013
0.47675,-0.059697,0.87701,-0.014103,0.99704,0.075534,-0.87893,-0.048379,0.4745
0.48093,-0.05781,0.87485,-0.014689,0.99715,0.073966,-0.87663,-0.048423,0.47872
0.48498,-0.053569,0.87288,-0.019339,0.99722,0.071944,-0.87431,-0.051772,0.4826
0.49005,-0.049132,0.87031,-0.01885,0.99758,0.066931,-0.87149,-0.049205,0.48794
0.49728,-0.048887,0.86621,-0.01424,0.99782,0.06449,-0.86747,-0.044405,0.4955
0.5058,-0.049546,0.86123,-0.0099355,0.99795,0.063247,-0.8626,-0.040547,0.50427
0.51564,-0.052743,0.85518,-0.0042285,0.99793,0.064098,-0.85679,-0.036668,0.51436
0.52813,-0.053262,0.84749,-0.001022,0.99799,0.063357,-0.84916,-0.034327,0.52702
0.54123,-0.054321,0.83912,-0.0011113,0.99786,0.065315,-0.84087,-0.036283,0.54001
0.55422,-0.058547,0.83031,0.0009746,0.99757,0.06969,-0.83237,-0.037814,0.55292
0.56685,-0.061472,0.82153,-0.00028564,0.9972,0.074814,-0.82382,-0.042643,0.56524
0.57762,-0.058896,0.81418,-0.004371,0.99716,0.075233,-0.81629,-0.047015,0.57572
0.58646,-0.053216,0.80823,-0.0095232,0.99732,0.072576,-0.80992,-0.050259,0.58438
0.59268,-0.047798,0.80402,-0.014538,0.99744,0.070013,-0.80531,-0.053184,0.59047
0.59466,-0.044075,0.80277,-0.020232,0.99736,0.069745,-0.80373,-0.057716,0.59219
0.59223,-0.037781,0.80488,-0.028294,0.99731,0.067632,-0.80527,-0.062827,0.58957
0.58533,-0.030618,0.81022,-0.036285,0.9973,0.063901,-0.80998,-0.066802,0.58264
0.57618,-0.024998,0.81694,-0.039967,0.99747,0.058712,-0.81634,-0.06648,0.57373
0.56564,-0.025989,0.82425,-0.03503,0.99784,0.055502,-0.82391,-0.060267,0.56351
0.55581,-0.030001,0.83077,-0.033209,0.99775,0.058249,-0.83065,-0.059964,0.55356
0.54598,-0.029167,0.83729,-0.037715,0.99752,0.059342,-0.83695,-0.063978,0.54353
0.53652,-0.031745,0.84329,-0.035959,0.99752,0.060429,-0.84312,-0.062746,0.53406
0.52835,-0.032373,0.84841,-0.031294,0.99785,0.057564,-0.84845,-0.056964,0.5262
0.5194,-0.032151,0.85393,-0.028617,0.99808,0.054984,-0.85405,-0.052995,0.51748
0.51195,-0.030115,0.85849,-0.031372,0.99806,0.053719,-0.85844,-0.054434,0.51001
0.5055,-0.030478,0.86229,-0.033729,0.99791,0.055045,-0.86217,-0.056909,0.50342
0.50032,-0.033762,0.86518,-0.037073,0.99749,0.060363,-0.86505,-0.062275,0.49781
0.49529,-0.038029,0.8679,-0.038783,0.99708,0.065822,-0.86786,-0.066261,0.49236
0.49113,-0.042991,0.87002,-0.03859,0.99673,0.071036,-0.87023,-0.068462,0.48787
0.48824,-0.039746,0.8718,-0.042001,0.99673,0.068963,-0.8717,-0.070287,0.48498
0.48566,-0.02973,0.87364,-0.047947,0.99701,0.060582,-0.87283,-0.071311,0.48278
0.48399,-0.017649,0.8749,-0.049971,0.99761,0.047768,-0.87365,-0.066838,0.48195
0.48254,-0.01147,0.8758,-0.049262,0.99798,0.040212,-0.87449,-0.062547,0.48099
0.48116,-0.01026,0.87657,-0.051178,0.9979,0.039772,-0.87514,-0.063998,0.47962
0.48016,-0.013742,0.87707,-0.053402,0.99756,0.044865,-0.87555,-0.06838,0.47826
0.48012,-0.01651,0.87705,-0.05128,0.99758,0.046851,-0.8757,-0.067469,0.47812
0.48094,-0.019917,0.87653,-0.047513,0.99768,0.04874,-0.87546,-0.065088,0.47888
0.48263,-0.022677,0.87553,-0.046987,0.99755,0.051739,-0.87456,-0.06611,0.48039
0.48604,-0.024336,0.8736,-0.046049,0.99751,0.053408,-0.87272,-0.066187,0.48371
0.49021,-0.023752,0.87128,-0.045561,0.99756,0.052829,-0.87041,-0.065594,0.48794
0.494,-0.023874,0.86914,-0.046,0.99751,0.053546,-0.86825,-0.066432,0.49166
0.4975,-0.022024,0.86718,-0.049637,0.99732,0.053805,-0.86604,-0.069813,0.49507
0.50163,-0.019758,0.86485,-0.050592,0.99736,0.052129,-0.8636,-0.069904,0.49931
0.50607,-0.018572,0.86229,-0.04548,0.9978,0.048182,-0.86129,-0.0636,0.50411
0.51127,-0.016071,0.85927,-0.043167,0.99808,0.044351,-0.85834,-0.059767,0.5096
0.51777,-0.014556,0.8554,-0.041487,0.99825,0.042099,-0.85451,-0.057286,0.51626
0.52545,-0.016025,0.85068,-0.041426,0.99815,0.044391,-0.84982,-0.058565,0.52381
0.53237,-0.018898,0.8463,-0.04451,0.99774,0.05028,-0.84534,-0.064436,0.53033
0.5393,-0.022701,0.84181,-0.046945,0.99727,0.056969,-0.84081,-0.070242,0.53676
0.54633,-0.02672,0.83715,-0.050249,0.99665,0.064603,-0.83606,-0.07736,0.54315
0.55325,-0.02825,0.83254,-0.051755,0.99633,0.0682,-0.83141,-0.080819,0.54975
0.56082,-0.025886,0.82753,-0.051386,0.9965,0.065996,-0.82634,-0.079536,0.55753
0.56832,-0.02045,0.82255,-0.049399,0.99704,0.058918,-0.82132,-0.074118,0.56563
0.57584,-0.013209,0.81745,-0.04893,0.99752,0.050587,-0.8161,-0.069128,0.57377
0.58266,-0.010101,0.81265,-0.044245,0.99805,0.044128,-0.81151,-0.061667,0.58108
0.58959,-0.0091091,0.80765,-0.038392,0.99849,0.039287,-0.80679,-0.05417,0.58835
0.59613,-0.01515,0.80275,-0.030158,0.99869,0.041244,-0.80232,-0.048796,0.59489
0.60361,-0.021527,0.79699,-0.025005,0.99863,0.045911,-0.79689,-0.047641,0.60224
0.61092,-0.030017,0.79113,-0.020655,0.99834,0.053829,-0.79143,-0.049225,0.60928
0.61806,-0.034545,0.78537,-0.017694,0.99817,0.057829,-0.78593,-0.049638,0.61632
0.62433,-0.036739,0.7803,-0.017618,0.99798,0.061084,-0.78096,-0.051884,0.62242
0.6309,-0.034376,0.77511,-0.021645,0.99785,0.061873,-0.77557,-0.055812,0.62879
0.63695,-0.032622,0.77021,-0.026455,0.99759,0.06413,-0.77045,-0.061224,0.63456
0.64135,-0.035408,0.76643,-0.023473,0.99756,0.065727,-0.76689,-0.060144,0.63895
0.64565,-0.033984,0.76288,-0.024376,0.99758,0.065069,-0.76325,-0.060608,0.64326
0.64978,-0.032286,0.75944,-0.022026,0.99788,0.061269,-0.7598,-0.056539,0.64769
0.65475,-0.028773,0.7553,-0.020405,0.99824,0.055716,-0.75557,-0.051892,0.65301
0.65866,-0.02976,0.75185,-0.019531,0.9982,0.056622,-0.75218,-0.05198,0.6569
0.66266,-0.030646,0.7483,-0.023134,0.99785,0.061353,-0.74857,-0.057967,0.66052
0.66651,-0.033849,0.74473,-0.02522,0.99737,0.067904,-0.74507,-0.064041,0.6639
0.67076,-0.033215,0.74093,-0.024105,0.99749,0.066539,-0.74128,-0.062492,0.66828
0.67489,-0.027699,0.73739,-0.026599,0.99773,0.061823,-0.73744,-0.061338,0.67263
0.67908,-0.023915,0.73367,-0.026656,0.99801,0.057203,-0.73358,-0.058402,0.67709
0.68313,-0.026393,0.72982,-0.020414,0.99827,0.055209,-0.73001,-0.052614,0.6814
0.6872,-0.030695,0.72582,-0.016066,0.99822,0.057426,-0.72629,-0.051124,0.68549
0.69139,-0.035298,0.72162,-0.0096419,0.99827,0.058068,-0.72242,-0.047105,0.68985
0.69623,-0.038287,0.7168,-0.0045807,0.99832,0.057774,-0.71781,-0.043507,0.69488
0.70034,-0.043879,0.71246,0.0023175,0.99824,0.059201,-0.71381,-0.03981,0.69921
0.70441,-0.044156,0.70842,0.0014985,0.99815,0.060725,-0.7098,-0.041714,0.70317
0.70763,-0.043697,0.70524,-0.00014821,0.99808,0.061991,-0.70659,-0.043971,0.70626
0.71168,-0.042449,0.70122,0.0010666,0.99824,0.059347,-0.7025,-0.041488,0.71047
0.71547,-0.039784,0.69751,-0.0015352,0.99829,0.058513,-0.69865,-0.042935,0.71418
0.71913,-0.044557,0.69345,0.0040104,0.99819,0.059979,-0.69486,-0.040352,0.71801
0.72385,-0.044652,0.68851,0.0027038,0.99808,0.061886,-0.68995,-0.042935,0.72258
0.72718,-0.043464,0.68507,0.0036272,0.99822,0.059482,-0.68643,-0.04077,0.72605
0.73112,-0.046146,0.68068,0.0079543,0.99822,0.059129,-0.6822,-0.037816,0.73019
0.73424,-0.046434,0.6773,0.0054244,0.99803,0.062542,-0.67887,-0.042247,0.73304
0.73695,-0.043344,0.67456,-0.0015188,0.99783,0.065775,-0.67595,-0.049498,0.73529
0.73971,-0.043218,0.67154,-0.0024429,0.99776,0.066904,-0.67292,-0.05113,0.73794
0.74141,-0.048272,0.66932,0.00036988,0.99744,0.071527,-0.67106,-0.052783,0.73953
0.74342,-0.047541,0.66714,-0.0023499,0.99728,0.073687,-0.66882,-0.056348,0.74128
0.74479,-0.043164,0.6659,-0.0018986,0.99776,0.0668,-0.66729,-0.051016,0.74305
0.74549,-0.039979,0.66532,0.00047941,0.99823,0.059447,-0.66652,-0.043998,0.74419
0.74503,-0.039811,0.66585,0.00082,0.99827,0.058769,-0.66704,-0.043238,0.74377
0.74418,-0.041002,0.66672,-0.00056853,0.99808,0.062015,-0.66798,-0.04653,0.74273
0.74297,-0.043697,0.66789,-0.0010298,0.99779,0.066427,-0.66932,-0.050041,0.74129
0.74067,-0.045189,0.67035,-0.0011022,0.99765,0.06847,-0.67187,-0.051453,0.73888
0.7373,-0.044556,0.6741,-0.0019582,0.99768,0.068085,-0.67557,-0.051519,0.7355
0.73313,-0.038833,0.67898,-0.0063136,0.99794,0.063892,-0.68006,-0.051128,0.73137
0.72817,-0.034352,0.68454,-0.0089703,0.99818,0.059633,-0.68534,-0.049564,0.72653
0.72309,-0.033593,0.68994,-0.0080952,0.99834,0.057093,-0.69071,-0.046869,0.72161
0.71726,-0.033297,0.69601,-0.0097632,0.99828,0.057819,-0.69674,-0.048266,0.7157
0.7114,-0.03405,0.70196,-0.009372,0.99828,0.057922,-0.70272,-0.047784,0.70986
0.70594,-0.034219,0.70744,-0.013049,0.99803,0.061297,-0.70815,-0.052503,0.70411
0.69957,-0.038773,0.71351,-0.014275,0.99757,0.068205,-0.71442,-0.0579,0.69732
0.69313,-0.041596,0.71961,-0.018457,0.99698,0.075406,-0.72058,-0.065547,0.69027
0.68654,-0.038111,0.72609,-0.021301,0.99714,0.072479,-0.72678,-0.065226,0.68377
0.68088,-0.032093,0.73169,-0.021943,0.9977,0.064179,-0.73207,-0.059754,0.67861
0.67536,-0.028788,0.73693,-0.021113,0.99807,0.058338,-0.73719,-0.054958,0.67345
0.66985,-0.030554,0.74187,-0.019216,0.9981,0.058457,-0.74225,-0.053413,0.66799
0.66469,-0.033209,0.74638,-0.019116,0.99793,0.061425,-0.74687,-0.055097,0.66268
0.65995,-0.034486,0.75052,-0.019742,0.99781,0.063209,-0.75105,-0.056531,0.65782
0.65559,-0.036404,0.75424,-0.018845,0.99774,0.064537,-0.75488,-0.056523,0.65342
0.6514,-0.036617,0.75785,-0.020531,0.99762,0.065849,-0.75845,-0.058454,0.6491
0.6472,-0.035178,0.76151,-0.024413,0.99747,0.066827,-0.76193,-0.061841,0.6447
0.64333,-0.03412,0.76483,-0.026736,0.9974,0.066985,-0.76512,-0.063542,0.64075
0.63981,-0.032847,0.76783,-0.029034,0.99734,0.066859,-0.76798,-0.06507,0.63716
0.6362,-0.031428,0.77089,-0.030773,0.99734,0.066056,-0.77091,-0.065747,0.63354
0.63267,-0.029653,0.77386,-0.033136,0.99731,0.065306,-0.77372,-0.066959,0.62998
0.62947,-0.030928,0.77641,-0.031877,0.99734,0.065572,-0.77637,-0.066025,0.62681
0.62651,-0.031413,0.77878,-0.032042,0.9973,0.066003,-0.77876,-0.066305,0.62381
0.62351,-0.0321,0.78116,-0.032475,0.99723,0.0669,-0.78114,-0.067081,0.62074
0.62079,-0.031444,0.78335,-0.035283,0.99706,0.067984,-0.78318,-0.069843,0.61786
0.61764,-0.031988,0.78581,-0.036961,0.99689,0.069633,-0.78559,-0.072053,0.61454
0.61465,-0.030721,0.7882,-0.038817,0.99685,0.069124,-0.78784,-0.073083,0.61153
0.61158,-0.028084,0.79069,-0.039063,0.99708,0.065629,-0.79022,-0.071024,0.60869
0.60959,-0.028554,0.79221,-0.03854,0.9971,0.065595,-0.79178,-0.070518,0.60672
0.60855,-0.034688,0.79275,-0.034788,0.99692,0.070326,-0.79275,-0.070376,0.60547
0.60803,-0.044133,0.79269,-0.0303,0.99644,0.078718,-0.79334,-0.071882,0.60452
0.60734,-0.049792,0.79288,-0.02858,0.99602,0.084441,-0.79393,-0.073945,0.6035
0.60645,-0.049688,0.79357,-0.027527,0.99614,0.083408,-0.79465,-0.072427,0.60274
0.60583,-0.045271,0.7943,-0.025198,0.99679,0.076031,-0.79519,-0.066077,0.60275
0.60513,-0.040023,0.79512,-0.023733,0.99738,0.068265,-0.79578,-0.060179,0.60259
0.60406,-0.039463,0.79596,-0.020782,0.99765,0.065235,-0.79667,-0.055948,0.60182
0.6029,-0.042799,0.79667,-0.01807,0.99757,0.067267,-0.79761,-0.054952,0.60066
0.60172,-0.048767,0.79722,-0.014214,0.99732,0.071736,-0.79858,-0.054497,0.59942
0.60099,-0.053954,0.79743,-0.01122,0.99705,0.075916,-0.79918,-0.054571,0.59861
0.60029,-0.057754,0.79769,-0.0087282,0.99686,0.078742,-0.79973,-0.05423,0.5979
0.59986,-0.059332,0.7979,-0.007637,0.99678,0.079861,-0.80007,-0.053999,0.59747
0.59982,-0.058316,0.79801,-0.0063218,0.99696,0.077607,-0.80011,-0.051595,0.59763
0.59989,-0.056688,0.79807,-0.0044998,0.99723,0.074217,-0.80007,-0.048113,0.59797
0.60002,-0.057432,0.79792,-0.0038375,0.9972,0.074662,-0.79998,-0.04786,0.59812
0.59967,-0.061182,0.7979,-0.0019686,0.99696,0.077924,-0.80024,-0.0483,0.59773
0.59924,-0.063225,0.79807,-0.0012145,0.9968,0.079881,-0.80057,-0.048837,0.59725
0.59859,-0.062124,0.79865,0.00013497,0.997,0.077452,-0.80106,-0.046254,0.5968
0.5981,-0.061366,0.79907,0.0012113,0.99713,0.07567,-0.80142,-0.04429,0.59646
0.59758,-0.062638,0.79936,0.0028726,0.9971,0.075986,-0.8018,-0.043112,0.59603
0.5975,-0.065305,0.79921,0.0036289,0.99689,0.078745,-0.80186,-0.04415,0.59587
0.59755,-0.067738,0.79896,0.0066075,0.99681,0.07957,-0.8018,-0.042268,0.59609
0.5978,-0.070987,0.7985,0.010353,0.99667,0.080853,-0.80158,-0.040067,0.59655
0.59795,-0.075132,0.798,0.015388,0.99649,0.082289,-0.80139,-0.036925,0.59701
0.59824,-0.080435,0.79727,0.021563,0.9962,0.084325,-0.80103,-0.033255,0.5977
0.59844,-0.085309,0.79661,0.028876,0.99597,0.084965,-0.80064,-0.027844,0.59849
0.59936,-0.088428,0.79558,0.032111,0.99574,0.086484,-0.79984,-0.026288,0.59964
0.6001,-0.09151,0.79467,0.035588,0.99551,0.087762,-0.79913,-0.024385,0.60066
0.60114,-0.093584,0.79364,0.03663,0.9953,0.089618,-0.7983,-0.024802,0.60174
0.6023,-0.09504,0.79259,0.037173,0.99515,0.09108,-0.7974,-0.025395,0.60292
0.6035,-0.095761,0.79159,0.039074,0.99512,0.090593,-0.7964,-0.023742,0.6043
0.6048,-0.09728,0.79042,0.04032,0.99498,0.091605,-0.79536,-0.023532,0.60568
0.60604,-0.099751,0.78915,0.041162,0.99471,0.094122,-0.79437,-0.024558,0.60694
0.60693,-0.10176,0.78822,0.039543,0.99441,0.097931,-0.79377,-0.028268,0.60756
0.60732,-0.10489,0.7875,0.035156,0.99382,0.10526,-0.79368,-0.036242,0.60726
0.60751,-0.10559,0.78726,0.028108,0.99336,0.11154,-0.79382,-0.045636,0.60644
0.60745,-0.10377,0.78755,0.021369,0.99321,0.11438,-0.79407,-0.052655,0.60555
0.60738,-0.10116,0.78794,0.014785,0.99313,0.1161,-0.79427,-0.058868,0.60471
0.60707,-0.097816,0.78861,0.0086324,0.99315,0.11654,-0.7946,-0.063941,0.60375
0.60648,-0.094954,0.78941,0.0047652,0.99326,0.11581,-0.79508,-0.066477,0.60284
0.606,-0.092782,0.79003,0.0029193,0.99343,0.11443,-0.79546,-0.067038,0.60229
0.6055,-0.09146,0.79057,0.0035471,0.99367,0.11224,-0.79584,-0.065157,0.60199
0.60501,-0.091934,0.79089,0.00434,0.99368,0.11219,-0.79621,-0.064441,0.60158
0.6046,-0.091148,0.7913,0.003779,0.99375,0.11158,-0.79652,-0.064471,0.60116
0.6031,-0.090694,0.79249,0.0028332,0.99375,0.11157,-0.79766,-0.065043,0.59959
0.6003,-0.090638,0.79462,0.001396,0.99367,0.11229,-0.79977,-0.066297,0.59663
0.59605,-0.089517,0.79794,-0.0027951,0.99353,0.11355,-0.80295,-0.069909,0.59194
0.59041,-0.090325,0.80203,-0.0043612,0.99335,0.11508,-0.80709,-0.071443,0.58609
0.58517,-0.088549,0.80606,-0.0075076,0.99339,0.11458,-0.81088,-0.073098,0.58063
0.57937,-0.083061,0.81082,-0.010544,0.99395,0.10935,-0.815,-0.071906,0.57499
0.57289,-0.076281,0.81608,-0.014512,0.99456,0.10315,-0.81951,-0.070937,0.56866
0.56488,-0.073207,0.82192,-0.016577,0.99485,0.1,-0.825,-0.070115,0.56076
0.5551,-0.074113,0.82848,-0.018399,0.99468,0.10131,-0.83158,-0.07148,0.55078
0.54494,-0.078208,0.83482,-0.022787,0.99389,0.10799,-0.83816,-0.077869,0.53983
0.53534,-0.083483,0.8405,-0.023876,0.99321,0.11386,-0.8443,-0.081021,0.52972
0.52538,-0.087962,0.84631,-0.024486,0.99267,0.11837,-0.85052,-0.082914,0.51937
0.51551,-0.090699,0.85207,-0.023895,0.99247,0.1201,-0.85655,-0.082275,0.50947
0.50596,-0.090913,0.85775,-0.022257,0.99272,0.11835,-0.86227,-0.078971,0.50026
0.49803,-0.08981,0.8625,-0.019047,0.99325,0.11442,-0.86695,-0.073414,0.49296
0.49097,-0.088305,0.86669,-0.013582,0.99395,0.10897,-0.87107,-0.065271,0.4868
0.48493,-0.089485,0.86996,-0.0075275,0.99429,0.10647,-0.87452,-0.058179,0.48149
0.47935,-0.095788,0.87238,-0.0023274,0.99388,0.11041,-0.87762,-0.054954,0.47619
0.47439,-0.10962,0.87346,9.6211e-05,0.99222,0.12447,-0.88031,-0.058963,0.47071
0.47047,-0.12326,0.87376,-0.0014508,0.99009,0.14046,-0.88241,-0.067348,0.46563
0.46556,-0.13651,0.87442,-0.0045337,0.98765,0.15661,-0.885,-0.076874,0.4592
0.46004,-0.14052,0.87671,-0.004722,0.987,0.16068,-0.88788,-0.078059,0.4534
0.45498,-0.13787,0.87977,-0.0063955,0.98741,0.15805,-0.89048,-0.077535,0.44837
0.44914,-0.13626,0.88301,-0.0070413,0.98773,0.156,-0.89343,-0.076285,0.44267
0.443,-0.14243,0.88513,-0.0027976,0.98708,0.16023,-0.89651,-0.07346,0.43688
0.43692,-0.14965,0.88696,-0.00038718,0.98603,0.16656,-0.8995,-0.073118,0.43076
0.43026,-0.15535,0.88924,0.0036107,0.98537,0.17039,-0.9027,-0.070104,0.42453
0.4248,-0.15895,0.89122,0.0066054,0.98498,0.17253,-0.90526,-0.067401,0.41947
0.41896,-0.15872,0.89402,0.0081227,0.98522,0.17111,-0.90797,-0.064426,0.41406
0.41314,-0.1579,0.89687,0.0082019,0.98546,0.16972,-0.91063,-0.062762,0.40843
0.40698,-0.15835,0.89961,0.0067312,0.98535,0.17039,-0.91341,-0.063291,0.40209
0.39936,-0.15876,0.90294,0.0042744,0.9852,0.17134,-0.91678,-0.064566,0.39413
0.39033,-0.15914,0.90682,0.0038063,0.98522,0.17126,-0.92067,-0.063397,0.38516
0.38026,-0.1601,0.91092,0.0049125,0.98524,0.17112,-0.92487,-0.060594,0.37544
0.37015,-0.16132,0.91486,0.004371,0.9851,0.17194,-0.92896,-0.059643,0.36533
0.36043,-0.16237,0.91855,0.0027008,0.98491,0.17305,-0.93278,-0.059889,0.35543
0.35023,-0.16255,0.92245,0.0046532,0.98512,0.17182,-0.93665,-0.055886,0.34577
0.34018,-0.15834,0.92693,0.0031605,0.98591,0.16726,-0.94036,-0.053968,0.33588
0.32882,-0.14873,0.93261,-0.0024864,0.98738,0.15835,-0.94439,-0.054386,0.3243
0.31603,-0.13894,0.93852,-0.011852,0.98856,0.15034,-0.94867,-0.058637,0.31077
0.30008,-0.13312,0.94458,-0.016462,0.98934,0.14466,-0.95377,-0.058959,0.29469
0.28137,-0.13057,0.95067,-0.015898,0.98993,0.14067,-0.95947,-0.054693,0.27646
0.26105,-0.12756,0.95686,-0.015245,0.99056,0.13621,-0.9652,-0.050146,0.25664
0.23991,-0.12247,0.96304,-0.012411,0.99154,0.12919,-0.97072,-0.042947,0.23636
0.2192,-0.11697,0.96864,-0.0085591,0.99252,0.12179,-0.97564,-0.034987,0.21656
0.19853,-0.11371,0.97348,-0.0028903,0.99317,0.1166,-0.98009,-0.025963,0.19685
0.17885,-0.11275,0.97739,0.00040033,0.99342,0.11453,-0.98388,-0.020092,0.17772
0.16061,-0.11731,0.98002,0.00067103,0.99292,0.11874,-0.98702,-0.018414,0.15956
0.14535,-0.12511,0.98144,-0.0019245,0.99194,0.12673,-0.98938,-0.020309,0.14394
0.13176,-0.13568,0.98195,1.1674e-05,0.99059,0.13687,-0.99128,-0.018022,0.13052
0.12166,-0.14135,0.98246,0.00012306,0.98981,0.14239,-0.99257,-0.017202,0.12044
0.11369,-0.1438,0.98305,-0.0027913,0.98942,0.14505,-0.99351,-0.019235,0.11209
0.10634,-0.14538,0.98365,-0.0077006,0.9891,0.14702,-0.9943,-0.023208,0.10406
0.098603,-0.15053,0.98368,-0.0092473,0.98831,0.15217,-0.99508,-0.024101,0.096058
0.092014,-0.15249,0.98401,-0.014061,0.98791,0.15441,-0.99566,-0.028044,0.088757
0.086648,-0.14189,0.98608,-0.029759,0.98899,0.14493,-0.99579,-0.041902,0.081472
0.08105,-0.12223,0.98919,-0.038159,0.99134,0.12562,-0.99598,-0.047928,0.075685
0.076796,-0.10497,0.99151,-0.035473,0.99353,0.10793,-0.99642,-0.04346,0.072576
0.07321,-0.10365,0.99192,-0.041539,0.99341,0.10687,-0.99645,-0.049027,0.068422
0.072823,-0.11423,0.99078,-0.051223,0.99168,0.1181,-0.99603,-0.059351,0.066366
0.074678,-0.12196,0.98972,-0.053059,0.9906,0.12608,-0.9958,-0.061928,0.067504
0.07756,-0.10716,0.99121,-0.057169,0.99209,0.11172,-0.99535,-0.065332,0.070821
0.080584,-0.081028,0.99345,-0.058429,0.99459,0.085861,-0.99503,-0.064966,0.075414
0.086261,-0.059255,0.99451,-0.05929,0.99616,0.064495,-0.99451,-0.064528,0.082416
0.090826,-0.058581,0.99414,-0.062643,0.99596,0.064411,-0.99389,-0.068126,0.086789
0.094215,-0.073089,0.99287,-0.068634,0.99445,0.079719,-0.99318,-0.075655,0.088676
0.096799,-0.08134,0.99197,-0.070201,0.99361,0.088325,-0.99283,-0.078187,0.09047
0.098911,-0.077975,0.99204,-0.06506,0.99429,0.084638,-0.99297,-0.072913,0.093272
0.10183,-0.068136,0.99247,-0.060231,0.9954,0.074517,-0.99298,-0.067365,0.097253
0.10419,-0.06183,0.99263,-0.056697,0.99607,0.067995,-0.99294,-0.063363,0.10027
0.10683,-0.059889,0.99247,-0.053686,0.99638,0.065904,-0.99283,-0.060323,0.10323
0.10722,-0.056543,0.99263,-0.050346,0.99679,0.062219,-0.99296,-0.056646,0.10403
0.10661,-0.050215,0.99303,-0.050444,0.99716,0.055839,-0.99302,-0.056046,0.10377
0.10593,-0.045722,0.99332,-0.052573,0.99729,0.051511,-0.99298,-0.057679,0.10324
0.10429,-0.041367,0.99369,-0.057974,0.99718,0.047597,-0.99286,-0.062572,0.1016
0.098117,-0.038864,0.99442,-0.062997,0.99699,0.04518,-0.99318,-0.067078,0.095373
0.085865,-0.037667,0.99559,-0.068218,0.99672,0.043593,-0.99397,-0.071661,0.083013
0.069192,-0.035801,0.99696,-0.071393,0.99662,0.040743,-0.99505,-0.073995,0.066402
0.050586,-0.034963,0.99811,-0.070036,0.9968,0.038467,-0.99626,-0.07185,0.047975
0.031707,-0.036282,0.99884,-0.066326,0.99706,0.038323,-0.99729,-0.067464,0.029208
0.01379,-0.03613,0.99925,-0.063569,0.99729,0.036936,-0.99788,-0.064031,0.011456
-0.0038119,-0.035174,0.99937,-0.061156,0.99752,0.034875,-0.99812,-0.060985,-0.0059536
-0.021565,-0.034857,0.99916,-0.060432,0.99761,0.033499,-0.99794,-0.059658,-0.02362
-0.039382,-0.035956,0.99858,-0.062464,0.99749,0.033453,-0.99727,-0.061058,-0.041528
-0.058468,-0.038044,0.99756,-0.06609,0.99723,0.034158,-0.9961,-0.063932,-0.06082
-0.077594,-0.038132,0.99626,-0.064206,0.99739,0.033175,-0.99492,-0.061391,-0.07984
-0.094588,-0.033775,0.99494,-0.061174,0.99773,0.028054,-0.99364,-0.058211,-0.096439
-0.11083,-0.024134,0.99355,-0.054032,0.99837,0.018224,-0.99237,-0.051663,-0.11196
-0.12579,-0.012955,0.99197,-0.048533,0.9988,0.0068904,-0.99087,-0.047276,-0.12626
-0.13884,-0.0041477,0.99031,-0.046814,0.9989,-0.0023798,-0.98921,-0.046691,-0.13888
-0.14963,0.0024092,0.98874,-0.049697,0.99871,-0.0099543,-0.98749,-0.050627,-0.14932
-0.15928,0.0062824,0.98721,-0.048763,0.99871,-0.014223,-0.98603,-0.050405,-0.15876
-0.1677,0.0084541,0.9858,-0.045001,0.99886,-0.016222,-0.98481,-0.047082,-0.16713
-0.17396,0.0085865,0.98472,-0.037148,0.99919,-0.015275,-0.98405,-0.039238,-0.1735
-0.17901,0.0083057,0.98381,-0.027764,0.99952,-0.01349,-0.98346,-0.029729,-0.17869
-0.18406,0.0057238,0.9829,-0.028959,0.99952,-0.011244,-0.98249,-0.030533,-0.18381
-0.18907,0.0032721,0.98196,-0.034879,0.99934,-0.010046,-0.98134,-0.036149,-0.18883
-0.19272,0.00018705,0.98125,-0.041766,0.99909,-0.0083933,-0.98036,-0.042601,-0.19254
-0.19575,-0.0017232,0.98065,-0.044165,0.999,-0.0070606,-0.97966,-0.044693,-0.19563
-0.19798,-0.00058359,0.98021,-0.042488,0.99907,-0.0079868,-0.97928,-0.043228,-0.19782
-0.19987,0.0017854,0.97982,-0.038087,0.99923,-0.0095898,-0.97908,-0.039235,-0.19965
-0.20068,0.0039391,0.97965,-0.033613,0.99938,-0.010904,-0.97908,-0.035117,-0.20042
-0.20052,0.006867,0.97967,-0.031345,0.99942,-0.013421,-0.97919,-0.033399,-0.20019
-0.19902,0.0089742,0.97995,-0.033134,0.99932,-0.015881,-0.97944,-0.03563,-0.19859
-0.19665,0.0090124,0.98043,-0.031453,0.99939,-0.015495,-0.97997,-0.033884,-0.19625
-0.19245,0.0063344,0.98129,-0.023014,0.99967,-0.010967,-0.98104,-0.024694,-0.19224
-0.18712,0.004945,0.98232,-0.017086,0.99982,-0.0082878,-0.98219,-0.018335,-0.18701
-0.18302,0.0068001,0.98309,-0.014452,0.99985,-0.0096065,-0.983,-0.015966,-0.18289
-0.17929,0.008078,0.98376,-0.017252,0.99979,-0.011354,-0.98364,-0.019007,-0.17911
-0.17474,0.0089597,0.98457,-0.020967,0.9997,-0.012819,-0.98439,-0.022883,-0.1745
-0.16953,0.010555,0.98547,-0.023645,0.99961,-0.014774,-0.98524,-0.025806,-0.16921
-0.16366,0.011297,0.98645,-0.023956,0.99959,-0.015422,-0.98623,-0.026156,-0.16332
-0.15731,0.011041,0.98749,-0.024193,0.99959,-0.015031,-0.98725,-0.026255,-0.15698
-0.1509,0.0087605,0.98851,-0.02943,0.99948,-0.01335,-0.98811,-0.031106,-0.15056
-0.14215,0.0056234,0.98983,-0.037782,0.99922,-0.011103,-0.98912,-0.038976,-0.14183
-0.13319,0.0031971,0.99109,-0.043906,0.99899,-0.009123,-0.99012,-0.04473,-0.13291
-0.12381,0.0010141,0.99231,-0.04156,0.99912,-0.0062064,-0.99144,-0.042009,-0.12366
-0.11259,-0.00015613,0.99364,-0.03467,0.99939,-0.0037712,-0.99304,-0.034874,-0.11252
-0.10105,-0.0010292,0.99488,-0.029924,0.99955,-0.0020055,-0.99443,-0.029974,-0.10104
-0.085933,-0.00071798,0.9963,-0.026746,0.99964,-0.0015865,-0.99594,-0.026783,-0.085921
-0.06962,-4.2315e-05,0.99757,-0.022349,0.99975,-0.0015173,-0.99732,-0.022401,-0.069604
-0.052108,-0.00098166,0.99864,-0.021926,0.99976,-0.00016133,-0.9984,-0.021905,-0.052117
-0.031333,-0.0020331,0.99951,-0.021212,0.99977,0.0013687,-0.99928,-0.021159,-0.031369
-0.00941,-0.0015127,0.99995,-0.020993,0.99978,0.0013148,-0.99974,-0.02098,-0.0094397
0.012435,0.00055908,0.99992,-0.022118,0.99976,-0.00028393,-0.99968,-0.022113,0.012444
0.035525,0.0045454,0.99936,-0.028777,0.99958,-0.0035234,-0.99895,-0.028634,0.035641
0.058513,0.0082158,0.99825,-0.03377,0.99941,-0.0062459,-0.99772,-0.033345,0.058756
0.084148,0.0084451,0.99642,-0.036691,0.99931,-0.005371,-0.99578,-0.036108,0.0844
0.10972,0.0071084,0.99394,-0.032926,0.99945,-0.0035131,-0.99342,-0.032341,0.1099
0.13497,0.0055578,0.99083,-0.030028,0.99955,-0.0015163,-0.99039,-0.029548,0.13508
0.16091,0.0052479,0.98696,-0.029944,0.99955,-0.00043303,-0.98652,-0.029484,0.16099
0.18687,0.005288,0.98237,-0.030584,0.99953,0.00043754,-0.98191,-0.030127,0.18695
0.21265,0.0056126,0.97711,-0.032296,0.99948,0.0012874,-0.9766,-0.031831,0.21272
0.23786,0.0062441,0.97128,-0.031016,0.99952,0.0011701,-0.9708,-0.030403,0.23794
0.26162,0.0060255,0.96515,-0.03027,0.99954,0.001965,-0.9647,-0.029729,0.26168
0.28333,0.0051551,0.95901,-0.028782,0.99958,0.0031302,-0.95859,-0.028489,0.28336
0.3033,0.0050454,0.95288,-0.028424,0.99959,0.0037547,-0.95247,-0.028224,0.30332
0.32192,0.0047622,0.94675,-0.027837,0.9996,0.0044373,-0.94636,-0.027783,0.32193
0.3395,0.0054266,0.94059,-0.028217,0.99959,0.0044179,-0.94018,-0.028041,0.33952
0.35671,0.0049556,0.9342,-0.025829,0.99966,0.0045598,-0.93386,-0.025756,0.35672
0.37397,0.0033861,0.92743,-0.022072,0.99974,0.0052501,-0.92718,-0.022434,0.37395
0.39156,0.0019257,0.92015,-0.017729,0.99983,0.005452,-0.91998,-0.018448,0.39153
0.40902,0.00088185,0.91252,-0.013105,0.9999,0.0049076,-0.91243,-0.013966,0.409
0.42527,0.00083487,0.90507,-0.012107,0.99992,0.0047666,-0.90499,-0.012985,0.42524
0.43999,0.0023443,0.898,-0.013222,0.99991,0.0038683,-0.8979,-0.013576,0.43998
0.45327,0.0035624,0.89136,-0.01493,0.99988,0.0035962,-0.89125,-0.014938,0.45327
0.46477,0.0024821,0.88543,-0.015401,0.99987,0.005281,-0.8853,-0.016091,0.46475
0.47461,0.001268,0.88019,-0.015606,0.99985,0.0069744,-0.88006,-0.017046,0.47456
0.48235,-0.00075616,0.87598,-0.016522,0.99981,0.0099609,-0.87582,-0.019278,0.48225
0.48855,-0.0024296,0.87253,-0.017099,0.99978,0.012358,-0.87237,-0.020957,0.4884
0.49323,-0.0022518,0.86989,-0.017966,0.99976,0.012775,-0.86971,-0.021929,0.49307
0.49687,-0.002099,0.86782,-0.018984,0.99973,0.013287,-0.86761,-0.023076,0.4967
0.49982,-0.0018444,0.86613,-0.02008,0.9997,0.013717,-0.8659,-0.024248,0.49964
0.50242,-0.00074591,0.86463,-0.020888,0.9997,0.013,-0.86437,-0.024592,0.50225
0.50496,-0.00099562,0.86314,-0.019559,0.99973,0.012596,-0.86292,-0.023242,0.50481
0.50751,-0.00071538,0.86165,-0.017928,0.99977,0.01139,-0.86146,-0.021228,0.50738
0.5099,0.00017914,0.86023,-0.017068,0.99981,0.009909,-0.86006,-0.019735,0.50981
0.5124,0.001265,0.85875,-0.016765,0.99982,0.0085306,-0.85859,-0.018768,0.51233
0.51473,0.0021885,0.85735,-0.015553,0.99986,0.0067854,-0.85721,-0.016827,0.51469
0.51686,0.0015022,0.85607,-0.012957,0.9999,0.0060684,-0.85597,-0.014229,0.51682
0.51854,0.00064704,0.85505,-0.0099888,0.99994,0.005301,-0.85499,-0.01129,0.51852
0.52037,3.3685e-05,0.85394,-0.0083709,0.99995,0.0050615,-0.8539,-0.0097821,0.52034
0.52178,0.0028462,0.85307,-0.0095807,0.99995,0.0025238,-0.85302,-0.0094899,0.52179
0.52295,0.0053396,0.85235,-0.0085887,0.99996,-0.0009948,-0.85232,-0.0068003,0.52297
0.52322,0.0075919,0.85216,-0.008357,0.99996,-0.0037775,-0.85215,-0.0051451,0.52327
0.52365,0.0074912,0.8519,-0.010815,0.99994,-0.0021451,-0.85186,-0.00809,0.5237
0.52364,0.0050751,0.85193,-0.01068,0.99994,0.00060776,-0.85188,-0.009417,0.52366
0.52424,0.0032326,0.85156,-0.011371,0.99993,0.0032044,-0.85149,-0.011363,0.52424
0.5247,0.0022638,0.85128,-0.0087464,0.99996,0.0027318,-0.85124,-0.008879,0.5247
0.52557,0.0022249,0.85075,-0.0060567,0.99998,0.0011265,-0.85073,-0.0057448,0.52558
0.52614,0.0013079,0.8504,-0.0033803,0.99999,0.00055347,-0.85039,-0.0031658,0.52614
0.52691,0.00038022,0.84992,-0.0020183,1,0.0008039,-0.84992,-0.002139,0.52691
0.52769,-0.00079515,0.84944,-0.00027793,1,0.0011087,-0.84944,-0.00082116,0.52769
0.52844,-0.0014518,0.84897,0.0004596,1,0.0014239,-0.84897,-0.00036228,0.52844
0.52907,-0.0006977,0.84858,0.00045987,1,0.00053548,-0.84858,0.00010693,0.52907
0.52995,0.00076975,0.84803,-0.00085015,1,-0.00037642,-0.84803,-0.00052147,0.52995
0.5303,0.0010245,0.84781,-0.0016158,1,-0.00019774,-0.84781,-0.001265,0.5303
0.53001,-0.00031739,0.84799,-0.0013493,1,0.0012176,-0.84799,-0.0017895,0.53001
0.5292,0.0016492,0.8485,-0.0060631,0.99998,0.0018379,-0.84848,-0.0061172,0.5292
0.52736,0.0047455,0.84963,-0.009419,0.99996,0.00026116,-0.84959,-0.0081403,0.52738
0.52402,0.0084965,0.85166,-0.011568,0.99993,-0.0028582,-0.85163,-0.008354,0.52408
0.51778,0.012458,0.85542,-0.016522,0.99985,-0.0045609,-0.85535,-0.011771,0.51791
0.50913,0.017407,0.86052,-0.022925,0.99972,-0.0066593,-0.86039,-0.016337,0.50938
0.49777,0.021489,0.86704,-0.027631,0.99958,-0.0089109,-0.86687,-0.019522,0.49815
0.48453,0.023209,0.87447,-0.03119,0.99947,-0.0092448,-0.87422,-0.022796,0.48499
0.47003,0.022036,0.88237,-0.033045,0.99943,-0.007357,-0.88203,-0.0257,0.47049
0.45479,0.019799,0.89038,-0.035376,0.99937,-0.0041529,-0.8899,-0.029609,0.4552
0.4387,0.019652,0.89842,-0.038159,0.99927,-0.0032249,-0.89783,-0.032868,0.43912
0.42203,0.021868,0.90632,-0.038215,0.99925,-0.0063158,-0.90578,-0.031969,0.42255
0.40432,0.026036,0.91424,-0.040328,0.99913,-0.010619,-0.91373,-0.032576,0.40502
0.38532,0.027845,0.92236,-0.04085,0.99908,-0.013096,-0.92188,-0.032633,0.3861
0.36498,0.026,0.93065,-0.042527,0.99903,-0.011232,-0.93004,-0.035479,0.36574
0.34316,0.023731,0.93898,-0.041729,0.99908,-0.0099991,-0.93835,-0.035752,0.34383
0.31975,0.026272,0.94714,-0.041856,0.99903,-0.013582,-0.94658,-0.0353,0.32054
0.29466,0.033867,0.955,-0.045358,0.99874,-0.021423,-0.95452,-0.037005,0.29583
0.26863,0.0385,0.96247,-0.04491,0.99861,-0.027411,-0.9622,-0.035861,0.26999
0.23974,0.043973,0.96984,-0.052697,0.99809,-0.032227,-0.96941,-0.043381,0.2416
0.20947,0.046832,0.97669,-0.048503,0.99812,-0.037458,-0.97661,-0.039526,0.21134
0.17907,0.04909,0.98261,-0.053686,0.99775,-0.040063,-0.98237,-0.045579,0.1813
0.14997,0.051727,0.98734,-0.050862,0.99771,-0.044545,-0.98738,-0.043537,0.15225
0.122,0.057503,0.99086,-0.047534,0.99751,-0.052036,-0.99139,-0.040751,0.12443
0.095798,0.060626,0.99355,-0.043188,0.99746,-0.056701,-0.99446,-0.037478,0.098173
0.07162,0.061198,0.99555,-0.039851,0.99749,-0.05845,-0.99664,-0.035488,0.07388
0.048878,0.061455,0.99691,-0.037769,0.99751,-0.05964,-0.99809,-0.034738,0.051077
0.026467,0.062976,0.99766,-0.038199,0.99735,-0.061943,-0.99892,-0.036471,0.028803
0.0041332,0.065881,0.99782,-0.037597,0.99713,-0.06568,-0.99928,-0.037244,0.0065983
-0.017028,0.066875,0.99762,-0.035711,0.99708,-0.067449,-0.99922,-0.036775,-0.01459
-0.0351,0.063168,0.99739,-0.031615,0.99743,-0.064283,-0.99888,-0.033789,-0.033013
-0.048415,0.061721,0.99692,-0.026023,0.99767,-0.063032,-0.99849,-0.028994,-0.046696
-0.05724,0.064272,0.99629,-0.018469,0.99769,-0.065423,-0.99819,-0.022146,-0.055921
-0.063238,0.0681,0.99567,-0.014908,0.99749,-0.069171,-0.99789,-0.019218,-0.062064
-0.067695,0.06853,0.99535,-0.015717,0.99744,-0.069743,-0.99758,-0.020365,-0.066444
-0.071276,0.068362,0.99511,-0.016941,0.99742,-0.069735,-0.99731,-0.021829,-0.069934
-0.074566,0.070408,0.99473,-0.017202,0.99727,-0.071877,-0.99707,-0.022471,-0.07315
-0.077986,0.073848,0.99422,-0.015892,0.99703,-0.075304,-0.99683,-0.021673,-0.076581
-0.081206,0.076756,0.99374,-0.013505,0.99685,-0.078101,-0.99661,-0.019763,-0.079914
-0.084178,0.076346,0.99352,-0.012369,0.9969,-0.077654,-0.99637,-0.018825,-0.082973
-0.087027,0.072071,0.9936,-0.01299,0.99721,-0.073471,-0.99612,-0.019301,-0.085848
-0.089146,0.069175,0.99361,-0.013331,0.99741,-0.070635,-0.99593,-0.019542,-0.087994
-0.090691,0.069439,0.99346,-0.015712,0.99734,-0.071145,-0.99576,-0.022062,-0.089359
-0.09129,0.073799,0.99309,-0.016554,0.997,-0.075611,-0.99569,-0.023342,-0.089795
-0.091208,0.076856,0.99286,-0.016188,0.99677,-0.078646,-0.9957,-0.023246,-0.089669
-0.090713,0.076932,0.9929,-0.014302,0.99681,-0.078541,-0.99577,-0.021325,-0.089324
-0.090706,0.076354,0.99295,-0.015341,0.99683,-0.078054,-0.99576,-0.022313,-0.089248
-0.09106,0.077001,0.99286,-0.017621,0.99673,-0.078916,-0.99569,-0.024681,-0.089405
-0.091771,0.077321,0.99277,-0.020192,0.99663,-0.079488,-0.99558,-0.027341,-0.0899
-0.093898,0.076108,0.99267,-0.020573,0.99671,-0.078365,-0.99537,-0.02778,-0.092023
-0.096843,0.074382,0.99252,-0.022256,0.99679,-0.076874,-0.99505,-0.029534,-0.094877
-0.098731,0.076517,0.99217,-0.019852,0.99669,-0.078842,-0.99492,-0.027481,-0.096885
-0.10104,0.076849,0.99191,-0.019156,0.99668,-0.07917,-0.9947,-0.027001,-0.099231
-0.1041,0.076147,0.99165,-0.020378,0.99669,-0.078674,-0.99436,-0.028398,-0.1022
-0.1076,0.075335,0.99134,-0.019554,0.99677,-0.07787,-0.994,-0.027764,-0.10578
-0.11126,0.074586,0.99099,-0.021694,0.99676,-0.077456,-0.99355,-0.030116,-0.10928
-0.11473,0.072658,0.99074,-0.021593,0.9969,-0.07561,-0.99316,-0.030068,-0.11281
-0.11787,0.072324,0.99039,-0.022914,0.99688,-0.075525,-0.99276,-0.031596,-0.11585
-0.12071,0.07329,0.98998,-0.023162,0.99679,-0.076619,-0.99242,-0.032179,-0.11863
-0.1234,0.073693,0.98962,-0.022834,0.99676,-0.077072,-0.99209,-0.032107,-0.12131
-0.12581,0.073252,0.98935,-0.022112,0.99682,-0.076617,-0.99181,-0.031516,-0.12379
-0.12827,0.074744,0.98892,-0.021436,0.99671,-0.078114,-0.99151,-0.031218,-0.12624
-0.13096,0.075223,0.98853,-0.021068,0.99668,-0.078634,-0.99116,-0.031125,-0.12894
-0.13408,0.07504,0.98813,-0.021488,0.99667,-0.078605,-0.99074,-0.031773,-0.13202
-0.13769,0.074577,0.98766,-0.022259,0.99668,-0.078361,-0.99023,-0.032773,-0.13557
-0.14168,0.074119,0.98713,-0.021446,0.99673,-0.077917,-0.98968,-0.032209,-0.13962
-0.14552,0.07409,0.98658,-0.021526,0.99672,-0.078027,-0.98912,-0.032591,-0.14344
-0.14917,0.074477,0.986,-0.020498,0.99671,-0.078387,-0.9886,-0.031904,-0.14715
-0.15177,0.075447,0.98553,-0.019997,0.99664,-0.079377,-0.98821,-0.031754,-0.14975
-0.15396,0.076035,0.98515,-0.01901,0.99662,-0.079892,-0.98789,-0.031028,-0.152
-0.1559,0.076058,0.98484,-0.018781,0.99662,-0.079941,-0.98759,-0.030959,-0.15395
-0.15738,0.076198,0.98459,-0.018299,0.99662,-0.080054,-0.98737,-0.030616,-0.15545
-0.15857,0.07614,0.98441,-0.017674,0.99664,-0.079934,-0.98719,-0.030073,-0.15669
-0.15982,0.076818,0.98415,-0.016495,0.99662,-0.08047,-0.98701,-0.029095,-0.15801
-0.16089,0.077448,0.98393,-0.015147,0.99661,-0.080922,-0.98686,-0.027923,-0.15917
-0.16188,0.075556,0.98391,-0.014053,0.99679,-0.078857,-0.98671,-0.026592,-0.16029
-0.1629,0.076498,0.98367,-0.014475,0.9967,-0.079908,-0.98654,-0.027256,-0.16126
-0.16407,0.075912,0.98352,-0.014875,0.99673,-0.079413,-0.98634,-0.027659,-0.1624
-0.16526,0.074412,0.98344,-0.016097,0.99681,-0.078129,-0.98612,-0.028742,-0.16354
-0.16645,0.071834,0.98343,-0.015799,0.99702,-0.075501,-0.98592,-0.028104,-0.16481
-0.1672,0.072023,0.98329,-0.014403,0.99704,-0.075479,-0.98582,-0.026783,-0.16566
-0.16735,0.074615,0.98307,-0.013642,0.99686,-0.077984,-0.9858,-0.026461,-0.16581
-0.16733,0.074412,0.98309,-0.013213,0.99689,-0.077705,-0.98581,-0.025992,-0.16582
-0.1677,0.074888,0.98299,-0.014152,0.99682,-0.078356,-0.98574,-0.027052,-0.16611
-0.16754,0.074349,0.98306,-0.013556,0.99688,-0.077705,-0.98577,-0.026345,-0.16601
-0.16722,0.075351,0.98304,-0.014235,0.99679,-0.078826,-0.98582,-0.027175,-0.16561
-0.16658,0.076997,0.98302,-0.013864,0.99667,-0.080415,-0.98593,-0.027024,-0.16496
-0.16558,0.07878,0.98304,-0.011154,0.99659,-0.081744,-0.98613,-0.0245,-0.16414
-0.16385,0.078299,0.98337,-0.0095041,0.99667,-0.080942,-0.98644,-0.022609,-0.16256
-0.16146,0.07636,0.98392,-0.0067834,0.99689,-0.07848,-0.98686,-0.019346,-0.16044
-0.15949,0.075544,0.9843,-0.0065157,0.99697,-0.077571,-0.98718,-0.018785,-0.15851
-0.15826,0.076223,0.98445,-0.0071318,0.9969,-0.078334,-0.98737,-0.019418,-0.15723
-0.15757,0.075049,0.98465,-0.0057494,0.99702,-0.076912,-0.98749,-0.01778,-0.15666
-0.15662,0.075424,0.98477,-0.0063736,0.99698,-0.077373,-0.98764,-0.018395,-0.15567
-0.1557,0.076269,0.98486,-0.0052109,0.99694,-0.078028,-0.98779,-0.017281,-0.15483
-0.1549,0.075624,0.98503,-0.0059203,0.99698,-0.077472,-0.98791,-0.017832,-0.15398
-0.15422,0.076089,0.9851,-0.0074308,0.99691,-0.078164,-0.98801,-0.019375,-0.15318
-0.15379,0.074614,0.98528,-0.010074,0.99697,-0.077072,-0.98805,-0.021778,-0.15258
-0.15347,0.073554,0.98541,-0.0080827,0.9971,-0.075685,-0.98812,-0.01958,-0.15243
-0.15255,0.073055,0.98559,-0.0062569,0.99717,-0.074882,-0.98828,-0.01759,-0.15166
-0.15136,0.07261,0.98581,0.0012416,0.99731,-0.073267,-0.98848,-0.0098653,-0.15104
-0.15035,0.074912,0.98579,0.0034272,0.99716,-0.075254,-0.98863,-0.0079358,-0.15018
-0.14968,0.078616,0.9856,0.0038478,0.99687,-0.07893,-0.98873,-0.0080216,-0.14951
-0.14958,0.07831,0.98564,0.00083648,0.99687,-0.079075,-0.98875,-0.011003,-0.14917
-0.14882,0.075785,0.98596,-0.0020812,0.99703,-0.07695,-0.98886,-0.013504,-0.14823
-0.14772,0.075035,0.98618,-0.0038002,0.99707,-0.076433,-0.98902,-0.015038,-0.147
-0.14683,0.075267,0.98629,-0.0053003,0.99703,-0.076875,-0.98915,-0.016515,-0.14599
-0.14599,0.075661,0.98639,-0.0076828,0.99695,-0.077609,-0.98926,-0.018908,-0.14497
-0.14533,0.074925,0.98654,-0.0084937,0.997,-0.07697,-0.98935,-0.019566,-0.14426
-0.14529,0.073879,0.98663,-0.010266,0.99704,-0.076171,-0.98934,-0.021195,-0.1441
-0.14558,0.074771,0.98652,-0.0079509,0.99702,-0.07674,-0.98931,-0.019015,-0.14455
-0.1454,0.075493,0.98649,-0.0069986,0.99698,-0.077328,-0.98935,-0.018147,-0.14443
-0.14499,0.075139,0.98658,-0.0039763,0.99706,-0.076522,-0.98943,-0.015018,-0.14426
-0.14382,0.073478,0.98687,-0.0025603,0.99721,-0.07462,-0.9896,-0.013258,-0.14323
-0.1421,0.074919,0.98701,-0.0020892,0.99711,-0.075986,-0.98985,-0.01286,-0.14153
-0.14063,0.078638,0.98693,-0.0039319,0.99679,-0.079983,-0.99005,-0.015128,-0.13987
-0.13997,0.077645,0.98711,-0.0068246,0.99682,-0.079377,-0.99013,-0.017847,-0.139
-0.13886,0.075047,0.98746,-0.011405,0.99694,-0.07737,-0.99025,-0.022006,-0.13758
-0.13781,0.073109,0.98776,-0.01114,0.99709,-0.075355,-0.9904,-0.021389,-0.13659
-0.13753,0.070231,0.988,-0.010212,0.99733,-0.072315,-0.99044,-0.020035,-0.13645
-0.13718,0.070096,0.98806,-0.0076184,0.99739,-0.071815,-0.99052,-0.017379,-0.13629
-0.13704,0.069985,0.98809,-0.0077728,0.99739,-0.071722,-0.99053,-0.017509,-0.13614
-0.1377,0.070876,0.98793,-0.0073833,0.99734,-0.072579,-0.99045,-0.017289,-0.13681
-0.13869,0.07019,0.98785,-0.0080041,0.99737,-0.071991,-0.9903,-0.017891,-0.13776
-0.13957,0.069525,0.98777,-0.0090949,0.9974,-0.071488,-0.99017,-0.018961,-0.13857
-0.14018,0.069075,0.98771,-0.010374,0.99741,-0.071226,-0.99007,-0.020231,-0.1391
-0.14086,0.068154,0.98768,-0.010319,0.99747,-0.070301,-0.98998,-0.020094,-0.1398
-0.1418,0.064801,0.98777,-0.011201,0.99769,-0.06706,-0.98983,-0.020574,-0.14075
-0.14273,0.061769,0.98783,-0.011883,0.99787,-0.064114,-0.98969,-0.020889,-0.14169
-0.14317,0.062607,0.98772,-0.011748,0.99782,-0.06495,-0.98963,-0.020902,-0.14213
-0.14354,0.067872,0.98731,-0.0097424,0.9975,-0.069988,-0.9896,-0.019665,-0.14252
-0.14373,0.069486,0.98717,-0.0092388,0.99739,-0.071551,-0.98957,-0.019404,-0.14271
-0.14324,0.065941,0.98749,-0.0084815,0.99766,-0.06785,-0.98965,-0.018095,-0.14235
-0.14186,0.064192,0.9878,-0.0080839,0.99779,-0.066001,-0.98985,-0.017348,-0.14103
-0.14025,0.06352,0.98808,-0.0087126,0.99782,-0.065383,-0.99008,-0.017778,-0.13939
-0.13838,0.062099,0.98843,-0.01013,0.99789,-0.064112,-0.99033,-0.018884,-0.13746
-0.13594,0.05965,0.98892,-0.0092229,0.99807,-0.061469,-0.99067,-0.017477,-0.13512
-0.13375,0.056071,0.98943,-0.0086341,0.99829,-0.05774,-0.99098,-0.016265,-0.13303
-0.13284,0.054078,0.98966,-0.011805,0.99835,-0.056138,-0.99107,-0.01914,-0.13198
-0.13232,0.05483,0.98969,-0.010531,0.99833,-0.056717,-0.99115,-0.017927,-0.13152
-0.13151,0.057439,0.98965,-0.0094384,0.9982,-0.05919,-0.99127,-0.017125,-0.13073
-0.13138,0.057513,0.98966,-0.010262,0.99818,-0.05937,-0.99128,-0.017956,-0.13055
-0.13133,0.057612,0.98966,-0.012,0.99814,-0.059698,-0.99127,-0.019715,-0.13039
-0.13408,0.056936,0.98933,-0.015744,0.9981,-0.059574,-0.99085,-0.023564,-0.13293
-0.14306,0.057048,0.98807,-0.019152,0.99799,-0.060394,-0.98953,-0.027564,-0.14168
-0.15903,0.056748,0.98564,-0.022804,0.99787,-0.061132,-0.98701,-0.032198,-0.1574
-0.18226,0.056125,0.98165,-0.026922,0.99771,-0.062042,-0.98288,-0.037736,-0.18033
-0.21046,0.057794,0.97589,-0.027124,0.99752,-0.064925,-0.97723,-0.040134,-0.20837
-0.24256,0.060221,0.96827,-0.025412,0.99733,-0.068395,-0.9698,-0.041196,-0.24038
-0.27979,0.063149,0.95798,-0.019771,0.99724,-0.071511,-0.95986,-0.038948,-0.27777
-0.32265,0.062755,0.94444,-0.017985,0.99721,-0.072406,-0.94635,-0.040348,-0.32062
-0.36955,0.060954,0.92721,-0.016224,0.99727,-0.072026,-0.92907,-0.04166,-0.36756
-0.4182,0.059093,0.90643,-0.014169,0.99734,-0.071557,-0.90824,-0.042769,-0.41625
-0.46824,0.056167,0.88182,-0.012271,0.99747,-0.07005,-0.88352,-0.043621,-0.46636
-0.52024,0.05609,0.85218,-0.0092632,0.99741,-0.071304,-0.85397,-0.044989,-0.51837
-0.57282,0.057883,0.81763,-0.0054533,0.99721,-0.074416,-0.81966,-0.047086,-0.57091
-0.62517,0.058171,0.77832,-0.0040151,0.99697,-0.077738,-0.78048,-0.051724,-0.62304
-0.67536,0.060327,0.73502,-0.00043533,0.99662,-0.082197,-0.73749,-0.055833,-0.67305
-0.72164,0.066121,0.6891,0.0089606,0.99624,-0.086208,-0.69221,-0.056037,-0.71952
-0.76424,0.071806,0.64092,0.020631,0.996,-0.086987,-0.6446,-0.053257,-0.76266
-0.80468,0.0714,0.5894,0.024893,0.99593,-0.086662,-0.59319,-0.055063,-0.80318
-0.84139,0.068474,0.53607,0.026687,0.99599,-0.085336,-0.53976,-0.057495,-0.83985
-0.87463,0.067112,0.48013,0.030727,0.99605,-0.083253,-0.48383,-0.058062,-0.87324
-0.90358,0.070889,0.42252,0.039807,0.99584,-0.081948,-0.42658,-0.057227,-0.90264
-0.92872,0.075452,0.36303,0.048277,0.99535,-0.083368,-0.36763,-0.0599,-0.92804
-0.95044,0.077725,0.30103,0.05307,0.99459,-0.089244,-0.30634,-0.068845,-0.94943
-0.96854,0.07699,0.23665,0.055813,0.99392,-0.094926,-0.24252,-0.078731,-0.96695
-0.98215,0.076775,0.17174,0.060595,0.99338,-0.097551,-0.1781,-0.085402,-0.9803
-0.99154,0.072965,0.10736,0.063032,0.99365,-0.093178,-0.11348,-0.085623,-0.98984
-0.99667,0.070325,0.041377,0.066452,0.99386,-0.088514,-0.047348,-0.085469,-0.99522
-0.99733,0.068282,-0.025905,0.07032,0.99361,-0.088269,0.019712,-0.089855,-0.99576
-0.99337,0.066593,-0.093709,0.07514,0.99303,-0.09085,0.087005,-0.097289,-0.99145
-0.98494,0.062585,-0.16119,0.078296,0.99258,-0.093032,0.15418,-0.10425,-0.98253
-0.97183,0.058798,-0.22823,0.082373,0.99205,-0.095178,0.22082,-0.1113,-0.96894
-0.95499,0.055388,-0.29143,0.086522,0.99171,-0.095042,0.28375,-0.11598,-0.95186
-0.93471,0.054923,-0.35114,0.092855,0.99141,-0.092104,0.34307,-0.1187,-0.93178
-0.91223,0.052205,-0.40635,0.096914,0.9912,-0.090222,0.39806,-0.12168,-0.90925
-0.88873,0.050025,-0.45569,0.10064,0.99107,-0.087478,0.44724,-0.1236,-0.88583
-0.86486,0.04773,-0.49973,0.10493,0.99067,-0.086973,0.49092,-0.12766,-0.8618
-0.84187,0.04599,-0.53772,0.11026,0.99,-0.087962,0.5283,-0.13334,-0.83852
-0.82121,0.043576,-0.56895,0.1131,0.98973,-0.087441,0.5593,-0.13616,-0.81771
-0.80273,0.044047,-0.59471,0.11593,0.98977,-0.083176,0.58496,-0.13571,-0.79963
-0.78673,0.044633,-0.61568,0.1161,0.99028,-0.076567,0.60628,-0.13172,-0.78427
-0.77262,0.041962,-0.63348,0.11175,0.99122,-0.07064,0.62495,-0.12537,-0.77053
-0.75948,0.038655,-0.64939,0.10732,0.992,-0.066464,0.64162,-0.12017,-0.75755
-0.74643,0.037173,-0.66442,0.10548,0.99242,-0.062978,0.65705,-0.11709,-0.7447
-0.73305,0.03534,-0.67926,0.10203,0.99306,-0.05844,0.67248,-0.11214,-0.73157
-0.71861,0.029761,-0.69477,0.093109,0.99421,-0.053716,0.68915,-0.10329,-0.71722
-0.70372,0.025447,-0.71002,0.083947,0.99534,-0.047528,0.7055,-0.09305,-0.70257
-0.68747,0.024987,-0.72579,0.080574,0.99586,-0.042035,0.72173,-0.087377,-0.68664
-0.67,0.023703,-0.74198,0.072515,0.9968,-0.033637,0.73881,-0.076342,-0.66958
-0.65102,0.021376,-0.75876,0.063125,0.99767,-0.026056,0.75643,-0.06486,-0.65085
-0.63109,0.018216,-0.77549,0.054701,0.99828,-0.021067,0.77378,-0.055716,-0.631
-0.60999,0.018395,-0.7922,0.053761,0.99839,-0.018213,0.79059,-0.053699,-0.60999
-0.58806,0.019419,-0.80858,0.053546,0.99845,-0.014964,0.80704,-0.052096,-0.58819
-0.56561,0.022955,-0.82435,0.053703,0.99852,-0.0090425,0.82292,-0.049385,-0.56601
-0.54433,0.028352,-0.83839,0.054945,0.99849,-0.0019078,0.83707,-0.047104,-0.54507
-0.5254,0.033209,-0.85021,0.058494,0.99828,0.0028449,0.84884,-0.048237,-0.52644
-0.51023,0.037747,-0.85921,0.060844,0.99812,0.0077183,0.85788,-0.04834,-0.51156
-0.49986,0.039646,-0.8652,0.059752,0.99815,0.011217,0.86404,-0.04609,-0.50131
-0.49328,0.043622,-0.86878,0.058448,0.99815,0.016932,0.8679,-0.042425,-0.49492
-0.49059,0.046554,-0.87015,0.055135,0.99823,0.022322,0.86964,-0.037025,-0.49229
-0.48995,0.045694,-0.87055,0.04675,0.99857,0.026103,0.87049,-0.027909,-0.49139
-0.49094,0.041802,-0.87019,0.040113,0.99887,0.025353,0.87027,-0.022459,-0.49206
-0.49333,0.034636,-0.86915,0.035775,0.99917,0.019511,0.86911,-0.021468,-0.49416
-0.49694,0.027105,-0.86736,0.035807,0.9993,0.010713,0.86704,-0.025734,-0.49757
-0.50212,0.020648,-0.86455,0.034283,0.9994,0.0039573,0.86412,-0.027652,-0.50253
-0.50693,0.020523,-0.86174,0.036454,0.99933,0.0023557,0.86122,-0.03022,-0.50734
-0.51229,0.021645,-0.85854,0.034464,0.9994,0.0046318,0.85812,-0.027216,-0.51272
-0.51567,0.018783,-0.85658,0.031296,0.99951,0.003077,0.85621,-0.025221,-0.51601
-0.51748,0.01172,-0.85562,0.026773,0.99964,-0.0024993,0.85528,-0.024201,-0.5176
-0.51717,0.0073433,-0.85585,0.026567,0.99962,-0.0074768,0.85547,-0.026604,-0.51717
-0.51766,0.0051854,-0.85557,0.024038,0.99968,-0.0084856,0.85525,-0.024959,-0.51762
-0.51815,0.0042951,-0.85528,0.021886,0.99973,-0.0082386,0.85501,-0.022988,-0.5181
-0.51948,0.0081321,-0.85445,0.024261,0.99969,-0.0052352,0.85414,-0.023449,-0.51951
-0.52065,0.012302,-0.85368,0.028301,0.9996,-0.0028554,0.8533,-0.025647,-0.52079
-0.52305,0.015296,-0.85216,0.027156,0.99963,0.0012748,0.85187,-0.022474,-0.52327
-0.52563,0.016955,-0.85054,0.028991,0.99958,0.0020095,0.85022,-0.023602,-0.5259
-0.52878,0.018224,-0.84856,0.030591,0.99953,0.0024037,0.84821,-0.024688,-0.52909
-0.53218,0.019397,-0.84641,0.032705,0.99946,0.0023419,0.846,-0.026435,-0.53253
-0.53572,0.02274,-0.84409,0.035593,0.99936,0.0043328,0.84364,-0.027723,-0.53619
-0.53992,0.023396,-0.84139,0.037234,0.9993,0.0038941,0.8409,-0.029226,-0.54041
-0.54356,0.020537,-0.83912,0.036263,0.99934,0.00096811,0.83859,-0.029903,-0.54394
-0.54626,0.020233,-0.83737,0.037343,0.9993,-0.00021504,0.83679,-0.031387,-0.54663
-0.5481,0.02222,-0.83611,0.03658,0.99933,0.0025776,0.83561,-0.029172,-0.54855
-0.54941,0.024042,-0.83521,0.037338,0.99929,0.0042041,0.83472,-0.028875,-0.54992
-0.55098,0.022263,-0.83422,0.036314,0.99934,0.0026854,0.83373,-0.028814,-0.55142
-0.55189,0.020005,-0.83368,0.036894,0.99932,-0.00044308,0.8331,-0.031002,-0.55225
-0.55245,0.020631,-0.83329,0.035827,0.99936,0.00099059,0.83278,-0.029307,-0.55283
-0.55193,0.02489,-0.83352,0.035615,0.99935,0.0062587,0.83313,-0.026231,-0.55246
-0.55239,0.023987,-0.83324,0.034021,0.9994,0.0062166,0.83289,-0.024914,-0.55288
-0.55299,0.02205,-0.8329,0.034676,0.99939,0.0034349,0.83247,-0.026982,-0.55342
-0.5536,0.022243,-0.83249,0.036954,0.99931,0.002126,0.83196,-0.029587,-0.55404
-0.55497,0.022654,-0.83156,0.036966,0.99931,0.002554,0.83105,-0.029323,-0.55542
-0.55711,0.022851,-0.83012,0.037727,0.99929,0.0021873,0.82958,-0.0301,-0.55758
-0.55957,0.021524,-0.8285,0.038316,0.99927,8.1963e-05,0.82789,-0.031699,-0.55999
-0.56166,0.022258,-0.82707,0.036735,0.99932,0.0019474,0.82655,-0.029289,-0.5621
-0.56382,0.025936,-0.82549,0.038346,0.99925,0.0052049,0.82501,-0.02872,-0.56439
-0.56657,0.027045,-0.82357,0.037364,0.99928,0.0071105,0.82317,-0.026743,-0.56717
-0.5688,0.022542,-0.82217,0.035447,0.99937,0.0028773,0.82171,-0.027507,-0.56924
-0.57091,0.020771,-0.82075,0.034465,0.99941,0.0013183,0.82029,-0.027534,-0.57129
-0.57234,0.020965,-0.81975,0.034032,0.99942,0.0017988,0.81931,-0.026868,-0.57272
-0.57308,0.02193,-0.81921,0.033412,0.99944,0.0033816,0.81882,-0.025433,-0.57349
-0.57368,0.020352,-0.81883,0.030489,0.99953,0.0034822,0.81851,-0.022968,-0.57403
-0.57481,0.01763,-0.8181,0.02771,0.99961,0.0020715,0.81782,-0.021479,-0.57507
-0.57602,0.021408,-0.81716,0.030027,0.99954,0.0050195,0.81689,-0.021646,-0.57639
-0.57795,0.025315,-0.81568,0.034149,0.99939,0.006821,0.81536,-0.023912,-0.57847
-0.57953,0.027492,-0.81449,0.032158,0.99942,0.010853,0.81432,-0.019902,-0.58008
-0.58106,0.026488,-0.81343,0.029073,0.99951,0.01178,0.81334,-0.016804,-0.58154
-0.58278,0.027215,-0.81217,0.030424,0.99947,0.011659,0.81206,-0.017915,-0.5833
-0.58437,0.026536,-0.81106,0.029133,0.99951,0.011711,0.81097,-0.016785,-0.58485
-0.58579,0.025461,-0.81007,0.03007,0.9995,0.00967,0.80991,-0.018694,-0.58626
-0.58685,0.025931,-0.80928,0.032918,0.99942,0.0081529,0.80903,-0.021856,-0.58736
-0.58759,0.027575,-0.80869,0.035001,0.99935,0.0086441,0.8084,-0.023226,-0.58817
-0.58851,0.02588,-0.80808,0.036283,0.99933,0.0055809,0.80768,-0.026035,-0.58905
-0.58876,0.022512,-0.80799,0.031748,0.99948,0.0047132,0.80768,-0.022878,-0.58918
-0.58867,0.021283,-0.80809,0.028288,0.99958,0.0057191,0.80788,-0.019493,-0.58903
-0.59003,0.02381,-0.80703,0.0307,0.9995,0.0070435,0.8068,-0.02062,-0.59047
-0.59138,0.027905,-0.80591,0.037274,0.99928,0.0072484,0.80553,-0.025753,-0.59199
-0.59126,0.027072,-0.80603,0.038285,0.99925,0.0054787,0.80557,-0.027619,-0.59185
-0.5921,0.024914,-0.80548,0.036567,0.99932,0.0040295,0.80503,-0.027068,-0.59262
-0.5938,0.024415,-0.80424,0.035835,0.99935,0.0038805,0.80381,-0.026515,-0.59429
-0.59398,0.026156,-0.80406,0.037163,0.9993,0.0050535,0.80362,-0.026879,-0.59453
-0.5939,0.026632,-0.8041,0.03712,0.99929,0.0056803,0.80368,-0.026475,-0.59447
-0.59488,0.023995,-0.80345,0.037918,0.99928,0.0017689,0.80292,-0.029413,-0.59536
-0.59555,0.021684,-0.80302,0.038531,0.99926,-0.0015937,0.80239,-0.03189,-0.59594
-0.59494,0.021299,-0.80349,0.039595,0.99921,-0.0028296,0.8028,-0.033497,-0.59531
-0.59526,0.02158,-0.80324,0.040595,0.99917,-0.0032402,0.8025,-0.034536,-0.59565
-0.59564,0.022496,-0.80293,0.041256,0.99915,-0.002612,0.80219,-0.034682,-0.59606
-0.59549,0.022201,-0.80305,0.040802,0.99916,-0.002633,0.80232,-0.034334,-0.5959
-0.59537,0.021299,-0.80317,0.040225,0.99919,-0.0033207,0.80244,-0.034284,-0.59574
-0.59561,0.019256,-0.80304,0.038769,0.99924,-0.0047935,0.80234,-0.033988,-0.5959
-0.59585,0.01849,-0.80288,0.037818,0.99927,-0.0050538,0.8022,-0.033375,-0.59612
-0.59596,0.019761,-0.80277,0.037974,0.99927,-0.0035931,0.80212,-0.032626,-0.59627
-0.59605,0.02101,-0.80267,0.039343,0.99922,-0.0030614,0.80198,-0.033405,-0.59641
-0.59641,0.022143,-0.80237,0.041079,0.99915,-0.0029612,0.80163,-0.034727,-0.59682
-0.59645,0.022308,-0.80234,0.041481,0.99913,-0.0030572,0.80158,-0.035105,-0.59686
-0.5964,0.021494,-0.8024,0.040327,0.99918,-0.0032088,0.80168,-0.034272,-0.59677
-0.59663,0.020647,-0.80225,0.039494,0.99921,-0.0036556,0.80154,-0.033865,-0.59698
-0.59687,0.021269,-0.80206,0.039983,0.9992,-0.003258,0.80134,-0.034013,-0.59724
-0.59673,0.022762,-0.80212,0.041212,0.99915,-0.0023057,0.80138,-0.034433,-0.59716
-0.59672,0.023481,-0.80211,0.041392,0.99914,-0.0015434,0.80138,-0.034121,-0.59718
-0.59672,0.022573,-0.80213,0.040219,0.99919,-0.001801,0.80144,-0.033336,-0.59715
-0.59676,0.020477,-0.80216,0.038501,0.99925,-0.0031341,0.80149,-0.032754,-0.59711
-0.59694,0.019694,-0.80204,0.038633,0.99924,-0.0042175,0.80135,-0.033503,-0.59725
-0.59696,0.020684,-0.802,0.040905,0.99915,-0.0046783,0.80122,-0.035598,-0.5973
-0.59678,0.022278,-0.80209,0.043837,0.99903,-0.0048679,0.80121,-0.038067,-0.59718
-0.59648,0.022569,-0.80231,0.043979,0.99902,-0.0045944,0.80142,-0.038026,-0.59689
-0.5968,0.02312,-0.80206,0.041247,0.99915,-0.0018896,0.80133,-0.03421,-0.59725
-0.59692,0.022699,-0.80198,0.037428,0.9993,0.00042562,0.80143,-0.029763,-0.59735
-0.59677,0.020952,-0.80214,0.035194,0.99938,-8.0468e-05,0.80164,-0.028279,-0.59714
-0.59691,0.019474,-0.80208,0.035205,0.99938,-0.0019356,0.80154,-0.029392,-0.59722
-0.59706,0.018749,-0.80198,0.036166,0.99934,-0.0035614,0.80138,-0.031131,-0.59734
-0.59703,0.018706,-0.802,0.036561,0.99932,-0.0039085,0.80138,-0.031655,-0.59731
-0.59723,0.01838,-0.80186,0.036312,0.99933,-0.0041392,0.80125,-0.031589,-0.5975
-0.59751,0.017415,-0.80167,0.036026,0.99934,-0.0051429,0.80105,-0.031954,-0.59775
-0.59778,0.015942,-0.8015,0.035789,0.99934,-0.0068161,0.80086,-0.03276,-0.59796
-0.59856,0.013899,-0.80096,0.036358,0.99929,-0.0098305,0.80025,-0.035005,-0.59864
-0.5996,0.011451,-0.80021,0.037334,0.99921,-0.013677,0.79943,-0.038076,-0.59956
-0.601,0.0094247,-0.7992,0.038126,0.99913,-0.016888,0.79834,-0.04062,-0.60083
-0.60328,0.0075314,-0.79749,0.037449,0.99912,-0.018893,0.79665,-0.041263,-0.60303
-0.60658,0.0056297,-0.79501,0.036551,0.99912,-0.020813,0.79418,-0.041683,-0.60625
-0.61085,0.0059213,-0.79172,0.037785,0.99905,-0.021681,0.79084,-0.043159,-0.61049
-0.61549,0.0065487,-0.78812,0.040853,0.99889,-0.023604,0.78708,-0.046725,-0.61507
-0.62083,0.0050201,-0.78393,0.041773,0.99877,-0.026686,0.78283,-0.049315,-0.62028
-0.62762,0.0036953,-0.77851,0.039036,0.99888,-0.026729,0.77754,-0.047166,-0.62706
-0.635,0.0049123,-0.7725,0.041519,0.99875,-0.027778,0.7714,-0.049713,-0.63441
-0.6425,0.0075502,-0.76625,0.045264,0.99858,-0.028114,0.76495,-0.052747,-0.64193
-0.65016,0.010799,-0.75972,0.047602,0.99851,-0.026544,0.7583,-0.053422,-0.64971
-0.65793,0.013817,-0.75295,0.047949,0.99857,-0.023574,0.75155,-0.051614,-0.65765
-0.66617,0.011142,-0.74571,0.04602,0.9986,-0.026191,0.74438,-0.051766,-0.66575
-0.67381,0.010535,-0.73883,0.046097,0.99855,-0.027802,0.73746,-0.052791,-0.67332
-0.68084,0.016044,-0.73226,0.048744,0.99854,-0.023443,0.73081,-0.051654,-0.68062
-0.68754,0.021658,-0.72582,0.052394,0.99843,-0.019837,0.72425,-0.051667,-0.6876
-0.6942,0.023316,-0.71941,0.052346,0.99846,-0.018151,0.71788,-0.050259,-0.69435
-0.69933,0.022437,-0.71445,0.046873,0.9988,-0.014513,0.71327,-0.043638,-0.69953
-0.70342,0.024284,-0.71036,0.044571,0.99896,-0.0099866,0.70937,-0.038686,-0.70377
-0.70716,0.021133,-0.70674,0.040598,0.99912,-0.010746,0.70589,-0.036292,-0.70739
-0.70858,0.019668,-0.70535,0.036728,0.99928,-0.0090323,0.70467,-0.032306,-0.7088
-0.70983,0.017222,-0.70416,0.031077,0.99949,-0.0068825,0.70369,-0.026769,-0.71001
-0.71188,0.017854,-0.70208,0.032034,0.99946,-0.0070657,0.70157,-0.027521,-0.71207
-0.71316,0.018414,-0.70075,0.032064,0.99947,-0.0063691,0.70026,-0.027012,-0.71337
-0.71392,0.019246,-0.69996,0.034263,0.99938,-0.0074674,0.69939,-0.029314,-0.71414
-0.716,0.010074,-0.69803,0.027453,0.99953,-0.013734,0.69756,-0.028996,-0.71594
-0.71709,0.001579,-0.69698,0.021305,0.99958,-0.019655,0.69666,-0.028944,-0.71682
-0.71839,-0.0009884,-0.69564,0.023392,0.9994,-0.025577,0.69525,-0.034646,-0.71793
-0.71982,0.0037971,-0.69415,0.030397,0.9992,-0.026055,0.6935,-0.039855,-0.71936
-0.72033,0.0044332,-0.69362,0.02689,0.99941,-0.021538,0.69311,-0.034165,-0.72002
-0.7212,0.0033938,-0.69272,0.023695,0.99952,-0.019772,0.69232,-0.030674,-0.72094
-0.72285,0.0041374,-0.691,0.021917,0.99962,-0.016942,0.69066,-0.027391,-0.72266
-0.72465,0.0039707,-0.6891,0.022923,0.99957,-0.018345,0.68874,-0.02909,-0.72443
-0.72676,0.0073618,-0.68685,0.024797,0.99957,-0.015524,0.68645,-0.028315,-0.72663
-0.72967,0.0096064,-0.68373,0.026642,0.99954,-0.014388,0.68328,-0.028714,-0.72959
-0.73324,0.010065,-0.67989,0.026984,0.99953,-0.014304,0.67943,-0.028835,-0.73317
-0.73712,0.014135,-0.67562,0.030567,0.99946,-0.01244,0.67507,-0.029822,-0.73715
-0.74102,0.018096,-0.67124,0.033822,0.99937,-0.010397,0.67063,-0.030407,-0.74117
-0.74417,0.019926,-0.66769,0.03623,0.99929,-0.010559,0.667,-0.032048,-0.74436
-0.74698,0.0184,-0.66459,0.035933,0.99927,-0.012721,0.66387,-0.033383,-0.7471
-0.74873,0.018077,-0.66263,0.037627,0.99918,-0.015257,0.66181,-0.036356,-0.74879
-0.74983,0.013009,-0.6615,0.033523,0.99927,-0.018347,0.66078,-0.035933,-0.74972
-0.74928,0.01032,-0.66217,0.032033,0.99927,-0.020674,0.66147,-0.036702,-0.74907
-0.74875,0.0066091,-0.66282,0.028598,0.99934,-0.022341,0.66224,-0.035683,-0.74844
-0.74724,0.0029746,-0.66455,0.023448,0.99949,-0.021892,0.66414,-0.031941,-0.74692
-0.7461,0.004753,-0.66582,0.024087,0.99951,-0.019857,0.6654,-0.030853,-0.74585
-0.74476,0.0079527,-0.66729,0.027967,0.99942,-0.019303,0.66675,-0.033038,-0.74455
-0.74295,0.0098112,-0.66927,0.029081,0.99942,-0.017631,0.66871,-0.032562,-0.74281
-0.7412,0.0074348,-0.67125,0.028799,0.99937,-0.020731,0.67067,-0.034697,-0.74094
-0.73947,0.0065207,-0.67316,0.029156,0.99933,-0.022348,0.67255,-0.036152,-0.73916
-0.73776,0.0067313,-0.67503,0.029807,0.9993,-0.022612,0.6744,-0.036803,-0.73744
-0.73569,0.0067251,-0.67729,0.029873,0.9993,-0.022526,0.67666,-0.036805,-0.73538
-0.73391,0.0058853,-0.67922,0.028804,0.99933,-0.022465,0.67863,-0.036052,-0.73359
-0.73204,0.0060701,-0.68123,0.029993,0.99928,-0.023326,0.6806,-0.037508,-0.73169
-0.73042,0.0059717,-0.68298,0.030415,0.99925,-0.023791,0.68233,-0.03815,-0.73005
-0.72873,0.0041757,-0.68479,0.030939,0.99916,-0.026832,0.6841,-0.04074,-0.72825
-0.72783,0.0042116,-0.68574,0.030476,0.99919,-0.02621,0.68508,-0.039975,-0.72737
-0.72738,0.0040342,-0.68622,0.030804,0.99917,-0.026778,0.68554,-0.040617,-0.7269
-0.72723,0.0048515,-0.68638,0.029419,0.99928,-0.024107,0.68577,-0.037724,-0.72684
-0.72725,0.0038058,-0.68637,0.028884,0.99927,-0.025063,0.68577,-0.038052,-0.72682
-0.72746,0.0021911,-0.68615,0.027339,0.99929,-0.025794,0.6856,-0.037522,-0.72701
-0.72824,0.00037242,-0.68532,0.026667,0.99926,-0.027795,0.6848,-0.038517,-0.72771
-0.7293,0.0018245,-0.68419,0.027709,0.99925,-0.026871,0.68363,-0.038555,-0.72881
-0.73034,0.003461,-0.68307,0.028837,0.99925,-0.025769,0.68247,-0.038518,-0.72989
-0.73131,0.00023129,-0.68205,0.027738,0.99918,-0.029402,0.68148,-0.040421,-0.73072
-0.73255,-0.0016057,-0.68071,0.027044,0.99914,-0.031461,0.68017,-0.041456,-0.73188
-0.73407,-0.0035073,-0.67906,0.027451,0.99902,-0.034835,0.67852,-0.044213,-0.73325
-0.73565,-0.0019965,-0.67736,0.025053,0.99923,-0.030154,0.6769,-0.039153,-0.73503
-0.73731,0.00032633,-0.67555,0.025454,0.9993,-0.027298,0.67508,-0.037322,-0.7368
-0.739,0.0021058,-0.6737,0.024441,0.99942,-0.023685,0.67326,-0.033969,-0.73862
-0.74019,0.0026161,-0.67239,0.026571,0.99933,-0.025362,0.67187,-0.036639,-0.73976
-0.74188,0.002207,-0.67052,0.026685,0.9993,-0.026236,0.67,-0.037357,-0.74142
-0.74328,0.0025238,-0.66897,0.028115,0.99923,-0.027468,0.66839,-0.039224,-0.74278
-0.74501,0.0030676,-0.66705,0.029074,0.99919,-0.027877,0.66642,-0.040162,-0.74449
-0.74623,0.0019339,-0.66569,0.0304,0.99905,-0.031176,0.665,-0.043501,-0.74558
-0.74762,-0.00036604,-0.66413,0.028985,0.99903,-0.03318,0.66349,-0.044056,-0.74688
-0.74904,-0.00079642,-0.66253,0.027556,0.9991,-0.032356,0.66196,-0.042492,-0.74834
-0.75027,0.00076696,-0.66114,0.025865,0.99927,-0.028192,0.66063,-0.038252,-0.74974
-0.75076,0.003913,-0.66056,0.025252,0.99942,-0.022779,0.66009,-0.033782,-0.75043
-0.75082,0.0010034,-0.66051,0.021996,0.99948,-0.023485,0.66014,-0.032161,-0.75045
-0.74999,-0.0037627,-0.66144,0.019368,0.99943,-0.027647,0.66117,-0.033546,-0.74949
-0.74898,-0.0059986,-0.66256,0.018785,0.99936,-0.030283,0.66232,-0.035128,-0.74839
-0.7474,-0.0039572,-0.66436,0.023047,0.99923,-0.03188,0.66397,-0.039138,-0.74673
-0.74569,0.0014655,-0.6663,0.029049,0.99912,-0.030313,0.66566,-0.041959,-0.74507
-0.74438,0.0036103,-0.66774,0.032766,0.99898,-0.031125,0.66695,-0.045049,-0.74374
-0.743,0.0043654,-0.66928,0.034305,0.99891,-0.031569,0.66841,-0.046415,-0.74234
-0.74174,0.0060317,-0.67066,0.037101,0.9988,-0.03205,0.66966,-0.048656,-0.74107
-0.74021,0.003699,-0.67236,0.035238,0.99882,-0.033299,0.67145,-0.048341,-0.73947
-0.73849,-0.00046135,-0.67426,0.03216,0.99884,-0.035907,0.67349,-0.048201,-0.73762
-0.73699,-0.0097863,-0.67583,0.029122,0.99851,-0.046216,0.67528,-0.053742,-0.7356
-0.73545,-0.015156,-0.67741,0.027637,0.99825,-0.05234,0.67701,-0.057215,-0.73374
-0.73447,-0.020004,-0.67835,0.022996,0.99826,-0.054336,0.67825,-0.055507,-0.73273
-0.73345,-0.015501,-0.67957,0.026242,0.99835,-0.051096,0.67924,-0.05531,-0.73183
-0.73298,-0.010322,-0.68017,0.029533,0.99846,-0.046978,0.6796,-0.054521,-0.73155
-0.73247,-0.0084861,-0.68075,0.032672,0.99833,-0.047599,0.68002,-0.057107,-0.73097
-0.73203,-0.0092027,-0.68121,0.032866,0.99827,-0.048803,0.68048,-0.058114,-0.73046
-0.73198,-0.0078663,-0.68128,0.039687,0.99774,-0.054161,0.68017,-0.066683,-0.73001
-0.73248,-0.0097994,-0.68071,0.040649,0.99748,-0.0581,0.67957,-0.070227,-0.73024
-0.73222,-0.0099063,-0.681,0.039694,0.99757,-0.057191,0.67992,-0.068908,-0.73005
-0.73202,-0.011256,-0.68119,0.036473,0.99778,-0.055682,0.68031,-0.065605,-0.72998
-0.73278,-0.0087936,-0.68041,0.038766,0.99775,-0.054646,0.67936,-0.06642,-0.7308
-0.73287,-0.010724,-0.68029,0.037757,0.99769,-0.056403,0.67932,-0.067022,-0.73077
-0.73243,-0.017144,-0.68062,0.034224,0.99749,-0.061954,0.67998,-0.068671,-0.73001
-0.73233,-0.021875,-0.6806,0.029713,0.99751,-0.064031,0.6803,-0.067115,-0.72985
-0.73217,-0.021831,-0.68077,0.029088,0.99757,-0.063274,0.6805,-0.06613,-0.72976
-0.73222,-0.020134,-0.68077,0.029578,0.99768,-0.061321,0.68043,-0.065036,-0.72992
-0.73175,-0.017688,-0.68135,0.030153,0.99784,-0.058287,0.68091,-0.063196,-0.72964
-0.7315,-0.020488,-0.68153,0.025984,0.99798,-0.057891,0.68134,-0.060057,-0.7295
-0.73088,-0.021734,-0.68216,0.024378,0.99802,-0.057917,0.68207,-0.05896,-0.7289
-0.73058,-0.021552,-0.68249,0.024764,0.99801,-0.058025,0.68238,-0.059293,-0.72859
-0.72997,-0.01875,-0.68323,0.028967,0.99788,-0.058335,0.68287,-0.062373,-0.72787
-0.72979,-0.016506,-0.68348,0.031902,0.9978,-0.058159,0.68293,-0.064248,-0.72765
-0.72977,-0.015101,-0.68353,0.034244,0.99769,-0.058602,0.68284,-0.066173,-0.72757
-0.72969,-0.014682,-0.68362,0.034453,0.99771,-0.058202,0.68291,-0.066022,-0.72751
-0.72962,-0.014209,-0.68371,0.035964,0.9976,-0.059111,0.68291,-0.067717,-0.72736
-0.73027,-0.013577,-0.68303,0.037728,0.99748,-0.060165,0.68212,-0.069706,-0.72791
-0.7305,-0.012781,-0.6828,0.039154,0.9974,-0.06056,0.68179,-0.070973,-0.72809
-0.73076,-0.015051,-0.68247,0.037641,0.99735,-0.0623,0.68159,-0.071215,-0.72826
-0.7313,-0.016969,-0.68185,0.037851,0.99714,-0.065412,0.68101,-0.073644,-0.72857
-0.73223,-0.017214,-0.68084,0.04102,0.99675,-0.069317,0.67982,-0.078684,-0.72915
-0.73337,-0.015756,-0.67964,0.045141,0.9964,-0.071809,0.67832,-0.083343,-0.73002
-0.73547,-0.01414,-0.67741,0.047171,0.99629,-0.07201,0.67591,-0.084915,-0.73208
-0.73811,-0.015893,-0.6745,0.045856,0.99623,-0.073655,0.67312,-0.085295,-0.7346
-0.73966,-0.018162,-0.67274,0.043534,0.99625,-0.074761,0.67157,-0.084585,-0.7361
-0.7413,-0.021072,-0.67084,0.040615,0.99627,-0.076174,0.66994,-0.083714,-0.73768
-0.74327,-0.021966,-0.66863,0.038602,0.99639,-0.075644,0.66788,-0.082034,-0.73973
-0.74499,-0.021971,-0.66672,0.038226,0.99641,-0.075549,0.66598,-0.08177,-0.74147
-0.74665,-0.021199,-0.66488,0.039257,0.99635,-0.075853,0.66406,-0.082736,-0.74309
-0.74834,-0.020364,-0.66301,0.040378,0.99628,-0.076175,0.66209,-0.083776,-0.74473
-0.74945,-0.019844,-0.66177,0.041422,0.99619,-0.076782,0.66077,-0.084955,-0.74577
-0.74959,-0.021389,-0.66155,0.040832,0.99608,-0.078471,0.66064,-0.085834,-0.74578
-0.7494,-0.024656,-0.66166,0.038539,0.99599,-0.080764,0.661,-0.086024,-0.74544
-0.74901,-0.025503,-0.66206,0.038882,0.99584,-0.082348,0.66141,-0.087422,-0.74491
-0.74859,-0.02517,-0.66255,0.040076,0.99573,-0.083109,0.66182,-0.088767,-0.74439
-0.74811,-0.025354,-0.66309,0.040805,0.99562,-0.084106,0.66232,-0.089977,-0.7438
-0.74842,-0.026434,-0.6627,0.040487,0.99552,-0.085433,0.66199,-0.09077,-0.74399
-0.74921,-0.027107,-0.66178,0.040135,0.99547,-0.086212,0.66112,-0.091152,-0.74472
-0.74939,-0.026736,-0.66159,0.040403,0.99548,-0.085994,0.6609,-0.091173,-0.74492
-0.74957,-0.027164,-0.66137,0.040198,0.99545,-0.086445,0.6607,-0.091382,-0.74506
-0.74983,-0.028973,-0.66099,0.038871,0.99539,-0.087726,0.66048,-0.091474,-0.74525
-0.75012,-0.031111,-0.66057,0.036762,0.99539,-0.088625,0.66028,-0.090763,-0.74551
-0.75043,-0.031505,-0.6602,0.036458,0.99537,-0.088941,0.65994,-0.090814,-0.74581
-0.75074,-0.030482,-0.65989,0.037751,0.99532,-0.088924,0.65952,-0.09167,-0.74608
-0.75101,-0.030046,-0.65961,0.038495,0.99527,-0.089164,0.65917,-0.092354,-0.7463
-0.75138,-0.031009,-0.65914,0.037637,0.99526,-0.089725,0.65879,-0.092225,-0.74665
-0.75163,-0.031976,-0.65881,0.036962,0.99521,-0.090474,0.65854,-0.092354,-0.74685
-0.7519,-0.032383,-0.65848,0.036911,0.99516,-0.091088,0.65824,-0.092794,-0.74706
-0.75216,-0.031922,-0.65821,0.037613,0.99512,-0.091244,0.65791,-0.093387,-0.74729
-0.75236,-0.031773,-0.65799,0.037995,0.99508,-0.091495,0.65766,-0.093837,-0.74745
-0.7526,-0.031809,-0.65771,0.03836,0.99502,-0.092016,0.65736,-0.094481,-0.74763
-0.75277,-0.032164,-0.6575,0.038179,0.99499,-0.092385,0.65718,-0.094647,-0.74777
-0.75297,-0.032358,-0.65726,0.038218,0.99495,-0.092766,0.65695,-0.094969,-0.74793
-0.75316,-0.032431,-0.65704,0.038452,0.99491,-0.093186,0.65672,-0.095448,-0.74807
-0.75327,-0.03237,-0.65691,0.038667,0.99488,-0.093363,0.65657,-0.095729,-0.74817
-0.75337,-0.032541,-0.65679,0.038541,0.99487,-0.093499,0.65647,-0.095753,-0.74825
-0.75344,-0.03274,-0.6567,0.038406,0.99486,-0.093662,0.6564,-0.09579,-0.74831
-0.75354,-0.033262,-0.65655,0.037987,0.99485,-0.093999,0.6563,-0.095773,-0.7484
-0.75364,-0.033548,-0.65643,0.037726,0.99484,-0.094157,0.6562,-0.095725,-0.74849
-0.75369,-0.033724,-0.65637,0.037591,0.99484,-0.094279,0.65616,-0.09573,-0.74853
-0.75368,-0.033855,-0.65637,0.037671,0.99481,-0.094568,0.65616,-0.096,-0.74849
-0.75376,-0.034243,-0.65625,0.037614,0.99476,-0.095109,0.65607,-0.096374,-0.74852
-0.75389,-0.034838,-0.65608,0.037497,0.99468,-0.095906,0.65593,-0.096903,-0.74858
-0.75394,-0.035385,-0.65599,0.037439,0.99461,-0.096681,0.65588,-0.097451,-0.74855
-0.75402,-0.035642,-0.65589,0.037441,0.99457,-0.09709,0.65579,-0.097765,-0.74859
-0.75405,-0.035745,-0.65584,0.037479,0.99455,-0.097297,0.65575,-0.097947,-0.7486
-0.75412,-0.035597,-0.65577,0.037435,0.99458,-0.097038,0.65567,-0.097727,-0.7487
-0.75426,-0.03552,-0.65562,0.037408,0.99459,-0.09692,0.65551,-0.097628,-0.74885
-0.75417,-0.03531,-0.65573,0.03754,0.9946,-0.096734,0.65561,-0.09757,-0.74877
-0.75413,-0.035393,-0.65577,0.037225,0.99464,-0.09649,0.65567,-0.097177,-0.74877
-0.75422,-0.035402,-0.65567,0.03727,0.99463,-0.096574,0.65557,-0.097275,-0.74885
-0.75422,-0.035308,-0.65568,0.037203,0.99465,-0.096355,0.65557,-0.097066,-0.74887
-0.75407,-0.035152,-0.65585,0.037166,0.99468,-0.096044,0.65574,-0.096799,-0.74875
-0.75402,-0.035089,-0.65591,0.036912,0.99473,-0.095648,0.65581,-0.096332,-0.74875
-0.75411,-0.035421,-0.6558,0.036436,0.99475,-0.095626,0.65574,-0.096007,-0.74886
-0.75413,-0.035677,-0.65576,0.036109,0.99476,-0.095645,0.65574,-0.095807,-0.74889
-0.75429,-0.03577,-0.65556,0.036079,0.99475,-0.09579,0.65555,-0.095906,-0.74904
-0.75451,-0.035507,-0.65533,0.036488,0.99472,-0.095906,0.65527,-0.096274,-0.74923
-0.75451,-0.035097,-0.65535,0.036952,0.99471,-0.095816,0.65525,-0.09651,-0.74922
-0.7544,-0.034912,-0.65548,0.037389,0.99468,-0.096011,0.65535,-0.096939,-0.74908
-0.75443,-0.034884,-0.65546,0.037563,0.99466,-0.096171,0.65531,-0.097175,-0.74908
-0.75458,-0.03503,-0.65527,0.037385,0.99466,-0.096225,0.65514,-0.097107,-0.74924
-0.75467,-0.034681,-0.65518,0.03768,0.99466,-0.096052,0.65502,-0.097175,-0.74934
-0.75464,-0.0346,-0.65523,0.037372,0.99472,-0.095568,0.65508,-0.096607,-0.74936
-0.75472,-0.034837,-0.65513,0.036592,0.9948,-0.095055,0.65503,-0.095712,-0.74952
-0.75467,-0.035155,-0.65516,0.035977,0.99484,-0.094823,0.65512,-0.095131,-0.74952
-0.75476,-0.035405,-0.65504,0.036196,0.99477,-0.095475,0.655,-0.095771,-0.74954
-0.75476,-0.034665,-0.65508,0.037439,0.9947,-0.095773,0.65493,-0.096811,-0.74946
-0.75452,-0.034283,-0.65538,0.038182,0.99465,-0.09599,0.65516,-0.097451,-0.74918
-0.75465,-0.033543,-0.65527,0.03895,0.99464,-0.095773,0.65497,-0.097798,-0.7493
-0.75485,-0.031192,-0.65516,0.041824,0.99455,-0.095539,0.65457,-0.099519,-0.74943
-0.75456,-0.028644,-0.6556,0.044451,0.99452,-0.094612,0.65472,-0.10053,-0.74916
-0.75456,-0.02806,-0.65564,0.044433,0.99461,-0.093705,0.65473,-0.099838,-0.74924
-0.7547,-0.028509,-0.65545,0.043422,0.99469,-0.093262,0.65464,-0.098845,-0.74945
-0.75449,-0.029023,-0.65566,0.043046,0.99468,-0.093565,0.65489,-0.098818,-0.74923
-0.75464,-0.02876,-0.65551,0.043309,0.99468,-0.093499,0.65471,-0.098947,-0.74938
-0.75514,-0.028436,-0.65495,0.043267,0.99472,-0.093074,0.65413,-0.098622,-0.74992
-0.75545,-0.027768,-0.65461,0.043475,0.99478,-0.09237,0.65376,-0.09824,-0.7503
-0.75564,-0.027408,-0.65441,0.042974,0.9949,-0.09129,0.65357,-0.097106,-0.75061
