0,0,0
-0.68233,-0.13473,0.045916
-0.63128,-0.12996,-0.41542
-0.3003,-0.55813,-0.36144
-0.15115,0.184,-0.18136
-0.34423,0.38485,0.84474
-0.13197,0.18597,0.52051
-0.48889,-1.288,1.015
-0.46261,0.41638,-0.27395
-0.82697,0.14526,0.44827
-0.10741,0.51579,0.98686
-0.18428,0.75008,0.64524
-0.8606,0.12738,2.0933
-0.70283,0.24449,0.93855
-0.042169,-0.19894,1.905
-0.55523,-0.78136,0.44547
-0.9092,0.70513,0.87402
0.74759,-0.38475,2.4768
0.57606,-0.31105,2.0698
0.38997,0.067309,2.7688
-0.25452,1.3345,2.853
-0.80821,0.3232,1.4817
-0.3728,0.61124,1.3083
-0.16391,-0.019479,1.9402
0.20062,-0.12344,1.6365
1.1368,-0.2842,0.95809
0.42618,-0.26954,2.2365
-0.65365,-0.34201,1.8232
-0.34522,-0.41858,1.3946
-0.50621,-1.5148,1.975
-0.32886,-0.60304,0.56117
-0.95715,-0.053356,2.2549
0.27111,0.69094,1.2349
-0.77492,0.097985,0.50063
0.50791,-0.32204,0.76715
0.13673,-0.58177,-0.26827
-0.037936,-0.24769,1.8585
-0.17343,0.74017,0.59613
-1.0046,0.19082,0.6179
0.15897,0.48805,1.142
-0.81499,-0.0067602,0.21143
0.38201,1.4536,0.79961
-0.31549,-0.35865,0.94051
0.288,-0.19788,0.83565
1.0455,0.086514,-0.079123
0.30493,0.61747,-0.30425
0.50703,-0.22463,0.85565
-0.30648,0.20352,0.45174
-1.2993,-1.1618,0.7578
-0.41482,0.5274,0.3726
-0.61018,0.079812,-0.41193
-0.31733,0.23826,-0.29795
-0.65047,1.0728,-0.88576
-1.1135,-0.76497,-0.62541
0.082802,-0.7465,0.99425
0.55007,0.086253,1.4445
-0.58073,0.29421,0.10776
0.41023,-0.73037,0.43628
0.23306,-0.35616,1.2155
0.90738,0.92944,-0.75711
1.0319,0.82816,0.061699
0.62535,-0.30972,-0.28032
0.037591,-1.1055,-0.99172
1.2355,-0.60598,0.83308
-0.50116,-0.15109,-0.47927
0.33886,0.24892,1.9483
-0.91246,0.082819,-0.19381
0.28555,0.0020952,-0.74481
0.17433,0.46179,0.084319
0.078372,-0.25475,-0.25244
-1.0485,-1.1517,-1.1348
0.62015,-0.43624,-0.22643
-0.28658,0.05204,-0.079183
-1.2257,-0.59067,1.3107
-0.20086,0.38019,-0.26327
0.22853,0.87631,-0.94537
0.20058,-0.32274,0.064262
-0.28908,-0.19968,-1.0791
0.53618,0.31552,0.1901
-0.11131,-0.23913,-0.4986
0.034667,-0.43459,-0.94933
-0.2282,-0.41101,-0.32751
0.078372,0.26106,-0.29445
-0.32975,-0.019156,-0.53588
0.28729,0.53863,0.10667
-0.066436,0.34913,-0.55388
0.54579,0.48677,-0.69369
-1.3086,-0.2767,-0.27233
-0.21026,-0.42604,0.40512
0.72661,0.20855,-0.81187
0.3434,0.21845,0.19871
-0.23923,0.74565,-0.66105
-0.74721,-0.13003,-1.3131
0.63955,-1.2297,-1.9721
-0.55168,-0.64468,-2.048
-0.33508,-0.37698,-2.1641
-0.67826,0.1437,-2.3315
-0.24437,-0.12677,-1.8054
-1.1552,-0.90377,-2.9082
0.27602,0.35393,-1.9412
-0.39163,-0.20411,-1.8098
0.38306,0.42024,-2.7392
0.20594,-0.71135,-1.9856
0.31581,-0.23021,-3.0853
0.55973,0.22895,-3.0898
0.11076,0.44753,-3.2283
0.46673,0.13967,-3.4156
0.27249,-1.2901,-2.1161
-0.35207,0.44418,-2.1914
-0.24188,-0.063667,-2.0648
0.34243,0.79525,-2.0126
0.85513,0.059533,-1.914
1.6356,0.33889,-2.1379
1.0449,-0.38528,-1.9336
0.79757,-0.076973,-2.2613
0.81172,0.16254,-0.94174
0.7932,-0.056648,-1.1815
1.0004,-1.008,-0.98621
1.1391,-0.42964,-0.78752
2.2367,-0.7473,-0.21167
1.7369,0.7702,-1.34
0.83269,-0.13037,-0.84753
2.1718,-0.29801,-1.9049
3.2343,-0.34113,0.20623
2.3781,0.79576,-2.1055
1.0121,-0.10301,-0.34139
0.7092,0.39519,-0.70657
2.1203,1.3116,-2.3911
1.4594,0.26409,-0.4291
1.2763,-0.33793,-2.389
0.15754,-0.47901,-0.47326
0.50935,-0.28018,-2.5658
0.39114,0.089626,0.052132
1.3572,-0.3735,-1.471
1.0006,0.30277,0.17215
1.7867,-0.23318,-1.2851
0.71303,0.99814,-3.414
1.0197,0.30087,0.87149
0.95361,0.096343,-3.2571
0.901,-0.18828,-0.46616
1.2083,0.058874,-2.8016
1.3636,-0.099826,1.0625
0.78869,0.29432,-1.3973
0.72834,0.93935,-3.527
1.6903,-0.61735,-0.011382
0.43178,-0.035992,-2.1289
0.96169,-0.67016,-0.51004
0.72734,0.034481,-0.85619
1.9428,-0.4474,0.54312
1.6652,-0.38941,-0.10457
1.4889,0.26769,-0.88238
2.8677,0.62139,-2.1617
2.2513,0.093551,-1.8755
1.462,0.66567,-1.2405
1.9823,0.73152,1.8574
2.5594,-0.16,-0.0044625
2.297,-1.8572,-0.88111
1.6097,-0.79966,-0.90896
1.6395,0.17161,0.80541
1.9843,-0.2014,0.48575
1.2197,-1.3436,1.054
2.0748,0.13289,-0.80302
1.683,0.52251,-0.65593
1.175,-0.45421,-0.29153
2.1958,-0.56675,0.88905
0.50469,0.99466,-0.58246
1.7451,-0.024809,-0.2648
-0.0079249,0.78722,-0.15695
0.28637,0.75901,-0.27454
0.9517,-0.19441,-0.42861
0.18322,-0.90783,-0.92426
-0.021766,-0.49171,0.58369
0.58576,1.1398,0.15421
1.2047,-0.3217,-0.79176
1.1127,-0.080714,-0.70424
0.96276,-0.34055,0.30836
0.50502,-0.71171,0.24524
-0.16985,1.2493,-0.99596
-0.019505,0.58162,0.19724
-0.075181,0.32885,0.17474
-0.46182,-0.9073,-0.58021
-1.4944,-0.35044,-0.23198
0.62077,-0.80449,1.6809
0.366,0.12147,0.28732
-0.77496,-0.095102,0.12224
-1.1528,0.79498,0.18096
-0.89501,-0.66268,0.6068
-0.45697,0.14655,0.67479
-0.41194,-0.32409,-0.23885
-0.75564,-0.25515,-0.25913
-0.14759,-0.47387,0.23592
0.00034561,-0.30199,1.6426
-0.44651,-0.27967,0.10497
-0.85306,-0.11354,0.13382
-0.20775,-0.93409,-0.42905
0.4313,0.43629,-0.010596
-0.93667,0.1318,-0.19935
-0.67356,-0.11326,-0.61395
-0.59013,-0.32809,-0.30742
-0.98254,0.20094,0.55317
-0.47394,0.19878,0.33366
-0.96586,1.1491,0.95504
-1.9784,-0.11453,0.61203
-0.96412,0.27544,-0.0087854
-0.8985,-0.1624,0.83566
0.07793,0.87496,-0.1524
-0.53004,0.54181,0.23832
0.63228,0.096208,0.61836
-0.34238,-0.6569,0.15054
-0.90427,0.67497,0.56732
0.29634,0.38547,0.24655
-0.74773,0.0075937,-0.098543
0.15444,-0.38995,0.35765
0.11925,0.30347,0.15656
-0.5263,-1.0308,-0.048281
-1.3688,0.49767,-1.2144
-0.7351,-0.59563,-0.7316
0.60389,-0.66722,-0.16446
-0.38945,-0.26232,-0.20291
1.0323,-0.064517,-1.1405
-0.50312,-0.41121,0.6576
0.45913,-0.24873,0.17647
0.75987,0.095894,-1.0598
1.4037,0.24755,0.014884
1.2631,1.2384,0.61273
-1.0407,0.51394,-0.12324
0.41749,0.64293,-0.43432
1.479,0.2782,-0.51323
0.7866,-0.084784,-0.2722
0.56051,-0.01114,1.1576
-0.16349,-0.60534,0.71197
0.29268,-0.41014,-0.77627
-0.98409,-5.1844,0.39379
0.43663,-3.5002,1.1871
-1.0795,4.5809,-0.56442
-0.090842,-1.8316,-0.27028
-0.70045,2.4119,0.12902
1.6767,-0.81317,-0.9105
0.37552,2.265,0.10601
0.31324,0.25986,0.72599
-0.84431,0.6319,-0.78484
-0.051368,0.15102,-0.12711
-0.70225,1.3395,-0.5042
0.35751,0.053123,-0.93058
1.0727,0.10494,-0.55629
0.17387,0.24359,-0.34884
-0.56722,1.6332,-0.70071
0.54051,0.64616,-0.81261
0.71921,0.81122,0.0021512
0.39817,0.65044,-0.6785
-0.33852,-0.17063,-0.37055
0.24903,0.14333,-0.34053
1.7195,0.21409,-0.28708
0.054688,-0.3379,0.094474
-0.0049878,-0.34117,1.1045
0.69438,0.64713,0.84014
0.91496,0.099833,0.50297
0.3034,-0.083537,-0.40893
0.19559,-0.64555,0.12574
-0.63794,-0.15992,-0.45669
-0.32406,-0.74128,-0.57392
-0.64188,0.71895,-0.11259
1.2055,-0.085528,1.1711
1.2429,-1.361,-0.023157
0.012683,-0.51474,-0.0040723
0.99461,0.53656,-0.60786
0.33824,0.30715,0.39751
0.64969,-0.29958,0.42387
-0.15738,0.051201,-0.37723
-0.065333,-0.54365,-0.34285
-0.52502,0.015748,0.56405
0.35156,-0.85047,0.30181
-0.10609,-0.57961,0.27794
0.33935,-0.47664,0.4249
-0.088915,0.14426,0.17231
-0.56392,-0.097562,0.26728
-0.3942,-0.076247,-0.43653
-0.011483,-0.15852,0.19349
-0.753,-0.26803,-0.27224
0.20953,-0.095504,-1.1323
-1.0564,0.12622,-0.0043944
-0.81444,0.076771,-0.18674
-0.88097,-0.49173,-0.52538
-0.54197,-0.23162,0.24205
0.23807,0.0097731,-1.0466
-0.39534,0.51005,0.27388
-0.38514,0.15235,0.16661
-0.61928,0.53162,-0.30079
-0.46468,-0.18523,-0.59768
0.43347,0.23832,-0.059441
-0.58221,0.40322,0.54934
-0.16615,-0.90875,0.46657
-0.79335,0.86267,0.61531
0.21625,-0.16143,-0.59937
0.64631,-0.091842,0.40581
-0.27041,-0.81175,0.90757
-0.39276,-0.62049,0.7332
-0.67487,0.66597,-0.89915
0.25948,-0.028249,1.0827
-0.7645,-0.45071,0.29291
0.11225,-0.55084,-0.21019
-0.28941,-0.058791,0.014303
-0.17573,0.45306,0.2861
-0.3771,-0.94893,-1.559
-0.0011984,-0.75965,-0.77317
-0.59517,0.55072,0.55623
-0.8318,-0.35788,-0.048991
-0.80541,0.38717,-0.77872
-0.15236,0.2082,-0.45349
-0.33605,0.30751,-2.0361
0.20746,-0.4093,-0.80063
-0.32455,1.2927,-1.7897
-0.13244,1.1078,-1.1953
0.29617,-0.17054,-0.073951
1.1859,0.039545,-1.1405
-0.68573,-0.38015,-0.78618
-0.18689,-0.065039,1.5747
-0.026999,0.51513,-1.5768
-1.2699,0.56741,-0.89288
-0.8785,0.0063632,-0.14313
0.2175,0.43833,0.82071
-0.90626,-0.15743,0.19828
-0.70727,-0.12631,0.37314
-0.48485,-0.054815,-0.26831
1.0897,-0.62817,0.28917
-1.4798,-0.61036,-0.51377
-0.96474,0.7401,1.9136
-0.099161,-0.082405,0.1768
-0.039502,-0.80797,0.11647
-0.44521,-0.28232,0.73852
0.45869,-0.18217,0.15836
-0.6367,0.057287,0.3082
-0.59387,-0.11284,0.59222
0.017062,0.043718,0.62688
0.083143,-0.31827,0.83583
1.1142,0.65772,0.96361
-1.6102,-0.17254,1.1394
-1.2768,0.58252,1.3325
-0.73615,-0.14069,0.1371
-1.0452,0.16756,-0.1281
0.24683,-0.76467,1.4715
1.0029,0.022207,1.5224
0.031432,-0.20858,0.41126
0.30437,1.5794,-0.13286
-1.3972,0.97088,0.77999
-1.1272,-0.55218,0.19975
-1.162,0.6779,1.5888
0.36267,0.2414,0.42188
0.52241,0.54671,2.3316
-0.50182,-0.42775,1.6989
-0.7373,0.38113,1.4127
0.038944,-0.3387,1.007
-0.72467,0.099456,1.2288
0.14349,0.7344,1.1461
-0.56661,0.89235,0.44328
-0.38196,1.4945,-0.30182
-0.59306,0.028855,-2.3952
-0.83917,0.56903,-0.80829
-0.66785,-0.18398,-1.5762
-0.66877,0.092244,-1.0284
-0.57119,-0.96961,0.18736
-0.2778,-0.098565,0.31587
-0.065347,-0.42379,-2.0639
-1.1912,0.42983,-0.69548
0.39026,-0.1542,-1.3717
-1.5257,-0.17097,-0.74446
-0.63495,-0.28231,0.71834
0.42354,0.49819,0.44614
-0.85476,-0.050167,-0.41659
-0.54697,-0.38027,-0.45081
0.3174,-1.237,0.19466
-1.892,-0.31367,-0.91008
0.4755,0.30561,0.456
-0.58883,0.3277,-0.032239
-0.56816,-1.0811,-0.32664
-0.28929,-0.14321,-0.21386
0.0061911,-0.34782,0.7533
-0.39042,0.58452,-1.9152
0.30902,0.3978,0.47587
1.0263,0.19431,-0.71541
0.7219,0.34896,-0.86344
0.53874,0.071228,-1.0789
0.4271,-0.034207,-0.26564
0.87991,0.9681,-0.07848
0.82578,0.3865,-0.33971
0.53258,0.023775,0.014785
0.23551,-0.80822,-0.54299
0.27722,-0.17134,-0.086284
1.0928,0.31365,0.40391
1.0325,-0.29803,-0.26912
0.16638,0.90069,-0.91495
-0.5751,-0.73396,-0.54325
-0.82558,-0.81018,-0.73231
-0.19566,-0.24491,0.50683
-0.14103,-0.47579,0.084575
0.18619,-0.85074,0.49524
-0.17476,0.023482,-0.31003
0.21307,-0.19234,0.3092
0.2399,0.086258,-0.28107
-0.10244,-0.016487,-0.10444
-1.8381,0.034375,0.95871
-0.1523,0.90371,0.2934
-0.15061,0.98324,0.756
-1.8304,0.12261,0.85806
-0.56006,0.57764,-0.060023
-1.8326,-0.88283,0.61246
-1.4222,-0.42939,1.0455
-2.2324,-0.34559,1.0003
-1.8096,0.47336,1.6126
-1.4981,0.45315,1.071
-0.74867,-0.51172,1.2945
-0.033649,0.13136,1.0781
-0.069118,0.61368,1.5291
-0.57988,0.77704,1.7734
-0.1766,-0.50654,1.9515
-0.60177,0.25529,1.4902
0.22508,0.62583,1.9224
0.33551,0.37592,2.5158
-0.8543,0.26086,0.7834
0.016425,0.274,0.93209
0.5219,-0.67676,1.0671
-0.88021,0.26938,-0.064583
0.98587,0.27161,1.754
-1.3449,-0.53658,0.82753
0.86393,0.11262,2.2154
0.41116,0.71037,0.94767
-0.78071,-0.42109,0.89017
2.2548,-0.36392,2.9802
-1.837,-0.89468,1.4979
0.7051,-1.2239,3.0486
-1.4742,0.15072,-0.20165
2.0252,-0.33598,3.3454
1.2775,1.2852,1.5592
-3.2125,0.12557,1.6065
1.787,-0.21246,4.3987
-2.8301,1.0358,2.0739
0.93164,0.3651,3.7313
-0.5159,0.73341,1.5037
-2.29,0.5922,1.3156
1.7061,0.040207,3.5267
-1.8487,-0.40558,1.378
0.71753,0.3472,4.2731
-3.1831,0.2535,2.0091
0.47876,0.15928,2.1858
0.22896,-0.094465,3.1179
-1.0673,-0.74426,1.5729
0.21472,-0.54081,1.7909
-0.25269,0.3225,0.44389
-0.0050653,0.10479,1.9883
-0.33164,-0.11998,1.905
-0.47322,0.62745,1.9935
-1.1395,-0.95588,1.9801
-1.2764,1.8052,1.864
0.46548,0.53265,1.6169
-1.25,0.21972,1.5228
0.072161,0.054095,0.55774
0.13388,-0.47059,0.34406
2.2474,0.0082602,1.4131
-0.27713,-0.22258,1.5754
0.1338,0.43966,1.7581
0.23045,0.075019,1.6852
0.19165,-0.79973,1.4084
0.25491,0.049683,0.23892
-0.10609,0.14304,0.655
0.30372,-0.39836,-0.22689
-0.10391,-0.13556,-0.59638
0.60444,-0.60929,-0.28486
0.48855,0.17096,0.23909
-0.60332,0.67729,0.23833
0.24022,-0.1995,-0.29187
-0.41234,0.18091,-0.79251
-0.46603,0.10354,-0.51075
-0.97048,0.44732,0.61037
1.6207,-0.64556,4.5532
-3.7859,0.18376,-9.3643
1.542,-0.080224,4.9639
-0.21994,-0.10136,0.4252
-0.23173,-0.66273,-0.4994
-0.13551,-0.327,-0.29996
-0.55646,1.3808,-0.25424
0.13166,-1.1854,-0.46118
0.37474,-0.46191,-0.01265
-0.38031,-0.32663,0.45436
-0.22709,0.25536,-0.040365
0.59783,-1.0076,-0.62472
0.96524,0.56164,-1.5818
-0.67765,0.30116,-1.2933
-0.013822,0.86261,-0.83516
-0.718,0.55474,-0.28276
-0.72373,-0.38375,-0.82616
-0.617,1.2968,-1.3626
-1.2965,-1.1728,-1.832
0.10753,-0.61891,-0.25648
-1.4116,0.35303,-4.5717
-0.067583,0.055733,0.4372
-0.16572,-0.27145,-1.4956
-0.45861,-0.58642,-0.74823
-0.78387,0.52099,-2.0949
-1.6356,-0.27366,-2.9603
-1.0605,0.7637,-2.6009
-0.99379,-0.08968,-2.283
-0.7534,0.57362,-2.3009
-0.49057,0.07491,-2.2518
-1.0613,-0.51687,-2.1981
-0.59773,1.1127,-2.012
-0.29429,-0.27401,-1.472
-0.66074,0.022456,-2.5969
-1.6646,0.23964,-1.098
-0.061997,0.15137,-1.2865
0.231,-0.80095,-0.47664
0.13674,0.71224,-0.98216
-0.52798,-0.056127,0.20189
-0.8384,0.73349,-0.27787
-2.0179,0.16524,-0.16384
-0.61717,-0.28827,-0.85605
-1.4052,-0.41582,-0.97421
-0.66755,-0.2778,-0.11821
-0.79174,0.80188,-0.30512
-3.5991,-0.73762,-1.4292
-0.45091,0.23463,0.9907
-2.9233,0.20642,-2.4039
-0.90311,0.058732,0.38044
-2.7868,0.4244,0.012854
-3.973,0.44447,-2.6204
0.96735,-0.26985,1.5888
-4.5349,-0.33677,-2.6659
1.1052,0.45151,1.8623
-0.74667,-0.022949,0.25437
-5.3302,-0.09591,-4.1997
0.69907,-1.0097,0.52489
-4.1874,0.55568,-3.775
1.3616,0.31969,0.081041
-0.98081,-0.53398,-2.1647
-3.8349,-0.30889,-3.8986
2.2264,0.51368,0.88049
-4.5905,0.026164,-3.6622
2.281,-0.29817,1.0498
0.71701,0.60201,-1.9995
-3.4364,0.013365,-4.0829
1.9365,-0.31299,-1.0361
-3.6487,-0.84354,-3.9286
2.2407,-0.63284,1.0174
-2.9424,-0.22796,-2.6404
2.0871,0.48441,0.0019867
-0.56592,-1.2699,-1.1904
-1.7299,-0.28027,-1.8105
1.5286,-0.6681,0.18103
-1.1114,0.49195,0.21251
-0.45506,0.36416,-0.32828
-2.2238,0.32072,-2.5701
-0.54919,-0.23851,-0.082644
-2.4738,0.2408,-0.98719
-1.3787,-0.12824,1.513
-1.4818,0.20374,0.54156
-1.492,-0.043985,-1.2601
-1.9259,-0.32681,-0.49979
-2.3361,-0.63358,-1.15
-1.7396,-0.96675,-1.389
-1.7221,-0.26339,-1.1677
-1.8599,0.63142,0.43941
-1.1786,0.20762,-0.20328
-1.1957,-0.52307,0.028672
-1.0098,0.71365,0.46622
-0.31491,0.0071159,-0.49081
-2.0698,0.55248,0.33269
-1.2489,-0.35806,-0.19173
-1.583,0.012282,1.034
-2.6527,0.55148,-0.51928
-1.286,0.42477,0.63891
-1.3769,0.016034,-0.3623
-1.1464,-0.068598,0.27232
-1.094,-0.58717,0.59041
-1.4552,0.38416,1.6153
-1.5553,-0.13486,1.7093
-1.5413,0.12352,1.1708
-0.81211,0.2449,0.59942
-0.69153,-0.31096,1.081
0.28586,-0.29506,0.74797
0.18518,-0.0084568,0.5526
-0.21075,0.13898,-0.13473
0.26928,0.63188,0.82377
-0.26893,-0.33067,-0.18522
-0.0366,0.055683,0.26329
-0.44805,-0.45804,-0.34344
-0.037591,-0.47819,-0.20553
0.30311,0.36412,-0.10559
-0.22757,0.04574,0.89761
0.35524,0.12422,0.5373
-0.25352,-0.28895,-0.23751
0.28836,-0.43047,0.25403
-0.10125,0.40394,0.2814
0.047746,0.061979,0.33653
0.17129,0.27916,0.82726
0.68134,0.4366,0.36568
-0.72877,-0.33443,-0.46674
0.022571,0.50389,0.17949
0.91242,0.42825,-0.076324
0.4368,-1.2563,-0.15923
-0.3681,-0.46784,0.14406
0.5225,-0.25165,-0.19393
0.58735,0.031998,0.22622
0.23438,-0.27494,-0.70552
-2.3204,-0.14305,0.28339
4.3776,-0.41317,-0.25431
-1.896,0.025174,0.43416
1.1244,1.0597,1.1156
0.78625,0.1809,0.54206
-1.0601,-0.38893,0.25084
0.44854,0.32321,0.18561
0.57447,0.85799,0.13695
0.35832,-0.13822,-0.37257
0.16275,-0.10222,-0.17229
-0.48513,0.31789,0.95085
1.4995,0.73059,-0.21898
0.54333,0.91922,-0.22812
-0.24024,0.24522,0.12448
-0.30356,0.46218,0.5005
-0.08722,0.11925,0.67325
-0.43059,-0.23468,0.2995
-0.14572,0.79708,-0.046194
0.3377,-0.052912,0.6193
-0.38347,0.84789,1.1494
-0.52716,-0.76705,1.0346
-0.38357,-0.334,-0.6898
-0.9115,0.55759,0.3051
-0.60609,-0.62333,0.3331
-1.5035,0.15445,-0.65214
-0.54956,-1.2382,-0.41042
-0.74918,-0.28731,0.49069
-1.3132,0.286,-0.88992
-1.5286,-0.47989,-0.28009
-0.86789,0.14473,-0.61811
0.97903,0.75912,0.52301
-1.4512,0.37119,-0.50538
-0.9,-0.25437,0.087297
-0.78582,-0.38573,-0.1939
-0.25067,-0.79075,-0.27567
0.069617,-0.38715,-0.29174
-1.5326,-0.55838,-0.29932
-0.53209,-0.11085,1.0525
-0.84498,-0.45897,0.21774
-1.0125,0.14255,0.073966
-2.1604,0.22989,0.097141
2.2175,-0.3246,-0.49941
-0.73693,-0.89438,0.14864
0.14035,-0.11366,-0.60855
1.0436,0.3303,0.24116
0.40259,0.74477,-0.3668
-0.94144,-0.24423,-0.36399
0.66952,0.24009,-0.30952
-0.63304,0.11242,-0.26093
-0.35568,0.16055,0.096724
-0.10934,0.049922,0.73512
0.3655,-0.91431,-0.6301
-0.43258,-0.79606,-0.16657
-0.36706,-0.17325,0.17206
-0.71185,-0.13822,0.17624
-0.41559,-0.63565,-0.16091
-0.12085,0.2884,-0.50204
0.22026,-0.46133,-1.0103
-0.38897,-0.70696,0.4143
0.94899,-0.065965,-0.45674
-0.44458,0.35699,-0.44563
-0.50548,-0.26308,-0.38422
-0.038193,-0.28646,0.23499
-1.1955,-0.042253,-0.87411
0.4383,0.52111,0.11958
0.15475,0.093807,-0.019258
0.28305,0.085044,-0.26793
-0.46833,0.20043,0.28445
0.63345,0.079205,0.23115
-0.30568,-0.15856,-0.66099
0.16077,-1.9472,0.3493
0.18459,0.12421,-0.045191
-0.6472,-0.082783,0.78616
0.28607,-0.20575,0.48577
0.80483,0.51435,-0.088303
0.52756,1.4374,-0.29591
-0.49291,0.052499,-0.82632
-0.037573,-0.35945,0.73255
0.004268,0.27952,0.87613
-1.0513,-0.3137,1.8951
3.2577,-0.36394,-0.33642
-1.4531,-0.38129,0.25863
-0.53646,-0.3052,0.58966
0.014219,0.70116,0.14188
-0.87747,-0.18726,0.34783
0.61231,0.32613,-0.56713
-0.63947,-0.14796,-0.11453
-0.060051,-0.15686,1.029
0.24782,0.42237,0.17218
-0.14577,0.22576,-0.60392
0.043308,0.58571,0.4831
-0.49311,0.026419,-0.18085
-0.2664,-0.59618,0.039139
-0.84406,-1.2449,-0.16985
-1.2981,-0.99654,-0.069688
0.095517,0.22299,-0.1563
0.43154,0.81202,0.029686
-0.1686,0.62198,-0.32563
0.51174,-0.58591,-0.55727
-0.002064,-0.45581,-0.042351
0.23866,-0.013263,-0.097844
0.1194,-0.23806,-0.38043
0.28625,0.33145,-0.079067
-1.1484,0.39723,-0.21027
0.34462,-0.34288,0.81373
-0.95102,0.41053,-0.30937
0.22903,0.84812,0.40043
-1.0304,0.16725,-0.080677
-0.17867,-0.36309,-0.22967
0.22596,-0.12768,-0.022767
0.97979,0.51422,0.087571
-0.3498,0.18999,0.54498
-0.046336,-0.83958,-0.12868
0.20352,-0.82635,0.29791
-0.3211,1.0348,0.36333
1.093,0.016462,-0.50659
0.45982,0.085592,0.27624
0.51261,-0.7107,-0.40438
-0.6613,-0.40697,-0.23793
1.1878,-0.44228,0.23341
-0.59083,-0.67162,-0.18473
-0.089668,0.17448,0.21994
0.59822,0.052184,-0.30309
0.46125,0.26887,0.021365
1.0635,-0.14774,-0.58004
-0.81358,0.32361,-0.031978
0.9356,0.55717,-0.84213
0.70529,-0.10963,-0.52702
0.20469,-0.29816,-0.42285
0.30528,-0.31831,0.11835
-0.055339,-0.044345,0.34997
-0.34615,-0.32434,-0.089946
-0.41814,-0.3884,-0.0099197
-0.026657,0.42017,-0.94029
2.2141,-0.21771,0.18853
-0.5437,0.58122,-0.43077
0.95959,-0.18128,-0.23609
0.53925,0.082089,0.066515
1.2288,-0.17488,-0.51095
-0.39443,-0.1944,-0.78426
-0.52034,0.01702,0.32767
2.5063,0.0077825,0.2725
-0.34927,-0.31694,-0.53093
0.18885,0.24723,-0.15049
0.969,-0.48422,-0.12458
1.4063,-0.24499,0.045861
1.159,0.22345,0.09313
1.4646,0.72883,-0.42859
0.63361,0.72352,-0.17026
1.7886,-0.65851,0.00051415
1.1794,0.1904,-0.22037
1.5407,-0.2201,1.0585
0.20061,0.44175,1.0318
1.0524,-0.65134,-0.57017
0.591,-1.1058,0.73046
-0.24139,0.45584,-0.1378
0.77201,-0.084972,-0.1465
1.0479,-0.37494,-0.51541
1.2513,0.068121,-0.13678
0.92443,-0.19946,-1.0189
0.11513,-0.74216,-0.066827
3.3531,-0.67295,0.33693
0.20479,0.35737,0.11153
0.24267,-0.021266,0.13964
0.62856,-0.24901,0.64787
1.691,-0.58441,-0.24768
1.8791,1.19,1.1668
0.65275,0.32529,0.37348
1.9285,0.28875,-0.073042
1.6638,0.092483,0.28375
1.9024,-0.45593,-0.21016
0.66352,0.01352,0.27649
1.2537,0.15813,0.78085
0.59465,-0.67818,0.21418
1.5698,0.27496,-0.98691
1.0246,-0.50232,0.54563
0.34165,-0.44616,0.22329
1.5727,0.039056,0.14462
1.6929,0.22033,-0.27867
0.8207,-0.020212,0.75868
1.6822,0.79072,0.81408
1.7602,-0.13518,-0.22514
0.8812,-0.44001,1.518
0.64387,-0.38105,0.040819
0.67119,-0.094255,0.90644
0.12071,0.96782,0.038575
0.98394,0.074861,2.1739
1.2719,-1.0557,0.48716
1.2368,-0.39907,0.74354
0.77915,0.60833,0.36761
0.69531,0.83369,0.68953
-0.4039,0.17217,2.6297
2.5825,0.55501,0.13344
-1.1209,-0.32976,1.6664
0.019716,-0.12544,0.65017
1.4311,0.32342,1.6407
0.75664,-1.6244,1.311
0.96755,-0.92068,0.14883
0.67965,-0.50171,1.924
0.31375,0.86036,-1.9347
0.43531,0.95925,2.8662
1.3505,0.65451,0.31007
0.50267,-0.44591,3.8194
1.2826,-0.22306,2.0284
0.26297,-0.041757,-0.60962
0.027531,0.83897,2.6817
0.32277,-0.38793,0.32086
1.3411,-0.15545,3.202
1.3098,0.70629,0.26149
0.52433,-0.5242,2.8278
0.27999,0.34176,0.98003
0.83062,0.090558,2.6317
0.97894,-0.31308,2.9967
1.8748,-0.18974,1.1852
2.6481,0.5187,1.5716
0.71405,0.36239,0.41004
1.0699,1.0456,3.1742
1.9651,-0.22739,1.2774
1.4618,-0.85124,1.3142
1.4227,-0.3574,2.9114
1.8562,-0.56146,0.13346
0.5746,0.16293,1.9496
0.18274,-0.76988,0.99662
-0.28731,0.95081,1.3225
0.83911,0.40112,2.3521
0.10178,0.12031,0.75375
0.27017,-0.27768,1.5953
0.38318,0.47552,1.1659
-0.53254,0.57722,0.82871
-1.2414,0.15056,2.3885
-0.55581,-0.1605,0.6685
0.04562,-0.14514,0.94906
0.99012,-0.22579,0.51283
-0.90937,0.0034332,0.95914
0.29637,0.20769,0.61937
0.66471,0.21609,1.4094
-0.085455,-0.49484,0.66994
-0.97493,-0.20717,-0.36173
0.094494,-0.015942,-0.45985
-0.23285,0.25108,-0.54059
-0.016765,0.13329,0.67811
-0.43468,-0.2945,0.44197
0.083983,-0.10156,0.22802
0.31303,0.41354,-0.20551
-0.44916,0.57254,0.46951
0.36383,0.71358,0.092137
0.56369,-0.45946,-0.40639
0.25603,0.59503,0.33627
-0.34324,0.5158,-0.65586
-0.27612,0.28032,0.052417
0.073537,1.0315,-0.22502
-0.17339,-0.20826,0.026809
-0.11408,0.17368,-0.62883
0.4612,0.074847,-0.90067
-0.32089,-0.51704,-1.0568
0.0079597,0.62192,0.8758
0.12107,0.14494,-0.95029
-0.12825,0.48571,-0.86644
0.15348,0.48363,-0.88018
-0.09786,-0.21116,-2.1006
1.0639,0.40273,-2.168
-0.26127,0.37823,-1.5374
0.54947,0.35384,-1.1292
1.3889,0.20113,-2.2345
0.86888,-0.37788,-0.99244
-0.061978,0.28165,-2.2039
0.83893,0.12349,-1.6041
-0.19309,0.67114,-1.4512
0.32374,0.33855,-1.502
0.1824,0.33664,-1.7541
-0.005027,-0.049763,-2.1479
0.31126,-0.097133,-2.2884
0.62789,-0.22238,-1.7471
0.80266,0.4193,-1.0345
0.56973,0.47635,-0.70066
0.71995,-0.025219,-0.57032
0.26118,-0.9789,-0.41819
1.3901,-0.67783,-1.1094
1.7354,0.5645,-0.36563
1.8554,0.20872,0.58502
0.97575,-0.7891,-0.80045
0.67028,0.44421,-0.045155
2.0106,-0.2574,0.44902
1.914,0.41991,-2.1313
2.4003,-0.12002,0.60449
1.8064,0.068232,-2.6483
0.89056,-0.5567,0.44975
1.1929,0.91839,-2.5655
1.0165,-0.45711,1.2229
1.2178,-0.19883,-2.1457
-0.10895,-0.42735,0.199
1.2627,0.37494,-3.4776
1.774,0.6645,0.68167
2.3704,0.33103,-1.6143
2.8325,-0.57925,-2.1484
1.843,-0.72822,1.8328
0.90015,-0.39805,-3.0156
-0.68925,-0.47844,2.7125
0.92802,-1.6764,-2.8802
2.271,-0.092673,0.32634
3.3319,0.67531,-2.4212
1.2534,0.46091,-5.3365
1.974,-0.22499,1.3095
-0.16284,-0.21083,-2.7662
1.5108,-0.48854,2.7015
3.8082,-0.63889,-3.586
-0.15453,0.069049,-1.4019
3.0673,-0.21504,-1.3809
1.0543,-0.49027,-3.8239
0.94144,0.21498,0.19399
1.1409,-0.1567,-1.6597
2.5896,-0.23988,0.86246
3.0677,-0.62469,-0.52655
1.3081,0.31738,-2.2504
1.1174,1.0671,-0.99773
0.11713,-0.14838,-1.2407
1.2364,-0.041234,-0.83287
2.3449,0.72642,-1.1506
1.4267,-0.20243,-0.64329
1.8398,0.38308,0.52041
2.0806,-1.6974,-1.3459
1.7387,0.35194,-0.45244
0.51297,0.58176,-0.78488
1.6576,-0.12819,-0.067916
2.4509,0.18334,1.5435
1.7804,-1.2105,0.60096
2.4588,-0.49185,0.2754
1.6549,0.0017466,-0.68458
0.48354,0.31003,-0.39932
1.6969,-0.20002,0.29817
-0.12052,-0.56686,-0.35059
-0.97113,0.52735,1.6024
0.57441,1.2474,-0.51913
-0.27592,-0.80063,-0.087865
0.10878,0.66438,-0.010595
-0.36862,-0.31642,-0.075839
1.0216,-1.2342,0.88039
-0.54817,0.44064,0.20946
-0.028457,0.55489,0.85811
1.2137,0.82015,-0.31301
-1.7956,-0.55783,1.6677
1.5175,-0.70161,0.74013
-0.4279,1.1705,0.063437
0.44499,-0.48968,-0.75582
-0.796,-0.29016,0.83023
-0.039562,-0.06711,-0.49015
0.11919,-0.53894,0.17554
-0.41349,-0.52659,-0.784
-0.44555,-0.80976,0.31147
0.62938,-0.46349,0.2266
-0.43798,-0.27872,1.1219
-0.6631,0.31901,-0.87279
-0.15691,-0.29146,0.58425
-0.088666,0.52824,-0.27731
0.16522,0.14834,-0.42689
0.6859,-0.13924,0.90445
0.40555,0.44436,-0.36074
-1.2613,0.2245,-0.69231
-0.40075,0.28507,-0.83019
-1.318,0.61371,-0.62332
-0.97894,0.32433,-0.62502
-0.68732,-0.21819,0.56474
0.74835,-1.6069,-0.82081
0.24998,-0.090259,0.25795
-1.1724,0.042931,0.32578
0.12875,-0.33789,0.030056
-0.36902,0.85607,-0.17332
-1.0472,0.17975,-0.13531
-1.4527,-0.021405,0.0067829
-0.67486,-0.63734,-0.36902
-0.36347,0.34199,-0.53087
0.91205,-0.69917,0.29458
1.0295,-0.0017543,0.87321
-1.3554,0.29898,0.16702
0.18574,0.10755,0.65469
-0.92829,-0.55465,0.60682
-0.039029,-0.53029,-0.57433
0.10298,-0.19073,0.83049
0.17588,-0.44804,0.90412
0.28103,0.28104,-0.63038
1.0617,-0.48757,0.6033
-1.8768,-0.88091,0.31945
-1.1523,-0.50387,0.54022
-0.92197,0.097394,-1.1391
0.17445,0.74924,-0.55429
-0.14204,-0.73518,0.19937
0.13883,-0.25954,0.52012
-0.28149,0.17737,0.19646
-0.5867,0.9531,-1.304
0.030062,0.033835,-0.10744
-0.90076,0.36629,0.90215
-0.1258,0.33547,-0.63814
-0.51786,0.95068,-0.37989
0.19202,0.41711,-0.99888
0.5212,-0.71105,0.17051
-0.30066,0.21754,-0.57059
-1.7166,0.29132,-0.88921
-0.76383,-0.19589,-0.085991
0.28121,0.3813,0.9524
-0.15366,-0.90033,0.90995
-0.34018,-0.35107,0.64138
-0.57385,0.12841,-0.396
0.13683,0.12489,-0.078528
0.4341,-0.46398,0.5469
-0.27866,0.44523,-0.20557
-0.014705,-0.50488,-0.53831
0.34046,-0.092608,1.2126
0.37795,0.52165,-1.2315
0.079816,-0.79926,-1.0236
-0.74521,0.72373,-0.99271
-0.22318,0.18557,0.24735
-0.3123,-0.70556,-0.22923
-1.0436,-0.13325,-0.71025
-0.12417,-0.37971,-0.46296
0.35487,0.24416,0.18388
0.35682,0.36114,0.054732
0.53103,-0.47106,-0.29016
0.22301,-0.33678,-0.63847
0.87345,-0.73511,-0.36483
-0.12426,0.0011421,-0.29446
2.2143,0.56728,-0.67736
1.3863,-0.53322,0.38013
1.5218,0.37074,0.081644
0.7074,0.1975,-0.25975
0.47432,0.0076537,-0.87496
0.68648,0.64788,0.51347
1.5001,-0.10537,-1.1624
1.7561,-0.12371,-0.41137
0.42219,-0.11156,-0.13262
1.617,0.39282,-0.38369
0.52593,-0.10779,-0.19327
1.1969,0.73345,-0.24745
1.9845,0.83623,-0.76945
1.2611,-0.23985,0.46816
1.2968,-0.073666,0.10885
-0.65709,-0.55842,0.45262
1.3697,1.0236,-0.11873
2.413,-0.67263,-0.19548
1.6427,-0.86807,-0.82404
0.964,0.25958,0.83821
1.8592,-0.7644,0.26944
0.72165,-0.46879,1.8426
1.0306,-0.17556,1.0476
0.14584,0.41029,0.84845
0.71721,0.21668,0.474
1.1308,0.50831,1.0552
0.12149,-0.18716,0.90321
0.083287,0.6019,1.1288
0.47704,-0.26384,0.1358
0.17836,-0.41249,0.18278
0.56762,-0.15096,-0.49309
-0.58419,0.23245,-0.30821
0.11103,1.4484,-1.0289
-0.45383,-0.23903,0.36373
0.078136,0.17296,-0.0017294
-0.53278,0.89714,-0.17666
1.0058,-0.18008,-0.59116
-1.7386,-0.093092,0.78507
0.26934,0.35561,-0.047477
0.47446,0.33308,0.62499
-0.65026,-0.42921,0.43766
-0.52792,-0.68195,-0.094241
0.54842,-0.30121,0.40985
-0.033378,-0.066675,1.2325
-0.2169,0.73615,0.57151
0.21234,0.22268,0.0061266
-0.80934,0.61439,0.083653
-0.22669,-0.072757,0.48303
-0.66927,0.52164,-0.045266
0.18054,-0.033804,-0.12161
-0.015473,0.14593,-0.22505
-1.5407,0.93662,-0.2201
-0.087617,0.52699,-0.0041393
0.21523,0.23566,-0.53641
0.05536,0.36513,-0.40022
0.49897,-0.37019,-0.13758
0.095662,-0.36129,0.78849
-0.093542,0.084547,0.88998
-0.34313,0.70239,0.12661
-1.2022,-0.58368,-0.052522
-0.1441,-0.20843,0.3469
-0.2051,-0.31802,-0.36653
-0.027368,-0.1025,-1.2539
-0.89371,0.15284,-1.0703
-0.24237,-0.74659,0.11034
0.3212,0.38024,0.28159
-0.20153,0.39587,-0.14941
-0.13792,-0.17569,-1.0628
-0.30665,-0.63879,0.02068
-0.64021,0.21029,-0.60046
0.38424,-0.43961,0.14263
-0.17705,0.76726,-1.7703
-0.68383,-0.11234,-1.5947
-0.32505,0.20722,0.25914
1.1597,-0.33887,-0.48519
0.93537,0.033274,-2.053
-1.8144,-0.70646,-1.1053
0.78983,0.42543,-0.57022
0.3556,-0.053591,-0.37379
-0.019495,0.35445,-1.5459
-0.32461,0.013811,-0.20953
-0.65496,0.60755,-0.38307
0.0058167,-0.55345,-1.3388
-0.13765,0.14493,-1.0604
0.091758,-0.18921,0.58014
-0.10408,-0.82224,0.25438
0.52279,0.65543,-0.2829
0.47445,-0.42936,0.19731
0.85557,1.1565,0.39007
1.1086,1.1965,0.2494
0.8911,0.3578,1.2408
-0.23628,0.2872,0.71923
-0.45992,0.79737,1.6268
-0.35163,-0.48452,-0.3172
0.2395,-0.7619,0.86524
0.65724,-0.91402,1.1543
-0.84864,0.11541,0.63585
-0.44571,0.2769,0.37762
-0.79904,-0.21759,0.54717
-0.13172,0.089175,0.13463
-0.026557,-0.31584,0.30317
-0.40713,0.059069,-0.19299
-1.9036,-0.15808,0.31281
-0.46105,-0.5735,0.39765
-1.3596,-0.41176,-0.41116
-1.9981,-0.036045,0.85535
-1.9037,0.78094,0.058849
-0.85146,0.36862,0.039195
0.96975,-0.12143,1.4069
0.42702,0.11708,-0.21603
-0.57671,-0.22411,-0.023845
-0.91933,-0.5452,-0.64142
-0.039318,-0.35953,-0.15382
0.43329,0.092367,-0.36716
0.33786,-0.13094,0.76466
-0.49424,0.13306,-0.87264
-0.96602,0.53944,0.077869
-1.2544,0.64832,0.11205
-0.28361,-0.56498,-0.68553
-0.49812,-0.21937,-0.26675
-0.15103,0.2339,0.64942
-0.44668,-0.24223,1.0013
0.40495,0.73014,0.70064
0.03128,0.63794,-0.21509
-1.4225,-0.58966,0.78604
0.15808,-0.6167,0.23395
0.28349,0.21444,-0.56668
-0.23417,0.29177,0.21867
0.35658,0.87315,-0.2063
-0.3463,0.82308,0.42145
-1.158,0.55091,0.62746
-1.1185,0.90647,0.57627
-0.94813,-0.073758,0.73799
-0.77123,-1.1284,0.89287
-1.8165,0.051638,-0.5088
-1.1374,-0.13794,-0.55525
-2.251,0.97638,-0.22459
-2.1768,-0.27689,0.15153
-2.6793,-0.019386,0.62503
-2.4743,-0.092017,0.95464
-2.289,0.42274,-0.95232
-1.8241,0.79961,-0.68272
-2.2177,0.45204,0.10566
-2.426,-0.29859,0.3303
-1.5679,-0.15473,0.3777
-0.89689,0.43331,-0.51498
-0.099633,0.018333,-0.88464
-0.57987,-0.53126,0.10757
0.0049971,1.3105,0.10002
-0.63954,0.052621,0.44485
0.59015,-0.08441,-0.47329
-3.8771,-0.030454,-0.031483
0.26614,0.66564,-0.15843
-1.3291,-0.42899,0.92955
-2.6183,0.69205,0.3088
-1.4917,-0.82802,0.17627
-0.82802,-0.22047,0.015172
0.3106,0.045211,-0.90803
0.90609,0.91776,-1.2244
-0.10834,0.14006,-0.20417
-0.95012,-0.11682,-0.015841
-1.0954,-0.15622,-0.87464
-1.2736,-1.1892,-0.19838
0.39843,0.13736,0.2879
-0.57688,0.80069,-0.16517
-0.10517,1.333,-0.35563
0.36079,1.1009,0.67393
0.51065,0.085663,-0.84742
-0.35559,-0.47312,0.22789
-0.6528,0.60726,-1.111
0.58287,-0.10977,0.35403
0.17953,1.1506,-0.75519
0.43902,-0.035557,-1.201
0.057849,0.10983,-0.3197
-0.15309,0.24291,-0.69262
1.3961,-0.53955,-1.256
-0.16686,0.15965,-2.2594
2.1509,0.39372,-0.58106
-0.15744,0.51952,-1.2729
0.86352,-0.41714,-0.85667
0.19687,0.32654,-1.5677
-0.75076,0.1649,-2.7175
1.46,-0.13668,-0.1273
-1.2179,1.1509,-3.354
0.91088,0.14358,0.12375
-0.4826,-0.16562,-3.5285
-0.75316,0.050296,-0.22773
-0.11221,0.44081,-2.3818
-1.7473,-0.32314,-2.8445
0.71795,0.32317,-0.71758
-1.5672,0.21671,-4.015
-0.63457,-0.2711,-0.71813
-1.7085,0.76945,-3.7288
1.1003,0.32984,-0.16694
-0.43918,0.56351,-1.4981
-1.9938,-0.65122,-3.2292
-0.30469,-0.54392,-0.76081
-2.166,0.88287,-3.1846
-0.99561,0.30229,-0.35489
-3.2631,-0.11768,-3.2109
-0.20061,0.48922,-0.66085
-2.1542,-0.1437,-1.4593
-2.1673,0.076107,-3.099
-1.3856,-0.084904,0.91376
-4.418,-0.0076154,-2.4104
-0.39878,0.95888,1.1786
-2.2056,-1.2056,-0.079927
-2.2781,-0.059933,-2.1553
-1.3214,0.14322,1.3569
-2.6817,-0.8564,-2.519
-1.054,0.27803,0.28555
-2.186,-0.38165,-1.6676
-0.4201,0.085988,-0.050048
-1.2481,0.24334,-1.3802
-1.6668,0.72783,-1.325
-1.1057,-0.62215,-0.52236
-1.6625,-0.45516,-0.72717
-1.0048,0.88429,-0.029045
-1.7773,0.0038765,-0.90171
-1.2856,0.23393,-1.0557
-1.2874,-0.53863,-0.4201
-1.307,0.78044,-0.12788
-2.4065,0.14496,-0.19676
-1.0509,-0.10059,-0.74839
-0.4077,0.84106,-1.2154
-1.2471,-0.98778,0.11348
-1.65,-0.18958,-1.3704
-0.44929,0.83311,-0.16018
-0.70665,-0.28809,-0.31722
-0.49474,-0.37362,-0.30174
0.077595,0.32525,-0.38171
-0.37927,-0.46362,-0.9274
-0.88709,0.4018,-1.1283
2.1317,0.047298,3.645
-0.039115,-0.66211,-2.6818
0.33502,-0.15864,-0.28943
0.61015,-0.24784,-1.1656
0.69005,-0.073409,-1.0588
1.2179,0.49988,1.9292
-0.21606,-0.24827,-0.72291
1.0065,-0.057475,0.25615
1.3526,0.36399,0.52076
1.1078,0.43268,-1.0602
0.89594,-0.66943,0.94202
1.0411,0.10983,-0.00027841
0.89,-0.11704,1.3541
1.1247,-1.802,1.9898
1.0081,-0.38456,1.0774
0.3826,0.55786,0.99895
0.21469,-0.085961,3.6957
0.61784,0.9817,0.83781
-0.3388,-0.21032,0.75326
0.67767,-0.050935,1.5769
0.43574,0.88367,2.9061
-0.48902,-0.38452,-0.55847
-0.63426,-0.58072,1.1257
1.4223,-0.052647,2.9473
-0.41045,0.82543,-0.40928
0.40997,-1.1544,2.2667
-0.78785,0.36587,0.94946
-0.61216,0.67341,0.45024
-0.5557,0.18874,1.9829
-1.4408,-0.0072559,0.65654
-0.76531,-0.028049,2.0153
-1.3364,-0.13249,1.0674
-1.8538,0.15391,0.7727
-0.64842,-0.79566,2.9408
-3.5111,-0.01479,1.0168
-0.49835,0.52035,3.4746
-3.3702,-0.414,1.3442
1.3343,0.87158,3.4083
-4.4459,0.6361,0.16765
0.80916,-0.10848,3.2331
-4.2252,0.48091,0.5283
2.5002,-0.55392,4.1769
-0.96512,0.23741,2.5696
-4.3428,-0.090417,0.74376
1.3814,0.56117,3.833
-3.0754,-0.03411,-0.51892
0.63241,-0.6098,3.6395
-3.1567,0.50216,0.40234
1.3166,0.80155,4.3216
-3.8693,0.1633,0.086423
1.0736,0.39131,4.0647
-1.7002,-0.46466,1.9767
-2.7405,-0.65844,-0.59398
0.47207,0.54852,3.4804
-2.5893,-0.24948,-0.041671
0.99245,0.52533,1.0576
-2.5917,0.65093,0.76445
0.75901,0.21173,0.49805
-2.7668,0.87134,0.78194
-1.0148,-0.41263,0.12773
-1.7122,-1.2627,1.3475
0.49454,-0.19053,0.73541
-1.6161,0.64751,0.58631
-0.9864,0.053079,0.53358
-1.3458,-0.13647,0.91401
-1.6154,-0.17415,0.89474
-1.2785,-0.34367,0.30702
-0.87088,0.30351,0.081251
-1.5696,-0.2762,0.73777
-1.2389,0.26512,-0.34024
-1.597,0.60761,0.57013
-1.6438,-0.60159,0.43319
-2.1202,0.59605,0.65088
-1.315,-0.98151,-0.016899
-1.6799,0.51078,-0.09667
-0.85916,-0.072392,0.26875
-1.7723,0.68972,0.65029
-0.81913,-0.091852,-0.30334
-0.87391,0.71224,-0.059872
-1.3473,0.36329,1.1914
-0.23601,-0.22015,0.84328
-0.8455,-0.8537,-0.093137
-0.6829,0.50734,0.3286
-1.4095,-0.59173,0.74677
-0.14702,-0.76168,0.11667
-1.1657,0.21169,1.0462
-0.31496,-0.43088,0.38443
-1.025,0.66097,-0.62266
-1.3871,-0.26763,-0.28695
-0.060361,-0.16068,-0.13751
-0.077709,0.36174,-0.067872
-0.50889,-1.145,0.52071
0.067763,0.10117,0.23046
0.57203,0.62608,0.1518
-0.52621,0.39773,-0.71171
0.91168,-0.57162,-0.15856
-1.0288,0.89547,-0.50068
0.76668,0.34251,-0.85164
0.50244,-0.21482,0.55439
0.11208,0.45195,-0.69728
0.45108,-0.20706,-0.15102
0.47681,-0.38939,-0.47711
1.0789,-0.086741,0.54613
0.87981,0.13925,0.39079
0.89038,-0.095627,-0.15625
-0.24471,-0.23625,0.85543
-0.045304,0.4701,-0.41362
0.058562,-0.059221,-0.45986
-0.25708,0.096994,-0.55838
-0.18152,-0.77925,-0.51906
-0.57529,-1.0854,-0.16
0.13813,0.25262,0.61852
0.60874,-0.61485,-0.16018
-0.13326,-0.22076,0.64239
0.10201,-0.055829,-0.45408
0.3123,0.021315,-0.56798
0.3763,-0.32527,-0.20184
-0.56231,0.15745,-0.72006
-0.35459,0.4794,0.5169
-0.030206,0.52503,1.3804
-0.19405,0.66408,-0.28481
-0.41753,0.29897,-0.52689
-0.55152,0.28785,0.5497
-0.16488,0.16976,0.5534
-0.80895,-0.22611,-1.6918
-0.8753,0.12987,-0.4281
0.40398,0.19646,0.11816
-0.61886,-0.6467,-0.64782
0.53307,-0.61561,-0.36766
-1.0302,-0.57629,-0.71491
-0.43852,-0.42126,0.035736
-0.32267,-0.46605,0.0013162
-0.19506,-0.31698,-1.6235
-0.28834,0.10519,-0.99026
-0.80323,0.7254,-0.59367
0.16834,0.66174,-1.0779
-1.5598,-0.18544,-0.39123
0.682,-0.23675,-0.44097
-0.10867,-0.84269,-0.50291
-1.7961,-0.33906,0.71993
-0.29718,0.4046,-0.36694
-0.56888,0.05942,-0.45508
-0.078655,0.2527,-0.69752
-0.16334,0.63964,-0.296
-0.98541,0.1249,0.050163
0.94191,0.85954,-0.21748
-0.59167,0.36948,-0.99606
0.27564,-0.11037,0.30616
0.079158,-0.27106,-0.088986
-0.84088,-0.058786,-0.12306
-0.037764,0.10286,0.71918
0.0010588,0.074351,0.22089
-0.0060969,0.36654,0.15815
-0.089888,-0.067763,-0.016745
0.8228,-0.19221,0.36174
0.3493,-0.13747,-0.040165
-0.70266,-0.52505,0.40756
0.84602,-0.06079,0.14281
-1.1709,-0.20034,-0.018038
0.050239,-0.34377,-0.63645
-0.20661,0.17491,-0.71034
-0.51709,-0.578,-0.28087
0.71183,-0.63439,-0.10097
0.53425,0.50088,0.56054
-0.30198,-0.10131,-0.15186
-0.45369,-0.4089,-0.081798
0.46114,0.794,-0.47565
0.096619,-0.27251,-0.5181
0.59153,0.021628,-0.17564
-1.0267,-0.21713,-0.58017
-0.63075,-0.96895,0.31941
-0.10601,0.016696,1.2054
0.29634,0.028435,1.2274
0.0037153,0.46805,0.21589
0.41807,0.57289,1.2816
-0.13929,1.1175,-0.023482
0.23691,-0.2235,0.65786
-0.34709,0.28288,-0.027446
0.43052,-0.46816,0.61418
0.2483,-0.08772,0.19472
-0.14935,-0.2237,-0.4914
-0.27172,0.4101,0.26493
-0.18185,0.31505,-0.13597
-0.46204,0.32137,-0.43995
-0.73992,0.76082,0.16685
-0.042071,0.62756,-0.019327
-0.015275,0.32091,0.071686
0.034921,-0.35283,-1.4674
-0.34164,0.031727,0.72284
0.71493,-0.23339,-0.074528
-0.48797,0.94244,0.47571
-1.0179,-0.64702,-1.0945
-0.98573,-0.049668,1.0091
-0.44445,0.63897,-0.56002
-0.36678,0.41461,-0.58097
0.32853,-0.12121,0.35571
-0.42358,-0.34471,-0.57073
-0.56179,1.3923,-0.27803
0.20608,-0.22287,-0.85204
-0.85021,-0.6186,-1.2776
0.80293,-0.79073,0.39655
-0.18121,0.16371,-0.25046
-0.30438,-0.055589,0.29872
-0.27596,-0.26365,-0.30303
0.847,0.39717,-0.086652
0.40931,0.37096,-0.59553
-0.74036,0.11692,-0.36262
0.69273,-0.2781,0.25701
0.40369,0.17726,0.31872
0.56905,-0.61503,0.80759
0.01873,0.95135,0.38269
-0.88035,-0.053848,-0.42521
0.1531,0.68211,0.12127
-0.12877,-0.18071,0.41659
0.69297,-0.18193,0.17599
1.8149,0.050077,0.020832
-0.53095,-0.27051,0.17436
0.28261,-0.10933,-0.37146
-0.47593,-0.56148,-0.16475
0.71609,-0.10214,-1.0348
0.29356,0.82536,-0.34141
1.7983,-0.68601,-0.36566
0.24407,0.5162,0.13069
1.1648,0.12702,-0.36974
1.0059,0.079989,-0.689
0.92626,-0.48336,1.0837
1.6955,-0.23415,-0.324
1.4037,-0.43824,-0.04037
0.14884,-0.17809,-0.10534
2.3343,-0.2982,-0.11725
0.60823,0.41673,-0.29465
1.8302,-0.2333,-0.7413
1.657,1.0184,0.48915
1.8597,-0.18821,-0.56171
2.179,0.40403,-0.87851
1.3782,0.12138,-0.036492
1.2563,0.10349,-0.052849
2.4827,-0.25491,-1.0969
1.6344,-0.022847,-0.24702
1.1574,-0.015021,0.69263
1.4107,0.053879,0.50215
1.0876,-0.61525,0.95292
1.0755,0.19648,0.24795
3.3556,0.14337,1.3282
7.0958,-0.68482,4.1086
0.35012,0.018701,-0.18397
-0.27989,0.3851,0.00078739
-0.74944,-0.37894,-0.95502
-0.24554,-0.23323,0.12464
0.003522,0.96623,-0.87047
0.14439,-0.65845,0.31138
-0.30634,-0.14443,1.0059
-0.03884,0.57423,1.1159
0.82516,0.23679,0.85114
0.12365,-0.32678,0.59782
-0.00057624,-0.34134,0.88057
-0.78945,0.12503,-1.0515
-0.48001,-0.41949,1.0766
-2.0442,0.1543,0.67377
11.574,-0.79712,-0.0259
2.0969,0.063156,-0.052043
1.5699,0.26664,-0.17001
1.7569,-0.21379,-0.47127
1.7121,-0.033659,-0.30231
1.7473,0.45284,-0.37348
2.7976,0.38409,-0.50419
2.8925,-0.81418,-0.70081
2.7088,-0.34355,-0.93428
1.9522,-0.99923,-0.3262
2.2251,0.42283,-0.8614
1.1225,0.43606,-0.77463
2.9747,-0.35185,-0.18261
1.8731,-0.67155,0.096392
2.2692,0.31209,-0.50942
1.2347,-0.28099,-0.19613
2.0553,0.6967,0.033324
1.3194,0.10815,-0.17411
0.6546,-0.46768,0.25571
0.2609,0.10857,-0.73993
1.6572,-0.078438,0.33054
0.19125,-0.21645,0.060927
0.12671,0.31549,-0.13951
0.57009,-0.58007,0.34681
-0.85241,-0.098989,0.46189
-0.11884,0.19111,-0.11431
0.24073,-0.43436,-0.059864
1.0489,0.31587,0.54729
0.13598,-0.28017,-0.33925
0.33334,1.1172,0.34981
0.56437,0.17872,-0.29363
-0.72606,0.64666,-0.090796
-0.71163,-0.090747,0.28427
-0.3232,-0.098811,-0.50376
-1.838,0.68001,0.37158
-1.6214,-0.44564,0.47593
-1.678,-0.50575,-0.11658
-1.9941,0.64385,0.44454
-2.0263,0.12729,0.20381
-1.2867,-0.029713,0.26196
-2.0738,0.60137,-0.17805
-3.2749,-0.062347,1.3544
-1.7716,0.4183,0.68162
-2.2775,-0.0084402,0.44005
-3.1596,0.081976,0.6178
-2.3884,0.09732,0.23654
-2.3634,-0.035041,-0.70776
-1.5159,0.26681,-0.77333
-2.2423,0.060382,0.72378
-1.7095,0.27409,1.7942
-2.3953,-0.017045,0.30179
-2.5668,-0.26051,-0.21579
-1.9306,-0.24582,-1.3242
-3.1058,0.034809,-0.75908
-1.9893,0.041781,1.3684
-1.6859,0.26872,0.16782
-2.0613,0.37362,-0.80867
-1.3481,0.1428,-0.96718
-1.4749,-0.19399,-0.27446
-1.141,0.26943,1.0559
-1.4767,-0.20257,-0.14647
-3.0507,-1.3778,0.034493
-3.6268,-0.48831,-0.27327
-1.226,0.093676,-0.15891
-0.56449,1.0319,-1.0988
-1.3061,0.43209,-0.84814
-0.37414,-1.1475,-0.61153
-2.7673,0.11705,0.26985
-1.4715,-0.10476,-0.61225
-0.018782,0.20688,-0.27244
-1.3251,0.4238,0.17729
-1.2568,0.91089,-0.60274
-1.7599,0.46835,0.25066
-0.47183,0.46289,0.28574
-1.3104,0.77636,0.28704
-1.1488,-0.82286,0.45797
-0.24231,0.033759,-0.13029
-1.6392,0.75812,0.15467
-0.63426,0.69484,0.4296
-0.59247,0.34141,0.64798
-0.96838,-0.33763,-0.14789
-1.2257,-0.37624,0.81835
-0.84916,-0.033185,-0.39418
-0.15893,-0.289,-0.6843
-0.8263,-0.073189,0.080337
-0.39572,-0.23619,-0.037418
-1.2707,-0.58683,0.61762
-0.17751,0.20837,1.0216
-0.87535,0.22385,-0.68199
-0.96765,-0.42724,-0.85998
0.759,0.17453,0.95558
-0.16636,0.75673,-0.071308
0.54062,0.29666,-0.044563
-0.59984,-0.65631,-0.19661
-0.055551,0.71047,-0.95614
0.9417,0.24327,-0.96178
-0.65706,-0.38558,-0.19435
0.082481,0.075961,0.58656
-0.38758,0.45194,0.38719
-0.79759,0.19837,0.30944
-0.56506,1.4746,-0.25751
0.12645,-0.071011,-0.62763
0.80682,0.5566,-0.29244
-0.04782,0.5621,0.16831
-0.44936,0.13909,0.49037
-0.0062264,-0.23141,0.57852
-0.32709,-0.071189,0.44856
0.09314,0.94561,-0.61868
-0.32112,0.56767,0.46848
0.1042,0.46589,-0.0404
-0.27717,-0.23401,0.47012
1.0366,-0.17977,0.65011
-0.056222,-1.0758,0.099106
-0.12084,0.71935,-0.016884
0.42116,-0.11054,0.29996
-0.37696,0.80643,0.4951
0.45887,0.46929,-0.052979
-0.6005,-0.25863,-0.081636
-0.92027,0.39012,-0.24584
-0.074664,-0.19889,-0.68438
-0.56434,-0.43678,0.25032
-0.016691,0.75955,-0.54315
-0.17952,0.45106,0.088451
-0.20435,-0.05215,-0.64078
-0.36971,-0.56184,-0.47847
0.63083,0.54417,-0.028235
0.32328,0.36412,0.8273
0.20912,0.18215,-0.013036
0.37172,-0.14155,0.66742
0.27275,-0.18586,0.5592
-0.31916,0.072932,-0.51499
0.70396,0.34412,0.07434
-0.59349,-0.22771,-0.041234
-0.28758,-0.11149,-0.32946
-0.32187,0.49777,-1.0298
1.2404,0.024462,-0.16609
-0.014243,-0.31085,-0.54602
-0.089425,-0.11122,0.056192
-0.8636,-0.10662,-0.13985
0.40887,-0.50413,-0.7588
0.57499,-0.50211,0.25624
-2.1109,0.23803,-1.1237
-0.097964,-0.074494,-0.033398
0.29671,-0.79093,-0.90984
0.6425,-0.62186,-0.16504
0.86782,-0.22186,0.17883
-0.75087,-0.19606,-0.75104
-0.39952,-0.5883,-0.69821
0.64971,0.19187,0.87873
0.41753,0.81603,-0.25089
0.61083,-0.046789,-0.77406
-0.12755,-0.12756,-0.37968
-0.90196,0.078731,0.39722
-0.63999,-0.21436,-1.4856
-0.39554,1.0016,-0.80767
-0.25082,0.76162,-0.86061
0.16507,0.27097,-0.10883
-0.26223,-0.2577,0.1267
-0.46723,0.71967,-0.15028
0.83938,-0.72253,0.40565
0.6186,-0.18216,-0.64841
-0.52417,-0.19245,0.49813
0.1662,-0.34155,0.6005
0.40958,-0.84136,-0.14386
0.21262,-0.56227,-0.30844
-0.32534,0.60218,0.25303
-0.45294,-1.5165,0.28762
-0.74325,-0.10516,0.033577
-0.21419,0.077495,0.17018
-0.55825,0.40311,0.39491
-0.23123,0.5559,-0.55819
0.12954,0.41284,0.10785
-0.14755,-0.82696,-0.20084
-0.058964,-0.097663,0.21276
-0.38857,0.14316,-0.88035
0.069652,-1.3639,0.7231
-0.071723,0.31542,0.65088
-0.037329,0.034298,-0.52059
0.19256,-0.41712,-0.027222
-0.55696,-0.067865,0.33152
-0.37447,0.39665,-0.83426
0.99237,0.39361,0.78748
0.14703,-0.44858,-0.71984
-0.19411,0.43749,0.63044
-0.57401,0.19941,-0.34275
-0.74854,-0.13045,-0.71274
1.6923,-0.23828,0.85093
-0.5328,-0.2516,0.86261
-0.48276,-0.15603,0.21829
-0.022376,-0.11047,-0.3864
0.87949,-1.0399,-0.13022
-0.71861,0.37999,0.59454
-0.0014392,-0.041525,-0.22006
-0.51061,-0.45681,-0.55682
1.8487,0.56217,-0.61341
0.80257,-0.34943,0.32587
1.8656,-0.64435,-1.796
-0.76712,-0.86041,-1.4209
-0.64299,-0.47785,-0.030277
-1.7338,0.59879,0.1238
0.51803,0.37454,-0.46251
1.1556,1.5931,0.09644
0.40726,-0.29619,-0.97678
1.3623,-0.419,1.5369
0.16349,-0.028068,-0.066479
-0.91303,0.016518,0.53678
-0.22719,1.4822,0.07466
-0.18482,0.36547,0.42889
1.759,1.3592,-1.4161
2.1007,-0.45445,-0.96146
0.88755,-1.551,-1.6777
2.5708,-0.58052,1.0487
-0.39429,-0.29329,-0.15127
0.30744,0.492,0.08461
0.61066,0.6628,0.69747
1.4979,0.48456,0.3098
0.85717,0.99362,0.096416
0.35313,-0.18212,0.19674
0.17927,0.24854,-0.65525
0.72108,-1.5219,0.23318
0.62783,0.62423,-0.31823
-1.6921,0.65268,-0.057396
0.23444,-1.1031,-0.21214
1.5599,-0.27425,-0.56067
1.5813,-0.31472,-0.52709
0.038073,-0.8572,-0.11937
-0.55884,-1.1462,-0.68245
0.40363,-0.31692,0.22653
0.33251,0.28898,0.0048105
0.70024,-0.19702,0.88876
0.51583,0.0090901,-0.31903
-0.023539,0.78941,0.19502
0.57765,0.23723,0.098345
0.40505,0.02807,-1.6344
-0.058385,0.57326,0.84011
0.35474,-0.24918,-0.31045
1.8161,-0.26914,-1.0893
1.2844,0.15702,-0.8397
0.23097,-0.68207,-0.27347
0.56315,-0.76486,-0.82803
0.80368,0.58548,-1.0715
1.3639,-0.38652,-0.75698
0.36324,0.50439,0.53818
0.5673,-0.42312,0.080112
1.0214,-0.57033,-1.3178
0.066798,-0.24158,-0.55561
0.23115,-0.1809,1.1578
0.14977,-0.058203,0.35729
0.24542,0.12193,1.1091
0.85729,-0.011206,-0.25355
0.6116,0.30755,0.44136
1.3293,-0.57496,0.076993
1.3758,1.0627,0.32848
1.9027,0.022538,0.43841
0.83242,-0.87966,0.91156
1.0094,-0.25979,1.5168
1.1667,-0.17654,1.0585
0.46335,0.98277,1.0827
0.34425,-0.095938,0.97054
0.22174,-0.12796,0.41386
2.3218,-0.14208,0.85177
0.64513,-0.20841,1.3183
1.1055,0.0092066,0.86188
0.76055,-0.021848,0.37263
1.0362,0.069962,0.70356
1.3016,0.18614,1.537
0.98855,-0.58534,2.191
0.71059,0.075708,1.2222
1.2346,0.14218,1.2588
1.1232,-0.56149,0.71094
1.4666,-0.25501,0.16357
0.81087,0.20532,0.4705
1.6048,0.72924,1.2732
0.68666,-0.45379,0.86761
1.1814,-0.3951,0.63541
1.3189,0.609,0.62602
1.1304,0.42204,0.031437
1.4539,0.14649,0.3851
0.6657,-0.1002,0.24376
1.1629,0.027582,-0.11441
0.51026,0.0084326,0.14477
1.6127,-0.22108,-1.5376
1.1971,-0.067098,0.39175
0.79897,-0.38892,-0.44675
1.5499,0.86081,-0.91332
1.6452,-0.074491,-0.63201
1.9404,0.7343,-0.28018
1.0257,0.4033,-1.2098
1.5304,0.15862,-1.4734
1.0462,-0.41116,-0.073218
1.8932,-0.083217,-1.187
0.22772,0.39606,-0.77581
0.58358,0.35222,-2.0589
1.7266,0.14687,-2.4507
-0.43626,-0.6997,-0.37641
2.1084,-0.43435,-1.0028
-1.1364,0.68775,0.62727
1.1609,-0.082707,-0.24827
1.359,-0.40529,-1.5689
-0.48212,-0.29732,-0.064854
3.2629,0.50033,-1.887
-1.7798,-0.62688,-0.39723
1.291,-0.80365,-0.85217
2.1351,-0.48524,-1.7872
-2.234,-0.30315,1.0464
1.8459,0.70456,-1.269
-1.1781,0.19701,0.76547
2.0461,0.12013,-0.97199
0.83652,0.4351,0.20404
0.01975,0.62344,-0.59959
-0.24313,0.33774,-1.3276
-1.2336,0.21016,0.14088
1.0913,-0.34074,-0.45601
0.097657,-0.43085,1.377
-0.34911,-0.16152,-0.42455
-0.24309,0.51542,-0.94112
0.36596,0.096216,-0.5433
-0.1193,0.36935,-1.6533
-0.47871,0.53856,-0.1326
-0.07661,-0.72241,-1.5965
-0.41885,-0.66001,-0.92664
0.36671,-0.41772,-1.7736
0.0037597,0.04322,-1.2842
0.33972,0.10792,-0.61014
1.2954,-0.14285,-1.0893
-0.20507,0.099038,-0.65275
2.2982,-0.20661,-0.90266
-0.79259,-0.4185,-0.43288
-0.43146,0.20507,-1.0605
0.69631,0.43013,-1.5833
-0.26685,0.7497,-1.3918
2.4038,-0.37642,-2.7298
0.11593,-0.62185,-1.5213
0.17124,-1.745,-2.1115
0.48086,0.31737,-2.8455
0.52578,-0.22001,-1.6583
1.9637,-0.0022338,-1.7577
0.74446,0.31056,-2.4884
0.2663,-0.035478,-2.7263
-1.6167,0.47323,-1.7306
-1.2562,0.65333,-2.3512
1.4965,1.1017,-1.8477
1.2453,0.038201,-1.6748
0.84483,0.98367,-3.4861
0.4061,0.42322,-3.7124
0.1216,0.23502,-2.8626
0.44566,-0.4677,-3.3607
1.8672,1.2157,-2.074
1.3183,1.0272,-2.1317
0.24859,-0.27331,-1.7286
-0.33763,0.05901,-2.5285
0.45502,0.029734,-2.7146
0.45269,0.24588,-2.1658
-0.09974,-0.51261,-2.8401
-1.1266,1.0504,-0.93761
1.0564,0.039765,-2.3057
-0.56476,-0.11911,-1.6266
0.43389,-0.043084,-1.8045
-0.31217,-1.0321,-2.9443
0.058084,0.98936,-1.7039
0.36272,0.018905,-2.0534
-0.33816,0.43275,-1.8649
0.321,0.23207,-1.8928
0.40626,-1.1588,-2.1114
0.56538,-0.94533,-2.2473
-0.45359,0.27376,-1.4998
-0.81121,0.8444,-0.47989
0.66365,0.93485,-0.36659
-0.45829,0.32172,0.39517
0.58046,0.86083,0.17503
0.21999,-0.040843,-0.043171
0.47425,0.12547,-0.89461
0.85988,0.67182,-0.53287
0.68238,0.56542,-0.70333
-0.416,0.16177,-0.76216
0.31074,-0.74778,0.39846
-0.047858,-0.41152,0.52467
0.066214,-0.29899,-0.060165
0.86935,0.039715,-0.19172
0.40443,-0.13845,0.14194
-0.21737,0.24024,0.079422
0.73121,-0.11549,0.62862
0.57596,-0.84545,1.4282
-0.38272,-0.33126,1.0713
-0.47861,0.03716,-0.78086
-0.64248,0.96785,0.016264
0.72122,-0.30599,-0.28824
-0.21959,1.0011,0.77949
0.38253,0.47683,1.4184
0.25483,0.52666,-0.0048582
0.29968,0.045648,0.52587
0.17449,-0.010878,-0.21743
0.58131,0.16039,0.86116
0.57136,-0.33145,0.85149
1.0727,0.14758,0.36313
0.069826,-0.44045,0.43059
-0.16478,0.079973,-0.14663
0.18183,-0.60953,0.62762
-0.059056,-0.026576,-0.88129
-0.44383,0.2768,1.2325
-0.088572,0.12747,0.94983
0.5543,-0.1926,0.56762
-0.80231,-0.37251,0.75489
-0.29059,-0.17168,0.048168
-1.7189,0.022981,1.3122
-0.44398,0.039376,0.12634
-0.45807,-0.3537,0.52407
-0.062053,0.25633,-0.2149
-0.29277,-0.48156,-0.26723
0.21282,1.2634,-0.53946
0.4157,0.36553,-0.21382
-0.95442,0.59763,-0.40519
0.35721,-0.26106,0.82675
0.050211,0.30623,0.50712
-1.0718,-0.43457,-0.073522
0.060716,-0.38873,-0.72601
0.68543,-0.28406,-0.38524
0.089269,0.27187,0.11242
0.49513,0.027119,0.032586
0.097041,-0.2315,0.91053
1.0459,0.83139,0.48846
0.62376,-1.0185,0.84632
0.14882,-0.63782,0.5202
0.33073,-0.87398,0.82676
0.53621,-0.60345,0.57664
0.75136,-0.41678,-0.10621
0.51495,-0.40297,0.69363
0.62785,0.55991,0.60516
0.43906,0.14762,0.65503
-0.067403,0.29575,-0.20884
-0.69033,0.21018,0.13569
-0.1682,-0.073701,-0.064095
1.216,0.080045,-0.36068
-0.24475,0.08204,0.12518
0.048767,0.63136,0.85588
0.52039,0.16513,-0.17562
-0.57657,-0.45821,0.97403
-0.51649,-0.32556,-0.18664
-0.90423,-0.33256,0.48311
0.081363,0.52083,-0.37346
-0.48488,-0.13089,0.15482
1.0183,0.56661,-0.40941
-0.6139,0.015452,-0.9584
-1.0548,0.18209,1.1108
-0.37402,-0.43166,0.74438
-0.1297,0.7596,0.89896
-0.45126,-0.013312,-0.88442
0.40035,0.44978,0.033987
0.14487,-0.43158,-0.11996
-0.19702,0.10114,-0.10309
-0.35767,-0.49926,0.59443
-0.21615,-0.2439,-0.06135
0.072233,-0.42935,0.3188
-0.53658,0.5951,0.16132
-0.34512,-0.73939,0.25845
0.33684,0.91662,-0.15596
0.63912,-0.03272,-0.58848
0.010575,0.032196,0.0058909
0.67277,-0.054205,0.14135
0.79279,-0.1334,0.73077
0.4982,-0.098584,-0.27505
1.2566,-0.44489,-0.34261
1.0437,-0.026414,-0.67191
1.3159,0.017551,0.51291
0.27714,-0.89715,0.69542
1.8181,-0.2732,-0.068633
0.82365,-0.37838,0.90393
1.6755,-0.076238,1.0506
1.9135,-0.53605,-0.80204
1.4178,0.31635,0.22339
2.104,0.49259,-0.042676
0.93284,0.52225,-0.12438
1.8551,0.40877,0.42931
2.359,0.042321,-0.53567
2.059,0.1846,0.51085
2.5167,0.3317,-0.48115
1.2344,0.026797,0.55553
1.4275,-0.14802,0.65225
2.8177,0.15823,-0.4215
1.6961,-0.33751,0.15232
2.4499,0.24586,0.17244
1.2324,-0.068184,-0.60762
3.0227,-0.16778,0.037975
2.5221,-0.525,0.050535
1.7272,0.35294,-0.32179
2.4282,-0.23601,-0.80325
0.92566,0.35642,0.68358
1.8301,0.67837,1.4091
3.1119,0.32816,0.047671
1.1868,-0.5752,0.89802
2.0366,-0.88668,0.83277
0.47787,0.28474,0.23169
2.317,-0.28613,0.3086
2.2045,-1.0575,0.41575
2.6793,-0.069347,0.032406
1.2195,0.19453,0.32259
1.8618,0.37945,0.75312
0.005095,-0.074081,0.93015
0.46226,0.10811,-0.31607
0.60454,-0.57726,-0.31055
1.0343,-0.28372,-0.24647
0.49358,0.35087,-0.16178
1.2704,0.49429,-0.45765
-0.17849,0.11002,0.040042
0.71665,-0.41958,-1.0725
0.5433,-0.66469,-0.57948
1.3052,-0.21257,-2.3757
-1.4144,-0.80707,2.888
0.0045889,-0.45169,-1.2894
1.0296,-0.13875,0.051572
-1.2353,0.41922,-0.64178
-1.5113,-0.1171,-0.47625
-1.6851,-0.42384,0.19615
-0.72593,0.73472,-0.43398
-1.4883,-0.66017,0.60221
0.23803,-0.55875,0.45752
0.42298,0.97929,-1.0295
-1.0027,-0.25438,0.13719
-2.1565,-0.41709,-1.6308
-1.4231,-0.15574,0.68302
-0.16302,0.31279,0.3125
-0.091863,0.22217,0.47019
-0.69165,-0.058408,-0.45509
0.051903,-0.017492,0.35773
-0.78451,0.64843,0.32289
-0.96275,-0.13492,0.93776
-0.54343,-0.42664,0.12587
-0.22784,-0.096954,0.07812
0.050839,-0.11613,-0.65032
-0.74643,-0.039831,-0.70495
-0.016364,-0.32684,0.044596
-1.8315,0.28553,0.35618
-1.2144,0.2855,1.1937
0.60024,0.0072979,0.81667
-1.5105,0.45224,1.4363
-0.17571,-0.24803,1.6832
-0.75904,-0.72456,0.72258
-1.263,0.20425,2.1692
-0.70812,-0.068297,2.1661
-1.2051,-0.068941,2.1514
-1.6316,0.035311,2.512
-0.72335,0.38051,2.6052
-1.7717,-0.42698,1.5353
-0.23428,-1.329,2.5718
-1.1095,-0.18007,1.8983
-1.6979,0.38054,2.4115
-0.95541,-0.44174,2.0662
-1.2986,-0.34431,2.7306
-1.2225,-0.72079,2.2662
-0.052405,0.095392,0.41923
-2.9207,-0.67503,4.387
0.24575,-1.0019,0.12352
0.22259,0.94658,0.90137
-0.59304,-0.24072,2.3162
-0.36894,0.65017,1.404
-0.95983,0.62731,1.7227
-0.51677,-0.62471,1.9983
-1.0162,0.19451,1.045
0.049643,0.13221,1.5007
-0.22384,-0.047582,1.2582
0.017437,0.096212,0.17456
-2.3721,-1.0274,1.4494
-0.23035,0.35611,1.7984
0.81934,-1.2526,1.6982
-1.3009,0.21175,1.766
0.04148,-0.5278,2.6017
-1.7461,-0.30653,2.1245
-0.67564,-0.4222,2.0245
-1.4172,0.091482,1.5883
-1.9749,-0.55557,2.1346
0.12807,0.16764,1.0243
-0.12034,-0.58197,1.2055
-0.34194,0.19461,0.71886
1.3237,0.4754,1.2429
-0.69605,0.72738,1.7574
0.40456,0.1645,1.1257
-0.006403,-0.39368,-0.063992
-0.25003,-0.53252,0.86442
0.12866,-0.39534,0.636
0.21428,0.063326,0.13917
-0.00351,0.58316,1.2017
-0.023693,0.87168,0.5585
2.652,-0.7804,1.496
0.26841,0.51588,1.0329
1.418,-0.27628,1.3737
1.2222,-0.028288,0.97991
0.4902,-0.70414,-0.026622
1.9398,-0.35843,1.0216
0.56705,-0.085506,0.69698
3.0503,0.29222,2.4601
1.9814,0.19595,1.3976
2.1714,-0.4358,0.94364
1.7874,0.016923,0.68246
1.1245,0.16507,0.91557
3.7087,0.45123,1.2654
-0.21414,0.082603,1.7114
2.4335,0.43018,1.3336
2.1033,0.2174,2.7295
2.1282,-0.055258,1.7466
1.3352,0.18343,1.1094
1.9063,0.79818,0.92807
1.4998,0.06229,2.287
2.1293,0.44729,2.3135
-0.097302,0.27776,2.0301
-0.032425,-0.54734,2.6617
0.28201,1.1848,2.0786
0.47315,0.091317,2.8374
-0.085784,-0.35388,4.8169
1.0517,-0.19353,2.9404
1.2082,-0.68554,1.8056
0.27962,0.15329,3.0245
1.2613,-0.95519,0.94728
0.49073,-0.072946,1.1652
0.4752,0.64611,1.5062
0.4007,0.67704,1.3955
0.44728,-0.68247,0.89407
0.67073,-0.13231,0.14998
1.0716,-0.08071,0.029385
3.5013,0.47632,2.5253
-5.2227,0.29917,-3.5463
5.4759,0.33533,3.8973
1.2912,-0.041468,1.1462
0.95706,0.78682,-0.57521
1.9179,0.28222,0.55891
1.9034,0.1958,0.68835
1.3883,0.14119,0.23992
0.52521,0.4109,-0.0085651
0.84203,1.2824,0.65136
1.5873,0.27449,0.68156
2.1562,-1.142,1.1743
1.4979,0.86425,-0.7217
0.82513,0.46319,-0.50648
1.6866,-0.90954,0.44207
1.0645,0.18979,-0.19154
0.70115,-0.088717,-0.58295
1.995,-0.74151,-0.33587
0.14336,0.68588,-0.40617
0.18711,-0.4705,-0.56349
1.1688,-0.14276,-0.033414
1.5259,-0.17674,-0.72426
0.44609,-0.7719,-1.0391
0.93596,-0.097606,-0.44155
-0.30839,0.84734,-1.2151
0.41329,0.18371,-0.97885
-0.61593,-1.0434,-0.78401
-0.33497,0.81279,-0.49561
-0.57821,-0.73203,-0.14137
-0.58504,-0.18022,-2.6963
1.2382,0.89071,-0.51846
0.42714,-0.44386,-0.25519
0.63022,-0.1384,0.073816
0.45278,1.0375,-0.68155
-1.0935,-0.10692,-0.37081
0.64566,0.33477,-0.25757
-0.049849,-0.36178,-0.25501
-0.74844,-0.13882,-0.67204
1.2349,-0.63665,0.75305
-0.44207,0.30035,0.079028
1.0629,-0.32387,0.14403
0.25135,-0.7205,-0.13299
-0.58665,0.16946,-0.58467
-0.083428,-0.098805,-0.40977
-0.3311,0.14923,-0.366
-1.0015,-0.69273,-0.10883
-0.5523,0.091824,0.19942
-0.53721,-0.14834,0.19115
-0.59628,-0.98358,0.098387
-0.74529,0.5621,-0.76981
-0.56386,0.10035,0.14369
-0.66565,-0.28749,0.12928
0.12481,0.48052,1.454
0.18275,0.27531,0.80536
0.19057,-0.12366,0.22064
-0.91143,0.33941,0.4375
-0.40519,-0.59188,-0.30555
0.024675,-0.14973,0.032989
-0.03442,0.10152,-0.20739
0.27994,0.17875,0.22475
-0.51561,0.24259,-1.6102
-0.12327,0.17626,-0.81915
0.32996,-1.4228,-0.73386
0.70317,-0.17886,-1.2147
1.3345,-0.14906,-0.29989
0.40435,0.95598,-1.5355
-0.26734,0.25703,-2.1102
-0.55912,-0.67185,-1.3516
-0.010483,0.44864,-0.93112
-0.029205,0.1654,-1.2644
-0.60504,-1.2327,-0.51586
-0.41839,0.71288,-0.020145
-0.37928,0.077742,-1.2596
0.97279,-0.96977,1.1462
0.26878,-0.16459,0.063182
0.10724,-0.49989,-0.22195
0.054826,0.067348,-0.19687
-0.28305,-0.052533,-0.72377
0.36672,0.071712,-0.22537
-1.1878,0.51153,-0.085762
-0.83203,2.7666e-05,-0.87768
-0.61958,0.018438,-1.0869
0.19097,-0.63246,-0.92677
2.2515,-0.74656,-1.1938
0.54658,0.18584,-1.0417
1.0857,0.27697,-1.3106
-0.090172,-0.40142,-0.81106
-0.27089,-0.34798,-0.44355
-0.29425,-0.87286,-1.3601
-0.7497,0.38764,-1.0179
1.3647,0.083894,-0.94477
0.11713,-0.77072,-0.63662
0.76064,0.37151,-0.028937
-0.61883,0.70299,-0.80685
0.4721,-0.091532,-1.0923
-0.55003,0.14951,-0.27691
0.18665,-0.27212,-1.0789
0.4213,0.47559,-0.0034711
0.055554,4.6819e-05,-0.30398
1.1185,0.80031,-0.19906
2.8875,0.55565,-0.25997
-6.4791,0.81116,-2.0168
2.4363,0.29816,-0.81014
-0.26783,0.33947,-0.56422
-0.32759,0.19667,-0.51907
1.069,-0.27009,-0.59179
-0.28511,0.27471,0.80497
-0.0054605,-0.80561,-0.081692
-0.77393,-0.81775,0.010898
-0.88134,0.028472,-0.24324
0.42631,0.25902,-0.52494
-0.84211,0.50234,-1.3303
-0.071322,-0.25057,0.88154
-0.58981,-1.1129,-0.53944
-0.47858,0.12078,-1.3438
-0.59365,-0.20557,0.58559
-0.18543,-0.058894,-0.70284
0.78072,-0.37329,0.0090871
-0.65626,0.30931,0.10448
-0.61969,-0.85191,-0.82198
-0.48609,-0.25723,-0.62061
1.278,-0.85364,-0.54033
-0.59299,-0.44344,0.66036
-1.0754,-0.29443,-0.96863
-0.24018,0.64232,0.4037
0.73891,-0.41071,0.27016
-0.26897,-0.055274,-0.070267
-0.7107,-0.41051,-0.55595
-0.68389,-0.28544,-0.89775
-0.26012,-0.20858,-1.0293
1.0844,-0.15014,-0.22841
0.68989,-0.04491,0.26335
-0.61366,-0.074509,0.27557
0.090005,-0.32765,-0.65362
0.13447,-0.35492,-0.50587
-0.11893,-0.28433,0.45161
0.31802,-0.052536,-0.11835
-1.7062,-0.153,0.12889
0.57282,0.17449,0.17966
-2.0083,-0.13488,0.5387
-1.5096,-0.52531,-0.88821
-1.6471,-0.20419,0.20385
-1.22,0.96171,-0.40957
-1.08,0.14808,-0.22346
-1.3421,-0.26747,-0.28881
-0.32414,0.056159,-0.32772
-1.4694,0.58979,-0.37187
-0.71935,0.078449,-1.0926
-1.1859,0.385,-0.053543
-0.90511,-0.36159,0.24321
-2.9326,0.12872,-0.76001
-1.3269,1.2909,-0.39277
-1.6114,0.26513,1.238
-2.2065,1.1417,-0.28398
-1.8962,0.15001,-0.92275
-1.446,0.031149,0.12038
-1.679,-0.33824,-0.92606
-0.52084,0.27596,-0.19346
-2.1653,0.48511,0.4539
-2.398,-0.26353,0.14256
-0.55018,0.27832,-0.2456
-1.0858,-0.41856,0.45634
-1.7687,1.2169,0.00018126
-1.4721,-0.30607,-0.85465
-0.86249,-0.53408,-0.43972
-1.1968,-0.34537,-0.18212
-1.3175,-0.74717,-0.747
-1.7264,0.18594,-1.0223
-2.7605,0.6934,0.043331
-2.4399,-0.34278,-0.3737
-2.6696,-0.10996,-0.328
-2.3485,0.090615,0.14888
-2.6344,0.034734,-0.026374
-2.7669,-0.27157,0.067307
-1.8957,0.88587,0.032135
-1.0474,0.53827,-0.90531
-2.5017,-0.69554,-0.26629
-2.767,0.013509,-0.32593
-1.1345,0.31843,-0.065291
-0.85187,-0.14847,-0.35093
-1.0659,-0.2864,0.42897
-0.50114,-0.27334,-0.57576
-0.67028,-0.31516,-0.038779
-0.33243,0.61848,0.67701
-0.82674,-0.97188,-0.1099
-0.28885,-0.16018,-0.25112
-0.51572,0.42365,0.18035
0.47712,-0.053503,-0.60414
-0.96051,-0.27194,-0.93606
-2.897,0.21154,-1.0181
-2.8551,-0.25773,-1.1214
-3.4782,0.51895,-0.56552
-3.486,-0.26594,-0.63329
-3.2535,0.1201,-1.3161
-2.4799,0.52659,-0.61866
-1.3701,-0.39008,-0.25617
0.086055,-0.37864,0.083014
1.103,0.022538,0.41553
-0.0096522,-0.041793,-0.033285
0.48409,-0.46916,-0.41001
-0.31698,-0.30251,0.6363
-0.041817,0.41888,-0.17556
0.041878,-0.50736,0.61943
-0.25633,-0.63137,-0.37085
-0.18403,0.7622,0.36683
-1.1444,0.43011,0.66113
0.32327,-0.34936,0.29043
0.29046,-0.21737,0.0039516
0.27246,0.29108,0.082969
-0.048218,0.81158,0.33915
0.6177,0.061066,-0.022897
-0.039142,0.28905,-0.018191
1.0384,-0.1999,0.14714
0.51794,0.88434,0.19739
0.1797,-0.34077,0.1317
0.20916,-0.22516,0.43191
-0.00081586,-1.1041,-0.68417
0.42566,-0.90652,0.93722
0.47212,-0.39111,0.4859
0.21934,-0.10737,-0.41266
0.7682,0.58145,0.060118
0.71898,-0.29731,-0.0016897
0.020994,-0.24999,-0.52903
0.031895,0.1362,-0.85805
-0.27673,0.06359,-0.040252
0.056537,0.20834,0.09623
0.6788,0.21606,0.2735
0.46202,0.22033,0.028862
0.73942,-0.18102,-0.30095
-0.022007,-0.38549,-0.15733
-0.55462,-0.46383,0.77596
-0.27266,-0.2402,-0.0015338
-0.71805,-0.13255,0.50115
0.64778,-0.62438,0.031884
0.37499,-0.59063,0.66938
-0.28646,-0.39587,-0.12042
0.05046,-0.062759,0.29632
0.14789,0.38127,-0.031609
0.8623,-0.61261,-0.91919
0.056389,0.8375,0.44394
-0.26472,0.51591,-0.75296
-0.12726,0.36243,0.16412
0.04751,0.52114,0.086391
-0.063141,0.42351,0.32876
0.1016,0.87211,0.27807
-0.33432,-0.54704,0.31361
-0.13513,0.57612,0.23359
-0.19091,0.0039597,-0.59705
1.0018,-0.4033,-0.31529
0.98987,-0.3357,0.74404
0.040948,0.40823,0.13701
0.040004,0.9326,-0.10916
-0.027993,0.71976,0.5907
0.53007,-0.56766,1.2359
-0.095563,0.08177,-0.026564
-0.79369,-0.59922,-0.37417
0.22056,-0.91455,-0.27043
-0.61403,0.1492,0.31939
-0.3161,-0.46854,0.15747
1.0102,-0.057161,-0.85591
0.10993,0.0030219,0.4562
0.48683,0.063786,-0.022149
0.98927,-0.26299,-0.7706
-0.17241,-0.046236,-0.21775
0.52122,-0.3237,-0.086698
0.75013,-0.96793,1.0577
1.5548,0.1521,1.0931
1.5692,0.24319,0.098919
2.0919,-0.5093,0.12036
1.2671,-1.5449,0.54996
2.7538,-1.0222,1.2438
1.7009,0.17438,1.168
1.4972,-0.93856,0.688
2.1144,-0.22015,1.2551
1.1905,0.85384,1.8368
0.99228,0.94431,1.7538
0.57953,-0.9294,1.5738
0.11926,-0.68542,2.1505
1.5757,-0.16986,2.2626
0.44481,0.24809,2.2853
-0.13439,-0.56295,2.645
0.50131,1.2585,2.3802
-0.017842,0.41548,2.3156
-1.2573,0.1569,3.3276
-1.1663,-0.27118,1.6721
-0.10698,-0.17654,3.9023
0.0037341,1.0068,2.4387
-0.22207,0.090765,2.9506
-0.66995,0.43767,1.8873
-1.3477,0.6617,1.6095
-0.87312,-0.59849,3.2445
0.086567,0.89376,2.4221
-2.0692,0.7644,2.1757
-2.2205,0.57555,2.8503
-1.3326,-0.29198,2.67
-0.86256,-0.099995,1.8722
-1.6426,-0.19942,2.072
-2.1921,-0.52088,2.5606
-1.9427,0.090506,1.7461
-2.2475,0.64795,2.7893
-2.287,-0.73828,2.1664
-1.7304,0.5715,1.8454
-1.8858,0.075919,2.2907
-1.7803,0.12013,2.0721
-0.42333,-1.0068,2.155
-1.3284,-0.68626,2.1292
-1.2873,-0.32161,2.7216
-0.88237,0.011031,2.0063
0.041401,0.67033,2.2842
0.19336,0.51388,2.555
0.39388,0.099257,1.3333
-0.70209,-0.26618,2.5858
0.4215,0.50172,2.1256
0.0073632,0.024479,2.3724
0.15297,-0.063658,1.4536
0.14485,0.832,1.9477
-0.1695,0.37871,0.21079
0.083158,-0.25681,0.35646
-0.46913,-0.045537,-0.28132
0.68304,-0.4853,0.1973
-1.1991,0.23493,0.029023
0.42243,0.39072,-0.10256
0.31005,-0.79375,-1.3433
-0.42774,-0.30575,0.61472
-1.0207,0.32817,0.48456
-0.51917,0.98245,0.59254
0.056269,-0.066459,-0.20126
-0.34047,-0.0091203,-1.3669
-0.43783,0.49788,-0.70976
0.62546,0.83866,-0.12523
-0.054639,-0.63884,-0.058278
-0.057827,-0.32302,-0.51548
0.30714,0.037963,-0.30767
0.13201,-0.6801,0.84799
0.62204,-0.32851,0.75961
-0.29346,0.48699,0.11813
-0.044623,0.34421,-1.4111
0.81542,-1.0568,-0.64143
0.52695,0.53916,-1.1072
-1.0364,-1.15,-0.041377
0.59309,-0.32688,0.81714
0.11835,-0.1234,-0.12917
-0.92727,0.37663,0.41232
-0.29063,-0.67819,-0.90712
0.69174,0.53142,-0.15953
0.65527,-0.43836,0.36003
0.059466,-0.66095,-0.52913
-0.3027,0.18999,-0.004674
0.039168,0.17816,-0.24562
0.49445,0.59474,-0.25324
-0.42528,-0.76229,-1.2249
-0.93835,-0.78014,-0.11882
-0.22558,0.18943,0.47848
0.24865,-0.35624,-0.3759
0.5236,-0.45935,-0.65933
-0.49618,-0.032817,-1.2432
-0.52312,0.05976,-0.9977
-0.1964,-0.062831,0.66978
0.0017381,-0.076339,0.095379
0.9376,-0.015455,-0.3007
-0.54118,0.27969,-0.15682
-0.26212,-0.30202,0.24099
-0.29299,-0.12813,0.15539
-0.87735,0.29894,-0.65134
0.57845,0.69875,-0.36017
0.61288,1.0543,-0.11117
-0.13067,0.50718,-0.071158
-0.28878,-0.42324,0.11989
-0.15507,0.44245,0.041749
0.14903,0.61071,-0.099985
-0.27238,-0.71475,-0.49832
0.37144,-0.54786,-1.0768
0.66555,0.067386,-0.483
0.52801,-0.14592,0.046079
0.74467,-1.0842,0.59334
-0.10551,-0.037406,-0.32682
0.16518,0.36245,0.81337
0.22104,-0.17637,0.17885
0.2844,-0.090127,-1.7756
0.56903,-0.86079,-2.3667
0.70524,-0.84744,-0.78383
-0.15186,-0.8122,0.15636
-0.05056,-0.94598,0.16413
-0.27684,-0.52397,0.6342
0.3548,0.5371,1.8088
0.16764,0.70524,0.33433
-0.058263,0.19159,0.43898
0.91476,0.5084,-0.33053
-1.2616,0.26761,0.88521
-0.076452,-0.36892,0.75512
0.45434,0.26306,0.93345
-0.34103,1.3516,0.38138
-0.68969,-0.038444,0.96016
-0.97944,-0.26553,0.18866
0.67417,-0.12226,0.80568
0.25432,-1.8032,0.57899
0.20014,-0.3949,1.9056
-0.23648,-0.15821,0.58013
0.20572,-0.07473,0.61326
-0.168,0.53712,0.051351
0.037747,-0.41943,1.1997
-0.056676,0.58751,0.67123
-0.060245,0.56042,0.98252
-0.62048,-0.30536,-0.025307
0.14053,0.87864,0.17148
-0.35156,0.83173,-0.11601
0.0059936,0.29697,-0.55842
-0.033715,0.33171,-0.86706
-0.67284,0.56138,0.11036
0.0088176,-0.27999,0.90417
0.048848,0.61241,-0.38545
0.19012,-0.44248,-0.88791
0.2692,0.13965,-1.3575
0.79283,0.4408,-0.47851
-0.2699,0.26801,0.40625
0.24996,0.25693,-0.68472
0.026709,0.52998,-1.2729
-0.2762,0.40786,-0.97306
0.60382,0.6351,-0.11717
0.88947,0.21692,-0.22182
0.087518,-0.53775,-0.59617
0.67674,0.19198,-1.1319
1.0413,-0.098626,-0.62033
-0.13543,0.085896,-0.68639
-0.31422,-0.78345,-0.21317
0.57508,0.44238,-0.22921
0.14126,-0.55279,-0.73978
0.05716,0.20875,-0.73778
0.34558,-0.075932,-0.47529
0.57027,0.40704,0.3416
-0.46869,-0.97785,0.1291
-0.29617,-0.048001,-1.0029
1.458,0.56356,0.46268
-0.0064166,-0.77212,0.43773
-0.029505,0.48344,-0.2592
-0.94284,0.9234,-0.34436
-1.2821,-0.49052,-0.8674
-0.97306,0.073179,-1.0142
-0.061039,0.034508,0.43963
-0.53432,0.17771,0.64566
0.39395,-0.40221,0.58027
0.27987,0.94011,0.51304
0.54207,-0.17146,0.037382
0.63986,0.66689,0.20753
-1.0765,0.80548,-0.099069
0.72703,-0.12638,1.7624
-0.078759,1.4191,0.11744
0.0059376,0.50023,-0.25779
-0.60774,-0.44254,-0.13505
1.1946,-0.97513,0.6248
-1.6087,-0.40763,-0.19792
0.27256,-0.04239,0.80362
-0.179,-1.4321,0.94286
0.23813,0.0032361,2.1947
-0.45772,0.22094,0.29522
0.41571,0.43539,0.8541
-0.71328,-0.62358,0.73805
-0.59209,0.045771,0.86465
0.29029,0.71428,0.21811
0.046805,-0.69831,-0.020087
0.49878,0.37732,-0.35095
-0.33107,-0.16845,0.062374
0.0037531,-1.3,0.19686
-0.49674,-0.30926,0.42808
-0.012437,-0.10327,-0.48558
0.02867,-0.027377,0.24843
1.0505,-0.21861,-1.1726
0.33574,-0.3153,0.31195
-0.13595,-0.89772,-0.024897
0.70753,0.69185,-0.33176
-0.65774,0.8533,0.15764
0.050386,-0.86543,-1.0155
-0.3812,0.08026,0.028434
-0.1444,0.095406,-1.8837
-0.55613,-0.35357,-1.285
1.1096,0.1939,-1.5266
-0.00091917,0.76558,-1.8798
-0.13331,0.60456,-1.4564
-0.36517,0.63103,-1.4236
-0.10369,0.43461,-1.2243
0.61407,0.096699,-1.5058
0.7534,0.84732,0.49653
0.19744,0.89573,-0.34299
-0.59869,-0.37283,-0.2459
-0.050893,-0.16773,-0.91752
0.23479,-0.39326,0.38694
-0.35323,0.15897,-0.072333
0.56425,0.19633,0.58554
0.10022,-0.67464,-0.17212
0.92728,-0.13238,0.54767
0.45805,-0.84914,0.065399
0.086991,-0.11498,0.061063
-0.66149,0.57324,-0.10478
1.3113,0.94726,-0.027697
-0.57036,-0.11954,-0.41563
-0.65492,0.023921,0.29709
1.3312,-0.53529,0.17622
0.34361,-0.66067,0.96231
-1.738,0.0084341,0.89301
-0.059449,0.01088,-0.47779
-0.95542,-0.063054,0.86636
-2.1475,1.0923,0.67579
0.15548,0.34218,0.10556
0.43552,0.27976,0.33114
-0.22005,0.071815,-0.20287
-1.8025,0.13441,0.73539
1.1188,0.5637,1.2706
1.7659,-0.73248,0.29653
0.6997,0.60324,1.312
0.56737,-0.28007,1.0366
-0.35151,-0.15085,1.4039
0.21821,-0.56043,0.43654
-0.78596,0.36373,1.3697
-0.47159,-0.19841,0.69564
-0.6202,0.17664,1.4831
-0.10502,0.28312,1.8287
1.2882,-0.17674,1.0229
-0.47569,0.66305,0.93254
0.45609,-0.44181,1.1021
-0.35951,-0.062983,0.30179
0.39409,-0.71963,1.5476
-0.75626,-0.5094,1.1958
0.38251,0.19833,-0.073739
1.1987,0.86317,0.64665
-0.53541,0.53024,-0.7245
-0.47779,-0.34829,-0.89341
-0.46004,-0.6469,-0.032472
0.22381,-0.88901,-0.44248
0.27583,-0.31988,0.83392
-0.23116,0.27985,-0.50761
0.02107,0.067475,0.1858
0.97936,0.54908,0.64731
-0.47955,0.2588,0.24015
-0.41777,0.88102,-0.41801
-0.69895,0.65012,-0.22357
-0.8868,0.18415,-1.0859
-0.31723,-0.52578,0.56397
-0.032122,0.22185,-0.40971
0.76326,-0.45992,-0.17321
0.33744,0.97718,-1.3267
0.37454,0.77677,0.20536
-0.34859,-0.064597,-2.4357
-0.070821,-0.38526,-1.4792
-0.38689,-0.0058888,-1.5593
-0.48878,0.13502,-1.0274
0.76755,0.87241,-1.5071
0.13633,1.3104,-1.5062
-0.33865,1.1895,-2.3833
-0.33869,-0.016396,-1.9076
-0.26302,0.31237,-1.1763
0.49083,0.18966,-0.9647
0.78719,0.011778,-0.36808
-0.20846,0.53356,0.04925
0.10371,-0.077976,1.3305
-0.030318,0.16006,-1.1343
0.57982,0.087597,-0.18041
-0.18094,-0.84986,-0.75843
-0.27496,-0.20401,-1.5875
-0.10081,0.11865,0.36279
0.13015,0.43087,0.54216
0.32952,0.25991,1.0487
-0.54541,-0.751,0.67735
0.9036,0.058387,1.1205
0.8135,-0.040416,-0.4169
-0.20486,-0.49981,0.23597
0.65165,0.025115,-0.33808
-0.12171,-0.21332,1.6273
0.53912,0.4618,0.03976
0.55261,1.3367,0.83786
-0.023165,-0.061948,0.27414
0.58172,0.53041,0.86549
0.22988,0.015227,0.80401
1.5385,-0.30364,2.5584
0.43533,0.015634,0.79795
-0.21546,0.67714,-0.21955
0.37334,-0.3072,-0.14983
0.5108,-1.2839,0.29024
0.034976,-0.62063,2.8195
-0.55674,-0.079322,0.49356
1.4004,0.6146,-0.42196
0.58734,0.95743,0.18671
0.66896,-0.059193,0.50156
-0.2015,0.66337,1.0749
-0.10884,0.072038,0.88135
0.28165,0.6485,0.3157
0.40872,0.78918,1.0148
0.34886,0.085038,1.4547
0.67845,0.69688,-0.28202
0.62552,-0.098,0.043607
0.80322,-0.18854,0.7607
0.57402,-1.0009,0.11599
-0.88945,-0.63912,-0.024412
0.40537,-1.2811,1.2552
-0.24963,-0.68284,0.81669
0.19249,-0.26307,0.84214
0.57296,-0.27271,0.6827
1.2613,-0.50359,1.7597
0.50366,-0.32213,0.34228
-0.26974,-0.071188,-0.11564
-0.16525,0.50132,-0.34049
-0.32411,1.1106,-0.32421
-0.76647,-0.15088,0.95313
-0.73825,-0.51949,0.21049
0.2467,1.1568,0.08905
-0.63937,-0.1965,-0.29671
-0.073109,-0.7949,-1.4323
-0.60997,-1.2831,0.77312
-0.71303,1.0158,-0.16934
-0.43507,-0.58657,-0.70552
-0.18241,0.77062,-1.6283
-0.84161,-0.67018,-0.68961
0.060422,1.2928,0.23762
-0.053243,-0.35826,-0.50509
0.34302,0.2901,-0.0041864
-0.04738,-0.88746,-1.0938
0.53831,-0.13653,-0.66215
-0.58109,-0.084642,1.2184
-0.73808,0.81205,0.027882
-0.36593,0.23661,0.40031
0.61941,0.66562,-0.20792
-0.85595,0.34754,0.23467
-0.7653,-0.26512,-0.89115
0.67607,0.18412,-0.61257
0.4945,-1.3026,0.66651
-0.56263,0.12661,-0.31618
0.37544,0.24563,-1.1358
0.028894,-0.9602,-0.75417
0.45835,-0.94923,-1.2183
