0.0034997,-0.0097893,0.56535
-0.0023258,-0.012625,0.56226
-0.0090057,-0.018996,0.56162
-0.0072496,-0.017816,0.56207
-0.0053194,-0.015005,0.56478
-0.0092928,-0.01655,0.57421
-0.011834,-0.019072,0.57921
-0.01441,-0.024948,0.58671
-0.014144,-0.022749,0.59426
-0.017901,-0.022797,0.60082
-0.017489,-0.01931,0.61266
-0.018386,-0.019126,0.62569
-0.020617,-0.017832,0.64797
-0.020038,-0.017647,0.66451
-0.019963,-0.019541,0.67627
-0.023244,-0.018632,0.68353
-0.02528,-0.011135,0.69176
-0.020795,-0.0056065,0.71055
-0.016334,-0.0060456,0.73416
-0.011988,-0.0054777,0.76031
-0.014096,-0.0045201,0.7765
-0.016617,-0.0039859,0.78879
-0.014257,-0.000813,0.80364
-0.018033,0.0001605,0.82119
-0.013437,-0.0012184,0.83293
-0.0075525,-0.0063425,0.84635
-0.0025346,-0.013232,0.85996
-0.012643,-0.01367,0.88161
-0.011856,-0.019305,0.90093
-0.013414,-0.024253,0.92002
-0.013101,-0.027185,0.93427
-0.017903,-0.028077,0.95285
-0.013171,-0.028237,0.97147
-0.017908,-0.029439,0.97576
-0.018434,-0.029668,0.98255
-0.018503,-0.030211,0.98737
-0.020299,-0.031613,1.001
-0.02061,-0.030787,1.0072
-0.021432,-0.030747,1.0142
-0.02056,-0.030961,1.0209
-0.022909,-0.029675,1.0284
-0.0228,-0.031372,1.0359
-0.022071,-0.030241,1.0469
-0.02371,-0.028974,1.0549
-0.024663,-0.027058,1.0629
-0.027186,-0.027117,1.0627
-0.01913,-0.020701,1.0716
-0.012796,-0.017444,1.0754
-0.022369,-0.025211,1.0766
-0.025869,-0.028124,1.0774
-0.028578,-0.027626,1.0755
-0.030353,-0.028628,1.074
-0.035085,-0.020991,1.0649
-0.038809,-0.017262,1.0619
-0.036704,-0.022934,1.0725
-0.034095,-0.022685,1.0784
-0.03451,-0.02053,1.0764
-0.029382,-0.01806,1.076
-0.033009,-0.019396,1.0786
-0.030392,-0.016092,1.0703
-0.034605,-0.015346,1.0731
-0.032984,-0.020955,1.0738
-0.038304,-0.02308,1.066
-0.033438,-0.027882,1.0713
-0.037184,-0.027887,1.0707
-0.032769,-0.022609,1.0862
-0.034995,-0.016336,1.0852
-0.030833,-0.015303,1.0827
-0.026546,-0.010532,1.0789
-0.02494,-0.012612,1.0777
-0.030422,-0.018329,1.0789
-0.028175,-0.019407,1.0813
-0.030676,-0.021031,1.0844
-0.034549,-0.024398,1.0917
-0.030194,-0.023113,1.0883
-0.02573,-0.018178,1.0852
-0.023921,-0.020924,1.0874
-0.024408,-0.019436,1.0836
-0.026471,-0.024143,1.0836
-0.030561,-0.027028,1.0793
-0.029825,-0.025495,1.074
-0.033589,-0.02512,1.0688
-0.034255,-0.026625,1.0683
-0.040483,-0.031399,1.0646
-0.03894,-0.029558,1.0703
-0.039907,-0.027698,1.0654
-0.037645,-0.02068,1.0606
-0.036845,-0.018417,1.0546
-0.036105,-0.020704,1.047
-0.035949,-0.017196,1.0389
-0.034112,-0.018385,1.0249
-0.034956,-0.016503,1.0108
-0.037708,-0.017891,0.99354
-0.037504,-0.018641,0.97194
-0.041268,-0.021716,0.95267
-0.041079,-0.02148,0.93025
-0.045363,-0.02177,0.90516
-0.04461,-0.020901,0.88446
-0.051974,-0.02832,0.86059
-0.051559,-0.022437,0.8382
-0.056098,-0.021721,0.81309
-0.055212,-0.017218,0.785
-0.060236,-0.021502,0.75854
-0.059486,-0.022412,0.72587
-0.058283,-0.022658,0.69661
-0.057709,-0.019709,0.66375
-0.055275,-0.023175,0.63591
-0.051978,-0.024861,0.60463
-0.0511,-0.024477,0.58263
-0.048612,-0.026206,0.5618
-0.040129,-0.023122,0.5378
-0.030003,-0.01958,0.5167
-0.020093,-0.016133,0.4943
-0.01423,-0.021895,0.4737
-0.005245,-0.019968,0.4506
0.003783,-0.022816,0.4316
0.015512,-0.018198,0.4209
0.025796,-0.022545,0.4115
0.040717,-0.016896,0.4001
0.054327,-0.022553,0.3972
0.067924,-0.015634,0.3822
0.08249,-0.019814,0.3794
0.09753,-0.019107,0.3627
0.11445,-0.021991,0.3622
0.12865,-0.016836,0.3417
0.13904,-0.019953,0.341
0.15238,-0.015706,0.3313
0.16998,-0.014863,0.3102
0.1879,-0.01292,0.3077
0.20126,-0.013047,0.2807
0.21348,-0.014057,0.279
0.22393,-0.014502,0.2553
0.23581,-0.012394,0.2608
0.24978,-0.009043,0.2387
0.26651,-0.007279,0.2419
0.28408,-0.012927,0.2246
0.30242,-0.011524,0.1908
0.31867,-0.009286,0.1976
0.33065,-0.008555,0.1644
0.34442,-0.01213,0.162
0.3586,-0.01066,0.1263
0.36597,-0.01306,0.1312
0.37482,-0.011134,0.115
0.38422,-0.007811,0.0822
0.40148,-0.01026,0.0805
0.41608,-0.011925,0.0526
0.43312,-0.01135,0.0462
0.44345,-0.010452,0.0379
0.46349,-0.016705,0.0447
0.48268,-0.014715,0.0425
0.49921,-0.014377,0.0283
0.52029,-0.016088,0.0094
0.53557,-0.015019,-0.0089
0.5538,-0.013376,-0.0179
0.57302,-0.005204,-0.0099
0.59233,-0.007273,-0.0083
0.61809,-0.010411,-0.0198
0.6427,-0.013016,-0.0293
0.65689,-0.01381,-0.0215
0.67639,-0.013664,-0.0139
0.68877,-0.015837,-0.0065
0.71007,-0.011226,-0.0146
0.72298,-0.013365,-0.0154
0.73865,-0.016878,-0.0161
0.75607,-0.021654,-0.0088
0.7655,-0.022434,-0.0123
0.77707,-0.022867,-0.0149
0.78015,-0.022828,-0.0148
0.78648,-0.01963,-0.0183
0.79794,-0.015827,-0.0241
0.8061,-0.017184,-0.0268
0.8164,-0.020409,-0.0185
0.81774,-0.018242,-0.0176
0.82187,-0.018517,-0.0204
0.83086,-0.022333,-0.0189
0.83844,-0.025107,-0.0123
0.84141,-0.028111,-0.0094
0.84385,-0.024036,-0.017
0.84517,-0.020017,-0.0117
0.83821,-0.022002,-0.0127
0.83102,-0.025233,-0.0201
0.82104,-0.021984,-0.0248
0.82273,-0.025008,-0.0232
0.83153,-0.030102,-0.0223
0.83113,-0.029889,-0.0235
0.82147,-0.025749,-0.0232
0.8129,-0.023622,-0.0185
0.81227,-0.023372,-0.0162
0.80604,-0.022117,-0.0191
0.8041,-0.02388,-0.0222
0.79984,-0.02562,-0.0214
0.79619,-0.023324,-0.0198
0.79458,-0.020954,-0.0204
0.79032,-0.026118,-0.0242
0.78291,-0.024967,-0.0274
0.78084,-0.024555,-0.0294
0.77116,-0.022385,-0.0332
0.77274,-0.023568,-0.0359
0.76759,-0.025618,-0.0358
0.7602,-0.024969,-0.0325
0.74957,-0.02308,-0.0301
0.73338,-0.018971,-0.0305
0.71471,-0.019622,-0.0304
0.70498,-0.021118,-0.0303
0.70049,-0.022042,-0.0315
0.69733,-0.021467,-0.0284
0.69461,-0.02253,-0.0306
0.69448,-0.021054,-0.0338
0.68839,-0.019268,-0.0327
0.68553,-0.019205,-0.0261
0.68412,-0.020573,-0.0262
0.67521,-0.017371,-0.0338
0.67286,-0.016905,-0.0345
0.66939,-0.019183,-0.0308
0.66566,-0.020187,-0.0318
0.65963,-0.016683,-0.0476
0.66106,-0.016399,-0.055
0.66926,-0.018628,-0.0536
0.67202,-0.019999,-0.0531
0.67638,-0.023321,-0.0631
0.67948,-0.022269,-0.0676
0.68792,-0.018667,-0.0671
0.69671,-0.018229,-0.0724
0.70937,-0.018208,-0.077
0.72381,-0.016645,-0.0726
0.72565,-0.013875,-0.0732
0.72847,-0.013439,-0.0786
0.73288,-0.015955,-0.086
0.74057,-0.017771,-0.0909
0.74464,-0.018398,-0.0832
0.74881,-0.020361,-0.0773
0.75214,-0.022799,-0.0793
0.74409,-0.080183,-0.077
0.74618,-0.12889,-0.0667
0.74034,-0.080887,-0.0706
0.73949,-0.094951,-0.0723
0.73912,-0.061958,-0.081
0.74532,-0.073262,-0.0842
0.74927,-0.052665,-0.0843
0.75468,-0.053286,-0.0823
0.75366,-0.043884,-0.0875
0.75923,-0.045363,-0.0846
0.76468,-0.035962,-0.0876
0.77139,-0.037862,-0.0898
0.77503,-0.033475,-0.0923
0.78086,-0.03033,-0.0912
0.78471,-0.030921,-0.0982
0.79069,-0.024092,-0.1023
0.79507,-0.019826,-0.0997
0.79722,-0.021776,-0.1047
0.80217,-0.024799,-0.1096
0.80739,-0.023215,-0.1094
0.81793,-0.025862,-0.1102
0.82337,-0.027354,-0.1159
0.83099,-0.027687,-0.1098
0.83437,-0.022405,-0.107
0.8388,-0.023617,-0.1068
0.84855,-0.020965,-0.1106
0.84902,-0.020068,-0.1085
0.8496,-0.024687,-0.1045
0.84678,-0.028035,-0.1059
0.8477,-0.024581,-0.1042
0.85168,-0.024893,-0.0981
0.86132,-0.031598,-0.0987
0.86529,-0.031081,-0.1017
0.86571,-0.027202,-0.1024
0.85985,-0.026576,-0.1007
0.864,-0.027045,-0.0996
0.86333,-0.025491,-0.1028
0.86201,-0.025568,-0.104
0.8544,-0.024715,-0.1014
0.85503,-0.02618,-0.101
0.85296,-0.02528,-0.0956
0.85316,-0.02832,-0.0921
0.84999,-0.029502,-0.09
0.8411,-0.027283,-0.0913
0.8347,-0.025485,-0.0907
0.8303,-0.025518,-0.0945
0.8278,-0.029733,-0.0971
0.8254,-0.031923,-0.0993
0.8172,-0.031202,-0.0982
0.8122,-0.031643,-0.0991
0.8075,-0.032439,-0.0968
0.8045,-0.031345,-0.095
0.7987,-0.033735,-0.0955
0.7904,-0.033572,-0.0986
0.7852,-0.031786,-0.1003
0.7796,-0.03152,-0.1007
0.778,-0.032848,-0.1036
0.7732,-0.032132,-0.1069
0.7705,-0.030633,-0.1093
0.7634,-0.036649,-0.102
0.7577,-0.038994,-0.1044
0.7572,-0.034473,-0.1173
0.7607,-0.033632,-0.1208
0.7659,-0.040126,-0.116
0.7559,-0.039614,-0.1171
0.7468,-0.035851,-0.1221
0.7453,-0.032045,-0.1162
0.742,-0.03652,-0.1168
0.7382,-0.038419,-0.1248
0.7343,-0.038858,-0.1221
0.7335,-0.037658,-0.1192
0.7338,-0.042275,-0.1275
0.734,-0.042182,-0.1376
0.7256,-0.041381,-0.1391
0.724,-0.041275,-0.1382
0.7158,-0.039098,-0.1431
0.7123,-0.039529,-0.1512
0.7068,-0.03867,-0.1637
0.7053,-0.038243,-0.1715
0.7003,-0.037385,-0.1839
0.6975,-0.037258,-0.1912
0.6926,-0.035551,-0.1989
0.6905,-0.03686,-0.20919
0.686,-0.034386,-0.21483
0.6824,-0.035791,-0.20983
0.6817,-0.031473,-0.21608
0.6771,-0.030905,-0.22341
0.6721,-0.032086,-0.22487
0.6704,-0.030879,-0.21426
0.6592,-0.028277,-0.21291
0.6584,-0.027592,-0.20569
0.6551,-0.028728,-0.20842
0.6557,-0.028208,-0.20813
0.6507,-0.034938,-0.20653
0.6409,-0.032112,-0.1975
0.6351,-0.02787,-0.19454
0.6306,-0.030159,-0.19328
0.6303,-0.030726,-0.18765
0.627,-0.032475,-0.18435
0.6219,-0.031455,-0.17742
0.6167,-0.030994,-0.17275
0.614,-0.026826,-0.16986
0.6109,-0.025243,-0.17098
0.6082,-0.023869,-0.16788
0.5993,-0.029613,-0.15667
0.5921,-0.028324,-0.14823
0.5868,-0.027411,-0.14664
0.5844,-0.024876,-0.145
0.5788,-0.026562,-0.13412
0.5818,-0.028715,-0.12337
0.5764,-0.028981,-0.12318
0.5761,-0.02653,-0.11616
0.5734,-0.026967,-0.10441
0.5704,-0.027664,-0.09347
0.5716,-0.02634,-0.07964
0.5672,-0.025617,-0.07372
0.5684,-0.027591,-0.05131
0.5651,-0.031094,-0.03431
0.56,-0.028913,-0.02327
0.561,-0.028378,-0.0117
0.558,-0.027444,-0.00286
0.5598,-0.028548,0.0051
0.5568,-0.027626,0.00658
0.5574,-0.024821,-0.00129
0.5496,-0.021325,-0.01732
0.546,-0.017967,-0.02754
0.5422,-0.019533,-0.04066
0.5367,-0.018363,-0.04512
0.5319,-0.016534,-0.04725
0.5259,-0.015287,-0.05329
0.522,-0.015966,-0.06859
0.5146,-0.016516,-0.08097
0.5148,-0.016222,-0.08799
0.508,-0.0151,-0.09108
0.4964,-0.014398,-0.09294
0.4956,-0.015423,-0.09905
0.487,-0.014326,-0.1099
0.4814,-0.014018,-0.11531
0.4799,-0.015048,-0.1111
0.4753,-0.013581,-0.11112
0.4774,-0.015119,-0.10345
0.4744,-0.015378,-0.10641
0.4717,-0.019168,-0.10633
0.4661,-0.015942,-0.10937
0.4654,-0.017131,-0.10121
0.4657,-0.011816,-0.11233
0.4743,-0.008038,-0.11263
0.4842,-0.008433,-0.11751
0.4919,-0.009832,-0.12341
0.4965,-0.013801,-0.1358
0.5042,-0.013439,-0.14186
0.5129,-0.01169,-0.14213
0.519,-0.011328,-0.14515
0.5253,-0.013003,-0.15527
0.5309,-0.015533,-0.16346
0.5343,-0.015805,-0.16589
0.5418,-0.015591,-0.1617
0.5464,-0.014912,-0.16571
0.5502,-0.01362,-0.17209
0.5459,-0.014201,-0.18118
0.5481,-0.014085,-0.18062
0.5484,-0.014001,-0.17271
0.5448,-0.010809,-0.1748
0.5417,-0.012785,-0.17421
0.5423,-0.013338,-0.17256
0.5396,-0.015669,-0.16701
0.539,-0.015609,-0.16492
0.5352,-0.01532,-0.16291
0.5254,-0.014521,-0.15624
0.5184,-0.015065,-0.15032
0.5098,-0.014426,-0.14504
0.497,-0.014049,-0.13887
0.4856,-0.013231,-0.13247
0.4741,-0.013052,-0.12944
0.4606,-0.01287,-0.12516
0.443,-0.012593,-0.11509
0.4264,-0.011447,-0.10257
0.4144,-0.010152,-0.08939
0.4059,-0.009719,-0.07948
0.4011,-0.008682,-0.07221
0.3984,-0.009868,-0.06128
0.3912,-0.009341,-0.05488
0.3966,-0.01101,-0.03755
0.3937,-0.010879,-0.02247
0.3905,-0.011609,-0.0021
0.3898,-0.011559,0.01267
0.3761,-0.012359,0.01909
0.3822,-0.014778,0.03452
0.3799,-0.01368,0.04246
0.3654,-0.012805,0.0455
0.3713,-0.010466,0.06613
0.3552,-0.009128,0.07403
0.3645,-0.007003,0.09329
0.3666,-0.006184,0.1094
0.3546,-0.005425,0.11752
0.3728,-0.006441,0.14648
0.3513,-0.005882,0.16461
0.3677,-0.010806,0.19651
0.3477,-0.010633,0.20033
0.3711,-0.011171,0.22753
0.3732,-0.009912,0.25064
0.349,-0.010794,0.25992
0.3682,-0.014958,0.30837
0.3373,-0.015161,0.32893
0.3552,-0.018512,0.36696
0.3512,-0.018285,0.38805
0.3255,-0.017197,0.40334
0.341,-0.017,0.44112
0.3172,-0.017882,0.45998
0.3258,-0.019207,0.49655
0.3083,-0.018702,0.52191
0.3061,-0.01664,0.54156
0.3058,-0.018242,0.57271
0.2925,-0.016145,0.58982
0.2951,-0.015395,0.61563
0.2902,-0.011999,0.62993
0.2899,-0.011544,0.65039
0.2858,-0.009321,0.66997
0.2808,-0.009188,0.69274
0.2717,-0.011825,0.71214
0.26,-0.010453,0.72877
0.2572,-0.010088,0.74935
0.2547,-0.01097,0.7658
0.2543,-0.01347,0.7765
0.2562,-0.00997,0.7845
0.2693,-0.00999,0.7968
0.2752,-0.01259,0.8085
0.2817,-0.01301,0.8212
0.2842,-0.01264,0.8311
0.2883,-0.01411,0.846
0.2902,-0.01323,0.8533
0.2941,-0.01094,0.8624
0.2971,-0.01242,0.863
0.2974,-0.01427,0.8625
0.2981,-0.01297,0.861
0.3031,-0.01009,0.8614
0.3034,-0.00853,0.8662
0.3028,-0.00714,0.866
0.302,-0.00665,0.8639
0.305,-0.00845,0.8636
0.3007,-0.01064,0.8676
0.319,-0.01236,0.9187
0.2825,-0.01171,0.8198
0.2966,-0.01105,0.8702
0.2946,-0.01255,0.8716
0.2934,-0.01216,0.8748
0.2936,-0.01174,0.872
0.2904,-0.01072,0.8703
0.2883,-0.00952,0.8703
0.2884,-0.00989,0.8707
0.2869,-0.01043,0.8702
0.2828,-0.00949,0.8669
0.2807,-0.00872,0.8625
0.2788,-0.00908,0.8577
0.2709,-0.00778,0.8491
0.2678,-0.0095,0.845
0.2632,-0.0069,0.8369
0.2592,-0.008,0.8275
0.2492,-0.00577,0.8174
0.2461,-0.00916,0.7967
0.2422,-0.01021,0.7941
0.2255,-0.00827,0.7549
0.2223,-0.00964,0.7546
0.2174,-0.01131,0.7362
0.2105,-0.01123,0.7207
0.2006,-0.00972,0.7021
0.1895,-0.00884,0.6803
0.1788,-0.00911,0.6567
0.1693,-0.00503,0.6314
0.1617,-0.00469,0.606
0.153,-0.01087,0.5818
0.1468,-0.01258,0.5593
0.141,-0.01036,0.5337
0.1357,-0.00915,0.5148
0.1324,-0.00986,0.4954
0.1237,-0.01167,0.482
0.1201,-0.00938,0.4694
0.12,-0.01146,0.4662
0.1145,-0.01165,0.4508
0.1122,-0.01257,0.4553
0.1044,-0.00973,0.453
0.0905,-0.00904,0.4473
0.078,-0.00895,0.4434
0.0571,-0.00882,0.4314
0.0486,-0.00798,0.4379
0.0349,-0.00751,0.4355
0.0072,-0.00861,0.4228
0.0003,-0.0106,0.4303
-0.0376,-0.01011,0.4117
-0.0425,-0.01121,0.4187
-0.0617,-0.01026,0.4121
-0.1026,-0.00442,0.3886
-0.0963,-0.00577,0.4028
-0.1419,-0.0034,0.3738
-0.133,-0.00901,0.3833
-0.1522,-0.00698,0.3726
-0.2028,-0.00499,0.3371
-0.194,-0.00432,0.3418
-0.2431,-0.00074,0.3016
-0.2281,0.00155,0.3097
-0.2412,0.00195,0.295
-0.288,0.00497,0.2542
-0.2663,0.0055,0.2663
-0.3179,0.00616,0.2198
-0.2961,0.00471,0.2232
-0.3062,0.00578,0.2068
-0.3476,0.00749,0.1594
-0.3267,0.00622,0.1521
-0.3646,0.0074,0.1096
-0.3412,0.01037,0.1195
-0.3753,0.00867,0.0896
-0.3588,0.00936,0.0909
-0.367,0.00955,0.074
-0.3885,0.00963,0.0521
-0.3769,0.01329,0.0638
-0.3942,0.01809,0.0588
-0.4006,0.01624,0.0536
-0.4181,0.01444,0.0291
-0.4269,0.01346,0.0262
-0.4429,0.01273,0.0213
-0.4523,0.01297,0.0317
-0.466,0.01501,0.0336
-0.4832,0.01863,0.0213
-0.5036,0.01985,0.0167
-0.5293,0.01608,-0.0004
-0.5493,0.01248,-0.0145
-0.5674,0.01326,-0.0248
-0.584,0.01802,-0.0227
-0.6017,0.02144,-0.0231
-0.6211,0.02196,-0.0238
-0.6402,0.02272,-0.0256
-0.6556,0.02177,-0.0276
-0.6781,0.02226,-0.0312
-0.6938,0.02284,-0.0302
-0.7122,0.02406,-0.0238
-0.7307,0.02428,-0.0182
-0.7488,0.02483,-0.0046
-0.7669,0.02516,0.001
-0.7851,0.0266,0.0101
-0.8006,0.02632,0.0185
-0.816,0.02418,0.0298
-0.8334,0.02335,0.042
-0.8507,0.02499,0.0522
-0.8613,0.02492,0.0636
-0.8697,0.02391,0.0741
-0.8718,0.025275,0.0814
-0.8764,0.027058,0.088
-0.8758,0.026948,0.0927
-0.8762,0.026114,0.0985
-0.8763,0.02629,0.1015
-0.8785,0.026614,0.1015
-0.8845,0.025717,0.1007
-0.8848,0.024671,0.1015
-0.8893,0.025796,0.0998
-0.89,0.025109,0.1017
-0.8918,0.024511,0.1032
-0.8935,0.022668,0.1066
-0.8917,0.022165,0.1068
-0.8925,0.022844,0.104
-0.8936,0.022945,0.1034
-0.8891,0.020619,0.1074
-0.887,0.021,0.1064
-0.8912,0.02433,0.103
-0.8963,0.024451,0.1048
-0.8916,0.027197,0.1042
-0.8907,0.027485,0.1034
-0.8917,0.027189,0.103
-0.8921,0.026771,0.1035
-0.8919,0.025774,0.1043
-0.8887,0.024906,0.1053
-0.9103,0.025552,0.1106
-0.8618,0.022852,0.1069
-0.8818,0.02408,0.1111
-0.8789,0.024879,0.1094
-0.8754,0.021544,0.1117
-0.8775,0.020993,0.1104
-0.8735,0.02159,0.1111
-0.8723,0.021641,0.1124
-0.8718,0.021846,0.1125
-0.8664,0.02094,0.1125
-0.872,0.021484,0.1136
-0.8652,0.02222,0.1143
-0.8681,0.021006,0.1159
-0.8721,0.020831,0.1146
-0.8757,0.020231,0.1153
-0.8794,0.018855,0.12
-0.8849,0.019602,0.1213
-0.8885,0.019671,0.1216
-0.8835,0.021252,0.1217
-0.8943,0.020869,0.1298
-0.8975,0.022133,0.1322
-0.8997,0.019411,0.1255
-0.9018,0.023354,0.1257
-0.9021,0.023749,0.1336
-0.9155,0.021409,0.126
-0.9167,0.020769,0.1232
-0.921,0.020272,0.1275
-0.9241,0.02055,0.127
-0.9285,0.019338,0.1246
-0.943,0.021149,0.1187
-0.9322,0.022737,0.1114
-0.9439,0.023352,0.1093
-0.9499,0.022828,0.105
-0.9522,0.023878,0.0967
-0.9593,0.023336,0.0954
-0.9591,0.023163,0.0933
-0.9656,0.023149,0.0917
-0.97,0.021931,0.0956
-0.9739,0.020615,0.0978
-0.9783,0.021735,0.0954
-1.0002,0.024232,0.0948
-0.9649,0.024014,0.0897
-0.9769,0.026688,0.0886
-0.9772,0.02842,0.0866
-0.9743,0.03,0.0864
-0.9727,0.029149,0.0873
-0.9711,0.029691,0.0848
-0.969,0.029287,0.0854
-0.9712,0.029066,0.084
-0.9715,0.028933,0.0812
-0.9724,0.029909,0.0835
-0.9714,0.026502,0.0832
-0.9705,0.026066,0.0828
-0.9725,0.02721,0.0843
-0.9698,0.025251,0.0856
-0.9699,0.023661,0.086
-0.9721,0.023563,0.0871
-0.9701,0.025186,0.0857
-0.9721,0.023526,0.0854
-0.9694,0.027484,0.0834
-0.9698,0.027417,0.0848
-0.974,0.027344,0.0846
-0.9692,0.027606,0.0867
-0.9721,0.025449,0.0841
-0.9671,0.027318,0.0838
-0.9687,0.027579,0.0836
-0.9682,0.02677,0.0821
-0.9687,0.02849,0.0788
-0.9642,0.02725,0.0802
-0.9634,0.027372,0.0785
-0.96427,0.024589,0.0795
-0.96389,0.023144,0.0841
-0.97151,0.02296,0.0921
-0.96527,0.0243,0.0969
-0.96604,0.025673,0.0976
-0.96413,0.027569,0.1005
-0.96282,0.028338,0.1028
-0.96812,0.029154,0.1015
-0.96621,0.030191,0.1028
-0.98022,0.028746,0.1072
-0.94369,0.026579,0.1058
-0.96285,0.025216,0.108
-0.96931,0.019411,0.112
-0.9699,0.019241,0.1114
-0.9757,0.019824,0.117
-0.96635,0.023541,0.1139
-0.96802,0.024237,0.1129
-0.97349,0.026,0.1131
-0.97706,0.027109,0.1145
-0.97864,0.028853,0.108
-0.97508,0.029495,0.1086
-0.97291,0.028178,0.1112
-0.97169,0.025967,0.1132
-0.97397,0.023352,0.1149
-0.98357,0.021336,0.1123
-0.98486,0.021323,0.1123
-0.98613,0.023958,0.1124
-0.98258,0.028477,0.1094
-0.98356,0.026756,0.1067
-0.98741,0.026303,0.1084
-0.98755,0.027459,0.1047
-0.98935,0.026458,0.102
-0.98841,0.025504,0.0976
-0.99018,0.027675,0.0945
-0.99333,0.026682,0.0921
-0.99548,0.026156,0.0876
-0.99718,0.027905,0.0876
-1.0016,0.028323,0.0856
-1.0017,0.025903,0.0821
-1.0015,0.027365,0.0805
-0.99961,0.028287,0.0816
-1.0021,0.028099,0.0821
-1.0012,0.026155,0.0797
-1.0019,0.027635,0.0819
-1.0002,0.027736,0.082
-0.99974,0.027489,0.0798
-0.99789,0.026863,0.0784
-0.99297,0.027123,0.077
-0.99345,0.025856,0.0748
-0.98828,0.027822,0.072
-0.98973,0.02465,0.0732
-0.98417,0.023351,0.0681
-0.97588,0.021591,0.068
-0.97632,0.020028,0.0633
-0.97463,0.018888,0.061
-0.97905,0.017704,0.058
-0.97169,0.018709,0.0585
-0.96597,0.019429,0.0552
-0.9624,0.021151,0.0525
-0.9584,0.025625,0.0518
-0.95866,0.027557,0.0514
-0.95747,0.028292,0.05
-0.95419,0.030324,0.0503
-0.94881,0.031912,0.0492
-0.93543,0.030098,0.0487
-0.93594,0.030651,0.0473
-0.92493,0.029083,0.0453
-0.91793,0.030562,0.0426
-0.90474,0.029884,0.0414
-0.90079,0.0303,0.0394
-0.90271,0.031065,0.0372
-0.8774,0.031158,0.034
-0.87842,0.029657,0.0327
-0.87117,0.029998,0.0312
-0.86135,0.02827,0.0298
-0.84905,0.02879,0.0266
-0.8389,0.029721,0.0237
-0.8223,0.028552,0.0199
-0.80732,0.028041,0.0195
-0.78961,0.027801,0.0196
-0.77691,0.026873,0.0214
-0.76373,0.02421,0.0267
-0.75466,0.023075,0.0297
-0.74666,0.021441,0.0336
-0.73817,0.020639,0.0373
-0.73343,0.021968,0.0378
-0.72467,0.021739,0.0393
-0.7198,0.020795,0.0411
-0.71409,0.022077,0.0451
-0.70736,0.021279,0.0447
-0.70722,0.020348,0.0437
-0.67634,0.019173,0.0431
-0.67774,0.020165,0.0437
-0.6697,0.019839,0.0434
-0.65953,0.017994,0.0451
-0.64816,0.016359,0.0481
-0.63414,0.017642,0.0482
-0.62027,0.016445,0.05
-0.60449,0.016617,0.0489
-0.58864,0.017481,0.0529
-0.56907,0.016257,0.0555
-0.55283,0.013037,0.058
-0.53689,0.01389,0.0549
-0.52323,0.012709,0.0572
-0.50588,0.013,0.0583
-0.49144,0.013429,0.0657
-0.47956,0.013605,0.0666
-0.46628,0.011759,0.0713
-0.45337,0.010507,0.0712
-0.44089,0.007835,0.0776
-0.42674,0.010049,0.0843
-0.41161,0.010374,0.0881
-0.39817,0.008261,0.095
-0.38902,0.006108,0.0948
-0.3754,0.005498,0.1014
-0.363,0.004624,0.1038
-0.34305,0.003208,0.1168
-0.3274,0.001199,0.1253
-0.31767,0.002733,0.1267
-0.31375,0.00295,0.1361
-0.3108,0.003258,0.1363
-0.31849,0.005141,0.1583
-0.28799,0.005134,0.1617
-0.29241,0.004383,0.1765
-0.28187,0.001809,0.1784
-0.26858,-0.002196,0.1969
-0.25613,-0.006923,0.2093
-0.24606,-0.003236,0.1999
-0.23834,-0.004551,0.2256
-0.23358,0.000717,0.2166
-0.23419,-0.001645,0.2484
-0.22894,0.001921,0.2518
-0.2219,-0.001577,0.2935
-0.21364,-0.005819,0.3124
-0.21081,-0.007783,0.3057
-0.20518,-0.00646,0.3358
-0.19568,-0.007491,0.3364
-0.18545,-0.010356,0.3716
-0.17776,-0.009769,0.3706
-0.16944,-0.008574,0.4035
-0.16406,-0.007687,0.4135
-0.15287,-0.007631,0.4469
-0.14378,-0.010053,0.4742
-0.12826,-0.015215,0.4944
-0.10619,-0.014043,0.512
-0.09526,-0.015972,0.5176
-0.080313,-0.011164,0.5563
-0.060658,-0.008187,0.5711
-0.04599,-0.013105,0.5811
-0.032181,-0.017583,0.6095
-0.022871,-0.018917,0.6169
-0.011823,-0.022236,0.6407
-0.006106,-0.022141,0.6533
-0.001861,-0.021296,0.668
0.001695,-0.023396,0.6871
0.004547,-0.024538,0.7023
0.0072,-0.025007,0.7173
0.006841,-0.022814,0.728
0.001748,-0.021768,0.7437
-0.003931,-0.022639,0.7608
-0.007429,-0.025009,0.7747
-0.003075,-0.027075,0.786
-0.00197,-0.028603,0.7904
-0.008839,-0.027083,0.7982
-0.008628,-0.026421,0.8032
-0.008852,-0.02731,0.8102
-0.010249,-0.031073,0.8117
-0.015315,-0.028765,0.8105
-0.010261,-0.027043,0.8103
-0.013091,-0.026144,0.8109
-0.012186,-0.023954,0.8177
-0.013733,-0.02448,0.8234
-0.013116,-0.025867,0.8282
-0.012016,-0.025038,0.8261
-0.015473,-0.024847,0.8254
-0.015749,-0.025802,0.8248
-0.013998,-0.027604,0.8223
-0.014578,-0.029359,0.823
-0.021284,-0.027152,0.8191
-0.02088,-0.028562,0.8148
-0.021599,-0.024521,0.8128
-0.024961,-0.02522,0.8113
-0.028751,-0.022669,0.8064
-0.027589,-0.025705,0.8009
-0.026917,-0.027191,0.7931
-0.029061,-0.024944,0.7901
-0.031361,-0.026215,0.7817
-0.029055,-0.026556,0.7725
-0.024673,-0.024194,0.7577
-0.024719,-0.02334,0.742
-0.02684,-0.023285,0.7222
-0.02857,-0.023837,0.705
-0.029122,-0.021196,0.688
-0.026283,-0.019861,0.6687
-0.026978,-0.020813,0.6534
-0.030473,-0.021468,0.6342
-0.030516,-0.020485,0.6084
-0.030316,-0.020534,0.5886
-0.031142,-0.017525,0.5661
-0.032373,-0.017387,0.5478
-0.030978,-0.016172,0.5266
-0.030585,-0.016628,0.5059
-0.028034,-0.016405,0.4841
-0.022385,-0.014264,0.4636
-0.01835,-0.012036,0.4503
-0.01142,-0.010922,0.443
-0.003884,-0.012694,0.439
0.004322,-0.016539,0.4396
0.015028,-0.016423,0.4323
0.030063,-0.016073,0.4334
0.038157,-0.017821,0.4193
0.045309,-0.017437,0.4172
0.058602,-0.01773,0.4162
0.076919,-0.014796,0.3976
0.096206,-0.016858,0.4042
0.11659,-0.014643,0.3804
0.13714,-0.014063,0.3849
0.14806,-0.010288,0.3575
0.1649,-0.016885,0.3687
0.17717,-0.016367,0.3424
0.18127,-0.017424,0.342
0.19126,-0.014503,0.313
0.20353,-0.010777,0.3234
0.22652,-0.004061,0.314
0.25,-0.004854,0.2796
0.2685,-0.005929,0.2933
0.27716,-0.008195,0.2568
0.27788,-0.007804,0.2894
0.28804,-0.022181,0.26
0.31301,-0.021728,0.2661
0.34055,-0.018406,0.2367
0.35827,-0.007937,0.1793
0.37574,-0.006774,0.2
0.38504,-0.011369,0.1707
0.40376,-0.015073,0.1967
0.43881,-0.022592,0.1617
0.43835,-0.026454,0.146
0.46795,-0.022087,0.1313
0.48247,-0.015491,0.091
0.499,-0.011529,0.0956
0.51635,-0.013141,0.0787
0.53588,-0.016834,0.0805
0.55928,-0.022875,0.0682
0.56981,-0.021073,0.0521
0.58635,-0.019507,0.0456
0.59891,-0.018594,0.0293
0.61405,-0.01729,0.0147
0.63629,-0.017482,-0.0006
0.65011,-0.019407,-0.0063
0.67113,-0.02401,-0.0072
0.68422,-0.027948,-0.0158
0.69766,-0.024704,-0.0296
0.71035,-0.016922,-0.0398
0.72409,-0.015681,-0.0442
0.74374,-0.019041,-0.0394
0.76396,-0.019605,-0.0342
0.77857,-0.016912,-0.0377
0.79111,-0.016145,-0.039
0.79621,-0.015936,-0.0452
0.80707,-0.01497,-0.0406
0.81121,-0.01905,-0.0427
0.80323,-0.01674,-0.0345
0.80331,-0.015108,-0.0355
0.80512,-0.014811,-0.0329
0.80831,-0.015366,-0.0303
0.80804,-0.017053,-0.0246
0.81274,-0.022035,-0.0193
0.8114,-0.019559,-0.0172
0.8165,-0.021257,-0.012
0.83352,-0.020661,-0.0117
0.81153,-0.024342,-0.0026
0.82267,-0.025038,-5.0827e-15
0.81996,-0.023902,0.0022
0.82214,-0.022019,-0.0028
0.82462,-0.023925,0.0002
0.82645,-0.023408,-0.0038
0.82695,-0.024312,-0.0017
0.82791,-0.022029,-0.0075
0.82532,-0.022901,-0.0081
0.82662,-0.02196,-0.0091
0.8242,-0.023449,-0.0029
0.82342,-0.024423,-0.0064
0.82167,-0.026084,-0.0046
0.81888,-0.021484,-0.0072
0.81581,-0.019936,-0.0128
0.81494,-0.019952,-0.0107
0.81516,-0.017548,-0.0132
0.81092,-0.016474,-0.0146
0.80577,-0.014805,-0.0189
0.79851,-0.014003,-0.0207
0.7956,-0.013732,-0.0234
0.79196,-0.013097,-0.0203
0.7914,-0.016382,-0.0231
0.78954,-0.019438,-0.0217
0.78495,-0.019957,-0.0192
0.78649,-0.01807,-0.0212
0.7841,-0.016144,-0.0264
0.78191,-0.015549,-0.0244
0.76863,-0.01684,-0.0242
0.76856,-0.018314,-0.0264
0.76703,-0.014599,-0.0302
0.76458,-0.013905,-0.0289
0.76429,-0.0151,-0.0269
0.76157,-0.015521,-0.0232
0.76082,-0.014497,-0.0214
0.75791,-0.012571,-0.0198
0.75386,-0.013896,-0.0244
0.74715,-0.014069,-0.0226
0.7458,-0.016097,-0.0167
0.74573,-0.01302,-0.0236
0.75458,-0.01329,-0.0308
0.73033,-0.020095,-0.0256
0.72763,-0.023387,-0.0164
0.71498,-0.01786,-0.0286
0.72238,-0.018459,-0.0336
0.72817,-0.023964,-0.0249
0.72641,-0.029069,-0.0179
0.71981,-0.026038,-0.0184
0.71369,-0.020676,-0.0207
0.71015,-0.015755,-0.0201
0.70667,-0.020502,-0.0084
0.70396,-0.021751,-0.0071
0.69771,-0.018355,-0.0136
0.69414,-0.015857,-0.0188
0.69322,-0.017075,-0.0179
0.68691,-0.020846,-0.0197
0.68152,-0.020163,-0.0261
0.67732,-0.018621,-0.0263
0.67381,-0.017221,-0.0223
0.66839,-0.019358,-0.0188
0.65807,-0.018598,-0.0183
0.65254,-0.018731,-0.0171
0.64967,-0.018644,-0.0166
0.64854,-0.019536,-0.019
0.64588,-0.018506,-0.0188
0.64359,-0.017883,-0.0188
0.64245,-0.01948,-0.0123
0.63532,-0.018415,-0.0195
0.63441,-0.017509,-0.0275
0.62865,-0.016435,-0.0289
0.62694,-0.016097,-0.0234
0.62485,-0.017087,-0.0245
0.62094,-0.017014,-0.031
0.62244,-0.017231,-0.0383
0.62606,-0.01797,-0.0397
0.63323,-0.016599,-0.0404
0.64251,-0.015495,-0.0462
0.65187,-0.017918,-0.0501
0.66312,-0.020718,-0.0578
0.66729,-0.020595,-0.0646
0.67723,-0.018997,-0.0664
0.68851,-0.016459,-0.0645
0.70108,-0.016329,-0.0709
0.71172,-0.02042,-0.0826
0.71876,-0.020661,-0.0876
0.72647,-0.017668,-0.087
0.73952,-0.016311,-0.0955
0.75723,-0.019464,-0.1017
0.77133,-0.019294,-0.1066
0.78645,-0.018987,-0.1109
0.80141,-0.016908,-0.1163
0.81292,-0.01605,-0.1199
0.82938,-0.010814,-0.123
0.84041,-0.008779,-0.1226
0.86247,-0.009697,-0.1233
0.85386,-0.011579,-0.1261
0.87631,-0.0138,-0.1296
0.89682,-0.016886,-0.1294
0.90659,-0.018963,-0.1322
0.91977,-0.018371,-0.1259
0.93218,-0.015893,-0.1245
0.94401,-0.017017,-0.1175
0.95504,-0.020428,-0.1117
0.963,-0.021205,-0.105
0.9725,-0.019409,-0.1041
0.9866,-0.019475,-0.1009
0.9917,-0.020768,-0.0926
0.9894,-0.02241,-0.0907
0.9891,-0.025217,-0.0917
0.9935,-0.030404,-0.0888
1.0038,-0.03045,-0.0915
1.0053,-0.030631,-0.0922
1.008,-0.02229,-0.0954
1.005,-0.021282,-0.0906
1.0042,-0.020129,-0.0853
0.9989,-0.022032,-0.0853
1.0069,-0.022217,-0.0867
0.9986,-0.024311,-0.0837
0.9877,-0.02446,-0.0828
1.0005,-0.024299,-0.0817
0.9945,-0.026628,-0.0765
0.9936,-0.028781,-0.076
0.9913,-0.026887,-0.0756
0.9916,-0.030337,-0.0709
0.9915,-0.029261,-0.0677
0.9869,-0.026866,-0.0658
0.9795,-0.02812,-0.0628
0.9775,-0.02882,-0.0566
0.9748,-0.02436,-0.0544
0.9759,-0.02511,-0.0488
0.9748,-0.02444,-0.0469
0.9597,-0.01999,-0.0499
0.9587,-0.02146,-0.0513
0.9538,-0.02358,-0.0507
0.9485,-0.02539,-0.0566
0.9489,-0.02587,-0.0586
0.9486,-0.02892,-0.0536
0.9443,-0.02732,-0.052
0.9418,-0.02327,-0.0556
0.9287,-0.0223,-0.056
0.9334,-0.02289,-0.059
0.9313,-0.02342,-0.0647
0.9271,-0.02229,-0.0679
0.9249,-0.0206,-0.0708
0.9214,-0.02269,-0.0774
0.9223,-0.02266,-0.0793
0.924,-0.01871,-0.0886
0.9235,-0.02027,-0.094
0.9232,-0.02054,-0.0955
0.9214,-0.01584,-0.1076
0.9245,-0.01494,-0.1153
0.9236,-0.01519,-0.1272
0.9205,-0.01362,-0.1332
0.9185,-0.0117,-0.1415
0.9224,-0.01053,-0.1535
0.9317,-0.01212,-0.1651
0.9071,-0.01474,-0.1711
0.9194,-0.01307,-0.1792
0.9207,-0.01456,-0.1933
0.9206,-0.01694,-0.2082
0.9174,-0.01669,-0.2158
0.9141,-0.0142,-0.2268
0.9188,-0.01638,-0.2341
0.9163,-0.02127,-0.2385
0.9173,-0.0201,-0.241
0.9149,-0.02271,-0.2384
0.9177,-0.02126,-0.2397
0.9165,-0.02496,-0.2342
0.9193,-0.01975,-0.2281
0.9273,-0.01795,-0.2263
0.9267,-0.01483,-0.2168
0.9215,-0.01217,-0.2106
0.921,-0.01143,-0.1996
0.9165,-0.01431,-0.1938
0.9192,-0.01938,-0.1873
0.9205,-0.02124,-0.1778
0.9219,-0.0226,-0.1687
0.9242,-0.02063,-0.1654
0.9147,-0.01961,-0.1621
0.9131,-0.01899,-0.1547
0.905,-0.02191,-0.1502
0.8946,-0.02244,-0.1498
0.8809,-0.02223,-0.1479
0.8736,-0.02442,-0.1424
0.86,-0.02373,-0.1358
0.8394,-0.02213,-0.1312
0.8208,-0.01962,-0.128
0.8098,-0.01507,-0.1296
0.8078,-0.01487,-0.1245
0.8081,-0.01896,-0.1204
0.807,-0.01972,-0.1215
0.8071,-0.01914,-0.1257
0.8032,-0.02172,-0.1271
0.8031,-0.01965,-0.128
0.8012,-0.01497,-0.1313
0.796,-0.01609,-0.1343
0.7899,-0.01247,-0.134
0.7819,-0.01175,-0.1291
0.783,-0.01393,-0.1294
0.7832,-0.01465,-0.1294
0.7831,-0.0188,-0.1251
0.7776,-0.02318,-0.116
0.7792,-0.01738,-0.1146
0.78,-0.01412,-0.1122
0.7646,-0.01668,-0.1071
0.7632,-0.01932,-0.1074
0.7635,-0.01641,-0.1044
0.763,-0.01423,-0.101
0.7664,-0.01313,-0.0978
0.7661,-0.01387,-0.0966
0.7573,-0.01483,-0.092
0.7481,-0.01142,-0.091
0.7391,-0.01111,-0.0906
0.7253,-0.01579,-0.0826
0.7092,-0.01702,-0.0823
0.6921,-0.01527,-0.0828
0.6714,-0.01293,-0.0845
0.6502,-0.01592,-0.0811
0.6221,-0.01579,-0.076
0.5964,-0.01533,-0.0709
0.5675,-0.01265,-0.0757
0.5435,-0.01052,-0.0746
0.518,-0.01039,-0.0712
0.4965,-0.01318,-0.0615
0.4769,-0.01455,-0.059
0.4625,-0.01336,-0.0641
0.4597,-0.0127,-0.0724
0.4499,-0.01527,-0.0674
0.4465,-0.01467,-0.0701
0.4402,-0.0148,-0.0664
0.4461,-0.01157,-0.0776
0.4041,-0.01161,-0.0741
0.4008,-0.0119,-0.0747
0.3812,-0.01073,-0.0734
0.3585,-0.01029,-0.0682
0.3341,-0.00777,-0.0658
0.3118,-0.00671,-0.0644
0.3106,-0.00581,-0.0681
0.3082,-0.00596,-0.0691
0.3071,-0.00445,-0.073
0.3026,-0.00521,-0.0721
0.2994,-0.00265,-0.0752
0.2948,-0.00403,-0.0729
0.2942,-0.00343,-0.0748
0.287,-0.00527,-0.0725
0.2835,-0.00388,-0.0783
0.2847,-0.00404,-0.0796
0.2871,-0.00377,-0.0854
0.2921,-0.00377,-0.0891
0.29,-0.00513,-0.0985
0.2963,-0.00406,-0.1032
0.3008,-0.00415,-0.1064
0.3029,-0.00456,-0.1138
0.3068,-0.00602,-0.1185
0.3062,-0.00603,-0.1367
0.3168,-0.00692,-0.1416
0.318,-0.00742,-0.1554
0.3316,-0.00732,-0.1597
0.3317,-0.00632,-0.1801
0.3434,-0.00318,-0.1877
0.3483,-0.0045,-0.2079
0.3378,-0.0045,-0.2366
0.3522,-0.00535,-0.2442
0.341,-0.00171,-0.2735
0.3539,-0.00222,-0.279
0.3416,-0.00062,-0.3134
0.3436,0.00101,-0.3194
0.344,0.00028,-0.3423
0.3254,0.00271,-0.3753
0.3354,0.00081,-0.3782
0.317,-0.00084,-0.4114
0.3113,0.0001,-0.4162
0.2905,0.00267,-0.4531
0.2927,0.00459,-0.4585
0.2843,0.00287,-0.4759
0.2614,0.00175,-0.5071
0.2597,0.00069,-0.5129
0.2356,0.00356,-0.5423
0.2367,0.006,-0.5477
0.202,0.01008,-0.5842
0.191,0.01022,-0.5885
0.1729,0.01107,-0.6053
0.1422,0.01367,-0.6292
0.1332,0.01394,-0.6261
0.0838,0.01734,-0.6547
0.0708,0.02102,-0.6506
0.0516,0.01692,-0.6547
0.0178,0.01199,-0.6777
0.0042,0.01292,-0.6715
-0.0306,0.01255,-0.6942
-0.0407,0.01113,-0.6965
-0.0672,0.00746,-0.7136
-0.0756,0.0071,-0.713
-0.0925,0.01127,-0.7186
-0.1136,0.01488,-0.7284
-0.1229,0.01566,-0.7316
-0.1412,0.01761,-0.7429
-0.153,0.02034,-0.742
-0.1725,0.02305,-0.7514
-0.1879,0.027,-0.7559
-0.1993,0.02955,-0.7593
-0.2149,0.0337,-0.7587
-0.2319,0.03029,-0.7572
-0.241,0.02865,-0.7617
-0.2502,0.03072,-0.7714
-0.2644,0.0255,-0.7774
-0.2787,0.02122,-0.7851
-0.2866,0.025,-0.7808
-0.2892,0.02423,-0.7849
-0.2881,0.02098,-0.7898
-0.2912,0.02215,-0.7923
-0.298,0.02118,-0.798
-0.3033,0.0219,-0.8125
-0.29,0.02071,-0.7792
-0.2979,0.01914,-0.8007
-0.2963,0.01896,-0.8016
-0.2889,0.02015,-0.7996
-0.2853,0.01996,-0.81
-0.2708,0.0192,-0.7919
-0.2677,0.01933,-0.7993
-0.2594,0.01971,-0.7959
-0.255,0.01944,-0.7923
-0.2478,0.0194,-0.7907
-0.2385,0.01854,-0.7825
-0.2283,0.0185,-0.7695
-0.2215,0.01821,-0.7563
-0.2139,0.01594,-0.7403
-0.207,0.01521,-0.7241
-0.2026,0.01449,-0.7127
-0.1923,0.01508,-0.6731
-0.1902,0.01578,-0.6664
-0.1906,0.0152,-0.6596
-0.1851,0.01461,-0.6412
-0.1776,0.01427,-0.608
-0.1805,0.0144,-0.6065
-0.1818,0.01419,-0.5943
-0.1733,0.01263,-0.5587
-0.1804,0.01303,-0.564
-0.1793,0.01144,-0.5427
-0.1853,0.01233,-0.5388
-0.1941,0.01335,-0.533
-0.199,0.01336,-0.5156
-0.2121,0.01353,-0.5068
-0.2177,0.01348,-0.4834
-0.2248,0.01287,-0.4641
-0.2435,0.01369,-0.4574
-0.2473,0.01184,-0.43
-0.2802,0.01077,-0.4257
-0.282,0.01093,-0.3909
-0.3205,0.01021,-0.3872
-0.3108,0.01094,-0.3518
-0.3535,0.01301,-0.3504
-0.3424,0.01085,-0.309
-0.3821,0.01388,-0.3131
-0.363,0.00909,-0.2707
-0.3759,0.013,-0.245
-0.417,0.01495,-0.2391
-0.4011,0.01726,-0.1958
-0.4384,0.01771,-0.1999
-0.4241,0.01191,-0.1635
-0.4641,0.01479,-0.1617
-0.4504,0.01574,-0.1158
-0.4843,0.01694,-0.1116
-0.4748,0.01745,-0.0782
-0.4903,0.01813,-0.0654
-0.5183,0.01999,-0.0612
-0.5191,0.01939,-0.0318
-0.5477,0.02078,-0.0299
-0.536,0.02055,-0.0174
-0.5689,0.02018,-0.0101
-0.5519,0.01855,0.003
-0.5809,0.02188,0.0101
-0.5971,0.02399,0.0133
-0.6202,0.02039,0.0264
-0.6186,0.0163,0.0338
-0.6434,0.01727,0.0405
-0.6551,0.02052,0.048
-0.6661,0.02058,0.0569
-0.6812,0.02052,0.0659
-0.6925,0.02123,0.0703
-0.7081,0.02172,0.0698
-0.7222,0.02102,0.0692
-0.7365,0.02199,0.0677
-0.7509,0.02244,0.0675
-0.7606,0.0212,0.0704
-0.7767,0.02227,0.0741
-0.7868,0.0227,0.0775
-0.7995,0.02365,0.08
-0.8122,0.02349,0.0838
-0.8244,0.02383,0.0859
-0.8361,0.02377,0.0881
-0.8483,0.02567,0.0896
-0.8623,0.02604,0.0916
-0.87,0.02624,0.0968
-0.8848,0.026143,0.1021
-0.8937,0.026102,0.1054
-0.9023,0.02519,0.1105
-0.9108,0.025428,0.1152
-0.9176,0.025889,0.1181
-0.9262,0.027318,0.117
-0.9322,0.026613,0.1167
-0.9376,0.026146,0.1165
-0.9413,0.026517,0.1146
-0.9437,0.026557,0.1142
-0.9473,0.027465,0.1136
-0.9456,0.026347,0.1137
-0.945,0.026907,0.1109
-0.9449,0.025855,0.1118
-0.9401,0.023831,0.1117
-0.948,0.025048,0.1102
-0.9454,0.025753,0.1085
-0.945,0.025276,0.1142
-0.9396,0.027927,0.1134
-0.9349,0.02874,0.1137
-0.9331,0.027187,0.1142
-0.9321,0.026467,0.1156
-0.9314,0.026219,0.1158
-0.9274,0.028126,0.1148
-0.9262,0.027278,0.116
-0.9239,0.026396,0.1158
-0.9213,0.026459,0.1164
-0.9212,0.02647,0.1153
-0.9175,0.025648,0.1142
-0.9212,0.025136,0.115
-0.9206,0.024999,0.1162
-0.921,0.025563,0.116
-0.9242,0.024734,0.1164
-0.9211,0.024299,0.1161
-0.9231,0.025342,0.119
-0.9221,0.023754,0.1203
-0.9259,0.023828,0.1221
-0.9287,0.023396,0.1253
-0.9298,0.023225,0.129
-0.9347,0.022002,0.1308
-0.9345,0.023619,0.133
-0.9379,0.025515,0.137
-0.943,0.027365,0.1428
-0.9458,0.024172,0.134
-0.9458,0.025694,0.1336
-0.9468,0.025765,0.1386
-0.9576,0.023569,0.1317
-0.963,0.020969,0.129
-0.9698,0.021372,0.1298
-0.9738,0.022833,0.128
-0.9827,0.02496,0.1238
-0.9881,0.026305,0.1159
-0.994,0.024796,0.1111
-1.0116,0.025856,0.1068
-1.0033,0.028112,0.0988
-1.0181,0.029126,0.0959
-1.0147,0.026965,0.0958
-1.02,0.023198,0.0943
-1.0309,0.021325,0.0959
-1.0382,0.019179,0.0992
-1.0446,0.019835,0.0997
-1.0519,0.022271,0.0994
-1.052,0.024737,0.0971
-1.0628,0.026791,0.0962
-1.0603,0.029972,0.0931
-1.0632,0.030946,0.0936
-1.0647,0.030175,0.0929
-1.0638,0.030161,0.0921
-1.0639,0.029661,0.093
-1.0669,0.028865,0.0941
-1.0639,0.02788,0.0962
-1.0647,0.027635,0.098
-1.0655,0.026257,0.098
-1.0638,0.027157,0.0998
-1.0627,0.028997,0.0977
-1.0649,0.029516,0.0984
-1.0627,0.027742,0.0987
-1.0653,0.027891,0.0984
-1.0615,0.026234,0.0985
-1.0628,0.027911,0.0973
-1.0647,0.027763,0.0964
-1.0619,0.02845,0.0966
-1.0654,0.028668,0.0939
-1.0634,0.028376,0.0949
-1.0606,0.028825,0.0956
-1.064,0.029673,0.0933
-1.0613,0.027142,0.0922
-1.0604,0.026448,0.0981
-1.0602,0.023773,0.0981
-1.0625,0.021324,0.1035
-1.0689,0.019184,0.1138
-1.0707,0.022732,0.1215
-1.0685,0.023499,0.1227
-1.0721,0.025987,0.1285
-1.072,0.024707,0.1316
-1.0715,0.027824,0.1326
-1.0755,0.029122,0.1367
-1.0735,0.026168,0.1392
-1.0723,0.025427,0.1403
-1.0771,0.023824,0.1419
-1.0792,0.022467,0.1433
-1.0875,0.023,0.1464
-1.0875,0.023098,0.146
-1.0893,0.024919,0.1432
-1.0895,0.027501,0.1429
-1.1035,0.032014,0.1425
-1.1036,0.034028,0.1363
-1.1036,0.035933,0.1346
-1.099,0.033841,0.1302
-1.1072,0.032095,0.1259
-1.1174,0.027414,0.122
-1.1314,0.028686,0.1198
-1.1281,0.031496,0.1151
-1.1318,0.033618,0.1105
-1.1375,0.032742,0.1093
-1.1402,0.03282,0.1092
-1.1448,0.034194,0.109
-1.1474,0.034027,0.1086
-1.1543,0.034981,0.1041
-1.1547,0.03347,0.101
-1.1622,0.034496,0.0971
-1.1671,0.035216,0.0963
-1.1686,0.035839,0.0917
-1.166,0.036876,0.0899
-1.1613,0.037713,0.0865
-1.1628,0.035693,0.0844
-1.1598,0.034608,0.0816
-1.1571,0.033581,0.0812
-1.1569,0.03298,0.0779
-1.1537,0.032898,0.0794
-1.1521,0.032181,0.0778
-1.1471,0.032211,0.0743
-1.1484,0.032889,0.0751
-1.1429,0.03036,0.0721
-1.1336,0.027008,0.0721
-1.1357,0.024687,0.0708
-1.1324,0.022388,0.0701
-1.1325,0.02349,0.0709
-1.1255,0.024443,0.0666
-1.1223,0.027404,0.0614
-1.1065,0.027662,0.0585
-1.1059,0.029653,0.0567
-1.0967,0.02924,0.0522
-1.0795,0.030563,0.0507
-1.0707,0.030969,0.0491
-1.0569,0.030518,0.0472
-1.0412,0.030666,0.0441
-1.0314,0.029873,0.0437
-1.0019,0.030266,0.0408
-0.99545,0.030224,0.0368
-0.9771,0.029569,0.034
-0.96135,0.029679,0.0336
-0.94923,0.028722,0.0323
-0.92749,0.027009,0.0315
-0.91394,0.025407,0.0285
-0.89763,0.025532,0.0259
-0.87839,0.024132,0.0263
-0.86366,0.023522,0.0252
-0.84369,0.019952,0.029
-0.8354,0.021733,0.0324
-0.81803,0.01912,0.0385
-0.8083,0.019851,0.0421
-0.77048,0.017423,0.0657
-0.70415,0.013833,0.1045
-0.7049,0.013854,0.1046
-0.70501,0.013864,0.1046
-0.70492,0.013868,0.1046
-0.70381,0.013854,0.1043
-0.70378,0.013861,0.1044
-0.70433,0.013879,0.1044
-0.70368,0.013874,0.1043
-0.70323,0.013872,0.1041
-0.70251,0.013867,0.1041
-0.70326,0.013889,0.1041
-0.70237,0.01388,0.104
-0.70238,0.013889,0.1039
-0.70216,0.013894,0.1039
-0.72814,0.013618,0.1059
-0.60391,0.015049,0.1018
-0.58666,0.013504,0.0947
-0.56931,0.013646,0.0912
-0.54988,0.011155,0.0835
-0.5273,0.011595,0.0769
-0.50988,0.013791,0.0691
-0.48389,0.013322,0.0644
-0.4604,0.011558,0.059
-0.43315,0.009389,0.0525
-0.40836,0.008907,0.0456
-0.38374,0.009993,0.0389
-0.35683,0.008868,0.0368
-0.33138,0.008169,0.0317
-0.30823,0.006503,0.0284
-0.28758,0.004639,0.0251
-0.26577,0.003561,0.0242
-0.2452,0.003419,0.0235
-0.23101,0.002512,0.0232
-0.22008,0.002258,0.0228
-0.21379,0.002056,0.0198
-0.20714,0.00208,0.0202
-0.2017,0.00115,0.0205
-0.19731,0.001008,0.0197
-0.19653,0.002245,0.0158
-0.19787,0.005409,0.0142
-0.19846,0.004936,0.0159
-0.19812,0.00399,0.0189
-0.19667,0.002812,0.0183
-0.19676,0.003313,0.0158
-0.19795,0.007221,0.0135
-0.1975,0.0056,0.0116
-0.19728,0.005964,0.0093
-0.20076,0.004674,0.0062
-0.21232,0.006656,0.005
-0.2288,0.004398,0.0087
-0.25039,0.006132,0.0109
-0.27064,0.004372,0.0118
-0.28916,0.005497,0.0126
-0.3043,0.005838,0.0142
-0.32369,0.008988,0.0126
-0.34212,0.00836,0.01
-0.3684,0.010474,0.0082
-0.39055,0.009094,0.0079
-0.41428,0.006807,0.0109
-0.44052,0.006607,0.0163
-0.46308,0.00955,0.0201
-0.4878,0.012394,0.0194
-0.50582,0.015538,0.0169
-0.52589,0.015119,0.024
-0.54216,0.015359,0.0349
-0.556,0.016856,0.0399
-0.57516,0.020162,0.0373
-0.59654,0.023444,0.0231
-0.61881,0.024244,0.0191
-0.63928,0.026873,0.0304
-0.66072,0.027436,0.0385
-0.67879,0.027505,0.0274
-0.69074,0.018718,0.0161
-0.706,0.017326,0.0157
-0.71883,0.020907,0.0168
-0.74353,0.019103,0.0167
-0.76845,0.014167,0.0236
-0.79126,0.012628,0.0234
-0.80621,0.014606,0.0215
-0.8129,0.017799,0.0155
-0.83265,0.018458,0.0133
-0.84143,0.016896,0.0154
-0.86643,0.013977,0.0136
-0.88104,0.013287,0.0106
-0.89019,0.016417,0.0134
-0.90097,0.019307,0.0163
-0.91343,0.01951,0.0123
-0.92415,0.019765,0.0137
-0.93347,0.01838,0.0153
-0.9451,0.020506,0.0157
-0.9582,0.02225,0.0199
-0.96941,0.021273,0.0242
-0.98268,0.021046,0.0284
-0.98827,0.023026,0.0291
-0.99547,0.024606,0.0319
-1.002,0.023766,0.0333
-1.0048,0.022776,0.0355
-1.0153,0.022123,0.0347
-1.0213,0.021854,0.0348
-1.0269,0.023174,0.0352
-1.0304,0.019314,0.0305
-1.0386,0.02215,0.0283
-1.04,0.021624,0.0321
-1.0511,0.021377,0.03
-1.0536,0.022155,0.0258
-1.0528,0.021355,0.031
-1.0607,0.028513,0.033
-1.0606,0.025697,0.0333
-1.0624,0.023581,0.0329
-1.0633,0.025786,0.0333
-1.0613,0.026242,0.0295
-1.0649,0.025062,0.0286
-1.0585,0.021764,0.0266
-1.0602,0.021084,0.029
-1.0643,0.023291,0.0273
-1.0691,0.028774,0.032
-1.069,0.035047,0.0303
-1.0621,0.037566,0.0277
-1.0555,0.036066,0.0273
-1.0549,0.030928,0.0299
-1.0579,0.02918,0.0297
-1.0663,0.025964,0.0339
-1.0688,0.024297,0.032
-1.0691,0.027544,0.0359
-1.0668,0.026745,0.0346
-1.0663,0.02397,0.0346
-1.0649,0.022797,0.0334
-1.0662,0.01989,0.0315
-1.0717,0.020937,0.0328
-1.0717,0.024373,0.0315
-1.0755,0.024849,0.0277
-1.0677,0.027524,0.0274
-1.0684,0.025885,0.0227
-1.0704,0.022535,0.0217
-1.076,0.021331,0.0215
-1.0808,0.023318,0.0218
-1.0811,0.022855,0.0255
-1.0764,0.026014,0.0251
-1.0748,0.025187,0.0215
-1.0786,0.021978,0.0161
-1.0796,0.020622,0.0102
-1.0801,0.020248,0.0136
-1.0806,0.022373,0.0121
-1.0818,0.021357,0.0096
-1.0827,0.018428,0.011
-1.0809,0.015205,0.0022
-1.0796,0.014416,-0.0002
-1.0841,0.012026,-0.0039
-1.0879,0.010581,-0.0056
-1.0934,0.013942,-0.0126
-1.0932,0.019127,-0.0121
-1.0913,0.018268,-0.0174
-1.0905,0.021202,-0.0165
-1.0914,0.019097,-0.0197
-1.0891,0.013945,-0.0236
-1.0855,0.0131,-0.0272
-1.098,0.01432,-0.0324
-1.097,0.014547,-0.0347
-1.0948,0.018079,-0.0395
-1.0964,0.020307,-0.043
-1.0977,0.018882,-0.0458
-1.0971,0.01787,-0.0458
-1.099,0.019021,-0.0507
-1.0982,0.016082,-0.0523
-1.1023,0.018366,-0.0579
-1.1008,0.016075,-0.0573
-1.1001,0.017037,-0.0573
-1.1031,0.016792,-0.0561
-1.1051,0.015564,-0.0607
-1.1089,0.018646,-0.0609
-1.105,0.020902,-0.0666
-1.1052,0.017762,-0.067
-1.1081,0.016803,-0.0666
-1.1122,0.015393,-0.0677
-1.1105,0.013903,-0.0686
-1.1113,0.013078,-0.0684
-1.1175,0.016519,-0.0694
-1.1153,0.013925,-0.0621
-1.1194,0.014157,-0.0666
-1.1137,0.013199,-0.0689
-1.1182,0.014751,-0.0689
-1.1188,0.008149,-0.0698
-1.1222,0.00935,-0.0749
-1.1281,0.010387,-0.0682
-1.1281,0.014887,-0.0679
-1.1284,0.016234,-0.0716
-1.1294,0.01771,-0.0711
-1.1311,0.016823,-0.0729
-1.1293,0.015686,-0.074
-1.1338,0.014339,-0.0759
-1.1316,0.011875,-0.0761
-1.1353,0.012287,-0.0725
-1.1372,0.014798,-0.0757
-1.1351,0.014783,-0.0733
-1.1397,0.017745,-0.0692
-1.14,0.01632,-0.0707
-1.1375,0.012861,-0.069
-1.1362,0.013231,-0.0739
-1.1396,0.013252,-0.0766
-1.1409,0.012231,-0.0779
-1.1436,0.01549,-0.0777
-1.1336,0.017719,-0.0709
-1.1382,0.018167,-0.0723
-1.136,0.01646,-0.0725
-1.139,0.015795,-0.0769
-1.1309,0.01551,-0.0793
-1.1297,0.016829,-0.0801
-1.1346,0.016789,-0.0796
-1.1408,0.019119,-0.0795
-1.1276,0.023969,-0.0778
-1.1227,0.022377,-0.0763
-1.1103,0.019969,-0.0832
-1.111,0.011678,-0.0816
-1.118,0.009474,-0.0795
-1.1206,0.013664,-0.0768
-1.1163,0.021021,-0.0759
-1.1058,0.027209,-0.0751
-1.0995,0.026208,-0.0773
-1.0836,0.019654,-0.0701
-1.078,0.013804,-0.072
-1.0843,0.01131,-0.0691
-1.0934,0.020507,-0.071
-1.0887,0.025299,-0.0661
-1.0686,0.034721,-0.0762
-1.0511,0.035086,-0.0784
-1.0462,0.020413,-0.0825
-1.0161,0.012862,-0.0755
-1.0292,0.009356,-0.0763
-1.0328,0.010289,-0.0756
-1.0299,0.016984,-0.0772
-1.0179,0.022497,-0.0779
-1.009,0.027641,-0.0741
-0.997,0.025233,-0.071
-0.9925,0.027109,-0.0719
-0.986,0.020986,-0.0726
-0.972,0.021933,-0.0714
-0.9773,0.027217,-0.0707
-0.9735,0.021154,-0.0699
-0.9669,0.019773,-0.0722
-0.9514,0.021615,-0.0699
-0.9462,0.017231,-0.0657
-0.9472,0.011852,-0.0671
-0.9411,0.014476,-0.0656
-0.937,0.014504,-0.0647
-0.9234,0.01311,-0.0663
-0.9195,0.013903,-0.0732
-0.9157,0.014913,-0.073
-0.9138,0.013108,-0.0736
-0.9083,0.012543,-0.0833
-0.904,0.017506,-0.0748
-0.9015,0.01684,-0.0764
-0.892,0.012079,-0.0879
-0.8829,0.014433,-0.0896
-0.8824,0.013393,-0.0934
-0.8819,0.011011,-0.1035
-0.8823,0.013153,-0.1119
-0.8722,0.014272,-0.118
-0.8625,0.015082,-0.118
-0.8533,0.015459,-0.1247
-0.8475,0.012714,-0.1334
-0.8455,0.011623,-0.1387
-0.8461,0.012397,-0.1405
-0.8396,0.011782,-0.1379
-0.8348,0.014077,-0.1353
-0.8235,0.015806,-0.1355
-0.8225,0.017387,-0.1306
-0.8121,0.013019,-0.1336
-0.7997,0.016357,-0.1293
-0.7824,0.016666,-0.1222
-0.7774,0.018485,-0.1121
-0.7659,0.013893,-0.0984
-0.7578,0.011867,-0.0866
-0.7475,0.016844,-0.0644
-0.7363,0.014934,-0.0535
-0.731,0.013297,-0.0448
-0.7149,0.013605,-0.0363
-0.7052,0.01336,-0.0298
-0.6944,0.013411,-0.0157
-0.6855,0.012878,-0.0059
-0.674,0.011975,0.0079
-0.6653,0.011983,0.0165
-0.6529,0.0131,0.0301
-0.6402,0.012202,0.0399
-0.6264,0.0099706,0.05
-0.6125,0.0078523,0.0588
-0.5967,0.0049738,0.0662
-0.5859,0.0053581,0.0702
-0.5765,0.0070131,0.0819
-0.5631,0.0056708,0.0858
-0.5566,0.0039191,0.0938
-0.5413,0.0037877,0.0938
-0.5302,0.0061497,0.0954
-0.5135,0.0074873,0.1035
-0.5058,0.0060784,0.1057
-0.4952,0.0058577,0.1021
-0.4864,0.0060922,0.098
-0.4776,0.0067983,0.0886
-0.4649,0.0087781,0.0854
-0.4569,0.0074867,0.0808
-0.445,0.0073476,0.0728
-0.4301,0.0077851,0.0633
-0.4177,0.007937,0.0529
-0.4057,0.0086679,0.041
-0.3925,0.0087459,0.0254
-0.3863,0.0079588,0.0189
-0.3674,0.0073525,0.0034
-0.3636,0.0090743,-0.0026
-0.3526,0.007573,-0.0199
-0.3331,0.0074238,-0.0443
-0.337,0.0068315,-0.052
-0.3102,0.0051932,-0.0748
-0.3178,0.0051303,-0.073
-0.3116,0.0042882,-0.0818
-0.2934,0.0058082,-0.1033
-0.3002,0.0070298,-0.1023
-0.2798,0.007372,-0.1256
-0.2825,0.0071347,-0.1302
-0.2692,0.0052451,-0.1421
-0.2493,0.0034893,-0.1596
-0.2567,0.0043737,-0.1578
-0.2414,0.010928,-0.1707
-0.2463,0.0065903,-0.1625
-0.2251,0.0050056,-0.1742
-0.2221,0.0086829,-0.1793
-0.2214,0.012724,-0.1883
-0.2158,0.014962,-0.1996
-0.2187,0.012745,-0.1993
-0.213,0.010925,-0.2053
-0.215,0.0061266,-0.1951
-0.2179,0.0026038,-0.2001
-0.2166,0.0051742,-0.2023
-0.2108,0.0090853,-0.2065
-0.2076,0.010029,-0.2176
-0.2088,0.015649,-0.2157
-0.2024,0.014432,-0.2308
-0.205,0.012226,-0.2371
-0.2051,0.0095763,-0.2505
-0.1981,0.0094809,-0.2609
-0.1986,0.009912,-0.2656
-0.1867,0.010179,-0.2788
-0.1899,0.011502,-0.2935
-0.1655,0.011439,-0.3023
-0.1787,0.010741,-0.3131
-0.1776,0.01344,-0.3235
-0.1575,0.016267,-0.3412
-0.1621,0.019162,-0.3507
-0.1399,0.020245,-0.382
-0.1428,0.021041,-0.3955
-0.1481,0.015085,-0.4139
-0.1385,0.015524,-0.4419
-0.1388,0.015645,-0.4549
-0.1191,0.01442,-0.4769
-0.1233,0.015385,-0.4984
-0.1254,0.016672,-0.5206
-0.1362,0.020469,-0.541
-0.1426,0.018996,-0.5611
-0.1397,0.020709,-0.5891
-0.1316,0.018017,-0.6115
-0.1216,0.024395,-0.6409
-0.1175,0.027072,-0.6732
-0.1147,0.030031,-0.7016
-0.1073,0.023859,-0.734
-0.1012,0.029229,-0.7566
-0.0908,0.030756,-0.7801
-0.0881,0.0317,-0.8023
-0.0856,0.031984,-0.832
-0.0808,0.033155,-0.8574
-0.0793,0.030985,-0.879
-0.0807,0.031667,-0.9017
-0.0819,0.035941,-0.9218
-0.0819,0.035184,-0.9453
-0.0851,0.036472,-0.9698
-0.0876,0.039455,-0.9932
-0.0868,0.03937,-1.0173
-0.0877,0.042072,-1.0401
-0.0847,0.040696,-1.0632
-0.0842,0.04142,-1.085
-0.082,0.040603,-1.1082
-0.0797,0.037569,-1.1378
-0.081,0.036335,-1.1574
-0.085,0.038996,-1.1779
-0.0841,0.043409,-1.1837
-0.0831,0.045133,-1.1848
-0.083,0.046286,-1.1777
-0.0765,0.044133,-1.1723
-0.0715,0.039117,-1.1709
-0.0691,0.039791,-1.1751
-0.062,0.039398,-1.1748
-0.0595,0.043862,-1.173
-0.061,0.04686,-1.1797
-0.0589,0.042938,-1.1759
-0.0595,0.044057,-1.1773
-0.056,0.042515,-1.1774
-0.0519,0.04227,-1.1766
-0.047,0.042339,-1.1752
-0.0424,0.043215,-1.1733
-0.0428,0.043201,-1.1683
-0.0407,0.0449,-1.1702
-0.0408,0.042202,-1.1625
-0.0413,0.043072,-1.1636
-0.0411,0.041883,-1.1584
-0.041,0.041275,-1.1587
-0.041,0.043418,-1.1564
-0.036,0.043828,-1.1541
-0.0338,0.044169,-1.1514
-0.0317,0.044973,-1.1479
-0.0289,0.041972,-1.1455
-0.0266,0.043165,-1.1447
-0.025,0.042202,-1.138
-0.0228,0.039686,-1.1357
-0.021,0.038703,-1.1324
-0.0202,0.03973,-1.1327
-0.0179,0.037373,-1.1307
-0.018,0.039846,-1.1321
-0.0188,0.03955,-1.1244
-0.02,0.038926,-1.1161
-0.0193,0.036085,-1.1139
-0.0223,0.033827,-1.1096
-0.024,0.031255,-1.1134
-0.0326,0.032932,-1.1083
-0.0379,0.033679,-1.1008
-0.048,0.033193,-1.0967
-0.0503,0.033081,-1.0972
-0.0513,0.036675,-1.0975
-0.0479,0.040172,-1.0981
-0.044,0.045679,-1.0977
-0.0486,0.048103,-1.0928
-0.0441,0.04825,-1.0843
-0.0516,0.045013,-1.0837
-0.0611,0.041575,-1.0849
-0.0587,0.042426,-1.0907
-0.0585,0.040205,-1.0944
-0.0561,0.042115,-1.0942
-0.0534,0.047904,-1.0974
-0.052,0.046518,-1.0903
-0.0555,0.050841,-1.0871
-0.0564,0.048067,-1.0848
-0.0598,0.0473,-1.0842
-0.0558,0.044939,-1.0812
-0.0533,0.045275,-1.0785
-0.0509,0.043844,-1.078
-0.047,0.04395,-1.0747
-0.0447,0.045378,-1.0766
-0.0436,0.045527,-1.0709
-0.0424,0.045139,-1.0682
-0.0398,0.045472,-1.0656
-0.0373,0.043104,-1.0614
-0.0355,0.041217,-1.0636
-0.0344,0.038657,-1.0604
-0.0314,0.041655,-1.055
-0.0318,0.041019,-1.0567
-0.0309,0.040888,-1.0511
-0.0294,0.043186,-1.0514
-0.0303,0.041642,-1.0437
-0.0309,0.041701,-1.0459
-0.0319,0.040855,-1.04
-0.0322,0.040232,-1.0377
-0.0344,0.041431,-1.0376
-0.037,0.041022,-1.0355
-0.0417,0.042323,-1.0303
-0.0438,0.042312,-1.0238
-0.0471,0.041276,-1.0299
-0.0502,0.04137,-1.0238
-0.0524,0.039893,-1.0206
-0.0535,0.039476,-1.0169
-0.0568,0.038504,-1.0136
-0.0577,0.039339,-1.0148
-0.0598,0.037535,-1.011
-0.0601,0.03771,-1.0058
-0.0631,0.035186,-1.0031
-0.0613,0.038874,-0.99833
-0.0609,0.039293,-1.0002
-0.0609,0.038247,-0.99577
-0.0585,0.037726,-0.99327
-0.0543,0.036858,-0.98771
-0.046,0.036526,-0.98412
-0.0387,0.035982,-0.98427
-0.0285,0.034599,-0.98073
-0.0169,0.034309,-0.97913
-0.0071,0.034077,-0.97606
0.0053,0.036579,-0.97261
0.0141,0.036824,-0.97075
0.0234,0.035107,-0.96331
0.0377,0.034512,-0.96373
0.0486,0.037224,-0.96203
0.0651,0.036915,-0.95928
0.0793,0.035666,-0.95783
0.0978,0.036986,-0.94951
0.1223,0.036435,-0.94851
0.14,0.035407,-0.94529
0.1656,0.037324,-0.94626
0.1807,0.035635,-0.94384
0.198,0.035758,-0.94035
0.2267,0.035701,-0.93777
0.241,0.033098,-0.93434
0.2698,0.030341,-0.9321
0.2866,0.031407,-0.92853
0.3101,0.029371,-0.92803
0.3402,0.027757,-0.92526
0.3584,0.030742,-0.91863
0.388,0.031432,-0.91935
0.4035,0.032903,-0.91161
0.4288,0.032171,-0.90338
0.4633,0.035384,-0.90105
0.4813,0.033227,-0.89354
0.5079,0.030254,-0.88414
0.5244,0.033662,-0.87915
0.5476,0.03339,-0.87154
0.5654,0.023906,-0.86838
0.5885,0.022255,-0.86915
0.6059,0.022045,-0.86444
0.6241,0.02216,-0.86285
0.6341,0.022054,-0.85919
0.6411,0.021532,-0.85963
0.6502,0.018828,-0.86478
0.6542,0.017573,-0.86783
0.6589,0.014446,-0.871
0.6681,0.014786,-0.87567
0.6702,0.013654,-0.87777
0.6778,0.014645,-0.88277
0.6814,0.013618,-0.88601
0.6922,0.013902,-0.90169
0.6711,0.013314,-0.87355
0.6748,0.01308,-0.886
0.6774,0.011849,-0.89499
0.6677,0.010473,-0.89466
0.6599,0.010567,-0.89886
0.6525,0.012688,-0.90299
0.6419,0.012452,-0.9017
0.6345,0.013751,-0.90625
0.6257,0.014642,-0.90953
0.6168,0.016281,-0.91395
0.603,0.016028,-0.91626
0.5955,0.016585,-0.92442
0.583,0.01821,-0.92086
0.5777,0.019734,-0.9217
0.5779,0.019769,-0.92066
0.5741,0.017473,-0.91601
0.5725,0.018487,-0.91482
0.5674,0.018802,-0.91152
0.5604,0.016646,-0.90897
0.5576,0.016977,-0.90716
0.554,0.018229,-0.90184
0.552,0.017024,-0.89944
0.5498,0.017355,-0.89399
0.5489,0.017557,-0.89352
0.5444,0.018255,-0.89011
0.5388,0.016837,-0.88147
0.5382,0.015716,-0.88133
0.5335,0.016592,-0.87211
0.5286,0.017426,-0.86192
0.5204,0.017011,-0.84522
0.5084,0.018169,-0.82507
0.5016,0.018175,-0.8016
0.4902,0.015082,-0.77882
0.4801,0.01297,-0.74996
0.4716,0.012132,-0.72468
0.4632,0.012356,-0.69954
0.4571,0.010327,-0.6753
0.4477,0.009632,-0.6464
0.4323,0.009934,-0.61982
0.4236,0.009849,-0.5941
0.4098,0.00915,-0.56817
0.4005,0.008694,-0.54585
0.398,0.00796,-0.53913
0.3672,0.006884,-0.48965
0.3698,0.007495,-0.48571
0.3631,0.007458,-0.46787
0.3576,0.006949,-0.4484
0.3544,0.007272,-0.43132
0.3551,0.006603,-0.41725
0.3526,0.00227,-0.39994
0.3506,0.002499,-0.38893
0.3492,0.002664,-0.37421
0.3431,0.001484,-0.35727
0.3434,-0.001481,-0.34119
0.3348,-0.003463,-0.31707
0.3328,-0.002452,-0.30031
0.3333,-0.002131,-0.27699
0.3208,-0.001743,-0.25333
0.3189,-0.007099,-0.22522
0.2999,-0.006585,-0.2003
0.2894,-0.005993,-0.17648
0.2744,-0.005681,-0.15543
0.2586,-0.00426,-0.14381
0.2617,-0.007853,-0.13672
0.2587,-0.007113,-0.13025
0.2615,-0.004135,-0.12257
0.2723,-0.005211,-0.10882
0.2656,-0.00553,-0.09641
0.2717,-0.007068,-0.08609
0.2629,-0.005911,-0.08194
0.262,-0.007104,-0.07414
0.2732,-0.010912,-0.06321
0.273,-0.010635,-0.05793
0.2907,-0.00906,-0.05211
0.2937,-0.009107,-0.05167
0.3135,-0.012879,-0.0441
0.3176,-0.013533,-0.03906
0.3296,-0.013721,-0.03189
0.3495,-0.010536,-0.02167
0.3534,-0.01154,-0.01734
0.3777,-0.013629,-0.00357
0.3826,-0.014873,0.00164
0.3991,-0.015754,0.02002
0.4263,-0.015045,0.03627
0.4377,-0.014772,0.0477
0.4655,-0.015648,0.05966
0.4793,-0.016271,0.06967
0.5103,-0.016379,0.08288
0.5127,-0.015982,0.09395
0.5399,-0.014995,0.11182
0.5629,-0.014088,0.13194
0.5792,-0.01468,0.14987
0.598,-0.013825,0.16846
0.6179,-0.016576,0.18435
0.6359,-0.018417,0.20768
0.6584,-0.015268,0.23018
0.6624,-0.014649,0.25743
0.6754,-0.016061,0.28147
0.6845,-0.016334,0.30938
0.6951,-0.015071,0.32961
0.6984,-0.02193,0.36592
0.7091,-0.027944,0.39856
0.7225,-0.03045,0.42442
0.7291,-0.031462,0.45052
0.7371,-0.031058,0.47022
0.745,-0.03034,0.49233
0.7539,-0.028655,0.50977
0.7673,-0.030408,0.52693
0.7803,-0.031922,0.53865
0.7938,-0.03161,0.54547
0.8037,-0.03388,0.54867
0.8523,-0.03372,0.57638
0.7938,-0.03237,0.53411
0.8429,-0.036468,0.56561
0.8626,-0.038925,0.57989
0.8702,-0.036056,0.58252
0.882,-0.03667,0.58837
0.9004,-0.037105,0.59658
0.9086,-0.03676,0.59982
0.9226,-0.03844,0.60489
0.9347,-0.04148,0.60859
0.9499,-0.043236,0.61376
0.9684,-0.042084,0.62173
0.9782,-0.040553,0.6218
0.9869,-0.03425,0.61602
0.9996,-0.03624,0.61426
1.0147,-0.037356,0.61159
1.0247,-0.036403,0.60847
1.0348,-0.037072,0.60393
1.0413,-0.037179,0.60234
1.0396,-0.037418,0.59549
1.048,-0.039045,0.59145
1.0562,-0.039583,0.58606
1.0634,-0.039492,0.57737
1.0708,-0.03949,0.56981
1.0718,-0.038544,0.55621
1.0755,-0.036059,0.55085
1.0778,-0.035465,0.54691
1.0791,-0.03089,0.53722
1.0756,-0.031891,0.53748
1.0687,-0.033624,0.51681
1.0693,-0.033792,0.51726
1.0738,-0.03981,0.52202
1.0729,-0.041083,0.52444
1.0689,-0.036479,0.5253
1.0649,-0.035294,0.52503
1.0729,-0.035874,0.52398
1.0738,-0.03699,0.5216
1.0684,-0.039125,0.51399
1.0737,-0.042144,0.51949
1.0746,-0.046263,0.52167
1.0802,-0.047954,0.52689
1.0789,-0.046783,0.52324
1.0794,-0.045813,0.52054
1.0789,-0.045771,0.51809
1.0759,-0.047416,0.51734
1.0747,-0.047208,0.51625
1.0757,-0.048015,0.51894
1.0746,-0.046453,0.51957
1.0774,-0.044499,0.51908
1.0685,-0.040491,0.51085
1.063,-0.041247,0.50813
1.0589,-0.043726,0.50876
1.0562,-0.044865,0.51226
1.0518,-0.045529,0.51207
1.0521,-0.045827,0.51321
1.0425,-0.044511,0.51162
1.0363,-0.045304,0.51149
1.0344,-0.043211,0.51148
1.0343,-0.041091,0.51025
1.0382,-0.040413,0.50381
1.0271,-0.033684,0.48787
1.0251,-0.03396,0.4757
1.0289,-0.038446,0.46603
1.0371,-0.041426,0.4548
1.047,-0.03932,0.44348
1.0535,-0.033805,0.43237
1.0499,-0.031279,0.41537
1.0389,-0.032328,0.39982
1.0535,-0.03554,0.39823
1.0622,-0.033461,0.38963
1.0613,-0.03243,0.39248
1.0502,-0.031105,0.38994
1.0507,-0.031768,0.37401
1.0575,-0.039668,0.37911
1.061,-0.041213,0.37203
1.0653,-0.03818,0.3675
1.0648,-0.037204,0.36463
1.0629,-0.03582,0.3659
1.0669,-0.03582,0.37358
1.0619,-0.033192,0.37365
1.0601,-0.035283,0.3651
1.0565,-0.037198,0.35421
1.0556,-0.044381,0.34324
1.0771,-0.050667,0.33426
1.0771,-0.050356,0.32587
1.0801,-0.046153,0.31998
1.08,-0.043172,0.31261
1.0808,-0.042386,0.30357
1.083,-0.042531,0.29224
1.0828,-0.042745,0.28225
1.09,-0.0417,0.27449
1.0909,-0.041161,0.26807
1.0963,-0.039686,0.2602
1.0975,-0.038574,0.25323
1.097,-0.036414,0.24457
1.0978,-0.035665,0.23778
1.0967,-0.038492,0.23251
1.0961,-0.037965,0.22967
1.0949,-0.038809,0.22811
1.0975,-0.036612,0.22831
1.1266,-0.034397,0.23127
1.0578,-0.027926,0.21225
1.0884,-0.027059,0.21252
1.085,-0.028153,0.20965
1.0861,-0.028051,0.20584
1.0853,-0.028255,0.20519
1.0812,-0.02464,0.20173
1.0784,-0.026069,0.20123
1.0782,-0.026436,0.20035
1.0762,-0.027727,0.19696
1.0793,-0.026299,0.19317
1.0725,-0.026459,0.18702
1.0754,-0.025635,0.18616
1.069,-0.025349,0.18266
1.0666,-0.025836,0.17871
1.064,-0.02713,0.1774
1.0652,-0.028146,0.17698
1.0652,-0.027959,0.17512
1.0609,-0.02584,0.17661
1.0552,-0.026746,0.16826
1.0502,-0.02584,0.16937
1.0532,-0.02561,0.16589
1.05,-0.02915,0.16136
1.0372,-0.032495,0.15648
1.0398,-0.032293,0.15655
1.0389,-0.033492,0.15661
1.0414,-0.033192,0.15174
1.0375,-0.031326,0.14552
1.0301,-0.030952,0.14284
1.0244,-0.030853,0.13558
1.0203,-0.033054,0.13222
1.0247,-0.034179,0.13115
1.0191,-0.034893,0.12925
1.0152,-0.035097,0.12409
1.0165,-0.035661,0.12124
1.0142,-0.033224,0.12109
1.0037,-0.032476,0.1169
0.98724,-0.030599,0.113
0.98618,-0.0307,0.11174
0.9769,-0.032544,0.11134
0.96692,-0.030931,0.10627
0.95923,-0.03159,0.10593
0.94385,-0.031987,0.10353
0.92893,-0.032095,0.10014
0.91674,-0.030603,0.097851
0.90943,-0.028621,0.094208
0.90035,-0.027184,0.091702
0.89003,-0.022816,0.089646
0.8759,-0.018753,0.088462
0.86666,-0.016618,0.085478
0.83336,-0.016309,0.081268
0.82084,-0.014881,0.079283
0.80061,-0.017449,0.078629
0.7793,-0.019516,0.07544
0.76136,-0.020097,0.071068
0.74293,-0.019767,0.066492
0.72664,-0.019991,0.067883
0.70928,-0.020353,0.068792
0.69183,-0.019015,0.068847
0.67152,-0.015376,0.065422
0.65441,-0.014524,0.063607
0.6374,-0.016287,0.06465
0.61805,-0.015675,0.060553
0.60533,-0.012832,0.0551
0.58942,-0.013938,0.049425
0.57432,-0.015638,0.046113
0.55695,-0.016221,0.041557
0.53924,-0.014751,0.038665
0.51551,-0.01511,0.037378
0.49448,-0.015677,0.038864
0.47233,-0.016318,0.037051
0.44574,-0.017652,0.034555
0.41813,-0.015978,0.031438
0.39436,-0.015224,0.029858
0.37274,-0.014373,0.030569
0.35203,-0.010677,0.025994
0.32787,-0.011099,0.025267
0.30913,-0.012172,0.027385
0.29531,-0.011922,0.028814
0.28254,-0.013162,0.030445
0.27398,-0.013937,0.035122
0.26358,-0.012208,0.036467
0.25545,-0.010294,0.037504
0.25016,-0.010276,0.040906
0.24693,-0.010723,0.046511
0.24312,-0.012031,0.056334
0.23891,-0.012113,0.065408
0.23362,-0.010923,0.069211
0.21866,-0.0089962,0.064925
0.18779,-0.005284,0.057009
0.14883,-0.0038887,0.042232
0.10275,-0.0024246,0.03341
0.068161,-0.0017949,0.025014
0.037724,-0.0005299,0.016087
0.007588,0.0007474,0.004674
-0.015122,-0.000952,-0.003276
-0.012167,-0.0039012,-0.003885
-0.001969,-0.0020883,0.001605
0.00037,0.0026284,0.001444
-0.000508,0.0033975,0.000575
0.002076,0.0006638,0.000625
0.002055,-5.84e-05,0.000318
-0.000952,0.0002814,-0.003145
-0.000911,-0.0013741,-0.0031
0.001807,-0.001582,-0.002898
0.000606,-0.0014683,-0.002922
-0.000952,-0.0010822,-0.002459
0.000666,-0.0020478,-0.002612
0.00268,-0.0017451,-0.002321
0.000541,-0.0012343,-0.00226
0.001088,-0.001095,-0.003473
0.000803,0.0001029,-0.001889
0.002616,-0.0026765,-0.003056
0.000637,-0.0005945,-0.002457
0.002231,-0.0010458,-0.002633
0.001649,-0.0004564,-0.001238
0.001804,-0.0015418,-0.001517
0.001646,-0.0019179,-0.001644
0.002446,-0.0021673,-0.001711
0.001476,-0.0015681,-0.001574
0.00118,-0.0012015,-0.001838
0.001755,-0.0004645,-0.001499
0.001649,-0.0007836,-0.00138
0.001622,-0.0017728,-0.002355
0.001549,-0.0006231,-0.001326
0.001593,-0.0008638,-0.001993
0.00128,-0.0011033,-0.001212
0.001857,-0.0028989,-0.001772
0.001245,-0.0006046,-0.000988
0.001679,-0.0023673,-0.002321
0.001057,-0.0013234,-0.001501
0.001448,-0.0015628,-0.000489
0.001068,-0.0006378,-0.000849
0.001092,-0.0003293,-0.001304
0.000806,-0.0005278,-0.000826
0.000779,0.0005776,-0.00021
0.000482,0.0012286,-0.000661
0.000494,0.0014356,-0.000949
0.000547,0.0010768,-0.001286
0.000202,0.0005763,-0.001337
0.000368,0.0009969,-0.001554
0.000608,0.0005593,-0.001273
0.00062,0.0005448,-0.000995
0.000551,0.0002919,-0.00073
0.000367,0.0007524,-0.000759
0.000325,-0.0002221,-0.000689
-3e-06,-0.0010925,0.000351
-3.2e-05,-0.0006136,-0.000655
0.000104,-0.0018266,-1.4e-05
0.000259,-0.0006036,-0.000267
-5.3e-05,-0.0022245,-4.8e-05
4.2424e-16,-0.0009881,-0.000142
-7e-05,-0.0013224,0.001125
0.000309,-0.0015677,-0.000201
0.000477,-0.0013289,-0.000363
-0.000155,-0.0010001,0.001243
0.000273,-0.0004978,0.002171
0.002864,0.0006637,0.002697
0.006023,0.0005975,0.00311
0.00927,-0.0009061,0.004816
0.012285,-0.0018927,0.006918
0.014633,-0.0027814,0.008461
0.016746,-0.0022184,0.008682
0.018817,-0.0017856,0.009661
0.022669,-0.0018623,0.010096
0.031785,-0.0024835,0.015719
0.046587,-0.0027049,0.020445
0.067464,-0.004521,0.029115
0.089018,-0.0054993,0.037017
0.11316,-0.0062945,0.049145
0.13556,-0.0078572,0.060537
0.15518,-0.0077265,0.072049
0.17913,-0.0074413,0.083804
0.20009,-0.0080815,0.097959
0.21977,-0.010931,0.11874
0.23744,-0.010717,0.13633
0.25294,-0.011174,0.15251
0.26101,-0.014848,0.18152
0.2706,-0.017365,0.20421
0.27839,-0.01988,0.22791
0.28341,-0.02105,0.25127
0.28671,-0.015667,0.2726
0.28989,-0.011808,0.29904
0.28582,-0.012826,0.32524
0.2812,-0.013967,0.34799
0.2792,-0.015773,0.38169
0.27912,-0.015844,0.41079
0.27321,-0.013646,0.44626
0.26311,-0.012948,0.47523
0.24621,-0.0079033,0.50449
0.23458,-0.013036,0.53987
0.23327,-0.013546,0.57105
0.22323,-0.0094848,0.60273
0.20543,-0.0061414,0.63252
0.19625,-0.011684,0.65633
0.18614,-0.011322,0.68619
0.16941,-0.0097604,0.71266
0.13853,-0.010861,0.74332
0.11841,-0.015171,0.76576
0.099462,-0.01509,0.79259
0.078776,-0.017944,0.814
0.057596,-0.01816,0.83386
0.037775,-0.02095,0.86149
0.020896,-0.023412,0.88147
0.0074571,-0.027695,0.90794
-0.0021195,-0.027954,0.92557
-0.0084223,-0.028505,0.9506
-0.013794,-0.029061,0.97093
-0.017252,-0.028597,0.99722
-0.018506,-0.029415,1.0181
-0.019276,-0.028549,1.0374
-0.018506,-0.028199,1.0611
-0.015832,-0.02886,1.0825
-0.015365,-0.029283,1.1087
-0.018464,-0.028001,1.1257
-0.019442,-0.026086,1.1404
-0.022919,-0.025957,1.1466
-0.023349,-0.025907,1.1472
-0.025409,-0.026563,1.1494
-0.025391,-0.026901,1.1501
-0.029086,-0.026371,1.1492
-0.030357,-0.026844,1.1482
-0.034387,-0.031359,1.1391
-0.035929,-0.031288,1.1421
-0.036267,-0.033539,1.1424
-0.039215,-0.032927,1.1465
-0.035444,-0.031427,1.1437
-0.03414,-0.029546,1.1355
-0.038569,-0.029978,1.1344
-0.034904,-0.028208,1.1298
-0.035637,-0.0329,1.125
-0.033096,-0.035029,1.1223
-0.031793,-0.037308,1.1174
-0.031188,-0.038083,1.1225
-0.031542,-0.036202,1.1249
-0.032105,-0.031459,1.1236
-0.031652,-0.026266,1.1167
-0.028467,-0.026141,1.111
-0.025377,-0.024195,1.1041
-0.031469,-0.032077,1.1019
-0.034356,-0.034791,1.099
-0.032651,-0.037655,1.0978
-0.037472,-0.040628,1.1062
-0.036878,-0.040132,1.0981
-0.03101,-0.033338,1.0946
-0.029466,-0.030737,1.0939
-0.029441,-0.032582,1.0882
-0.030128,-0.030587,1.0872
-0.030508,-0.029982,1.0852
-0.031395,-0.030369,1.0785
-0.032148,-0.030697,1.0737
-0.034662,-0.031636,1.0683
-0.037665,-0.032573,1.073
-0.038163,-0.032065,1.0711
-0.038967,-0.029334,1.0714
-0.040508,-0.027234,1.0625
-0.040739,-0.024401,1.058
-0.039321,-0.022253,1.0597
-0.040923,-0.024552,1.0562
-0.040396,-0.026202,1.0506
-0.040736,-0.022543,1.0463
-0.042356,-0.023662,1.0526
-0.043566,-0.023124,1.0484
-0.042707,-0.023079,1.0428
-0.041352,-0.022798,1.039
-0.039008,-0.022487,1.0373
-0.036559,-0.023459,1.037
-0.037011,-0.024092,1.0344
-0.035639,-0.023077,1.0313
-0.036153,-0.020546,1.03
-0.034465,-0.022487,1.0268
-0.031154,-0.025562,1.0252
-0.028119,-0.025662,1.0153
-0.026056,-0.025698,1.0125
-0.024262,-0.030106,1.0142
-0.023952,-0.035824,1.0192
-0.019213,-0.032017,1.0205
-0.014207,-0.029341,1.0164
-0.008517,-0.026312,1.0083
-0.005395,-0.025861,0.9941
-0.003834,-0.033798,0.9899
-0.004059,-0.038508,0.9936
-0.007638,-0.044249,0.9988
-0.010444,-0.044615,1.0061
-0.008459,-0.042167,1.0127
-0.010207,-0.036926,1.0239
-0.011446,-0.033211,1.0322
-0.005197,-0.026891,1.0387
-0.010155,-0.020961,1.0499
-0.01184,-0.016447,1.059
-0.010392,-0.016461,1.0716
-0.012513,-0.010835,1.0719
-0.01055,-0.014851,1.0813
-0.017163,-0.02164,1.0841
-0.015918,-0.028696,1.0883
-0.015772,-0.036178,1.0976
-0.021647,-0.04066,1.1163
-0.022076,-0.039754,1.1269
-0.021633,-0.034731,1.1337
-0.023623,-0.03514,1.1351
-0.026524,-0.037766,1.1432
-0.026041,-0.036539,1.1485
-0.029921,-0.037576,1.1569
-0.030737,-0.036345,1.1565
-0.033934,-0.035015,1.1557
-0.035241,-0.035474,1.1564
-0.03698,-0.035204,1.1497
-0.037501,-0.036181,1.1486
-0.039978,-0.033974,1.1446
-0.042236,-0.034305,1.1501
-0.041974,-0.032564,1.142
-0.04277,-0.032868,1.1389
-0.042476,-0.033346,1.1336
-0.040614,-0.032099,1.1328
-0.040682,-0.032045,1.1356
-0.041613,-0.028253,1.1318
-0.04621,-0.024756,1.1237
-0.048574,-0.024631,1.1165
-0.05137,-0.02657,1.1094
-0.046993,-0.03216,1.1029
-0.046994,-0.035986,1.0955
-0.043319,-0.034819,1.086
-0.039927,-0.036347,1.0777
-0.0396,-0.035777,1.0649
-0.037396,-0.037242,1.0624
-0.037245,-0.03269,1.0562
-0.035172,-0.034413,1.0497
-0.033993,-0.031698,1.0426
-0.031336,-0.032466,1.0325
-0.027328,-0.031666,1.0292
-0.027368,-0.033839,1.0261
-0.029707,-0.035866,1.0178
-0.017788,-0.029537,1.0136
-0.017329,-0.034271,1.0127
-0.016331,-0.030565,1.0133
-0.017245,-0.0283,1.0089
-0.020678,-0.029238,1.003
-0.02422,-0.030279,0.9982
-0.026824,-0.031696,1.0108
-0.024583,-0.03385,1.0164
-0.024131,-0.034889,1.0204
-0.021271,-0.024848,1.0227
-0.014982,-0.028024,1.0297
-0.015025,-0.025579,1.0351
-0.025481,-0.021958,1.0421
-0.022955,-0.015257,1.0543
-0.023484,-0.009638,1.0544
-0.026983,-0.00837,1.0496
-0.035216,-0.011242,1.0559
-0.033498,-0.014052,1.0608
-0.039559,-0.022092,1.0706
-0.036803,-0.026319,1.0795
-0.039149,-0.032282,1.0872
-0.030269,-0.032772,1.0964
-0.027878,-0.034428,1.1014
-0.034086,-0.035812,1.1075
-0.031591,-0.035266,1.1129
-0.039211,-0.038102,1.1227
-0.034701,-0.032605,1.123
-0.031397,-0.030253,1.126
-0.027701,-0.032307,1.125
-0.026769,-0.033307,1.1166
-0.026284,-0.037324,1.1163
-0.025944,-0.03874,1.1219
-0.031224,-0.041481,1.1208
-0.03206,-0.036685,1.1155
-0.027661,-0.033318,1.1082
-0.028013,-0.035024,1.1094
-0.02543,-0.038185,1.1076
-0.022638,-0.037026,1.0991
-0.027753,-0.031035,1.0983
-0.02401,-0.033357,1.0913
-0.030309,-0.030399,1.086
-0.025027,-0.026076,1.0723
-0.022811,-0.02594,1.0562
-0.019522,-0.024775,1.0397
-0.02667,-0.028912,1.0197
-0.025015,-0.030391,0.9981
-0.025034,-0.033579,0.9803
-0.027438,-0.033252,0.9745
-0.021034,-0.031655,0.9593
-0.021626,-0.032664,0.9534
-0.017743,-0.029518,0.9457
-0.021805,-0.032141,0.941
-0.020874,-0.032492,0.9398
-0.014876,-0.032996,0.9339
-0.017272,-0.031592,0.9346
-0.014169,-0.031472,0.9298
-0.012247,-0.031494,0.9281
-0.009832,-0.031994,0.9262
-0.011187,-0.032259,0.9242
-0.012746,-0.030907,0.9247
-0.015768,-0.0326,0.9244
-0.000742,-0.029382,0.9269
-0.006368,-0.036651,0.9217
-0.011477,-0.038657,0.9173
-0.001709,-0.03855,0.9217
-0.008963,-0.044135,0.9298
-0.024398,-0.050097,0.9415
-0.028647,-0.044178,0.941
-0.038358,-0.039073,0.957
-0.049834,-0.032667,0.9644
-0.05549,-0.024141,0.9689
-0.05583,-0.016418,0.9729
-0.060023,-0.016695,0.9784
-0.074113,-0.016332,0.9895
-0.063803,-0.018981,0.998
-0.05194,-0.022144,1.0113
-0.050315,-0.019729,1.0224
-0.046429,-0.025993,1.0326
-0.041469,-0.024341,1.0448
-0.046037,-0.029143,1.0517
-0.050505,-0.032814,1.0667
-0.052733,-0.037509,1.0801
-0.05398,-0.036168,1.0966
-0.054012,-0.035102,1.1128
-0.048846,-0.029992,1.1232
-0.047441,-0.027192,1.1348
-0.045943,-0.030077,1.1429
-0.043231,-0.030913,1.1517
-0.041509,-0.037486,1.1631
-0.047199,-0.039796,1.1757
-0.048514,-0.034881,1.1811
-0.042492,-0.029889,1.1818
-0.043782,-0.031234,1.1767
-0.043109,-0.029022,1.1762
-0.042924,-0.029629,1.1708
-0.046329,-0.034352,1.1647
-0.038605,-0.03418,1.1605
-0.041472,-0.040409,1.1596
-0.037441,-0.044287,1.1583
-0.033882,-0.042474,1.1577
-0.036473,-0.041007,1.1597
-0.041854,-0.03703,1.1532
-0.041571,-0.033545,1.1461
-0.045722,-0.034392,1.1341
-0.04308,-0.041399,1.1344
-0.043577,-0.042329,1.1271
-0.033909,-0.04328,1.117
-0.035234,-0.034506,1.1065
-0.037187,-0.034737,1.0981
-0.040938,-0.030818,1.0768
-0.043415,-0.029487,1.0614
-0.043748,-0.031598,1.0457
-0.043812,-0.032743,1.0334
-0.043746,-0.031912,1.0178
-0.04374,-0.028817,1.0054
-0.044909,-0.025771,0.9875
-0.044122,-0.022811,0.9661
-0.046449,-0.017239,0.9467
-0.04753,-0.017313,0.9362
-0.046306,-0.018284,0.9344
-0.043458,-0.01881,0.9335
-0.043959,-0.017473,0.9343
-0.044294,-0.017322,0.929
-0.04151,-0.013044,0.9287
-0.044087,-0.01894,0.9232
-0.043541,-0.020814,0.916
-0.041701,-0.023895,0.9179
-0.03778,-0.024721,0.9183
-0.03715,-0.029882,0.9204
-0.035796,-0.032846,0.9266
-0.02694,-0.031166,0.9314
-0.01672,-0.029728,0.9345
-0.017594,-0.024924,0.9403
-0.016518,-0.024816,0.9404
-0.014197,-0.022249,0.9514
-0.010648,-0.01938,0.9559
-0.005747,-0.016496,0.971
-0.005417,-0.017299,0.9745
0.000494,-0.012554,0.9794
0.001887,-0.018873,0.9885
0.011644,-0.02027,1.0114
0.012729,-0.023395,1.0185
0.01971,-0.023766,1.0249
0.021955,-0.028145,1.0245
0.024721,-0.032108,1.0316
0.029153,-0.03837,1.0552
0.0279,-0.039861,1.0665
0.037203,-0.032156,1.0643
0.042213,-0.031176,1.0669
0.047669,-0.03554,1.0717
0.050376,-0.040499,1.084
0.055772,-0.043731,1.0899
0.06033,-0.042874,1.0984
0.06367,-0.036949,1.1075
0.071466,-0.034288,1.1178
0.078531,-0.028175,1.1215
0.083618,-0.027558,1.1238
0.094852,-0.023627,1.1319
0.095483,-0.029854,1.1341
0.09421,-0.028509,1.1376
0.094525,-0.035912,1.1522
0.096627,-0.03672,1.1625
0.095498,-0.038304,1.1727
0.099281,-0.037809,1.1787
0.099551,-0.041623,1.1936
0.097868,-0.049164,1.2019
0.0975,-0.050225,1.2016
0.098702,-0.047829,1.2027
0.099917,-0.045029,1.2033
0.096343,-0.046808,1.2063
0.091989,-0.045897,1.1996
0.092589,-0.040286,1.191
0.086695,-0.043572,1.1886
0.085416,-0.045885,1.1817
0.081866,-0.05913,1.1903
0.083466,-0.05138,1.1824
0.080425,-0.05355,1.1811
0.077393,-0.04873,1.1718
0.07088,-0.05563,1.1667
0.070734,-0.05377,1.1683
0.069166,-0.05402,1.164
0.070418,-0.04951,1.157
0.067672,-0.05151,1.1451
0.069197,-0.05003,1.1389
0.069773,-0.0502,1.1453
0.062802,-0.04561,1.1461
0.056369,-0.03492,1.1392
0.056293,-0.03009,1.1272
0.050584,-0.02781,1.12
0.045718,-0.03409,1.1088
0.050197,-0.03457,1.1055
0.048203,-0.04079,1.1079
0.049036,-0.03558,1.1048
0.049449,-0.03188,1.0992
0.049882,-0.03158,1.0894
0.047145,-0.0327,1.0785
