0.0034997,-0.0097893,0.56535
-0.0014329,-0.012075,0.56227
-0.0075016,-0.017676,0.56168
-0.0047145,-0.015822,0.56216
-0.0016494,-0.011923,0.56487
-0.0046972,-0.01217,0.57437
-0.0064243,-0.014094,0.57944
-0.008179,-0.020335,0.58701
-0.0071291,-0.017957,0.59455
-0.010074,-0.016463,0.60121
-0.0087372,-0.01049,0.61306
-0.0086515,-0.0077868,0.62614
-0.0097409,-0.0055806,0.64845
-0.0081573,-0.0093937,0.66493
-0.0073378,-0.018339,0.67656
-0.0099811,-0.022379,0.68374
-0.010963,-0.015024,0.69206
-0.0055177,-0.0043731,0.71084
0.00013382,0.00048404,0.73437
0.0060711,0.00087102,0.7604
0.0046797,-0.0056736,0.77661
0.002792,-0.011439,0.78889
0.005873,-0.010645,0.80367
0.0027281,-0.0090803,0.82133
0.0073694,-0.0083849,0.83296
0.013038,-0.010659,0.84624
0.017508,-0.013103,0.85979
0.0073543,-0.0080603,0.88174
0.0075061,-0.0081578,0.90115
0.0061249,-0.011992,0.92034
0.0069765,-0.015274,0.93461
0.0025455,-0.015019,0.95331
0.0075548,-0.012793,0.97186
0.0029744,-0.013075,0.97628
0.0025249,-0.013354,0.98308
0.0027947,-0.013928,0.9879
0.001489,-0.014997,1.0016
0.0016806,-0.015231,1.0078
0.0013355,-0.017019,1.0147
0.0027234,-0.018433,1.0214
0.00057538,-0.016313,1.029
0.001062,-0.016686,1.0365
0.0023862,-0.016178,1.0475
0.0016498,-0.017688,1.0555
0.001252,-0.019396,1.0633
-0.00071367,-0.022225,1.0631
0.008074,-0.016357,1.0719
0.014868,-0.011341,1.0755
0.0057706,-0.018832,1.0769
0.0028996,-0.022709,1.0779
0.00097362,-0.024499,1.0759
-0.00019825,-0.028017,1.0745
-0.0047183,-0.021042,1.0655
-0.0081613,-0.013042,1.0626
-0.0056124,-0.013815,1.0733
-0.0026576,-0.012892,1.0791
-0.0033632,-0.013739,1.0771
0.0015454,-0.013669,1.0765
-0.0020855,-0.016445,1.0791
-8.9133e-05,-0.013482,1.0708
-0.0047378,-0.0096915,1.0737
-0.0031322,-0.01259,1.0745
-0.0087628,-0.012706,1.0668
-0.0037737,-0.014177,1.0721
-0.0077206,-0.011457,1.0716
-0.0031009,-0.0081263,1.0869
-0.0054078,-0.0084796,1.0858
-0.0016164,-0.014028,1.0832
0.0023815,-0.01067,1.0792
0.0036746,-0.0092631,1.078
-0.0018368,-0.011408,1.0794
0.00054404,-0.0083821,1.0818
-0.0019386,-0.0048918,1.0851
-0.0061947,-0.0072707,1.0924
-0.0029829,-0.010114,1.0889
0.0012448,-0.0078936,1.0857
0.003303,-0.010899,1.0878
0.0025228,-0.010451,1.084
0.00079082,-0.016657,1.0841
-0.0030938,-0.021566,1.0799
-0.0017584,-0.022164,1.0745
-0.0050431,-0.020682,1.0694
-0.0051641,-0.018045,1.0691
-0.01078,-0.020326,1.0656
-0.0084899,-0.020185,1.0712
-0.0089541,-0.022769,1.0662
-0.0061942,-0.020264,1.0613
-0.0051408,-0.019181,1.0552
-0.0040604,-0.019033,1.0476
-0.0035292,-0.014436,1.0395
-0.0016166,-0.015886,1.0255
-0.0022112,-0.014244,1.0114
-0.0048873,-0.017222,0.99426
-0.0049417,-0.02052,0.97261
-0.0084258,-0.024864,0.95345
-0.0071448,-0.024582,0.93105
-0.0093876,-0.024276,0.90618
-0.0064012,-0.022575,0.88552
-0.01211,-0.029825,0.86202
-0.010058,-0.025235,0.83964
-0.013336,-0.025227,0.81481
-0.011612,-0.021855,0.78674
-0.015962,-0.026708,0.7606
-0.015287,-0.027884,0.72795
-0.013914,-0.027289,0.69874
-0.013712,-0.021892,0.66604
-0.011456,-0.022819,0.63822
-0.0089028,-0.022891,0.60687
-0.0089668,-0.021896,0.5849
-0.0083355,-0.024044,0.56393
-0.0030304,-0.021889,0.53934
0.0028446,-0.019102,0.51758
0.0077221,-0.016411,0.49464
0.008107,-0.023313,0.47378
0.010725,-0.021866,0.45041
0.013409,-0.024609,0.43131
0.018491,-0.019507,0.42072
0.021471,-0.022605,0.41175
0.027953,-0.014984,0.40127
0.03209,-0.018659,0.39981
0.035862,-0.010793,0.38669
0.039159,-0.014548,0.38652
0.04387,-0.013457,0.37326
0.047197,-0.01573,0.37722
0.050726,-0.01084,0.36181
0.046041,-0.013826,0.36565
0.04591,-0.009317,0.36198
0.052865,-0.0084761,0.34996
0.053538,-0.0067893,0.35671
0.059969,-0.0076989,0.34031
0.054416,-0.0086874,0.34724
0.058339,-0.0088562,0.33474
0.04825,-0.0055181,0.34845
0.054712,-0.00089755,0.34126
0.047212,0.002806,0.35688
0.052145,-0.0017685,0.3586
0.069423,-0.00047487,0.35096
0.055579,0.0016558,0.37094
0.068409,0.00071124,0.36297
0.057429,-0.0035322,0.37644
0.07416,-0.0035599,0.37303
0.051562,-0.0075395,0.38549
0.047917,-0.0063767,0.38923
0.060438,-0.0021004,0.38831
0.046467,-0.0021322,0.40695
0.057229,-0.0029064,0.41563
0.04914,-0.0020075,0.43294
0.043349,-0.00096639,0.44307
0.025545,-0.0056289,0.4652
0.016783,-0.0041901,0.48447
0.019974,-0.0060022,0.49979
0.028188,-0.0096288,0.51977
0.035205,-0.010357,0.5346
0.033695,-0.0087597,0.55316
0.016017,0.00093115,0.5729
0.0059614,0.0024859,0.59239
0.010079,0.0025842,0.61841
0.014751,0.00061766,0.64333
0.0046078,-0.0024543,0.65737
-0.003417,-0.0024237,0.67666
-0.010049,-0.0046927,0.68889
-0.001238,-7.0526e-05,0.71031
-5.5063e-06,-0.00064574,0.72327
0.00080155,-0.0034807,0.73901
-0.006595,-0.0079766,0.75636
-0.002774,-0.0097632,0.76586
-2.776e-06,-0.011128,0.77747
-0.00064315,-0.012756,0.78052
0.0018188,-0.010779,0.78686
0.0062178,-0.0077893,0.7984
0.007506,-0.01128,0.80661
-0.0022107,-0.015081,0.81672
-0.0046724,-0.014676,0.81799
-0.0026689,-0.010902,0.82226
-0.0050722,-0.010325,0.8313
-0.01259,-0.011254,0.83874
-0.016459,-0.015853,0.84162
-0.0094062,-0.015379,0.84417
-0.014573,-0.016097,0.84521
-0.01327,-0.02268,0.83818
-0.0055426,-0.027094,0.83119
0.00025373,-0.019639,0.82147
-0.000554,-0.012982,0.82333
-0.0013869,-0.012253,0.83228
0.00086426,-0.016999,0.83183
0.0018715,-0.019906,0.82196
-0.0021108,-0.020027,0.8132
-0.0043357,-0.019233,0.81253
-0.0017681,-0.017382,0.80638
-0.00014757,-0.018873,0.80454
-0.0024212,-0.021056,0.80026
-0.0055297,-0.018113,0.79655
-0.00642,-0.015549,0.79494
-0.0041516,-0.021345,0.79082
-0.0022842,-0.021531,0.78349
-0.0017497,-0.021349,0.78149
0.0010608,-0.018376,0.77198
0.0028917,-0.018944,0.7737
0.0019834,-0.022111,0.76853
-0.0020488,-0.022144,0.76098
-0.0049461,-0.02079,0.75022
-0.0047136,-0.0175,0.73404
-0.0045684,-0.018764,0.71536
-0.004829,-0.020801,0.70562
-0.0036616,-0.020128,0.70125
-0.0066564,-0.017358,0.69799
-0.0044333,-0.017325,0.69542
-0.0013691,-0.015296,0.69545
-0.0022074,-0.013668,0.6893
-0.0088663,-0.014206,0.68609
-0.0089104,-0.015083,0.68471
-0.00074615,-0.012163,0.67617
0.00013675,-0.012741,0.67384
-0.0040276,-0.015277,0.67019
-0.0049804,-0.016569,0.6665
0.0077599,-0.013342,0.66138
0.011142,-0.011085,0.66336
0.0048402,-0.011103,0.67155
-0.00089018,-0.011316,0.67432
0.0044588,-0.014985,0.67954
0.0049993,-0.014546,0.68302
0.00065844,-0.010425,0.69136
0.0023352,-0.010301,0.70062
0.0036296,-0.011957,0.71366
-0.0035271,-0.012853,0.72751
-0.0044252,-0.013109,0.72933
-0.0004576,-0.012188,0.73272
0.0058527,-0.012547,0.73795
0.0096399,-0.011659,0.74619
0.00096276,-0.0096317,0.74944
-0.0059648,-0.0097263,0.75298
-0.0047845,-0.013817,0.75651
-0.0069243,-0.07558,0.74851
-0.018592,-0.12532,0.74953
-0.013952,-0.077885,0.74389
-0.013615,-0.09144,0.74333
-0.0060404,-0.057716,0.74386
-0.0054608,-0.069261,0.75042
-0.0068906,-0.04859,0.75424
-0.011108,-0.049312,0.75934
-0.0068727,-0.039613,0.75893
-0.011428,-0.039991,0.76414
-0.0094929,-0.030422,0.76986
-0.0092841,-0.031853,0.77681
-0.0080196,-0.028766,0.78065
-0.010635,-0.026991,0.78622
-0.0054565,-0.029074,0.79088
-0.0037532,-0.022993,0.7973
-0.0083544,-0.018446,0.80129
-0.0055022,-0.019622,0.8041
-0.002743,-0.019762,0.80976
-0.0038952,-0.014932,0.81495
-0.005611,-0.014494,0.82558
-0.00057863,-0.01539,0.83179
-0.0074044,-0.016216,0.83848
-0.010361,-0.012446,0.84135
-0.010609,-0.01479,0.84571
-0.0066174,-0.013884,0.85585
-0.0072917,-0.015997,0.85598
-0.0098988,-0.023484,0.85598
-0.0066684,-0.027362,0.85337
-0.0072316,-0.020656,0.85415
-0.011985,-0.015374,0.85745
-0.011339,-0.018725,0.86726
-0.0072706,-0.019783,0.87155
-0.0057993,-0.018534,0.87195
-0.0062194,-0.019466,0.86589
-0.007206,-0.019817,0.86989
-0.0035164,-0.018647,0.8696
-0.0015587,-0.019892,0.86841
-0.0023031,-0.020688,0.8605
-0.0021877,-0.021058,0.86111
-0.0066622,-0.017887,0.85846
-0.0094262,-0.019739,0.85831
-0.010776,-0.023395,0.85486
-0.0082878,-0.023633,0.84611
-0.0089907,-0.021263,0.83968
-0.0057616,-0.017137,0.83585
-0.0035069,-0.018913,0.83378
-0.0014831,-0.020892,0.8317
-0.0019879,-0.021174,0.8234
-0.0010061,-0.021295,0.81856
-0.0031767,-0.019916,0.81368
-0.005082,-0.017414,0.81049
-0.0047926,-0.019713,0.80484
-0.002353,-0.020138,0.79698
-0.0024995,-0.018199,0.79201
-0.0038406,-0.015602,0.78654
-0.0034934,-0.015666,0.78539
-0.0020439,-0.015125,0.78107
-0.0015954,-0.015131,0.77867
-0.0098822,-0.020796,0.77071
-0.0081503,-0.019384,0.76556
0.0033326,-0.0097956,0.76694
0.0041491,-0.0058942,0.77093
-0.0035783,-0.013965,0.77554
-0.0036295,-0.019921,0.76567
0.0010846,-0.018363,0.75734
-0.0056824,-0.011662,0.75487
-0.0064863,-0.013707,0.75187
9.5579e-05,-0.013594,0.74954
-0.0035365,-0.011884,0.74529
-0.0076484,-0.0072995,0.744
-0.0018395,-0.0095919,0.74593
0.0064026,-0.011448,0.74786
0.0062799,-0.014379,0.7398
0.0015075,-0.015758,0.73806
0.0033175,-0.014545,0.73086
0.0058519,-0.015107,0.72906
0.011547,-0.013877,0.72631
0.010711,-0.012682,0.72667
0.014741,-0.011737,0.72476
0.013654,-0.011936,0.72396
0.013985,-0.011008,0.72125
0.016676,-0.013222,0.72212
0.016542,-0.011526,0.71939
0.0068213,-0.014069,0.71466
0.0082281,-0.0099965,0.7157
0.012964,-0.011567,0.71346
0.013944,-0.016366,0.70912
0.0034424,-0.01702,0.70427
0.0047839,-0.017037,0.69308
-0.0017749,-0.012848,0.69021
0.002838,-0.011606,0.68795
0.0028387,-0.011179,0.68842
0.003671,-0.019392,0.6833
-0.00060999,-0.019351,0.67113
-0.00047611,-0.014943,0.66464
0.0010855,-0.015667,0.66006
-0.0013911,-0.015189,0.65818
-0.0001617,-0.017656,0.65411
-0.0015949,-0.018054,0.64722
-0.001444,-0.01886,0.64091
-0.00051948,-0.015255,0.63744
0.0040286,-0.014878,0.63469
0.0042842,-0.0151,0.6312
-0.0021225,-0.021497,0.61977
-0.0062042,-0.020893,0.61064
-0.0040086,-0.019256,0.60515
-0.0019702,-0.014751,0.60245
-0.0078497,-0.014062,0.59451
-0.015096,-0.014755,0.59505
-0.0088756,-0.015932,0.58985
-0.0091362,-0.014159,0.58805
-0.01263,-0.014848,0.58313
-0.015016,-0.015954,0.57825
-0.019694,-0.014109,0.57721
-0.014051,-0.01371,0.57221
-0.024369,-0.014856,0.57066
-0.028213,-0.017488,0.56602
-0.025936,-0.014275,0.56045
-0.02533,-0.012448,0.56113
-0.022831,-0.010738,0.55811
-0.021883,-0.011757,0.56
-0.017501,-0.011954,0.55712
-0.007534,-0.010706,0.5578
0.0055274,-0.0094338,0.55018
0.0091782,-0.007904,0.54686
0.015131,-0.010846,0.54375
0.012971,-0.010537,0.53865
0.0089263,-0.0092631,0.5341
0.0080879,-0.0083038,0.52869
0.015127,-0.009588,0.52642
0.019215,-0.01063,0.52073
0.017998,-0.010876,0.52209
0.014457,-0.010929,0.516
0.010719,-0.01116,0.50499
0.0099638,-0.012491,0.50538
0.015802,-0.011668,0.49907
0.016665,-0.011649,0.4948
0.0076711,-0.011437,0.49263
0.0049315,-0.0095158,0.48819
-0.0055397,-0.011172,0.48855
-0.0035899,-0.012033,0.48627
-0.0043185,-0.016308,0.48362
-0.00019711,-0.013965,0.47882
-0.0085768,-0.014657,0.47628
0.00072128,-0.0095517,0.47911
-0.0021642,-0.0039886,0.48753
-0.0017183,-0.0034044,0.49831
-0.0007162,-0.0050618,0.50721
0.0072729,-0.0097796,0.51478
0.0081757,-0.0093957,0.5238
0.0032367,-0.007487,0.53229
0.0013212,-0.0062774,0.539
0.0061517,-0.0069605,0.54784
0.0093599,-0.0089009,0.55556
0.0076231,-0.0094341,0.55955
-0.0013085,-0.00903,0.56556
-0.001143,-0.0086805,0.5711
0.0014716,-0.008743,0.57658
0.0097004,-0.011847,0.57515
0.0068067,-0.013336,0.57707
-0.0019697,-0.014335,0.57494
0.00035304,-0.011805,0.57214
0.00052772,-0.013146,0.56902
-0.00083289,-0.01258,0.56911
-0.0048692,-0.0149,0.56485
-0.0053933,-0.01438,0.56367
-0.0047694,-0.014383,0.55945
-0.0066131,-0.013498,0.54813
-0.0087613,-0.013059,0.53974
-0.0093536,-0.011175,0.53003
-0.0095126,-0.010551,0.51603
-0.010442,-0.0097471,0.50332
-0.0079998,-0.010198,0.49145
-0.0060782,-0.011487,0.4773
-0.0083403,-0.013232,0.45761
-0.012813,-0.013379,0.43832
-0.018566,-0.012388,0.42347
-0.021321,-0.011994,0.413
-0.021603,-0.010468,0.40693
-0.02522,-0.010654,0.40228
-0.02242,-0.0084442,0.39441
-0.031577,-0.0080654,0.39719
-0.035785,-0.0073194,0.3928
-0.044453,-0.0083148,0.38805
-0.047237,-0.0087105,0.38721
-0.040502,-0.0099696,0.37447
-0.044343,-0.01298,0.38125
-0.040507,-0.013409,0.38012
-0.032122,-0.014083,0.36677
-0.04064,-0.012711,0.37488
-0.037839,-0.011848,0.36078
-0.043266,-0.0099032,0.37369
-0.045383,-0.0086701,0.37983
-0.041375,-0.0067865,0.37125
-0.050204,-0.006469,0.39739
-0.056935,-0.0052674,0.38376
-0.064678,-0.0092363,0.41191
-0.056571,-0.007868,0.39734
-0.052452,-0.0067,0.43222
-0.051157,-0.0039796,0.44673
-0.049486,-0.0032609,0.43245
-0.058061,-0.0051528,0.47696
-0.069449,-0.0058345,0.4662
-0.065049,-0.0099898,0.50679
-0.058336,-0.010554,0.52033
-0.06181,-0.010045,0.51479
-0.051732,-0.0089595,0.55534
-0.056212,-0.0098875,0.55611
-0.04723,-0.010763,0.59222
-0.051878,-0.010462,0.60414
-0.041321,-0.0089016,0.62087
-0.036715,-0.01123,0.64836
-0.036937,-0.010686,0.65744
-0.029007,-0.012214,0.68215
-0.024371,-0.010989,0.69315
-0.019919,-0.011647,0.71179
-0.0188,-0.0096018,0.72814
-0.019272,-0.0095162,0.74723
-0.021744,-0.012292,0.76189
-0.025106,-0.010174,0.77336
-0.021744,-0.0095594,0.79197
-0.01809,-0.010415,0.80685
-0.014046,-0.013973,0.81695
-0.011317,-0.011841,0.82517
-0.0013074,-0.012612,0.84104
0.0011045,-0.01533,0.85401
0.0033173,-0.015718,0.86812
0.0023841,-0.014283,0.87832
0.0012468,-0.014398,0.89377
0.00020088,-0.013432,0.90129
0.00011407,-0.012952,0.91114
0.0019332,-0.017125,0.91263
0.0015524,-0.020256,0.91222
0.0021988,-0.01911,0.91103
0.0063887,-0.014934,0.91308
0.0047756,-0.01447,0.91771
0.0038234,-0.016438,0.91728
0.003404,-0.017793,0.91501
0.0061324,-0.019768,0.91568
0.00087868,-0.020652,0.91806
0.0017771,-0.021464,0.97235
-0.00023244,-0.01871,0.86699
-0.0023175,-0.017808,0.91925
-0.0037226,-0.019514,0.91991
-0.0046749,-0.02006,0.92254
-0.002541,-0.020078,0.91995
-0.0036554,-0.018973,0.91733
-0.0043245,-0.017527,0.91668
-0.0029337,-0.018002,0.91709
-0.0027916,-0.019513,0.91612
-0.0042387,-0.019533,0.91169
-0.0033071,-0.019292,0.90686
-0.0019888,-0.019717,0.9017
-0.005101,-0.018445,0.8911
-0.0050952,-0.019748,0.88624
-0.0054735,-0.016451,0.87717
-0.0046429,-0.018521,0.86697
-0.0087277,-0.0188,0.85431
-0.0037589,-0.025055,0.83351
-0.0046921,-0.024437,0.8299
-0.0069022,-0.018053,0.78767
-0.0080603,-0.016421,0.78651
-0.005497,-0.017329,0.7675
-0.0056403,-0.018042,0.75066
-0.0074363,-0.018658,0.72998
-0.0086794,-0.019464,0.70593
-0.0092531,-0.021053,0.68028
-0.0087454,-0.016389,0.65346
-0.0068313,-0.014908,0.62701
-0.0069842,-0.0196,0.60132
-0.0059237,-0.019185,0.57803
-0.0046238,-0.016433,0.55184
-0.0037879,-0.014356,0.53226
-0.001196,-0.013344,0.51271
-0.0059225,-0.013746,0.49753
-0.0057089,-0.011801,0.48443
-0.0041642,-0.014391,0.4813
-0.0041915,-0.014534,0.46501
-0.0056154,-0.015036,0.46881
-0.0093883,-0.012043,0.46473
-0.016726,-0.011393,0.456
-0.021707,-0.010856,0.44964
-0.031592,-0.0096613,0.434
-0.031509,-0.0083785,0.43945
-0.033084,-0.0078958,0.43563
-0.045993,-0.0090839,0.42034
-0.039445,-0.011872,0.42846
-0.060583,-0.011757,0.40891
-0.04981,-0.013814,0.41782
-0.051581,-0.013624,0.41339
-0.075679,-0.0080372,0.39467
-0.049807,-0.010284,0.41106
-0.079676,-0.009189,0.39172
-0.049183,-0.016433,0.40249
-0.049386,-0.015716,0.3992
-0.086805,-0.014935,0.38345
-0.055985,-0.016095,0.3887
-0.095564,-0.013542,0.37516
-0.056816,-0.011708,0.38024
-0.053653,-0.011746,0.37708
-0.093495,-0.009378,0.3725
-0.046871,-0.0088285,0.37361
-0.094205,-0.0093592,0.37476
-0.054187,-0.011136,0.36668
-0.05177,-0.010809,0.36573
-0.093258,-0.010069,0.3708
-0.065674,-0.011379,0.35421
-0.10183,-0.010965,0.36676
-0.061122,-0.0073444,0.35639
-0.083184,-0.0094077,0.37676
-0.055689,-0.0076752,0.36596
-0.056351,-0.0070337,0.37018
-0.067083,-0.0074328,0.38624
-0.037169,-0.0030432,0.38067
-0.032548,0.0018812,0.39764
-0.026273,0.00015314,0.40364
-0.043227,-0.0028493,0.41712
-0.03758,-0.0051758,0.42623
-0.035918,-0.007832,0.44207
-0.01996,-0.0094893,0.45306
-0.012994,-0.0078332,0.4672
-0.019083,-0.0026645,0.48364
-0.016908,0.00052583,0.50398
-0.025861,-0.0024254,0.52891
-0.031817,-0.0071871,0.54866
-0.034276,-0.0092658,0.56699
-0.024129,-0.0070495,0.58418
-0.017393,-0.0049071,0.60225
-0.012754,-0.0052699,0.62179
-0.011012,-0.0056804,0.64099
-0.010303,-0.0079387,0.65641
-0.011602,-0.0086371,0.67903
-0.0094414,-0.0084433,0.69472
-0.0035781,-0.0077362,0.71295
-0.0016712,-0.0081132,0.73128
0.0060168,-0.0081308,0.74916
0.0046335,-0.0092425,0.76724
0.0060774,-0.0085136,0.78555
0.0063842,-0.0087695,0.80117
0.0094196,-0.011158,0.81677
0.012148,-0.011863,0.83461
0.012509,-0.011053,0.8525
0.013697,-0.012151,0.86381
0.014288,-0.014705,0.87294
0.012493,-0.015264,0.87573
0.010756,-0.014985,0.88103
0.0077032,-0.015841,0.88093
0.0064232,-0.017018,0.88192
0.0040742,-0.016912,0.88238
0.00021994,-0.016289,0.88459
-0.0032849,-0.01737,0.89041
-0.0037231,-0.018031,0.89075
-0.0066619,-0.016959,0.89507
-0.0055516,-0.017071,0.89596
-0.0050856,-0.017298,0.8979
-0.0026006,-0.019148,0.89991
-0.0025438,-0.020067,0.89812
-0.00551,-0.019545,0.8986
-0.0059533,-0.019698,0.89962
-0.00082348,-0.021255,0.89555
-0.00097275,-0.019463,0.89339
-0.0040983,-0.014867,0.89733
-0.002594,-0.015872,0.90259
-0.0018102,-0.016218,0.89793
-0.001905,-0.018681,0.89691
-0.0021199,-0.018498,0.89785
-0.0014557,-0.017862,0.8983
-0.00060916,-0.018374,0.89816
-6.6613e-05,-0.019386,0.89505
0.0012074,-0.020557,0.91712
0.0015791,-0.021036,0.86845
0.0020757,-0.020606,0.88886
-0.00037242,-0.018784,0.88583
0.0017118,-0.020945,0.88251
-0.0002728,-0.021194,0.88441
0.00020138,-0.020237,0.88057
0.00118,-0.020408,0.87954
0.00056069,-0.020381,0.87906
0.00074018,-0.02178,0.87365
0.00041906,-0.022093,0.87935
0.0017179,-0.020925,0.87275
0.0026399,-0.020702,0.87581
0.00050779,-0.018833,0.87964
9.8627e-05,-0.018405,0.8833
0.0036689,-0.019486,0.88753
0.0033181,-0.019626,0.89317
0.0022405,-0.020359,0.89676
0.0021969,-0.018475,0.8919
0.0077693,-0.019304,0.90367
0.008712,-0.019448,0.9072
0.0008063,-0.024998,0.90827
-9.1708e-05,-0.021085,0.91057
0.0066731,-0.018277,0.91204
-0.0026783,-0.016858,0.92422
-0.0061536,-0.016958,0.925
-0.0018616,-0.018155,0.92983
-0.0012112,-0.018855,0.93282
-0.0011306,-0.020944,0.93679
-0.0053658,-0.020192,0.95045
-0.0069106,-0.018371,0.9389
-0.00578,-0.018478,0.9503
-0.0056143,-0.020454,0.95572
-0.0091377,-0.021063,0.95712
-0.0067642,-0.022129,0.96404
-0.0056325,-0.020319,0.96368
-0.0063228,-0.017062,0.97005
-0.0020336,-0.015392,0.97482
0.00074413,-0.016192,0.97888
-0.0012115,-0.016358,0.98304
-0.0031865,-0.017049,1.0048
-0.0040245,-0.019373,0.96916
-0.0053808,-0.02057,0.98104
-0.0069387,-0.020587,0.9812
-0.0064835,-0.019638,0.97836
-0.0050568,-0.020909,0.97681
-0.0066997,-0.020378,0.97501
-0.0055993,-0.019619,0.97298
-0.0065828,-0.018475,0.97506
-0.0089151,-0.017785,0.97511
-0.0063977,-0.01611,0.97628
-0.0061102,-0.01907,0.97511
-0.0058743,-0.019291,0.97417
-0.0050251,-0.017822,0.97635
-0.0033115,-0.020653,0.97367
-0.0035238,-0.020762,0.97377
-0.0028192,-0.020976,0.97605
-0.0040248,-0.020711,0.97398
-0.0042744,-0.023525,0.97583
-0.0065478,-0.018184,0.97318
-0.0052358,-0.01761,0.97371
-0.0058589,-0.018215,0.97786
-0.0030363,-0.020403,0.97324
-0.0058881,-0.024183,0.97575
-0.0053016,-0.022127,0.97084
-0.0054074,-0.021129,0.97245
-0.0061757,-0.021921,0.97178
-0.0093344,-0.021388,0.97204
-0.006972,-0.02294,0.96762
-0.0084581,-0.019644,0.96674
-0.0078381,-0.018388,0.96765
-0.0053157,-0.016891,0.96767
-3.1538e-05,-0.018117,0.97597
0.0029181,-0.019357,0.97023
0.0013992,-0.019882,0.97109
0.0022239,-0.019381,0.96955
0.0024562,-0.019687,0.9685
-0.0018745,-0.020419,0.97365
-0.0023966,-0.019056,0.97194
-0.0015867,-0.020839,0.98626
-0.00043173,-0.019004,0.94978
-0.0021057,-0.017597,0.96905
0.00065617,-0.020949,0.97573
-0.00069411,-0.02052,0.97625
0.0040259,-0.021677,0.98264
0.0013995,-0.020068,0.97312
0.00053079,-0.019659,0.97468
0.0005284,-0.017481,0.98023
0.0027253,-0.017296,0.98396
-0.0029209,-0.019304,0.98481
-0.001198,-0.023227,0.98128
0.0011796,-0.025953,0.97931
0.0029022,-0.023243,0.97833
0.0036509,-0.018857,0.98081
-0.00050546,-0.01765,0.99003
-0.0012266,-0.020495,0.99126
-0.00099457,-0.023045,0.99254
-0.0027552,-0.020143,0.98885
-0.0041502,-0.021668,0.98945
-0.0013807,-0.022412,0.99344
-0.0028131,-0.022115,0.99321
-0.0023024,-0.023862,0.99466
-0.0031758,-0.025429,0.99321
-0.0034409,-0.022306,0.99481
-0.003317,-0.022708,0.99768
-0.005705,-0.023203,0.99938
-0.0039481,-0.021248,1.0012
-0.0045468,-0.02041,1.0055
-0.0057052,-0.024723,1.005
-0.0060981,-0.025253,1.0047
-0.0038778,-0.024098,1.003
-0.0033051,-0.023503,1.0056
-0.0053588,-0.024696,1.0043
-0.0027379,-0.022492,1.0054
-0.0019538,-0.022122,1.0037
-0.0028843,-0.023681,1.003
-0.0029099,-0.025334,1.001
-0.0023648,-0.025369,0.99599
-0.003235,-0.025826,0.99626
-0.0043035,-0.022986,0.99101
-0.0015811,-0.026194,0.99239
-0.0043981,-0.026602,0.98643
-0.0016171,-0.025087,0.97816
-0.0040662,-0.021912,0.97832
-0.0037322,-0.020909,0.97649
-0.0051501,-0.022258,0.98066
-0.0015311,-0.025316,0.9733
-0.0025199,-0.026622,0.96737
-0.004057,-0.026322,0.9637
-0.0044626,-0.021149,0.9599
-0.0051031,-0.019183,0.96023
-0.0066434,-0.019322,0.95897
-0.0064328,-0.020343,0.95576
-0.0071996,-0.019575,0.95039
-0.0068485,-0.019697,0.93695
-0.0078678,-0.018622,0.93742
-0.0078084,-0.019636,0.92625
-0.0085414,-0.018914,0.91919
-0.0075045,-0.019958,0.90593
-0.0077017,-0.020108,0.9019
-0.0082933,-0.019127,0.90377
-0.0082926,-0.017289,0.8784
-0.0074157,-0.018433,0.8793
-0.0069335,-0.017416,0.87204
-0.0064544,-0.018586,0.8621
-0.0079952,-0.017657,0.84973
-0.0092881,-0.016473,0.83955
-0.011184,-0.017856,0.82277
-0.010383,-0.018008,0.80777
-0.0098403,-0.017541,0.79009
-0.0086994,-0.017272,0.77743
-0.0046138,-0.017856,0.76436
-0.0033934,-0.017607,0.75538
-0.0010744,-0.017934,0.74751
0.0009114,-0.017823,0.73918
-0.00045842,-0.015602,0.73457
-0.00035337,-0.015077,0.7259
-0.00029044,-0.014829,0.72112
0.0022993,-0.013023,0.71573
0.00090015,-0.014374,0.70894
-0.0011436,-0.016197,0.70867
-0.00056257,-0.016053,0.67779
-0.00093385,-0.014826,0.67928
-0.0015573,-0.014649,0.67124
8.2537e-05,-0.015958,0.66112
0.0028832,-0.017275,0.64991
0.002791,-0.016428,0.636
0.004278,-0.017605,0.62224
0.002666,-0.016582,0.60646
0.006193,-0.014749,0.59105
0.0085453,-0.014806,0.57174
0.010537,-0.017009,0.55565
0.0069528,-0.015662,0.53959
0.0083588,-0.016802,0.52617
0.0085187,-0.015847,0.50908
0.014425,-0.01444,0.49557
0.013298,-0.013332,0.48399
0.015743,-0.014061,0.47138
0.012905,-0.013933,0.45865
0.016144,-0.014507,0.44721
0.019591,-0.010458,0.43454
0.020209,-0.0088527,0.42049
0.023821,-0.0097388,0.40862
0.019626,-0.011046,0.39982
0.022907,-0.010336,0.38808
0.021588,-0.010742,0.37681
0.032067,-0.011382,0.3608
0.037005,-0.012548,0.34837
0.03331,-0.0098003,0.34024
0.03552,-0.0081407,0.34006
0.028652,-0.0068629,0.33811
0.038164,-0.0049521,0.35361
0.042506,-0.0044817,0.32755
0.044996,-0.006652,0.33854
0.040608,-0.0099188,0.33096
0.052441,-0.013727,0.32859
0.0584,-0.018014,0.32515
0.043915,-0.013591,0.31369
0.057982,-0.013882,0.32275
0.040884,-0.0069499,0.31584
0.053136,-0.0069995,0.33716
0.04509,-0.00097867,0.33732
0.066643,-0.0023865,0.36185
0.070474,-0.0061667,0.37184
0.051866,-0.009118,0.36767
0.059227,-0.0083926,0.389
0.049751,-0.0095656,0.38593
0.060994,-0.012064,0.41075
0.048419,-0.011455,0.40812
0.053829,-0.0095365,0.43429
0.044565,-0.0066309,0.44264
0.049606,-0.004442,0.46975
0.048654,-0.0058421,0.49319
0.049506,-0.010579,0.50848
0.053422,-0.0090887,0.52027
0.04304,-0.011517,0.52465
0.043988,-0.0067025,0.56041
0.043444,-0.0015887,0.57272
0.038517,-0.0029555,0.58178
0.03599,-0.0063253,0.60951
0.028361,-0.0076751,0.61691
0.02568,-0.0099769,0.6406
0.020244,-0.0093005,0.65332
0.016263,-0.0079798,0.6681
0.012243,-0.0098421,0.68732
0.0089468,-0.011262,0.7026
0.0074363,-0.012658,0.71762
0.0046519,-0.010465,0.7283
-0.00099576,-0.0087383,0.74397
-0.0059413,-0.0094002,0.76107
-0.0077419,-0.012062,0.77501
-0.0010487,-0.014842,0.78633
0.0024986,-0.015861,0.79076
-0.0019497,-0.012018,0.79862
2.5855e-05,-0.0090976,0.80363
0.0013097,-0.0089685,0.81066
0.0011963,-0.015529,0.81221
-0.0034211,-0.017816,0.81095
0.0022414,-0.018577,0.8106
-0.00026406,-0.017354,0.81124
0.001198,-0.013229,0.81803
0.00021977,-0.012329,0.82379
0.0014384,-0.013708,0.82859
0.0028625,-0.014463,0.82644
-0.00027003,-0.015526,0.82577
0.00056448,-0.01705,0.82518
0.0037767,-0.019861,0.82263
0.0046774,-0.022605,0.82333
-0.00074134,-0.021876,0.81953
0.00070356,-0.025164,0.81518
0.0014572,-0.021832,0.81316
-0.0003296,-0.022089,0.81178
-0.0028366,-0.020009,0.80698
-0.00052246,-0.023341,0.80145
0.00078721,-0.02354,0.79367
-0.00028075,-0.018617,0.79081
-0.0025249,-0.018415,0.78255
-0.00061688,-0.020063,0.77324
0.0029376,-0.021,0.75819
0.0017381,-0.021443,0.74247
-0.0013164,-0.021286,0.72276
-0.0036668,-0.020664,0.70567
-0.0044051,-0.01647,0.68873
-0.0012736,-0.014935,0.66934
-0.0016457,-0.016888,0.65407
-0.0045933,-0.018669,0.635
-0.0041312,-0.020432,0.60915
-0.0029063,-0.019425,0.58941
-0.0030979,-0.015368,0.56701
-0.0036577,-0.01519,0.54881
-0.0018143,-0.013911,0.52757
-0.0013349,-0.014478,0.50689
0.00045211,-0.014328,0.48498
0.0041461,-0.012454,0.46417
0.0057697,-0.010166,0.45068
0.0095171,-0.009037,0.44309
0.01298,-0.010405,0.43889
0.016017,-0.013875,0.43942
0.019716,-0.013578,0.43221
0.026977,-0.013173,0.4337
0.026738,-0.014823,0.4203
0.024494,-0.01308,0.4191
0.027,-0.011232,0.41966
0.034642,-0.0069334,0.4037
0.039556,-0.0079479,0.41387
0.049107,-0.0062015,0.39505
0.053519,-0.0057537,0.40528
0.055163,-0.0032706,0.38312
0.05287,-0.010061,0.40065
0.056666,-0.011509,0.38151
0.044569,-0.013669,0.38465
0.048732,-0.01125,0.36367
0.038967,-0.0062613,0.38022
0.046392,0.0021268,0.3844
0.066234,0.0028301,0.36919
0.056408,0.0034494,0.39365
0.066457,0.00040033,0.37204
0.028292,0.0043259,0.40026
0.034644,-0.0099822,0.38699
0.027944,-0.0092747,0.41036
0.048228,-0.0069834,0.41227
0.083343,0.0018919,0.39194
0.056431,0.005381,0.42191
0.063916,0.0014554,0.41646
0.028119,0.00063573,0.4485
0.051247,-0.0058895,0.46535
0.040834,-0.011775,0.46083
0.042871,-0.0091498,0.48454
0.062945,-0.003903,0.48716
0.042303,0.0017833,0.50644
0.043242,0.0016024,0.52068
0.027199,0.00014198,0.54148
0.027024,-0.0058559,0.56321
0.029063,-0.0074938,0.57178
0.022338,-0.0074488,0.58797
0.024181,-0.0072969,0.59938
0.025438,-0.0047873,0.61392
0.028457,-0.0028433,0.63589
0.021625,-0.0041737,0.65006
0.01064,-0.0096575,0.67144
0.0082233,-0.016377,0.68473
0.011689,-0.015527,0.69846
0.014139,-0.0089409,0.71147
0.012864,-0.005787,0.72547
0.0035333,-0.0071516,0.74498
-0.0052587,-0.0083511,0.76491
-0.0043836,-0.0085849,0.77961
-0.0049245,-0.0079332,0.79218
0.00040708,-0.0076108,0.79761
-0.0058935,-0.0067154,0.80818
-0.0043825,-0.013749,0.81243
-0.010823,-0.013986,0.80395
-0.0070244,-0.013037,0.8041
-0.0066996,-0.011199,0.80582
-0.0065935,-0.010759,0.80893
-0.0098683,-0.013143,0.80843
-0.012746,-0.018892,0.81295
-0.011988,-0.016705,0.81156
-0.014772,-0.015594,0.81658
-0.013253,-0.01217,0.83366
-0.019879,-0.016664,0.81148
-0.021048,-0.020468,0.82253
-0.021553,-0.020707,0.81977
-0.014991,-0.018175,0.8221
-0.016906,-0.017745,0.8246
-0.012276,-0.016898,0.82653
-0.014007,-0.017872,0.827
-0.0081504,-0.017196,0.82802
-0.0077518,-0.019034,0.82542
-0.0070298,-0.018342,0.82673
-0.013663,-0.019697,0.82419
-0.01064,-0.020714,0.82348
-0.013073,-0.022861,0.82167
-0.011675,-0.018544,0.8189
-0.0079046,-0.017427,0.81593
-0.011835,-0.017501,0.81498
-0.010683,-0.016743,0.81521
-0.010952,-0.018743,0.81093
-0.0077703,-0.020397,0.80583
-0.0065672,-0.020296,0.79862
-0.0043683,-0.017798,0.79585
-0.0073082,-0.013581,0.79218
-0.0045548,-0.014489,0.79176
-0.0058244,-0.016842,0.78988
-0.0085342,-0.017691,0.78519
-0.0076489,-0.015789,0.78679
-0.0034254,-0.014579,0.78457
-0.006372,-0.015956,0.78226
-0.0075152,-0.019439,0.76891
-0.0065921,-0.021194,0.76891
-0.0033852,-0.016259,0.76758
-0.0046332,-0.01411,0.76511
-0.006359,-0.014849,0.76474
-0.0097103,-0.016766,0.76184
-0.010804,-0.01739,0.76098
-0.011964,-0.016643,0.758
-0.0066601,-0.019127,0.75411
-0.0080387,-0.018875,0.74734
-0.013921,-0.019695,0.74577
-0.0071751,-0.013861,0.74605
-0.00106,-0.014198,0.75519
-0.0050349,-0.023798,0.73065
-0.014331,-0.026636,0.72756
-0.0023952,-0.016837,0.71557
0.0031713,-0.0079887,0.72335
-0.0051442,-0.007381,0.72893
-0.011695,-0.016162,0.72694
-0.0098592,-0.018318,0.72022
-0.0057406,-0.016508,0.71408
-0.0045741,-0.013526,0.71047
-0.014991,-0.017585,0.70664
-0.015659,-0.020246,0.70387
-0.0090729,-0.016992,0.69782
-0.0042212,-0.01362,0.69443
-0.0058467,-0.013973,0.6935
-0.0049176,-0.018151,0.68725
0.00065392,-0.017981,0.68208
0.00014413,-0.017467,0.67786
-0.0045911,-0.016488,0.67418
-0.0083977,-0.018825,0.66862
-0.0081465,-0.019121,0.65826
-0.0083546,-0.018511,0.65272
-0.0080791,-0.017018,0.64988
-0.0052805,-0.016262,0.64889
-0.0051534,-0.013955,0.64625
-0.0048796,-0.01294,0.64396
-0.011125,-0.015304,0.64258
-0.0035144,-0.015381,0.63569
0.004406,-0.015038,0.63505
0.0055604,-0.014817,0.62933
-0.0013187,-0.014496,0.62741
-0.0020723,-0.015617,0.62537
0.0027301,-0.016093,0.62173
0.0087079,-0.016935,0.62356
0.0079155,-0.016455,0.62731
0.0049891,-0.012891,0.63458
0.0058576,-0.0095656,0.64426
0.0050484,-0.010742,0.65393
0.0086162,-0.013405,0.66577
0.011524,-0.014451,0.67047
0.0082836,-0.012547,0.68058
0.0012203,-0.0088962,0.69166
0.0022379,-0.0094639,0.70478
0.0085262,-0.015075,0.71658
0.0092381,-0.017222,0.72411
0.0037898,-0.014983,0.73171
0.0062506,-0.01063,0.74574
0.0062172,-0.011061,0.76417
0.006027,-0.0094927,0.77882
0.0046415,-0.010282,0.79438
0.0046219,-0.010433,0.8099
0.0039808,-0.012295,0.82177
0.0029803,-0.0095466,0.83846
-7.6139e-05,-0.0093273,0.8493
-0.0030627,-0.009824,0.87123
0.0011289,-0.010441,0.86313
0.0017547,-0.010146,0.88589
-0.00030736,-0.010761,0.9062
0.0022824,-0.014787,0.91625
-0.0029559,-0.014422,0.92841
-0.0020812,-0.013193,0.9405
-0.0062994,-0.014458,0.95132
-0.008694,-0.020328,0.96151
-0.011917,-0.020566,0.96865
-0.0090568,-0.016475,0.97807
-0.0085688,-0.016044,0.99177
-0.012377,-0.019305,0.99597
-0.0092121,-0.022499,0.9935
-0.0047905,-0.019876,0.99345
-0.0059487,-0.016872,0.99776
-0.0029374,-0.013405,1.0083
-0.0011385,-0.017581,1.0098
0.0033995,-0.015305,1.0126
-9.4332e-05,-0.018735,1.0091
-0.0042472,-0.019389,1.0078
-0.0033236,-0.024133,1.0025
-0.0017594,-0.023751,1.0106
-0.0030287,-0.022114,1.0021
-0.0019746,-0.019512,0.99127
-0.0031763,-0.019788,1.0039
-0.0067962,-0.024025,0.99748
-0.0056066,-0.0248,0.99659
-0.0038031,-0.019147,0.99435
-0.0061142,-0.021308,0.99435
-0.0068551,-0.023414,0.99394
-0.0054841,-0.025899,0.9891
-0.0051493,-0.028933,0.98147
-0.0087385,-0.028466,0.97911
-0.0084503,-0.023442,0.9763
-0.012594,-0.025115,0.97704
-0.012596,-0.027325,0.97577
-0.0077253,-0.024001,0.96087
-0.0065005,-0.023757,0.96
-0.0073069,-0.021879,0.95516
-0.0012898,-0.02094,0.95029
0.00075865,-0.017392,0.9509
-0.0043147,-0.020033,0.95033
-0.0065282,-0.021883,0.94585
-0.0040601,-0.021795,0.94347
-0.0043827,-0.022361,0.93038
-0.0038908,-0.022679,0.93526
-0.0010976,-0.023007,0.93355
-0.0011749,-0.022609,0.92957
-0.0019412,-0.02153,0.92758
0.00091327,-0.02356,0.92462
-0.00094827,-0.02368,0.92568
0.0045509,-0.016824,0.92826
0.005238,-0.017502,0.92831
0.0015692,-0.017429,0.92819
0.0067381,-0.014196,0.92766
0.0064586,-0.013624,0.93166
0.010158,-0.016988,0.93223
0.0076694,-0.017914,0.92998
0.0077262,-0.016887,0.92922
0.010178,-0.015525,0.93496
0.011673,-0.017826,0.94605
0.012624,-0.020577,0.9229
0.0094069,-0.017314,0.93659
0.013059,-0.017297,0.94064
0.017391,-0.020278,0.94362
0.015202,-0.0224,0.9422
0.016759,-0.018405,0.94159
0.014012,-0.018638,0.94801
0.012596,-0.024828,0.94666
0.010277,-0.025916,0.94823
0.0055454,-0.027297,0.94531
0.005617,-0.023287,0.94842
0.0020465,-0.025582,0.94593
-0.00058912,-0.018481,0.9472
0.001004,-0.018164,0.95451
-0.0013509,-0.019859,0.95163
-0.00029748,-0.022452,0.94507
-0.0056949,-0.02181,0.94218
-0.0054673,-0.022012,0.9366
-0.0070699,-0.021753,0.93801
-0.011146,-0.018631,0.9375
-0.014645,-0.018972,0.93717
-0.011845,-0.020189,0.93882
-0.0066891,-0.023138,0.92885
-0.007375,-0.022766,0.926
-0.0054053,-0.025319,0.91728
-0.00066944,-0.023545,0.90703
0.0016374,-0.020744,0.89326
-0.0019798,-0.021488,0.8852
-0.0058761,-0.022766,0.87066
-0.0065862,-0.027647,0.8494
-0.0060447,-0.029831,0.83039
-0.0020463,-0.026423,0.81982
-0.00616,-0.022278,0.81715
-0.01008,-0.021248,0.8169
-0.0089248,-0.019347,0.81606
-0.0046622,-0.017922,0.81684
-0.0033908,-0.021793,0.81319
-0.0033812,-0.021962,0.81317
-0.00079238,-0.020807,0.81176
0.0014636,-0.026305,0.80698
0.0012943,-0.024697,0.8009
-0.003307,-0.022374,0.79225
-0.0037317,-0.01902,0.79351
-0.0026742,-0.01475,0.79381
-0.0054284,-0.017064,0.79305
-0.011459,-0.022556,0.78614
-0.0093297,-0.020573,0.78745
-0.0076258,-0.019273,0.78788
-0.0070332,-0.021891,0.7719
-0.0038231,-0.02449,0.77056
-0.0035578,-0.019511,0.77052
-0.0039238,-0.015486,0.76962
-0.00513,-0.014331,0.77258
-0.0047485,-0.018614,0.77205
-0.0067446,-0.022784,0.76264
-0.0052298,-0.019751,0.75342
-0.0040869,-0.016734,0.74452
-0.010164,-0.017171,0.72989
-0.0083559,-0.016844,0.71391
-0.0058212,-0.015863,0.697
-0.0014917,-0.016328,0.67662
-0.0025692,-0.022036,0.65506
-0.0043779,-0.023721,0.62646
-0.0062622,-0.022588,0.60034
0.0025113,-0.018749,0.57235
0.0048635,-0.014416,0.54849
0.0050725,-0.012542,0.5228
-0.0014844,-0.014127,0.50027
-0.0011453,-0.015262,0.48051
0.0059744,-0.014594,0.46685
0.01449,-0.013534,0.46512
0.0097871,-0.01477,0.45483
0.011376,-0.013257,0.45187
0.0065569,-0.012316,0.44521
0.014823,-0.0093597,0.45261
0.015041,-0.010002,0.4106
0.014016,-0.010452,0.4075
0.013578,-0.0096848,0.38799
0.010111,-0.0099893,0.3648
0.010238,-0.008074,0.34036
0.011225,-0.0070846,0.31818
0.013816,-0.0056297,0.31768
0.01401,-0.0050816,0.31556
0.01692,-0.0035509,0.31521
0.015411,-0.0047094,0.3107
0.017516,-0.0029238,0.3082
0.014321,-0.0043148,0.30334
0.014772,-0.0037742,0.3032
0.012112,-0.0053655,0.29577
0.016605,-0.0043291,0.29364
0.015302,-0.004342,0.29522
0.017831,-0.0035183,0.299
0.017048,-0.002814,0.30492
0.022435,-0.0044602,0.30546
0.020792,-0.0028655,0.31308
0.017877,-0.0025366,0.31858
0.019437,-0.0030958,0.32301
0.017213,-0.0047077,0.32846
0.028633,-0.0052258,0.33412
0.022995,-0.0056906,0.34627
0.028134,-0.00612,0.35284
0.018876,-0.0049487,0.36761
0.02841,-0.0043562,0.3764
0.02037,-0.00063429,0.39083
0.024975,-0.0020539,0.40488
0.043145,-0.0031103,0.41017
0.029557,-0.0039783,0.42757
0.046332,-0.002282,0.43467
0.028809,-0.0033787,0.44972
0.048231,-0.0035657,0.46105
0.035157,-0.0021068,0.4678
0.035382,-0.0033552,0.48399
0.054222,-0.0031092,0.49375
0.030625,-0.0056034,0.50454
0.047488,-0.0091051,0.51711
0.035046,-0.0081879,0.51849
0.054592,-0.0070748,0.53541
0.035464,-0.0051709,0.5428
0.031753,-0.006917,0.55341
0.047599,-0.0087852,0.56845
0.031909,-0.0099425,0.57393
0.046917,-0.0084125,0.58935
0.027098,-0.0060419,0.59604
0.051807,-0.0046848,0.61603
0.040627,-0.0071178,0.61743
0.039762,-0.010244,0.62827
0.051805,-0.012116,0.64302
0.034378,-0.012915,0.63921
0.063296,-0.011361,0.65713
0.049333,-0.0069814,0.65288
0.043048,-0.010972,0.65544
0.052411,-0.015437,0.67583
0.038747,-0.011633,0.67042
0.050493,-0.010246,0.69308
0.037571,-0.0083164,0.69672
0.041809,-0.012942,0.71546
0.029329,-0.015224,0.71627
0.026517,-0.013682,0.724
0.029178,-0.01213,0.73668
0.021932,-0.012288,0.74159
0.02336,-0.012675,0.75594
0.020226,-0.012448,0.75751
0.021996,-0.014306,0.77084
0.020487,-0.014872,0.77896
0.015302,-0.016167,0.78526
0.015517,-0.014481,0.78898
0.018678,-0.017201,0.79209
0.01406,-0.014797,0.79917
0.0097642,-0.0069541,0.81145
0.011375,-0.0079943,0.82141
0.014253,-0.01359,0.83314
0.017269,-0.014161,0.83181
0.012739,-0.015687,0.83659
0.0059143,-0.017569,0.84076
0.004558,-0.016156,0.84424
0.0059878,-0.016868,0.8519
0.0038477,-0.015884,0.86739
0.0021262,-0.015346,0.83153
0.0027829,-0.01809,0.85434
0.002709,-0.019239,0.8546
-0.00065919,-0.018123,0.85024
-0.003425,-0.019105,0.85879
-0.0057609,-0.019884,0.83689
-0.0058214,-0.021012,0.84288
-0.0072238,-0.020392,0.83706
-0.0047493,-0.020566,0.83228
-0.0056047,-0.0201,0.82858
-0.0066864,-0.020532,0.81796
-0.0076626,-0.02019,0.80258
-0.0058506,-0.020541,0.78799
-0.0049057,-0.023044,0.77039
-0.0039193,-0.02378,0.75287
-0.0032349,-0.024374,0.74067
-0.0012581,-0.021309,0.69987
-0.001144,-0.019773,0.69291
0.0010204,-0.019638,0.68647
0.00054879,-0.019093,0.66727
0.0015784,-0.01813,0.63331
0.0030509,-0.018273,0.63268
0.0055945,-0.017824,0.62137
0.0051755,-0.017366,0.58482
0.007398,-0.017401,0.59199
0.008557,-0.017748,0.57133
0.010891,-0.016376,0.56957
0.01508,-0.01533,0.56699
0.017774,-0.014931,0.55234
0.023796,-0.015002,0.54884
0.026386,-0.014364,0.52948
0.028021,-0.014438,0.51487
0.034388,-0.013665,0.51703
0.033892,-0.014053,0.49482
0.046858,-0.015542,0.50736
0.045529,-0.013049,0.47979
0.059272,-0.013931,0.49904
0.0495,-0.010658,0.46681
0.061907,-0.0087813,0.49397
0.056491,-0.0092638,0.45778
0.059077,-0.0077797,0.49059
0.05072,-0.011564,0.44992
0.054597,-0.0081262,0.44547
0.060477,-0.0076199,0.47704
0.062399,-0.0038692,0.44228
0.054655,-0.0055321,0.47901
0.054523,-0.0096843,0.4513
0.049334,-0.0089678,0.48912
0.061414,-0.0071648,0.46119
0.052768,-0.0075783,0.49441
0.057494,-0.0053543,0.47804
0.050886,-0.0047949,0.49233
0.038558,-0.0049019,0.52084
0.046807,-0.0063458,0.51829
0.033618,-0.0082848,0.54782
0.027741,-0.0094761,0.53587
0.022048,-0.012011,0.56879
0.02006,-0.010737,0.55175
0.015798,-0.0065896,0.58115
0.0080272,-0.0034722,0.59767
0.011174,-0.0062455,0.62096
0.010369,-0.010134,0.61957
0.0081458,-0.011418,0.64475
0.0065645,-0.010178,0.65707
0.0067935,-0.010465,0.66873
0.0073709,-0.010675,0.68456
0.0051116,-0.010066,0.69629
-0.00042109,-0.010077,0.71179
-0.0044559,-0.010984,0.72572
-0.0080922,-0.010352,0.73982
-0.0089033,-0.010797,0.75413
-0.0065004,-0.012593,0.76401
-0.0047009,-0.012243,0.78043
-0.002746,-0.012439,0.79083
-0.0026627,-0.011384,0.80376
-0.0013534,-0.011956,0.81676
-0.0020888,-0.01227,0.82911
-0.0023156,-0.013079,0.84096
-0.0035009,-0.012166,0.85331
-0.0045829,-0.01272,0.86744
-0.0020471,-0.013292,0.87566
-0.00081111,-0.014023,0.89094
-0.0011783,-0.014262,0.90016
-0.0003032,-0.015414,0.90926
0.00042003,-0.015393,0.91828
-0.00014351,-0.015352,0.9254
-0.0035,-0.014316,0.93384
-0.0048811,-0.01553,0.93971
-0.0051684,-0.016347,0.94502
-0.0069341,-0.016297,0.94846
-0.0069437,-0.016393,0.95079
-0.0075433,-0.016145,0.95432
-0.0062806,-0.017887,0.95259
-0.0083776,-0.017782,0.95166
-0.0066838,-0.019146,0.95163
-0.0058679,-0.020608,0.94677
-0.0079793,-0.017906,0.95451
-0.0092159,-0.016113,0.95177
-0.0043361,-0.018388,0.95202
-0.005058,-0.020269,0.9466
-0.0048264,-0.020426,0.94199
-0.0047031,-0.021162,0.94021
-0.003462,-0.020933,0.93937
-0.003476,-0.020942,0.9387
-0.0045333,-0.018996,0.9347
-0.0035461,-0.020092,0.93361
-0.0038083,-0.020759,0.93126
-0.0031739,-0.019425,0.92879
-0.0041922,-0.018406,0.92857
-0.0043346,-0.018494,0.92474
-0.003852,-0.018915,0.92849
-0.0023205,-0.019075,0.92804
-0.0028113,-0.018556,0.92844
-0.0028108,-0.02044,0.9316
-0.0027563,-0.021274,0.92846
-0.00044354,-0.019888,0.93087
-0.00049079,-0.020081,0.93
-0.0013709,-0.018623,0.93403
-0.00091918,-0.01836,0.93723
0.0007839,-0.018755,0.93881
-3.6575e-05,-0.020947,0.94383
0.00033405,-0.019317,0.94401
0.0021265,-0.017621,0.94803
0.0063028,-0.016212,0.95398
-0.0031425,-0.022873,0.95527
-0.0033145,-0.021782,0.95528
0.0013772,-0.019721,0.95703
-0.005571,-0.017261,0.96673
-0.007818,-0.019131,0.97161
-0.0058561,-0.019288,0.97847
-0.0052975,-0.018958,0.98224
-0.0062532,-0.017818,0.9906
-0.0096363,-0.01719,0.99503
-0.0096347,-0.019124,1.0003
-0.010904,-0.019225,1.0173
-0.012801,-0.01817,1.0083
-0.012789,-0.0192,1.0228
-0.0082983,-0.020346,1.0193
-0.0071602,-0.02116,1.0244
-0.0042627,-0.019497,1.0354
-0.00016104,-0.020038,1.0429
0.0011618,-0.020028,1.0493
0.0006959,-0.019393,1.0566
-0.001311,-0.020195,1.0566
-0.0028806,-0.022671,1.0672
-0.0053494,-0.021325,1.0646
-0.0045953,-0.021058,1.0675
-0.0048953,-0.022951,1.0689
-0.0051172,-0.023195,1.0679
-0.0044803,-0.02292,1.0681
-0.0037704,-0.022353,1.0712
-0.0020899,-0.022387,1.0684
-0.001013,-0.022053,1.0693
-0.0014853,-0.023513,1.0701
-0.00027201,-0.022413,1.0686
-0.0024095,-0.021105,1.0674
-0.0025167,-0.019543,1.0697
-0.0023553,-0.021827,1.0674
-0.0029912,-0.023239,1.0699
-0.0024372,-0.025081,1.0661
-0.0037232,-0.02241,1.0674
-0.0042859,-0.021981,1.0692
-0.0029827,-0.023129,1.0664
-0.00559,-0.025675,1.0696
-0.0037892,-0.026413,1.0677
-0.0026897,-0.024874,1.065
-0.0053598,-0.023788,1.0682
-0.0073531,-0.028018,1.0652
-0.0036083,-0.027648,1.0649
-0.0059232,-0.02682,1.0646
-0.0043773,-0.023549,1.0674
0.0014105,-0.022638,1.0749
0.0047362,-0.022234,1.0776
0.0024832,-0.02486,1.0755
0.0042769,-0.024775,1.0798
0.0036339,-0.027768,1.08
0.00076197,-0.025845,1.0797
0.0010722,-0.024945,1.0842
0.0013222,-0.027052,1.0824
0.00045344,-0.024128,1.0814
-0.00068053,-0.021906,1.0865
-0.00058268,-0.021934,1.0887
0.0011573,-0.022189,1.0973
0.0010571,-0.024911,1.0972
-0.0012197,-0.023669,1.0987
-0.00098848,-0.020748,1.099
-0.0017906,-0.018086,1.113
-0.005975,-0.021324,1.1123
-0.0051558,-0.024764,1.112
-0.0055964,-0.025325,1.1069
-0.0068327,-0.018709,1.1146
-0.0078951,-0.016895,1.1242
-0.0077843,-0.017506,1.1379
-0.0085254,-0.020282,1.1342
-0.009906,-0.020326,1.1375
-0.0085977,-0.021372,1.143
-0.0062345,-0.022528,1.1456
-0.0046585,-0.023563,1.1502
-0.0030432,-0.024583,1.1528
-0.0057921,-0.022517,1.1592
-0.0064392,-0.022661,1.1594
-0.0085623,-0.021472,1.1666
-0.0073784,-0.020595,1.1714
-0.0093324,-0.021997,1.1725
-0.0077091,-0.025191,1.1697
-0.0072866,-0.024507,1.1648
-0.0063185,-0.025525,1.1661
-0.0067442,-0.026237,1.1629
-0.00518,-0.02685,1.1601
-0.0066213,-0.027561,1.1597
-0.0030517,-0.028163,1.1565
-0.0028902,-0.029739,1.1548
-0.0049983,-0.028873,1.1496
-0.00296,-0.026928,1.1511
-0.0041626,-0.028636,1.1452
-0.0020028,-0.029136,1.1359
-0.0027126,-0.026207,1.1378
-0.00163,-0.025046,1.1345
0.0002131,-0.023697,1.1347
-0.001638,-0.028186,1.1274
-0.0052065,-0.02733,1.1239
-0.0056612,-0.027986,1.108
-0.0059789,-0.026303,1.1075
-0.0087,-0.027478,1.098
-0.0078622,-0.028714,1.0807
-0.0078059,-0.02901,1.0719
-0.007851,-0.028197,1.058
-0.0091025,-0.027226,1.0422
-0.0074855,-0.027994,1.0323
-0.0072035,-0.026833,1.0028
-0.0089017,-0.027722,0.99616
-0.0091243,-0.027761,0.9777
-0.0073084,-0.02666,0.962
-0.0061942,-0.026339,0.94983
-0.0042955,-0.026244,0.92804
-0.0050417,-0.026759,0.91433
-0.0057034,-0.025535,0.89799
-0.0037445,-0.026322,0.87871
-0.0042813,-0.026508,0.86393
-0.00031532,-0.028368,0.84395
0.00098695,-0.025457,0.83592
0.0044846,-0.025706,0.81874
0.0038971,-0.023682,0.80928
0.024005,-0.022166,0.77278
0.060591,-0.020021,0.70913
0.055725,-0.020551,0.71027
0.050787,-0.021034,0.71074
0.045858,-0.021483,0.71097
0.040719,-0.021875,0.71013
0.035892,-0.022261,0.71036
0.030903,-0.022644,0.71113
0.025931,-0.022957,0.71066
0.020847,-0.02325,0.71034
0.016001,-0.023496,0.70975
0.010975,-0.02377,0.71058
0.0060583,-0.023954,0.70973
0.001028,-0.024142,0.70975
-0.0038702,-0.02429,0.70952
-0.010931,-0.026139,0.73539
-0.0012816,-0.017767,0.61236
-0.0032442,-0.019037,0.59409
-0.0013978,-0.018364,0.57643
-0.0033606,-0.020428,0.55591
-0.003928,-0.019518,0.53263
-0.0067322,-0.016679,0.51441
-0.005241,-0.015674,0.48806
-0.0050684,-0.015951,0.46401
-0.0058958,-0.01585,0.43609
-0.0076916,-0.013879,0.41069
-0.0095762,-0.010576,0.38557
-0.0068214,-0.0098457,0.35863
-0.0076145,-0.0089119,0.33279
-0.0071915,-0.0089706,0.30939
-0.0072128,-0.0095633,0.28846
-0.0048647,-0.0094623,0.26669
-0.0027326,-0.0085954,0.24618
-0.00092893,-0.0086938,0.23202
0.00029856,-0.0082682,0.22112
-0.0016379,-0.0078485,0.21457
-0.00012606,-0.0070331,0.20801
0.0010963,-0.0074146,0.2026
0.0010958,-0.007296,0.19815
-0.0023274,-0.0058319,0.19708
-0.0036416,-0.0023547,0.1984
-0.0015859,-0.0025755,0.19914
0.0018537,-0.0035311,0.19902
0.0017755,-0.0048088,0.19747
-0.00033675,-0.0044251,0.19737
-0.0023301,-0.00067452,0.19852
-0.0037233,-0.0023819,0.19787
-0.0055105,-0.0020939,0.19751
-0.0083734,-0.003665,0.2007
-0.0098181,-0.0021978,0.21225
-0.0065267,-0.0042018,0.22888
-0.0049871,-0.002102,0.25065
-0.0044558,-0.0038862,0.27087
-0.0037566,-0.0033639,0.28944
-0.0018964,-0.0034157,0.30466
-0.003372,-0.00040149,0.32404
-0.0056881,-0.00088517,0.34232
-0.0076562,0.0013768,0.36856
-0.0081814,0.00021194,0.39065
-0.0062104,-0.0017781,0.41443
-0.0022747,-0.0022265,0.44086
2.9892e-05,-0.00061098,0.46361
-0.0022505,-0.00029855,0.48834
-0.0062213,-0.00031189,0.50631
-0.00092467,-0.0034472,0.52665
0.0088883,-0.0065058,0.54339
0.012975,-0.0086571,0.55746
0.008903,-0.0066192,0.57662
-0.0062348,-0.0038824,0.5974
-0.01034,-0.003077,0.61948
0.00062985,8.9681e-05,0.64056
0.0091188,-0.00034547,0.66235
-0.0006082,-0.0039682,0.67989
-0.010544,-0.014201,0.69095
-0.0098674,-0.014988,0.70616
-0.0067662,-0.0056787,0.71928
-0.0062596,-9.9456e-05,0.74394
9.7556e-05,-0.0010551,0.76894
8.5187e-05,-0.0061382,0.79168
-0.0015448,-0.010165,0.80656
-0.0070965,-0.011901,0.81312
-0.008558,-0.0097955,0.83286
-0.0058668,-0.0081206,0.84168
-0.0072595,-0.0088414,0.86657
-0.0099245,-0.010869,0.88108
-0.0069089,-0.012019,0.89033
-0.0035037,-0.012666,0.90123
-0.0071803,-0.01445,0.91358
-0.0057041,-0.017051,0.92429
-0.0045674,-0.019505,0.93356
-0.0053235,-0.015554,0.94531
-0.0030276,-0.011794,0.95859
-0.00038458,-0.012315,0.96987
0.0017716,-0.015549,0.98319
0.00042145,-0.015081,0.98885
0.0012043,-0.014906,0.99617
0.00097244,-0.015676,1.0027
0.0019604,-0.016844,1.0056
0.00021989,-0.017358,1.016
0.00017178,-0.017248,1.022
0.00063198,-0.016043,1.0277
-0.0035129,-0.021876,1.0307
-0.0049802,-0.019761,1.039
-0.00050038,-0.018756,1.0405
-0.0020817,-0.016759,1.0516
-0.0057845,-0.01705,1.054
-6.7613e-05,-0.021095,1.0532
0.0020766,-0.015508,1.0615
0.0022146,-0.01844,1.0613
0.0014796,-0.022384,1.0629
0.001346,-0.022253,1.0639
-0.0024161,-0.021038,1.0618
-0.0030765,-0.022467,1.0653
-0.0050124,-0.023693,1.0588
-0.002886,-0.021557,1.0606
-0.0046758,-0.018074,1.0648
-8.0553e-06,-0.016511,1.0699
-0.0013007,-0.01865,1.0698
-0.0034174,-0.024056,1.0628
-0.0034031,-0.024734,1.0561
-0.00056205,-0.02284,1.0555
-0.00087367,-0.016329,1.0586
0.0022051,-0.014386,1.067
-0.00027955,-0.016807,1.0694
0.0031566,-0.015234,1.07
0.0017142,-0.017362,1.0675
0.0021229,-0.020655,1.0669
0.0014082,-0.021288,1.0655
0.00038249,-0.021158,1.0666
0.0025864,-0.018932,1.0722
0.0023263,-0.018218,1.0723
-0.00044626,-0.022795,1.0759
0.00012093,-0.023143,1.0681
-0.003899,-0.022659,1.0687
-0.0040317,-0.020377,1.0707
-0.0037771,-0.018231,1.0763
-0.0030467,-0.017551,1.0811
0.0011584,-0.023523,1.0814
0.0014973,-0.024577,1.0767
-0.0010105,-0.023852,1.075
-0.0053585,-0.02455,1.0787
-0.0097553,-0.024807,1.0795
-0.0045229,-0.024974,1.0801
-0.0040593,-0.022926,1.0806
-0.0033681,-0.021203,1.0819
0.0014206,-0.02476,1.0826
-0.0042299,-0.026655,1.0806
-0.0045206,-0.024272,1.0794
-0.0057726,-0.021249,1.084
-0.0049843,-0.021952,1.0877
-0.0095219,-0.021552,1.0933
-0.00692,-0.021778,1.0932
-0.0098027,-0.027726,1.0911
-0.0066317,-0.026823,1.0905
-0.0070366,-0.024385,1.0914
-0.0081659,-0.023762,1.0891
-0.0090173,-0.021985,1.0857
-0.011161,-0.021153,1.0983
-0.010547,-0.024343,1.0973
-0.012732,-0.023235,1.0953
-0.013441,-0.021309,1.0972
-0.01355,-0.022353,1.0985
-0.010795,-0.023386,1.0979
-0.012618,-0.021627,1.1
-0.011244,-0.022414,1.0993
-0.014112,-0.018893,1.1037
-0.011511,-0.022601,1.1021
-0.0094184,-0.020789,1.1015
-0.0062387,-0.01933,1.1045
-0.0084051,-0.021074,1.1066
-0.006863,-0.021997,1.1105
-0.010656,-0.023257,1.1069
-0.0096491,-0.023723,1.1071
-0.0072997,-0.021972,1.11
-0.0068416,-0.023923,1.1141
-0.0063486,-0.024832,1.1124
-0.0047111,-0.02394,1.1132
-0.0041261,-0.019945,1.1196
0.0033245,-0.026218,1.1168
-0.00098529,-0.027786,1.1211
-0.0037405,-0.028239,1.1155
-0.003216,-0.021796,1.1202
-0.0043757,-0.026914,1.1207
-0.0097946,-0.023156,1.1245
-0.0029635,-0.024408,1.1299
-0.002225,-0.023266,1.13
-0.0054305,-0.024471,1.1305
-0.0044365,-0.024997,1.1315
-0.0052192,-0.026317,1.1333
-0.005598,-0.025436,1.1315
-0.0066215,-0.024636,1.1361
-0.0065301,-0.026601,1.1339
-0.0025196,-0.026609,1.1374
-0.0055853,-0.024643,1.1395
-0.0033064,-0.025777,1.1373
0.00073159,-0.023542,1.1417
-0.0012752,-0.023447,1.1421
0.00014417,-0.027509,1.1393
-0.0045167,-0.026652,1.1384
-0.0066688,-0.022304,1.142
-0.0078122,-0.02214,1.1434
-0.0077233,-0.023049,1.1461
-0.0015824,-0.023021,1.1357
-0.0025056,-0.02248,1.1404
-0.0020113,-0.023407,1.1382
-0.0054436,-0.024839,1.1414
-0.0077088,-0.025445,1.1335
-0.0082343,-0.022368,1.1324
-0.0072072,-0.021196,1.1373
-0.0066798,-0.021458,1.1435
-0.0057036,-0.02208,1.1303
-0.004586,-0.028343,1.1251
-0.01227,-0.026769,1.1132
-0.011094,-0.023448,1.1138
-0.0093315,-0.015352,1.1207
-0.0068252,-0.014198,1.1232
-0.0065366,-0.017334,1.1189
-0.0070533,-0.01898,1.1085
-0.0092971,-0.023708,1.1022
-0.0031161,-0.027318,1.0857
-0.0057891,-0.023097,1.0802
-0.0023519,-0.015691,1.0864
-0.0016655,-0.0059178,1.0959
0.0045347,-0.017573,1.0908
-0.0068085,-0.023594,1.0716
-0.010232,-0.026434,1.0542
-0.015349,-0.03574,1.0489
-0.01017,-0.029681,1.0185
-0.0097593,-0.021717,1.0318
-0.0080296,-0.017216,1.0354
-0.0098051,-0.017713,1.0327
-0.010821,-0.022306,1.0208
-0.0073372,-0.024108,1.0118
-0.0044199,-0.027306,0.99946
-0.0044595,-0.02203,0.99522
-0.0052894,-0.027116,0.98851
-0.004796,-0.02352,0.97457
-0.0039544,-0.012401,0.98015
-0.0039183,-0.016024,0.9761
-0.0080482,-0.020133,0.96955
-0.0085619,-0.017532,0.95401
-0.005945,-0.016357,0.94848
-0.0082502,-0.01954,0.94941
-0.0073329,-0.018807,0.94328
-0.0060773,-0.021009,0.93909
-0.0076352,-0.02336,0.92554
-0.013653,-0.022685,0.92213
-0.011393,-0.018788,0.91846
-0.0089245,-0.019865,0.91659
-0.015503,-0.021118,0.91182
-0.0038604,-0.018958,0.90705
-0.0020284,-0.021524,0.90463
-0.0095073,-0.027057,0.89594
-0.0074491,-0.022964,0.88722
-0.0059028,-0.018074,0.88723
-0.010049,-0.017962,0.88778
-0.012736,-0.018461,0.88918
-0.013951,-0.022154,0.87987
-0.0088847,-0.024008,0.87029
-0.010817,-0.022224,0.86215
-0.015039,-0.02117,0.85764
-0.016772,-0.019538,0.85649
-0.015961,-0.018462,0.85743
-0.013235,-0.021976,0.85054
-0.011653,-0.021941,0.84545
-0.013916,-0.020598,0.83435
-0.009936,-0.019434,0.8327
-0.015408,-0.025548,0.82258
-0.014315,-0.024063,0.80977
-0.012118,-0.020215,0.79171
-0.0067356,-0.016078,0.78546
-0.00097964,-0.020487,0.77205
0.00062116,-0.02245,0.76249
0.011663,-0.016706,0.75018
0.011822,-0.017454,0.73809
0.011186,-0.018174,0.73218
0.0094117,-0.017834,0.71567
0.0064603,-0.01757,0.70571
0.011225,-0.01759,0.69439
0.010742,-0.018094,0.68532
0.014527,-0.018521,0.67374
0.0133,-0.017205,0.66526
0.017339,-0.014925,0.65332
0.018014,-0.014886,0.64113
0.019399,-0.015566,0.62798
0.019806,-0.017016,0.61481
0.019167,-0.017022,0.59983
0.015699,-0.015007,0.58972
0.019692,-0.011998,0.58187
0.016881,-0.013001,0.56923
0.018397,-0.014709,0.56397
0.013145,-0.015414,0.54901
0.0095867,-0.013574,0.53849
0.014612,-0.011207,0.52356
0.013775,-0.01213,0.51644
0.0091381,-0.012002,0.50542
0.0052838,-0.011671,0.49605
-0.0025625,-0.011315,0.48566
-0.0027114,-0.0095081,0.47266
-0.004239,-0.010488,0.46391
-0.0073694,-0.010394,0.4508
-0.010229,-0.0097873,0.43457
-0.013504,-0.0096111,0.42078
-0.017171,-0.0084857,0.40741
-0.023737,-0.0077599,0.39262
-0.021771,-0.0084899,0.38614
-0.027314,-0.0085707,0.36637
-0.024151,-0.0071733,0.36285
-0.031009,-0.0088186,0.35177
-0.044509,-0.0085843,0.33304
-0.041037,-0.009704,0.33844
-0.053778,-0.01058,0.31439
-0.039607,-0.010335,0.32354
-0.03689,-0.0098166,0.31992
-0.049432,-0.0072241,0.30707
-0.035619,-0.0061429,0.31516
-0.051826,-0.005629,0.30232
-0.044448,-0.0061462,0.30789
-0.048923,-0.0083141,0.30038
-0.061579,-0.009701,0.28939
-0.04699,-0.0090392,0.29753
-0.055267,-0.0031077,0.29063
-0.036006,-0.0084587,0.29282
-0.047077,-0.010871,0.28055
-0.044137,-0.0073971,0.28205
-0.043762,-0.0032108,0.2876
-0.048094,-0.0018788,0.29037
-0.038636,-0.0050765,0.29359
-0.040344,-0.0075497,0.29318
-0.024916,-0.010977,0.28911
-0.020799,-0.013528,0.29481
-0.017922,-0.010869,0.29568
-0.020153,-0.0068594,0.29446
-0.025593,-0.0055506,0.29977
-0.018108,0.0015731,0.30006
-0.02801,0.0017351,0.30603
-0.025185,0.0004461,0.31266
-0.028329,-0.0026342,0.32264
-0.033551,-0.0042499,0.32597
-0.02847,-0.005242,0.33052
-0.037399,-0.0064539,0.33354
-0.035044,-0.0059582,0.34796
-0.050065,-0.0060574,0.34112
-0.036143,-0.008417,0.35875
-0.032013,-0.0064724,0.36784
-0.046784,-0.0039343,0.37321
-0.035627,-0.00071311,0.38518
-0.057321,0.00064151,0.40326
-0.047052,0.0018448,0.41837
-0.035758,-0.0040626,0.43838
-0.040109,-0.0052623,0.46159
-0.029947,-0.0069713,0.47487
-0.042319,-0.008827,0.48985
-0.032436,-0.0089166,0.51255
-0.027082,-0.0094055,0.53498
-0.015322,-0.0074904,0.558
-0.008595,-0.010184,0.5791
-0.011377,-0.0101,0.6056
-0.016043,-0.013661,0.6254
-0.022288,-0.0062575,0.65238
-0.022397,-0.0030525,0.68354
-0.019455,-0.001678,0.71128
-0.021199,-0.010128,0.74181
-0.018761,-0.0086021,0.76362
-0.021306,-0.0091027,0.78563
-0.016796,-0.0073918,0.80754
-0.013803,-0.0061523,0.83687
-0.014374,-0.0054608,0.8617
-0.01258,-0.0088556,0.88298
-0.0090844,-0.010387,0.90575
-0.0065561,-0.007738,0.92607
-0.0064236,-0.0084392,0.94943
-0.003619,-0.008147,0.97417
-0.001522,-0.0072044,0.99781
-0.002812,-0.0093557,1.0217
-0.0020891,-0.0096086,1.0446
-0.0051747,-0.013811,1.0672
-0.0056145,-0.012154,1.089
-0.0079639,-0.010121,1.1119
-0.010658,-0.010549,1.1411
-0.0092285,-0.013331,1.1607
-0.0051196,-0.013856,1.1815
-0.0047891,-0.015281,1.1874
-0.0039385,-0.019959,1.1884
-0.0014159,-0.026473,1.1812
-0.0050344,-0.02805,1.1753
-0.007853,-0.029938,1.1733
-0.0077229,-0.026037,1.1775
-0.011702,-0.025385,1.1768
-0.010587,-0.021759,1.1751
-0.0070293,-0.01928,1.182
-0.006607,-0.024459,1.1779
-0.0027337,-0.024434,1.1794
-0.0032529,-0.0254,1.1792
-0.0041862,-0.025923,1.1782
-0.0068641,-0.02636,1.1766
-0.009155,-0.025782,1.1745
-0.0065775,-0.026541,1.1696
-0.0070749,-0.024303,1.1715
-0.0055653,-0.027111,1.1637
-0.0045946,-0.026311,1.1648
-0.0036728,-0.025453,1.1596
-0.0028817,-0.024702,1.1599
-0.0015334,-0.02364,1.1577
-0.0052182,-0.024901,1.1552
-0.0059434,-0.025914,1.1524
-0.006368,-0.023566,1.149
-0.0069768,-0.025645,1.1463
-0.0071729,-0.024617,1.1455
-0.0064126,-0.026448,1.1387
-0.006564,-0.028162,1.1363
-0.0061782,-0.025815,1.133
-0.005369,-0.021564,1.1333
-0.0069843,-0.024042,1.1312
-0.0062097,-0.024846,1.1327
-0.004861,-0.027591,1.1249
-0.0029991,-0.027471,1.1166
-0.0042689,-0.027475,1.1143
-0.0024702,-0.026162,1.11
-0.0033263,-0.026814,1.1138
0.001325,-0.027323,1.1089
0.001974,-0.026891,1.1016
0.007534,-0.025834,1.098
0.0060368,-0.023738,1.0986
0.0039684,-0.022544,1.0991
-0.0024999,-0.022935,1.0996
-0.0084282,-0.023258,1.0993
-0.005707,-0.027563,1.0946
-0.012025,-0.029962,1.0858
-0.0061524,-0.027624,1.0855
0.0026076,-0.022291,1.0872
0.00013624,-0.015635,1.093
0.00012339,-0.019387,1.0965
-0.002235,-0.020362,1.0963
-0.0048896,-0.019183,1.0996
-0.0061527,-0.023629,1.0923
-0.003396,-0.021818,1.0895
-0.0032752,-0.024557,1.0871
-6.456e-05,-0.022471,1.0866
-0.0034167,-0.023759,1.0833
-0.0047634,-0.022531,1.0805
-0.0058622,-0.024041,1.0798
-0.007637,-0.024521,1.0763
-0.008188,-0.024418,1.0782
-0.0069817,-0.024454,1.0724
-0.0060106,-0.024597,1.0697
-0.0064491,-0.023742,1.067
-0.0067117,-0.025149,1.0626
-0.0065771,-0.026821,1.0647
-0.0057869,-0.029006,1.0612
-0.0070356,-0.025034,1.056
-0.0054005,-0.026236,1.0576
-0.0050814,-0.026573,1.052
-0.0057381,-0.024639,1.0524
-0.00438,-0.02607,1.0446
-0.0040377,-0.025731,1.0469
-0.0034336,-0.025595,1.041
-0.0034938,-0.024987,1.0386
-0.0025198,-0.023656,1.0388
-0.0020578,-0.024099,1.0366
-0.00027905,-0.023351,1.0317
-0.0011804,-0.024362,1.0253
-0.0012049,-0.025861,1.0315
-0.0007923,-0.024606,1.0256
-0.0010231,-0.025382,1.0224
-0.0021023,-0.025294,1.0188
-0.00045483,-0.025836,1.0156
-0.0011388,-0.024984,1.0169
-0.00033535,-0.027461,1.0131
-0.0010924,-0.026881,1.008
0.0010697,-0.028711,1.0053
-0.0016551,-0.02406,1.0007
-0.0031084,-0.023215,1.0025
-0.0033408,-0.024906,0.99805
-0.0044619,-0.026646,0.99534
-0.005822,-0.027539,0.98949
-0.0093953,-0.026806,0.98546
-0.010294,-0.0273,0.98526
-0.012256,-0.028226,0.98127
-0.01465,-0.028714,0.97935
-0.014623,-0.029245,0.97613
-0.016749,-0.027224,0.97279
-0.015059,-0.027658,0.97104
-0.013566,-0.029003,0.9637
-0.01679,-0.027424,0.96455
-0.015986,-0.021231,0.96361
-0.0196,-0.020763,0.96177
-0.01884,-0.024204,0.96128
-0.021029,-0.022957,0.95474
-0.027506,-0.021257,0.95642
-0.02632,-0.019601,0.95569
-0.032119,-0.017257,0.96067
-0.027609,-0.019256,0.96105
-0.025285,-0.0195,0.9611
-0.033097,-0.018619,0.9647
-0.026384,-0.0208,0.9649
-0.03295,-0.021387,0.97004
-0.027382,-0.018445,0.9717
-0.027231,-0.018214,0.97836
-0.033663,-0.019097,0.98546
-0.029626,-0.016549,0.98597
-0.033587,-0.016783,0.99766
-0.026685,-0.016569,0.99696
-0.02918,-0.017254,0.99993
-0.03674,-0.01178,1.0131
-0.031501,-0.013092,1.0149
-0.035797,-0.016751,1.0193
-0.030461,-0.014936,1.0237
-0.032345,-0.011077,1.0293
-0.02781,-0.016686,1.036
-0.026101,-0.017504,1.0494
-0.024143,-0.017787,1.0554
-0.023495,-0.017019,1.0647
-0.02041,-0.016665,1.0677
-0.015072,-0.018941,1.0723
-0.011392,-0.02057,1.0819
-0.0069417,-0.021043,1.0867
-0.0041504,-0.023709,1.092
-0.0053408,-0.020809,1.1013
-0.0031965,-0.020048,1.1043
-0.0041524,-0.019794,1.1129
-0.0034827,-0.021132,1.1176
-0.0018359,-0.022684,1.1366
-0.0023719,-0.022621,1.1014
0.0009301,-0.02346,1.1135
0.0012351,-0.024435,1.1222
0.0041162,-0.026457,1.1161
0.0066624,-0.027895,1.1148
0.0082672,-0.026832,1.1138
0.0086515,-0.027598,1.1065
0.0094405,-0.026066,1.106
0.0099492,-0.024874,1.1037
0.01024,-0.023482,1.1024
0.013295,-0.024965,1.0966
0.014712,-0.025451,1.0994
0.014469,-0.024146,1.0897
0.012901,-0.022436,1.0877
0.0084126,-0.02195,1.0869
0.0068151,-0.023692,1.0809
0.0054348,-0.023783,1.0791
0.0058391,-0.024176,1.0736
0.0083705,-0.02616,1.0676
0.0083773,-0.025475,1.0646
0.0077628,-0.024094,1.0583
0.0074415,-0.025747,1.0551
0.0057519,-0.023963,1.0494
0.0056993,-0.023051,1.0485
0.0074316,-0.023536,1.0433
0.0068567,-0.025836,1.0329
0.0065701,-0.027498,1.0324
0.0052422,-0.026694,1.0221
0.0036129,-0.025838,1.0109
0.0012667,-0.025732,0.99239
0.0015579,-0.024164,0.969
-0.0024184,-0.023701,0.94548
-0.00099568,-0.026865,0.91998
-0.0034071,-0.028729,0.89009
-0.0040026,-0.028109,0.86424
-0.0042665,-0.025341,0.83869
-0.0060975,-0.024789,0.81512
-0.0088357,-0.024444,0.78593
-0.0059979,-0.024542,0.75533
-0.0083757,-0.023117,0.7293
-0.0072326,-0.021806,0.70022
-0.0083275,-0.020118,0.67672
-0.0060332,-0.020401,0.66983
-0.0064643,-0.01893,0.61175
-0.0071627,-0.018261,0.61019
-0.0081637,-0.017808,0.59196
-0.010652,-0.01733,0.57321
-0.012831,-0.015501,0.55793
-0.015487,-0.014577,0.54753
-0.017719,-0.017168,0.53261
-0.015931,-0.015521,0.52316
-0.017157,-0.013798,0.51137
-0.016433,-0.013689,0.49488
-0.019906,-0.015261,0.48343
-0.022287,-0.015277,0.46033
-0.023929,-0.013253,0.44744
-0.031206,-0.011774,0.43209
-0.029897,-0.010478,0.40754
-0.039845,-0.013941,0.38819
-0.036458,-0.012089,0.35865
-0.038973,-0.01009,0.33662
-0.038326,-0.0091151,0.31294
-0.031236,-0.0070721,0.29419
-0.032136,-0.0092617,0.29347
-0.02917,-0.0072893,0.28816
-0.030075,-0.0033181,0.28724
-0.03979,-0.0038367,0.29055
-0.039565,-0.0045626,0.27979
-0.043585,-0.0062697,0.28168
-0.035324,-0.0055507,0.27311
-0.034211,-0.00677,0.27014
-0.040991,-0.010284,0.27743
-0.037891,-0.0098114,0.27652
-0.040792,-0.0077477,0.29254
-0.033466,-0.0074689,0.29637
-0.036682,-0.01056,0.31454
-0.032957,-0.010672,0.3184
-0.032678,-0.01024,0.32965
-0.03559,-0.0060016,0.34847
-0.029456,-0.0059333,0.35274
-0.03475,-0.0063085,0.37631
-0.02839,-0.0071008,0.38177
-0.035283,-0.0065576,0.3983
-0.039336,-0.0041782,0.42627
-0.03724,-0.0027399,0.43895
-0.034211,-0.0029975,0.46831
-0.029374,-0.0044039,0.4837
-0.025834,-0.0051811,0.51657
-0.02313,-0.0050085,0.52094
-0.024663,-0.0038073,0.551
-0.028229,-0.0028377,0.57763
-0.029428,-0.00291,0.59772
-0.029016,-0.00070077,0.62075
-0.024459,-0.0031314,0.64456
-0.025363,-0.0064163,0.6687
-0.022093,-0.004859,0.69728
-0.027923,-0.0071785,0.71023
-0.025771,-0.009964,0.73136
-0.026795,-0.0079235,0.75083
-0.018831,-0.0036359,0.7692
-0.027551,-0.0026814,0.78827
-0.030364,-0.004255,0.81333
-0.026698,-0.0070185,0.83804
-0.026944,-0.0093829,0.85716
-0.02259,-0.011009,0.8745
-0.02199,-0.010666,0.89316
-0.019372,-0.0078816,0.91028
-0.016522,-0.0079447,0.93112
-0.012529,-0.0081979,0.94858
-0.0070442,-0.0086613,0.9636
-0.0034719,-0.012664,0.97363
0.0002735,-0.011936,1.0294
0.0014218,-0.0090553,0.95726
0.0017295,-0.0094016,1.0157
-0.00028345,-0.011609,1.0401
0.00065417,-0.011309,1.0477
0.00079954,-0.014665,1.0608
0.0022058,-0.016732,1.0806
0.0015921,-0.015945,1.0892
0.0023321,-0.015259,1.1038
0.0024026,-0.015479,1.116
0.0026933,-0.014104,1.1317
0.0017725,-0.01422,1.1515
0.0018979,-0.019203,1.1596
0.0053312,-0.016976,1.1637
0.0064402,-0.018799,1.1736
0.0091168,-0.0196,1.1852
0.0093468,-0.018409,1.1921
0.011159,-0.021183,1.1985
0.0082194,-0.02376,1.2033
0.0053246,-0.025865,1.1984
0.0047297,-0.02576,1.2037
0.0045556,-0.023615,1.2083
0.0058342,-0.02209,1.2105
0.0062388,-0.02373,1.2134
0.0090183,-0.026321,1.2078
0.0065825,-0.024735,1.2086
0.0027817,-0.025754,1.2089
0.0047661,-0.02481,1.2056
-0.0030584,-0.029268,1.2025
0.0081038,-0.033648,1.1871
0.0063082,-0.025215,1.188
0.0022882,-0.022659,1.1944
-0.00047822,-0.022412,1.1947
-0.003119,-0.023167,1.1913
-0.0057294,-0.02436,1.1876
-0.0028243,-0.02684,1.1942
-0.0013783,-0.027224,1.194
0.0027848,-0.027069,1.1859
0.00016517,-0.022454,1.1933
-0.0023161,-0.022744,1.1952
-0.0057934,-0.02302,1.2026
-0.0037224,-0.024085,1.1998
-0.001762,-0.026218,1.1989
-0.00041619,-0.027125,1.1974
-0.0021154,-0.028326,1.1944
-0.0020698,-0.025726,1.1929
-0.0046043,-0.024319,1.195
-0.0062242,-0.02458,1.1943
-0.0053072,-0.026715,1.1964
-0.0021706,-0.026898,1.1847
-0.0015229,-0.028024,1.1786
-0.0021774,-0.028389,1.1752
-0.0042314,-0.026165,1.1744
-0.0037579,-0.025891,1.1704
-0.0027934,-0.028206,1.1712
-0.0036025,-0.028692,1.1618
-0.004549,-0.029121,1.1562
-0.0044568,-0.023593,1.1545
-0.0047113,-0.020674,1.1539
-0.0013856,-0.027331,1.1544
0.0017243,-0.03027,1.1372
0.0033096,-0.028894,1.1302
0.0034912,-0.02553,1.1299
0.0053735,-0.022469,1.133
0.0072493,-0.020822,1.1375
0.0075103,-0.022041,1.139
0.0096074,-0.024602,1.1292
0.0089963,-0.023749,1.1134
0.0070809,-0.02112,1.1266
0.011484,-0.016897,1.1317
0.0028265,-0.021753,1.1318
-0.0029153,-0.025947,1.1204
0.0064778,-0.023701,1.1155
-0.0016242,-0.022196,1.1239
0.0010602,-0.020423,1.1249
0.0028337,-0.018638,1.1274
0.0030606,-0.021802,1.1259
-0.00011644,-0.02376,1.1244
-0.0069666,-0.026031,1.1307
-0.010009,-0.027345,1.1258
-0.0061218,-0.031322,1.1213
-0.0023962,-0.029923,1.1145
0.001247,-0.027062,1.1106
0.0092138,-0.023832,1.1286
0.0097174,-0.02449,1.1261
0.0078059,-0.024789,1.1271
0.0056348,-0.025013,1.1248
0.0049783,-0.02564,1.1231
0.0065241,-0.026918,1.1222
0.006116,-0.027185,1.1194
0.0058224,-0.024962,1.1245
0.0031277,-0.024343,1.1239
0.003964,-0.02486,1.1271
0.0032465,-0.02569,1.1267
0.0037217,-0.024853,1.1242
0.0034379,-0.025285,1.1235
0.0034632,-0.028185,1.1214
0.002907,-0.025408,1.1203
0.001426,-0.023337,1.1189
-0.0010817,-0.021958,1.1214
-0.0012852,-0.024751,1.1503
0.00024433,-0.023049,1.079
0.002657,-0.022862,1.1091
0.0011608,-0.022633,1.1052
0.0016896,-0.021734,1.1056
-0.00049745,-0.023746,1.1046
6.32e-05,-0.021762,1.0999
-0.0023932,-0.022582,1.0971
-0.0036635,-0.021634,1.0968
-0.0027721,-0.021597,1.0942
-0.0001893,-0.019952,1.0966
0.002539,-0.022719,1.0887
0.001669,-0.024345,1.0914
0.0019981,-0.024803,1.0845
0.0037625,-0.023659,1.0815
0.0029749,-0.021814,1.0788
0.0013668,-0.021959,1.0799
0.000997,-0.023629,1.0796
-0.0033294,-0.024625,1.0755
0.002104,-0.028203,1.0685
-0.0022137,-0.026563,1.0637
-0.00035055,-0.022749,1.0662
0.0010225,-0.02433,1.0625
0.0014342,-0.027005,1.0491
-0.0015263,-0.024594,1.0518
-0.0051593,-0.023339,1.0509
-0.0032745,-0.023663,1.0527
-0.0010155,-0.02493,1.0479
-0.0021068,-0.027058,1.0401
0.0016784,-0.025762,1.0335
0.0023847,-0.024408,1.029
0.0017669,-0.023046,1.0334
0.00037428,-0.023435,1.0276
0.0028075,-0.025178,1.023
0.003539,-0.027012,1.0239
0.0013789,-0.026216,1.0216
0.0021769,-0.026794,1.0106
0.0021121,-0.025389,0.99383
0.0011544,-0.024072,0.99267
-0.0012299,-0.02423,0.98346
0.0014224,-0.02136,0.973
-0.00043551,-0.022385,0.96532
-0.0010367,-0.0244,0.94974
-0.00071312,-0.026316,0.93449
-0.00088807,-0.024693,0.92212
0.00081637,-0.02235,0.91447
0.0013683,-0.021088,0.90517
0.0016139,-0.019473,0.89461
0.00046008,-0.019767,0.88033
0.0014584,-0.022425,0.87073
0.0009067,-0.024249,0.83712
0.00063286,-0.022684,0.82448
-0.0016724,-0.023108,0.80432
-0.0016538,-0.022925,0.78285
0.00017116,-0.021416,0.76463
0.0021501,-0.019276,0.74591
-0.0009343,-0.018879,0.72983
-0.0031342,-0.019933,0.71261
-0.0040759,-0.019898,0.69521
-0.0016498,-0.018053,0.67463
-0.00086834,-0.01736,0.65742
-0.0033273,-0.018891,0.64059
-0.0011054,-0.017527,0.62096
0.00261,-0.013166,0.60782
0.0056016,-0.013581,0.59147
0.0061554,-0.014974,0.57615
0.0079694,-0.015518,0.55846
0.008177,-0.014787,0.54056
0.0065293,-0.015771,0.5168
0.0024624,-0.015442,0.49601
0.0013852,-0.01568,0.4738
0.00081533,-0.016839,0.44711
0.0010421,-0.014107,0.41938
0.00052531,-0.011217,0.39562
-0.0022532,-0.0089684,0.37415
0.00071767,-0.0055269,0.35311
-0.0004277,-0.0061928,0.32897
-0.0036578,-0.0065999,0.31049
-0.0055603,-0.0059701,0.29684
-0.0071062,-0.0073581,0.2843
-0.010902,-0.0080284,0.27624
-0.011357,-0.0067848,0.26604
-0.010665,-0.0052623,0.25812
-0.011671,-0.0051791,0.25337
-0.014423,-0.0051164,0.25104
-0.020896,-0.0058111,0.24891
-0.026138,-0.0057189,0.24655
-0.026311,-0.0050219,0.24242
-0.020944,-0.0039411,0.22728
-0.016729,-0.0015353,0.1956
-0.0090961,-0.0018492,0.15447
-0.009627,-0.0012261,0.10764
-0.0088003,-0.00089504,0.072087
-0.0069272,0.00012385,0.040425
-0.0027468,0.00093902,0.0084591
-0.00038533,-0.0011058,-0.015458
0.00079757,-0.0040929,-0.012687
-0.0020987,-0.0020365,-0.0015039
-0.001216,0.0026914,0.00063877
-0.00054918,0.0034118,-0.00043524
-9.7569e-05,0.00071266,0.0021503
0.00016874,-2.295e-05,0.0020733
0.0028443,0.00014369,-0.0016631
0.0027478,-0.0015088,-0.0015816
0.0031787,-0.0016803,0.0011131
0.0029258,-0.0015801,-6.2879e-05
0.0021263,-0.0011907,-0.0014783
0.002617,-0.0021459,7.8523e-05
0.0028161,-0.0018112,0.0020985
0.0022761,-0.0013201,2.2657e-05
0.0035877,-0.0012249,0.00026924
0.0020269,3.3506e-05,0.00033827
0.00348,-0.0027733,0.0018827
0.0025138,-0.00068811,5.8008e-05
0.0030404,-0.0011303,0.0015755
0.001571,-0.00049026,0.0013236
0.0018376,-0.0015848,0.0014298
0.0019102,-0.0019671,0.0012538
0.0021529,-0.002211,0.0020209
0.0018154,-0.0016166,0.0010981
0.0020165,-0.0012639,0.00074211
0.0018489,-0.00050814,0.001366
0.0016966,-0.00082309,0.0012969
0.0026004,-0.0018518,0.0010623
0.0016266,-0.00066156,0.0012093
0.0022759,-0.00092917,0.0011013
0.0014348,-0.0011395,0.00098354
0.0020461,-0.0029508,0.0014485
0.0012278,-0.00063235,0.00099214
0.002558,-0.002444,0.0011376
0.0016553,-0.0013734,0.00070383
0.00075414,-0.0015672,0.0013241
0.00105,-0.00066157,0.00085326
0.0015094,-0.00037173,0.00076484
0.00097072,-0.00055328,0.00060172
0.00040723,0.00057612,0.00069772
0.00080066,0.0012052,0.00029175
0.0010911,0.0014004,0.00023251
0.0014175,0.0010286,0.0002126
0.0013679,0.00052306,-0.00012504
0.0016332,0.00093604,-2.1983e-05
0.0013996,0.00051267,0.0002851
0.0011317,0.00050972,0.00036162
0.00084855,0.00026717,0.00036097
0.00085124,0.00072428,0.0001664
0.00073685,-0.00024691,0.00016053
-0.00038285,-0.0010772,9.936e-05
0.00060615,-0.00064017,-0.00017124
-3.0761e-05,-0.0018245,0.00013277
0.00029707,-0.0006114,0.00020159
-4.8961e-05,-0.002225,-2.0249e-05
0.00010105,-0.00099303,-1.3978e-05
-0.0011592,-0.001276,0.00021767
0.00020844,-0.0015715,0.00028392
0.00041388,-0.0013378,0.00040524
-0.0012815,-0.00095005,0.00015616
-0.0020654,-0.00040615,0.00077759
-0.0019312,0.0008025,0.0033975
-0.0015979,0.00078988,0.0065672
-0.0025538,-0.00059981,0.010152
-0.0039254,-0.0014594,0.013595
-0.0048967,-0.0022583,0.01626
-0.0045838,-0.0016632,0.018356
-0.0050149,-0.0011674,0.020593
-0.0045013,-0.0011782,0.024447
-0.0077657,-0.001434,0.034658
-0.0086851,-0.001151,0.050189
-0.011785,-0.002045,0.072639
-0.013546,-0.0020142,0.095589
-0.018119,-0.00161,0.12218
-0.021624,-0.0022217,0.14708
-0.024865,-0.0012679,0.16945
-0.025711,2.3163e-05,0.19623
-0.028037,0.00044616,0.22116
-0.035239,-0.0015276,0.24754
-0.037899,-0.0011335,0.27137
-0.037949,-0.0016664,0.29312
-0.050583,-0.0046848,0.31419
-0.054491,-0.0074341,0.33497
-0.057962,-0.010391,0.35549
-0.060036,-0.011905,0.37437
-0.059163,-0.0071202,0.39142
-0.059912,-0.0033526,0.41231
-0.062543,-0.0046508,0.42861
-0.061227,-0.0053016,0.44338
-0.064276,-0.0053039,0.46875
-0.059877,-0.0047961,0.49325
-0.061958,-0.00419,0.51973
-0.061603,-0.0053414,0.53983
-0.065153,-0.0020861,0.55762
-0.066207,-0.0051836,0.58502
-0.054149,-0.0055306,0.6146
-0.048871,-0.0030766,0.64094
-0.050353,-0.00094148,0.66316
-0.041682,-0.0064935,0.68384
-0.035334,-0.0046885,0.71019
-0.032962,-0.0019349,0.73184
-0.044017,-0.0017616,0.75491
-0.042034,-0.0044488,0.77386
-0.039687,-0.0049206,0.79795
-0.038256,-0.0059553,0.81708
-0.037494,-0.0034904,0.8352
-0.037232,-0.0033327,0.86176
-0.034884,-0.0041868,0.88133
-0.031249,-0.0074328,0.90782
-0.02619,-0.0068763,0.9256
-0.020795,-0.0059726,0.95082
-0.017409,-0.0060334,0.97129
-0.014089,-0.0053856,0.99767
-0.010718,-0.007821,1.0186
-0.009167,-0.0074592,1.0379
-0.0077386,-0.0056485,1.0616
-0.004534,-0.0047852,1.083
-0.0031473,-0.0059801,1.1091
-0.005113,-0.0083792,1.1262
-0.004918,-0.011661,1.1408
-0.0068165,-0.015288,1.147
-0.0056836,-0.016881,1.1476
-0.0059987,-0.019703,1.1498
-0.003817,-0.0215,1.1505
-0.0053353,-0.022746,1.1496
-0.0045037,-0.02556,1.1486
-0.0068139,-0.030691,1.1397
-0.0061904,-0.026643,1.1428
-0.0044994,-0.024269,1.1433
-0.0056516,-0.023864,1.1474
-9.1436e-06,-0.026554,1.1444
0.0017623,-0.028314,1.136
-0.0012951,-0.027104,1.1351
0.0023918,-0.024494,1.1304
0.001581,-0.027747,1.1257
0.0034609,-0.027731,1.123
0.0042426,-0.026761,1.1181
0.0051279,-0.02334,1.1233
0.004891,-0.020999,1.1257
0.0044938,-0.02229,1.1243
0.004783,-0.025058,1.1171
0.0076064,-0.029841,1.1112
0.010416,-0.025237,1.1043
0.0040583,-0.028092,1.1025
0.0011865,-0.025744,1.0998
0.0023957,-0.024294,1.0987
-0.0023824,-0.023245,1.1074
-0.0031572,-0.027356,1.0991
0.001929,-0.022526,1.0953
0.0034974,-0.021835,1.0945
0.0036887,-0.026031,1.0888
0.0034785,-0.024732,1.0878
0.0036418,-0.025575,1.0858
0.0031452,-0.027844,1.079
0.0028953,-0.027213,1.0743
0.00067354,-0.024432,1.0691
-0.0014338,-0.022096,1.0739
-0.0012844,-0.022139,1.072
-0.0014371,-0.023325,1.0722
-0.0027923,-0.02596,1.0633
-0.0026385,-0.025808,1.0588
-0.0008199,-0.02093,1.0605
-0.0019791,-0.021373,1.0571
-0.0011219,-0.022497,1.0515
-0.0012286,-0.017909,1.0472
-0.0021481,-0.018088,1.0536
-0.0029549,-0.019578,1.0494
-0.0020287,-0.021287,1.0437
-0.0013299,-0.021136,1.0398
-0.00033517,-0.019796,1.0381
0.00066055,-0.019433,1.0377
-0.00090654,-0.020232,1.0351
-0.0006726,-0.020255,1.0319
-0.0023573,-0.019066,1.0307
-0.0021962,-0.02185,1.0274
-0.00074018,-0.026039,1.0256
0.00031196,-0.023458,1.0158
0.0006273,-0.017356,1.013
0.00097629,-0.015663,1.0148
-0.00038063,-0.019977,1.0199
0.0016025,-0.019872,1.021
0.0026137,-0.023935,1.0166
0.0043806,-0.027056,1.0083
0.0042092,-0.027232,0.99407
0.0035667,-0.02757,0.99009
0.0021023,-0.02133,0.99412
-0.0021724,-0.019714,0.99961
-0.0053754,-0.018037,1.007
-0.0033254,-0.017371,1.0135
-0.005374,-0.014737,1.0245
-0.0060785,-0.016652,1.0326
0.00029358,-0.017726,1.0389
-0.0029142,-0.016836,1.05
-0.0027189,-0.016296,1.0591
0.00052523,-0.02322,1.0715
0.00011228,-0.020064,1.0718
0.0038289,-0.021367,1.0812
-0.0018604,-0.023947,1.0842
0.00054641,-0.022074,1.0886
0.0010744,-0.018086,1.0982
-0.0037911,-0.012813,1.1172
-0.0035013,-0.015241,1.1277
-0.0022087,-0.016137,1.1343
-0.0031024,-0.02196,1.1357
-0.0047529,-0.026004,1.1438
-0.0027502,-0.022127,1.1492
-0.0044654,-0.01959,1.1577
-0.0033777,-0.022205,1.1573
-0.0047149,-0.026818,1.1564
-0.0037993,-0.029062,1.1571
-0.0038878,-0.029702,1.1504
-0.0025036,-0.030381,1.1494
-0.0032577,-0.02746,1.1455
-0.0034316,-0.028549,1.151
-0.0025507,-0.029692,1.1428
-0.0030575,-0.030126,1.1398
-0.0029548,-0.028264,1.1345
-0.0010049,-0.02425,1.1337
-0.00059697,-0.025393,1.1365
-0.0002963,-0.026489,1.1326
-0.0032521,-0.02828,1.1246
-0.0041151,-0.028427,1.1175
-0.0059173,-0.028501,1.1105
-0.00051802,-0.030667,1.1039
-0.00082058,-0.031165,1.0967
0.0014442,-0.030543,1.087
0.0028905,-0.034102,1.0785
0.0012071,-0.034768,1.0657
0.0017953,-0.035893,1.0631
6.5984e-05,-0.030774,1.0569
0.00031902,-0.033047,1.0503
-0.00038963,-0.031144,1.0432
0.00049087,-0.032043,1.033
0.0031231,-0.028846,1.0296
0.0012903,-0.029433,1.0266
-0.0029521,-0.03033,1.0184
0.0069643,-0.021147,1.0139
0.0056476,-0.023017,1.0132
0.0047794,-0.020248,1.0137
0.001968,-0.020571,1.0092
-0.0022896,-0.022895,1.0034
-0.0068472,-0.019701,0.99874
-0.010071,-0.012991,1.0115
-0.0076361,-0.011781,1.0172
-0.0060507,-0.015362,1.0211
-0.00090809,-0.0065954,1.0232
0.0081321,-0.0098094,1.0301
0.010038,-0.0099351,1.0354
0.0013813,-0.0094566,1.0426
0.0061297,-0.0096455,1.0546
0.0077139,-0.014064,1.0546
0.0058634,-0.018146,1.0498
-0.00090121,-0.019482,1.0564
0.0031221,-0.014992,1.0613
-0.0011849,-0.015703,1.0714
0.0019559,-0.016105,1.0803
-0.001609,-0.019171,1.0882
0.0066232,-0.018619,1.0971
0.0078892,-0.019961,1.1021
0.0023439,-0.018957,1.1084
0.0045079,-0.018381,1.1137
-0.0030808,-0.021331,1.1238
0.00044922,-0.017513,1.1239
0.002842,-0.016417,1.1267
0.0059362,-0.021511,1.1256
0.0055221,-0.022917,1.1172
0.0054525,-0.021901,1.117
0.0053405,-0.017534,1.1227
-0.00021096,-0.0236,1.1218
-0.0019005,-0.024971,1.1163
0.001129,-0.023596,1.1088
-0.00041128,-0.023953,1.11
0.0023107,-0.027035,1.1082
0.0044926,-0.027711,1.0996
0.00056618,-0.019387,1.0989
0.0040169,-0.023796,1.0918
-0.0023802,-0.022397,1.0866
0.0024064,-0.022988,1.0727
0.0033494,-0.025669,1.0564
0.0052849,-0.024959,1.0399
-0.0037109,-0.030759,1.02
-0.0037188,-0.030925,0.99839
-0.005061,-0.030091,0.98072
-0.0088428,-0.024094,0.97512
-0.0037523,-0.024674,0.95973
-0.0044134,-0.028779,0.95376
-0.00031305,-0.024329,0.94601
-0.0041837,-0.024748,0.94147
-0.0033747,-0.023716,0.94029
0.0018391,-0.024748,0.93427
-0.00089623,-0.024067,0.93498
0.0014133,-0.024253,0.93012
0.0018905,-0.024595,0.92839
0.0031822,-0.024995,0.92646
9.3804e-05,-0.025744,0.92447
-0.0030932,-0.0234,0.925
-0.0079423,-0.024832,0.92474
0.0052807,-0.020895,0.92712
-0.0026314,-0.027846,0.92203
-0.0083616,-0.024066,0.91783
0.00022623,-0.016331,0.92236
-0.0046746,-0.011714,0.9308
-0.016311,-0.015947,0.94287
-0.015182,-0.014258,0.94224
-0.016987,-0.012709,0.95833
-0.020145,-0.015285,0.96591
-0.01758,-0.016359,0.97049
-0.01057,-0.016567,0.97444
-0.0082982,-0.019403,0.98015
-0.016535,-0.018091,0.9921
-0.003757,-0.018329,1
0.007123,-0.016948,1.0127
0.0064998,-0.012061,1.0237
0.0080112,-0.018015,1.0338
0.011658,-0.014481,1.0457
0.0052453,-0.015791,1.053
-2.8519e-05,-0.013422,1.0683
-0.0036688,-0.015243,1.0819
-0.0051981,-0.013967,1.0984
-0.0058997,-0.018836,1.1145
-0.0011879,-0.016654,1.1245
-0.00047887,-0.015454,1.136
0.00024999,-0.017822,1.1441
0.0023148,-0.015698,1.1528
0.0047754,-0.015022,1.1643
-0.00094523,-0.013129,1.1772
-0.0026549,-0.011899,1.1825
0.0025021,-0.014661,1.1828
0.00089905,-0.022106,1.1777
0.0011208,-0.021964,1.1771
0.00057916,-0.023103,1.1717
-0.00308,-0.02788,1.1658
0.0041785,-0.02561,1.1614
0.0010249,-0.027433,1.1607
0.0048914,-0.027898,1.1594
0.0077085,-0.025219,1.1587
0.0047552,-0.025685,1.1607
-0.001204,-0.027809,1.1542
-0.0017697,-0.029716,1.147
-0.006595,-0.02759,1.1352
-0.0042406,-0.031117,1.1355
-0.0058521,-0.030374,1.1283
0.0026642,-0.032975,1.1179
0.0014137,-0.025384,1.1073
0.00014662,-0.028742,1.0989
-0.0029383,-0.028081,1.0776
-0.0047361,-0.026893,1.0623
-0.0043869,-0.026629,1.0467
-0.0036269,-0.025844,1.0345
-0.002671,-0.025196,1.0189
-0.0016492,-0.023814,1.0065
-0.0022308,-0.025019,0.98854
-0.0012772,-0.027754,0.96698
-0.0036806,-0.025101,0.94766
-0.0045835,-0.022806,0.93728
-0.0029802,-0.018549,0.93554
0.00042118,-0.015078,0.93458
0.00048,-0.012986,0.93541
0.00010904,-0.013152,0.93012
0.0027869,-0.0098898,0.92966
-0.0011402,-0.015566,0.92431
-0.0028888,-0.015275,0.91714
-0.0028687,-0.013035,0.91906
-0.00087179,-0.0090038,0.91936
-0.0023231,-0.011584,0.92156
-0.0032902,-0.014487,0.92775
0.0029279,-0.013983,0.9322
0.010443,-0.014409,0.93495
0.0066062,-0.010536,0.94071
0.0046583,-0.012363,0.94078
0.0040333,-0.0093522,0.95171
0.0046713,-0.0086169,0.95611
0.0065298,-0.0069728,0.97111
0.0033837,-0.011203,0.9746
0.0055444,-0.006921,0.97944
0.0033019,-0.0096175,0.98863
0.0090775,-0.0074547,1.0116
0.0061335,-0.012217,1.0188
0.0087323,-0.017483,1.0252
0.0071805,-0.018447,1.0249
0.0061979,-0.011493,1.0323
0.0056529,-0.0094973,1.0562
-0.00029635,-0.014054,1.0675
0.0043843,-0.015185,1.0653
0.0046295,-0.015669,1.0681
0.0053185,-0.015934,1.0732
0.0032034,-0.016171,1.0858
0.0037797,-0.016229,1.0921
0.0032052,-0.012764,1.1008
0.00135,-0.0067302,1.1099
0.0035962,-0.0098521,1.1206
0.0055797,-0.010105,1.1245
0.0057569,-0.011805,1.1272
0.012009,-0.0088508,1.136
0.008935,-0.015315,1.1384
0.0050585,-0.010003,1.1418
0.0029526,-0.01135,1.1566
0.0031281,-0.0092915,1.167
9.3015e-05,-0.012263,1.1771
0.0025344,-0.015795,1.1834
0.00089161,-0.02071,1.1983
-0.0014553,-0.026625,1.2066
-0.0014464,-0.025412,1.2063
0.00032387,-0.022516,1.2075
0.0019456,-0.021816,1.2081
-0.0016763,-0.028456,1.2107
-0.0046091,-0.033218,1.2035
-0.0018843,-0.02904,1.1949
-0.0065574,-0.030578,1.1921
-0.0066413,-0.029625,1.1853
-0.0096394,-0.042261,1.1938
-0.0058238,-0.033914,1.186
-0.0070581,-0.036424,1.1845
-0.0080632,-0.033121,1.1749
-0.012972,-0.040171,1.1694
-0.011386,-0.036793,1.171
-0.01106,-0.036588,1.1667
-0.0074324,-0.033658,1.1597
-0.007158,-0.036703,1.1476
-0.0025407,-0.029615,1.1417
0.00031768,-0.023667,1.1483
-0.0043011,-0.023107,1.1485
-0.0083797,-0.024996,1.1408
-0.0064218,-0.030673,1.1286
-0.010948,-0.031906,1.121
-0.014413,-0.032796,1.1097
-0.008924,-0.025023,1.1069
-0.0098715,-0.024346,1.1094
-0.0083013,-0.0201,1.1062
-0.0071339,-0.022269,1.1005
-0.0049044,-0.024124,1.0907
-0.0053911,-0.027561,1.0797
