0.0039513,-0.0095179,0.56535
-0.0011186,-0.011698,0.56228
-0.0069886,-0.017338,0.5617
-0.0041628,-0.01528,0.56218
-0.0012205,-0.011323,0.56489
-0.004304,-0.011903,0.57438
-0.0060303,-0.014317,0.57943
-0.0078422,-0.020274,0.58702
-0.0067665,-0.017236,0.59457
-0.0097074,-0.015302,0.60125
-0.008348,-0.0093501,0.61308
-0.0082712,-0.0075443,0.62615
-0.0093881,-0.007682,0.64844
-0.0078957,-0.01293,0.66488
-0.0070902,-0.020792,0.67649
-0.0095267,-0.022424,0.68375
-0.010667,-0.012493,0.69212
-0.0051876,-0.001842,0.71086
0.0006209,0.00027854,0.73437
0.0062355,-0.0028663,0.7604
0.0048459,-0.0087637,0.77658
0.0029679,-0.012539,0.78887
0.0059652,-0.010253,0.80368
0.0026059,-0.0079875,0.82135
0.0071005,-0.0069258,0.83298
0.012613,-0.0084307,0.84627
0.017237,-0.010459,0.85983
0.0068424,-0.0054087,0.88176
0.0073995,-0.0077306,0.90115
0.0062448,-0.012257,0.92033
0.0069627,-0.014832,0.93461
0.0024874,-0.013975,0.95333
0.0075851,-0.01236,0.97186
0.0029396,-0.013155,0.97628
0.0026411,-0.013409,0.98308
0.0028877,-0.013869,0.9879
0.0016755,-0.015574,1.0016
0.0018412,-0.016189,1.0077
0.001517,-0.017664,1.0147
0.0027448,-0.018055,1.0214
0.00067123,-0.015705,1.029
0.0012376,-0.017077,1.0365
0.002748,-0.017603,1.0475
0.0018403,-0.019525,1.0554
0.0015328,-0.020769,1.0633
-0.00042982,-0.022555,1.0631
0.0082711,-0.015516,1.0719
0.015054,-0.011165,1.0755
0.0060604,-0.019301,1.0769
0.0033196,-0.023839,1.0778
0.0012899,-0.025749,1.0759
7.4956e-05,-0.028323,1.0745
-0.0045144,-0.018879,1.0655
-0.0081259,-0.010653,1.0627
-0.0055218,-0.013523,1.0733
-0.0027604,-0.014383,1.0791
-0.0034485,-0.014975,1.0771
0.0014987,-0.014372,1.0765
-0.0022577,-0.016621,1.0791
-0.00034317,-0.011945,1.0708
-0.004789,-0.0083494,1.0737
-0.0031932,-0.011517,1.0745
-0.0087978,-0.011099,1.0668
-0.0038669,-0.012795,1.0721
-0.007809,-0.012549,1.0716
-0.0031098,-0.01143,1.0868
-0.0055555,-0.011778,1.0858
-0.001703,-0.01474,1.0832
0.0022404,-0.0089241,1.0793
0.0036493,-0.007488,1.078
-0.0018,-0.009368,1.0794
0.00051114,-0.0058501,1.0818
-0.002228,-0.0044507,1.0851
-0.0067224,-0.0093283,1.0924
-0.003042,-0.011475,1.0889
0.001332,-0.0080406,1.0857
0.0032079,-0.011402,1.0878
0.0026764,-0.011195,1.084
0.00094277,-0.017651,1.0841
-0.0027227,-0.022624,1.0799
-0.0014496,-0.021597,1.0745
-0.0047657,-0.018609,1.0695
-0.0048123,-0.016772,1.0691
-0.010484,-0.021205,1.0655
-0.0081631,-0.022393,1.0712
-0.0086112,-0.025032,1.0662
-0.0059686,-0.020858,1.0613
-0.0048632,-0.017959,1.0553
-0.0037333,-0.018477,1.0476
-0.003275,-0.014554,1.0395
-0.0012589,-0.015986,1.0255
-0.0018926,-0.015025,1.0114
-0.0046577,-0.018516,0.99423
-0.0044777,-0.021177,0.9726
-0.0074716,-0.024877,0.95346
-0.0056288,-0.024312,0.93107
-0.0078236,-0.02388,0.90621
-0.0050326,-0.022504,0.88553
-0.010731,-0.030508,0.86202
-0.0087717,-0.025631,0.83965
-0.012129,-0.025873,0.81481
-0.010524,-0.022208,0.78674
-0.015014,-0.026956,0.76061
-0.014277,-0.027555,0.72799
-0.013001,-0.026106,0.6988
-0.012873,-0.020616,0.6661
-0.010737,-0.021966,0.63826
-0.0085845,-0.022528,0.60689
-0.0091756,-0.022073,0.58489
-0.0090638,-0.02456,0.5639
-0.0044385,-0.022375,0.53931
0.0010046,-0.01961,0.51757
0.0053805,-0.017085,0.49465
0.0053491,-0.02372,0.4738
0.0077167,-0.021976,0.45047
0.01018,-0.024541,0.43141
0.014733,-0.01902,0.4209
0.017139,-0.021785,0.412
0.023088,-0.014137,0.40162
0.026641,-0.018253,0.40024
0.030088,-0.010695,0.3872
0.032869,-0.014372,0.38713
0.037163,-0.013254,0.37401
0.03981,-0.015782,0.3781
0.043287,-0.010806,0.3628
0.038168,-0.013654,0.36659
0.037511,-0.0092129,0.36299
0.044478,-0.0086546,0.35115
0.044905,-0.0070372,0.35793
0.051443,-0.0077135,0.34174
0.04577,-0.0083767,0.34853
0.049941,-0.0083394,0.33614
0.039248,-0.0047131,0.34963
0.045632,-9.6918e-05,0.34263
0.03737,0.0033497,0.35808
0.042229,-0.0016516,0.35995
0.059856,-0.0007769,0.35277
0.045165,0.0010742,0.3724
0.058129,0.00029534,0.36481
0.046844,-0.0040395,0.37795
0.063394,-0.0044299,0.37505
0.04055,-0.0078273,0.38685
0.03719,-0.0057552,0.39046
0.050027,-0.0010334,0.38984
0.036502,-0.0016578,0.40801
0.048216,-0.0028699,0.4168
0.041223,-0.0019479,0.43379
0.03638,-0.00049787,0.44372
0.018871,-0.0060532,0.46553
0.010507,-0.005234,0.48465
0.013903,-0.0069386,0.49999
0.022174,-0.010441,0.52006
0.029669,-0.010364,0.53494
0.028627,-0.0082351,0.55346
0.011855,0.0025518,0.573
0.0025157,0.0039868,0.59241
0.0079786,0.0027672,0.61844
0.01377,-0.00079525,0.64335
0.0046304,-0.0028289,0.65737
-0.0028517,-0.0027165,0.67666
-0.0095374,-0.004724,0.6889
-0.00085187,0.00060583,0.71031
0.00026283,-0.00044414,0.72327
0.00099845,-0.0036222,0.73901
-0.0063328,-0.0085058,0.75636
-0.002575,-0.010278,0.76585
-0.00024445,-0.011984,0.77746
-0.0011475,-0.013349,0.78051
0.0011887,-0.011162,0.78686
0.0056301,-0.0088482,0.79839
0.0069764,-0.01175,0.80661
-0.0030083,-0.015978,0.8167
-0.0050074,-0.012633,0.81802
-0.0029404,-0.008796,0.82228
-0.0053834,-0.0095647,0.8313
-0.012993,-0.012111,0.83872
-0.016742,-0.017578,0.84158
-0.009366,-0.017807,0.84412
-0.014511,-0.018389,0.84516
-0.013189,-0.023222,0.83817
-0.0051703,-0.024932,0.83126
0.00069973,-0.014827,0.82158
-0.00034362,-0.010178,0.82338
-0.00086772,-0.014715,0.83224
0.0013449,-0.020488,0.83175
0.0020944,-0.021074,0.82193
-0.0020851,-0.019785,0.81321
-0.0045944,-0.018879,0.81254
-0.0025134,-0.017204,0.80638
-0.00092777,-0.01909,0.80453
-0.0032568,-0.020736,0.80026
-0.0063239,-0.018004,0.79655
-0.0072158,-0.015819,0.79493
-0.0049648,-0.021967,0.7908
-0.0030603,-0.021624,0.78348
-0.00246,-0.020887,0.7815
0.00067123,-0.018051,0.77199
0.0023962,-0.01949,0.77368
0.0014436,-0.022467,0.76852
-0.0025618,-0.022413,0.76097
-0.0054491,-0.021174,0.75021
-0.0050383,-0.01779,0.73403
-0.0048768,-0.01903,0.71536
-0.0049486,-0.019985,0.70565
-0.0036944,-0.019044,0.70128
-0.0067033,-0.016784,0.698
-0.0045132,-0.017025,0.69543
-0.001406,-0.015356,0.69545
-0.0023141,-0.014011,0.68929
-0.0089649,-0.013954,0.6861
-0.0088661,-0.01515,0.68471
-0.00071629,-0.012673,0.67616
-0.000173,-0.012882,0.67383
-0.0051007,-0.015404,0.67018
-0.0066873,-0.016646,0.66648
0.0058039,-0.012334,0.66142
0.0089975,-0.010039,0.66341
0.0023418,-0.010545,0.67158
-0.0029975,-0.011484,0.67431
0.0026271,-0.015298,0.67954
0.0034754,-0.014338,0.68304
-0.00070098,-0.01063,0.69136
0.0013454,-0.011193,0.70061
0.0029915,-0.013235,0.71364
-0.0041812,-0.014366,0.72748
-0.0049741,-0.012863,0.72933
-0.00073655,-0.011108,0.73274
0.0057354,-0.01121,0.73797
0.0093524,-0.010421,0.74621
0.00067795,-0.0087817,0.74945
-0.0061645,-0.01056,0.75297
-0.0047055,-0.015997,0.75647
-0.0070746,-0.076203,0.74845
-0.018985,-0.12555,0.74948
-0.014554,-0.077615,0.74391
-0.014448,-0.091001,0.74337
-0.0068748,-0.057833,0.74385
-0.0061784,-0.069236,0.75042
-0.0076721,-0.048677,0.75423
-0.011706,-0.04912,0.75935
-0.007353,-0.039109,0.75895
-0.011674,-0.03991,0.76414
-0.010041,-0.030205,0.76986
-0.0096912,-0.0325,0.77678
-0.0084264,-0.029474,0.78062
-0.011262,-0.027711,0.78618
-0.006275,-0.029436,0.79086
-0.004496,-0.022874,0.7973
-0.009247,-0.018037,0.80129
-0.0061889,-0.018173,0.80413
-0.002871,-0.018172,0.80979
-0.0043925,-0.013468,0.81498
-0.0055244,-0.014199,0.82558
-0.00043811,-0.015758,0.83179
-0.007319,-0.017024,0.83847
-0.010067,-0.013043,0.84134
-0.0098567,-0.01568,0.8457
-0.0058916,-0.015411,0.85583
-0.006526,-0.017474,0.85596
-0.0091299,-0.023732,0.85598
-0.0060834,-0.025755,0.85343
-0.0063272,-0.017944,0.85422
-0.011286,-0.013775,0.85749
-0.010551,-0.019519,0.86725
-0.0068909,-0.021094,0.87152
-0.0055316,-0.019298,0.87194
-0.0059091,-0.019438,0.8659
-0.0070035,-0.019979,0.86988
-0.0032116,-0.019213,0.86958
-0.0011055,-0.020717,0.86839
-0.0019915,-0.020148,0.86051
-0.0018791,-0.019977,0.86114
-0.0062596,-0.017333,0.85848
-0.0092354,-0.02098,0.85828
-0.010715,-0.02459,0.85483
-0.0087286,-0.02333,0.84611
-0.0095234,-0.01915,0.83973
-0.0060634,-0.015896,0.83588
-0.0037252,-0.018786,0.83379
-0.0016899,-0.021344,0.83169
-0.0022468,-0.020977,0.8234
-0.0012345,-0.020178,0.81859
-0.0034261,-0.019191,0.81369
-0.0055363,-0.017314,0.81049
-0.0056358,-0.019928,0.80483
-0.0036112,-0.020012,0.79697
-0.0037405,-0.016974,0.79203
-0.0052093,-0.01495,0.78655
-0.0047385,-0.015699,0.78538
-0.0032031,-0.015847,0.78105
-0.0026205,-0.014896,0.77867
-0.010616,-0.018845,0.77075
-0.0088208,-0.016874,0.76562
0.0022723,-0.0083329,0.76696
0.0030775,-0.0067763,0.77093
-0.0049375,-0.017068,0.77547
-0.0044737,-0.020919,0.76564
0.00048546,-0.016891,0.75738
-0.0066486,-0.010399,0.75488
-0.007456,-0.012663,0.75188
-0.00071905,-0.012446,0.74956
-0.0042345,-0.010171,0.74532
-0.0087976,-0.0061646,0.744
-0.0026724,-0.01059,0.74591
0.0048487,-0.013158,0.74785
0.004188,-0.015096,0.73981
-0.00078564,-0.01609,0.73805
0.00026888,-0.014546,0.73087
0.0020093,-0.014827,0.72909
0.0071587,-0.013469,0.72638
0.0061103,-0.01255,0.72673
0.010315,-0.011845,0.72484
0.0094586,-0.01222,0.72403
0.010106,-0.011383,0.72131
0.01325,-0.013492,0.72219
0.01359,-0.012081,0.71945
0.0043701,-0.014116,0.71468
0.0064101,-0.010899,0.71571
0.012043,-0.013273,0.71345
0.013474,-0.01747,0.7091
0.0030235,-0.018187,0.70424
0.0048067,-0.015421,0.69312
-0.0012312,-0.01154,0.69024
0.0030519,-0.01167,0.68795
0.0034651,-0.011867,0.68841
0.0043305,-0.020828,0.68325
-9.3825e-05,-0.019234,0.67113
0.00032395,-0.014108,0.66466
0.002515,-0.01528,0.66006
0.00039849,-0.015571,0.65817
0.0017195,-0.018458,0.65408
1.2736e-05,-0.018725,0.64721
-7.7879e-05,-0.019171,0.6409
0.00076147,-0.015773,0.63743
0.0052602,-0.015724,0.63466
0.0055667,-0.015656,0.63118
-0.0010268,-0.022001,0.61976
-0.0050172,-0.020503,0.61067
-0.0025674,-0.018278,0.60519
-0.00023755,-0.013796,0.60248
-0.0058377,-0.013712,0.59454
-0.01248,-0.015125,0.59511
-0.0056892,-0.016464,0.58987
-0.0053878,-0.014585,0.58809
-0.0087119,-0.015331,0.58319
-0.010494,-0.016116,0.57836
-0.014305,-0.014381,0.57737
-0.0079828,-0.013968,0.57233
-0.017931,-0.014857,0.57092
-0.021857,-0.017186,0.56632
-0.019847,-0.013913,0.56072
-0.019754,-0.012197,0.56137
-0.018338,-0.010861,0.55828
-0.018993,-0.012301,0.5601
-0.016472,-0.012679,0.55714
-0.0091169,-0.011659,0.55776
0.0021744,-0.010282,0.55019
0.0055174,-0.0085284,0.5469
0.011657,-0.011221,0.54384
0.0097063,-0.010772,0.53871
0.0052378,-0.0093443,0.53415
0.0037994,-0.0085674,0.52874
0.010587,-0.0097829,0.52654
0.015142,-0.010891,0.52086
0.014191,-0.011426,0.5222
0.010723,-0.011346,0.51609
0.0072664,-0.011297,0.50506
0.0067403,-0.012579,0.50544
0.013022,-0.011777,0.49915
0.014075,-0.011049,0.49489
0.0057813,-0.011184,0.49266
0.0036798,-0.0096382,0.4882
-0.0063431,-0.011439,0.48854
-0.0041943,-0.012264,0.48626
-0.0044038,-0.016703,0.48361
-0.00048551,-0.013785,0.47883
-0.0093445,-0.014677,0.47627
0.00011107,-0.0087084,0.47912
-0.0031244,-0.003533,0.48753
-0.0031256,-0.0035448,0.4983
-0.0021159,-0.005386,0.50721
0.005775,-0.0097717,0.5148
0.0066926,-0.0093707,0.52382
0.0016333,-0.0070819,0.53231
-0.00025833,-0.0057557,0.539
0.0046251,-0.0066498,0.54786
0.0078106,-0.00904,0.55558
0.0062376,-0.0094625,0.55957
-0.002482,-0.0091912,0.56555
-0.0023382,-0.0093146,0.57109
0.00061622,-0.0098674,0.57656
0.0088507,-0.01267,0.57515
0.0062302,-0.014007,0.57706
-0.0024017,-0.014618,0.57493
0.00028146,-0.011483,0.57214
0.00073314,-0.012616,0.56903
-0.0005761,-0.012651,0.56911
-0.0042265,-0.0147,0.56486
-0.0046944,-0.014537,0.56368
-0.0039693,-0.014392,0.55946
-0.0058745,-0.013059,0.54814
-0.0077888,-0.012456,0.53976
-0.0083142,-0.01105,0.53005
-0.0085321,-0.010574,0.51605
-0.0093679,-0.010026,0.50333
-0.0068305,-0.010924,0.49146
-0.0047238,-0.012614,0.47729
-0.0067276,-0.014086,0.45761
-0.010859,-0.013779,0.43836
-0.016174,-0.012599,0.42356
-0.018494,-0.011887,0.41314
-0.018341,-0.01017,0.40711
-0.021393,-0.0099035,0.40252
-0.017975,-0.0077753,0.39466
-0.026446,-0.0080263,0.39758
-0.030193,-0.0078001,0.39327
-0.038531,-0.0087714,0.38869
-0.041048,-0.0089994,0.38792
-0.034617,-0.010445,0.37506
-0.038465,-0.013819,0.38187
-0.03454,-0.014247,0.3807
-0.026314,-0.014683,0.36723
-0.034511,-0.013083,0.3755
-0.03166,-0.012002,0.36138
-0.03658,-0.0097762,0.37442
-0.038176,-0.0081987,0.38065
-0.034001,-0.0062543,0.37203
-0.041818,-0.0063023,0.39839
-0.04844,-0.0049306,0.38496
-0.055149,-0.0086078,0.41334
-0.047032,-0.0071854,0.39863
-0.042041,-0.0060521,0.43341
-0.040247,-0.0030712,0.44789
-0.038691,-0.0026565,0.4336
-0.046396,-0.0054104,0.47828
-0.058,-0.0065859,0.4678
-0.052486,-0.010455,0.50829
-0.045647,-0.010722,0.52165
-0.049562,-0.0098498,0.51617
-0.038813,-0.0089112,0.55644
-0.043917,-0.009882,0.55726
-0.035078,-0.010893,0.59311
-0.040292,-0.010784,0.60506
-0.030797,-0.0093666,0.6215
-0.026816,-0.011981,0.64886
-0.028051,-0.011852,0.65788
-0.021273,-0.013271,0.68243
-0.017584,-0.011521,0.69336
-0.013423,-0.011723,0.71195
-0.012198,-0.0096401,0.72829
-0.012582,-0.0096305,0.74739
-0.014942,-0.011986,0.76207
-0.01851,-0.010092,0.77355
-0.015968,-0.009578,0.79211
-0.014123,-0.010952,0.80693
-0.012287,-0.01465,0.81697
-0.010536,-0.012203,0.82518
-0.001018,-0.012651,0.84104
0.0011704,-0.01529,0.85401
0.0032542,-0.015177,0.86813
0.0022706,-0.013606,0.87833
0.00099613,-0.014355,0.89377
-0.00022691,-0.014324,0.90128
-0.00029405,-0.014287,0.91112
0.0015277,-0.017766,0.91262
0.0012954,-0.020332,0.91222
0.0019792,-0.018433,0.91105
0.0062127,-0.015475,0.91307
0.0045421,-0.016155,0.91769
0.0036458,-0.017375,0.91727
0.0033163,-0.017853,0.91501
0.0062102,-0.019153,0.91569
0.0010252,-0.019939,0.91808
0.0019093,-0.020861,0.97236
0.00023433,-0.018427,0.86699
-0.0018319,-0.017933,0.91925
-0.003119,-0.019992,0.9199
-0.0041566,-0.020281,0.92254
-0.0018647,-0.020072,0.91995
-0.0030062,-0.018872,0.91734
-0.0036097,-0.017578,0.91668
-0.0022247,-0.018504,0.91708
-0.0020976,-0.020047,0.91611
-0.0034716,-0.019832,0.91169
-0.0024876,-0.019358,0.90686
-0.0011337,-0.019851,0.9017
-0.0042335,-0.018285,0.8911
-0.0043635,-0.019472,0.88625
-0.0045671,-0.01701,0.87716
-0.0034671,-0.019954,0.86695
-0.0078212,-0.020394,0.85428
-0.0027368,-0.024289,0.83354
-0.0036115,-0.022538,0.82996
-0.0059782,-0.016594,0.78771
-0.00708,-0.016109,0.78653
-0.0044915,-0.017828,0.76749
-0.0044533,-0.019282,0.75064
-0.0057911,-0.019738,0.72997
-0.0070718,-0.020396,0.70593
-0.0079115,-0.021024,0.6803
-0.0075368,-0.016043,0.65348
-0.0058596,-0.014374,0.62703
-0.0064106,-0.018674,0.60136
-0.0058636,-0.019056,0.57804
-0.0041287,-0.016098,0.55186
-0.0034166,-0.013547,0.53228
-0.0010841,-0.012714,0.51272
-0.0057261,-0.013954,0.49753
-0.0052855,-0.012061,0.48443
-0.0034771,-0.014429,0.4813
-0.0032196,-0.014341,0.46503
-0.0040268,-0.015034,0.46883
-0.006974,-0.012213,0.46477
-0.013552,-0.01131,0.45612
-0.017635,-0.010551,0.44983
-0.026795,-0.0095352,0.43433
-0.025723,-0.0085075,0.43984
-0.026589,-0.0082075,0.43609
-0.038928,-0.009537,0.42107
-0.031624,-0.012433,0.42911
-0.052693,-0.01225,0.41001
-0.041034,-0.014327,0.41878
-0.042448,-0.013962,0.41445
-0.066705,-0.0084329,0.39631
-0.039911,-0.011002,0.41216
-0.069824,-0.009973,0.39361
-0.038632,-0.0171,0.40366
-0.03852,-0.016443,0.40041
-0.076385,-0.015855,0.38567
-0.0451,-0.016691,0.39014
-0.084751,-0.013841,0.37779
-0.045849,-0.01195,0.38176
-0.042745,-0.011873,0.37852
-0.082507,-0.0095353,0.37514
-0.03583,-0.0093053,0.37488
-0.0832,-0.0098103,0.37741
-0.043533,-0.011594,0.36814
-0.0411,-0.011344,0.36712
-0.0826,-0.010622,0.37336
-0.055697,-0.011553,0.35596
-0.091521,-0.011098,0.36951
-0.051293,-0.0070058,0.35799
-0.073272,-0.0092541,0.37886
-0.046694,-0.0073494,0.36726
-0.048059,-0.0068511,0.37138
-0.05928,-0.0073427,0.38755
-0.03044,-0.0026177,0.38129
-0.026238,0.0020657,0.39812
-0.021175,-0.00022279,0.40395
-0.038319,-0.0033502,0.4176
-0.033295,-0.0057805,0.42659
-0.032573,-0.0085686,0.44232
-0.016735,-0.009344,0.45319
-0.0091915,-0.0066835,0.46732
-0.015023,-0.0012953,0.4838
-0.012212,0.0013156,0.50413
-0.02146,-0.0027159,0.52911
-0.027749,-0.0082894,0.54887
-0.030233,-0.010188,0.56721
-0.020641,-0.0073041,0.58431
-0.014897,-0.0049249,0.60232
-0.011201,-0.0054284,0.62182
-0.0098668,-0.0059809,0.64101
-0.0094793,-0.0080057,0.65642
-0.011255,-0.0084905,0.67904
-0.0099622,-0.008366,0.69471
-0.0056372,-0.0077048,0.71294
-0.0047523,-0.0082152,0.73127
0.0024791,-0.0085393,0.74918
0.00086999,-0.0093488,0.76726
0.0021364,-0.0083135,0.78557
0.0023963,-0.0087778,0.8012
0.0049755,-0.010967,0.81682
0.0076679,-0.01211,0.83467
0.0077159,-0.011578,0.85256
0.0090178,-0.012963,0.86386
0.0098716,-0.015781,0.87298
0.0085839,-0.016045,0.87577
0.0068619,-0.015481,0.88106
0.0041817,-0.016135,0.88095
0.0037694,-0.017117,0.88193
0.0022789,-0.016705,0.88239
-0.00081066,-0.016206,0.8846
-0.0039078,-0.017187,0.89041
-0.0040585,-0.017902,0.89076
-0.0070239,-0.016693,0.89507
-0.0059695,-0.016871,0.89596
-0.0054719,-0.017333,0.8979
-0.0027922,-0.019408,0.89991
-0.0025739,-0.020063,0.89812
-0.0053656,-0.01963,0.8986
-0.0057,-0.019526,0.89963
-0.00051796,-0.02058,0.89556
-0.00051774,-0.018647,0.89341
-0.0039363,-0.015343,0.89732
-0.0021064,-0.017527,0.90257
-0.0015053,-0.0176,0.89791
-0.0017641,-0.018404,0.89691
-0.0020237,-0.017972,0.89786
-0.0014674,-0.017645,0.89831
-0.0010427,-0.018559,0.89816
-0.00076948,-0.019811,0.89504
0.0002512,-0.020739,0.91712
0.0009899,-0.020968,0.86845
0.0015384,-0.020134,0.88887
-0.0007754,-0.018351,0.88584
0.0014785,-0.020706,0.88252
-0.00061491,-0.021138,0.88441
-2.6795e-05,-0.020412,0.88057
0.00079491,-0.020513,0.87954
0.00028462,-0.020778,0.87905
0.00040575,-0.022077,0.87365
0.00030826,-0.022083,0.87935
0.0015398,-0.020167,0.87277
0.0024693,-0.019548,0.87583
0.0001733,-0.018245,0.87965
-0.00023943,-0.018277,0.8833
0.0032293,-0.019819,0.88752
0.0028699,-0.019942,0.89316
0.0018788,-0.020336,0.89677
0.0016873,-0.018603,0.8919
0.0072999,-0.019973,0.90366
0.0081649,-0.02068,0.90718
0.00049542,-0.024954,0.90828
-0.00058681,-0.020031,0.9106
0.0066272,-0.015936,0.91209
-0.0029625,-0.016504,0.92423
-0.0058503,-0.017298,0.92499
-0.0010712,-0.018559,0.92982
0.00028199,-0.019139,0.93282
0.00065241,-0.021004,0.93679
-0.0031589,-0.020196,0.95046
-0.004589,-0.018406,0.93892
-0.0032318,-0.018971,0.9503
-0.0031058,-0.021057,0.95572
-0.0069465,-0.021116,0.95714
-0.005169,-0.021098,0.96407
-0.0048582,-0.018499,0.96372
-0.0059284,-0.015613,0.97008
-0.0015784,-0.0151,0.97483
0.0011985,-0.016692,0.97887
-0.00079228,-0.017449,0.98303
-0.0027608,-0.018863,1.0048
-0.0035348,-0.020978,0.96912
-0.0051167,-0.0214,0.98103
-0.0067151,-0.020976,0.98119
-0.0063102,-0.019909,0.97836
-0.0046972,-0.020911,0.97681
-0.0065533,-0.019865,0.97502
-0.0052986,-0.018852,0.973
-0.0063453,-0.017999,0.97507
-0.0087367,-0.01746,0.97512
-0.0062275,-0.015909,0.97629
-0.0058438,-0.018977,0.97511
-0.0060792,-0.019109,0.97417
-0.004982,-0.018356,0.97634
-0.0036491,-0.01992,0.97369
-0.003621,-0.020789,0.97376
-0.0027784,-0.021674,0.97603
-0.0039495,-0.021231,0.97396
-0.0044444,-0.022854,0.97585
-0.0065714,-0.017885,0.97318
-0.0052585,-0.017765,0.97371
-0.0057034,-0.019615,0.97784
-0.0030899,-0.02108,0.97323
-0.0056243,-0.024218,0.97575
-0.0051764,-0.021711,0.97085
-0.0050884,-0.021101,0.97245
-0.006047,-0.02242,0.97177
-0.0090831,-0.021708,0.97203
-0.0069006,-0.021329,0.96765
-0.0086887,-0.017635,0.96678
-0.0089247,-0.017065,0.96766
-0.0063011,-0.017476,0.96765
-0.0011932,-0.01971,0.97594
0.0018925,-0.020305,0.97021
0.00033592,-0.020712,0.97108
0.0011554,-0.020018,0.96954
0.0012371,-0.020273,0.96849
-0.0028494,-0.020345,0.97365
-0.0034618,-0.018956,0.97194
-0.0023907,-0.019801,0.98628
-0.0013327,-0.017197,0.94982
-0.00253,-0.016341,0.96908
0.00030643,-0.020618,0.97573
-0.00076269,-0.021408,0.97623
0.0038297,-0.022883,0.98262
0.0015761,-0.020141,0.97311
0.00078992,-0.019316,0.97469
0.0011631,-0.017885,0.98022
0.0032629,-0.018971,0.98393
-0.0025367,-0.021707,0.98476
-0.0014557,-0.024063,0.98126
0.00091984,-0.023578,0.97937
0.0024896,-0.019731,0.97841
0.003351,-0.016972,0.98085
-0.00079269,-0.019036,0.99001
-0.0010226,-0.023054,0.9912
-0.00047411,-0.02388,0.99252
-0.0021001,-0.019963,0.98886
-0.0034103,-0.021747,0.98945
-0.00022451,-0.022759,0.99343
-0.0011457,-0.022385,0.99321
-0.00061977,-0.024111,0.99465
-0.0016357,-0.024845,0.99323
-0.0020574,-0.021884,0.99482
-0.0021844,-0.022553,0.99769
-0.0047122,-0.023054,0.99939
-0.0030472,-0.020884,1.0012
-0.003436,-0.02129,1.0054
-0.005081,-0.02569,1.005
-0.0055915,-0.02521,1.0047
-0.003739,-0.023648,1.003
-0.003224,-0.023105,1.0056
-0.0050761,-0.024359,1.0044
-0.0024666,-0.022407,1.0054
-0.0013465,-0.022744,1.0036
-0.0022881,-0.024218,1.003
-0.0021272,-0.025591,1.001
-0.0017134,-0.024909,0.99601
-0.0025277,-0.025472,0.99627
-0.0035545,-0.022991,0.99102
-0.00067704,-0.025802,0.9924
-0.0032851,-0.025174,0.98647
-0.00051619,-0.022625,0.97822
-0.0028299,-0.020837,0.97835
-0.002827,-0.020845,0.97649
-0.0037949,-0.024471,0.98061
-0.00053459,-0.026416,0.97327
-0.0020138,-0.027378,0.96735
-0.0039421,-0.026058,0.9637
-0.0045389,-0.021117,0.9599
-0.0051951,-0.019625,0.96022
-0.0067419,-0.020943,0.95894
-0.00639,-0.020881,0.95575
-0.0072003,-0.019091,0.9504
-0.0066334,-0.019394,0.93696
-0.0071824,-0.018607,0.93742
-0.006985,-0.020152,0.92625
-0.0077857,-0.019448,0.91919
-0.0066961,-0.020312,0.90593
-0.0068353,-0.019896,0.90192
-0.0072822,-0.018903,0.90378
-0.0072183,-0.017055,0.87842
-0.0065706,-0.018264,0.87931
-0.0062348,-0.017382,0.87205
-0.0058559,-0.018653,0.86211
-0.0073629,-0.017749,0.84974
-0.0086674,-0.016971,0.83954
-0.010861,-0.018103,0.82277
-0.010482,-0.018176,0.80777
-0.010426,-0.017358,0.79008
-0.0096307,-0.016747,0.77743
-0.0057217,-0.017496,0.76436
-0.0044027,-0.017277,0.75539
-0.0021507,-0.017806,0.74751
-0.0001071,-0.017516,0.73919
-0.0013919,-0.015497,0.73457
-0.00138,-0.014654,0.72591
-0.0011221,-0.014813,0.72112
0.0015765,-0.01347,0.71572
0.0003494,-0.014802,0.70894
-0.0015551,-0.016374,0.70867
-0.00097809,-0.01591,0.6778
-0.0013672,-0.014787,0.67928
-0.0019687,-0.014699,0.67123
-0.00043971,-0.016182,0.66112
0.0023277,-0.017893,0.6499
0.0021092,-0.016863,0.63599
0.0034332,-0.017616,0.62224
0.0018433,-0.016645,0.60646
0.0052558,-0.014796,0.59106
0.0075393,-0.014828,0.57176
0.0096071,-0.017171,0.55567
0.0058599,-0.0161,0.53959
0.0070599,-0.017023,0.52618
0.0070656,-0.015942,0.5091
0.012771,-0.014354,0.49562
0.011374,-0.01326,0.48404
0.013533,-0.013753,0.47146
0.010449,-0.013346,0.45873
0.013554,-0.014086,0.44731
0.016816,-0.010285,0.43466
0.017409,-0.0086984,0.42062
0.020922,-0.0095498,0.40879
0.016647,-0.010811,0.39996
0.019706,-0.010442,0.38826
0.01813,-0.011023,0.37699
0.028391,-0.011451,0.36111
0.03316,-0.012186,0.34878
0.02935,-0.0092397,0.34063
0.031522,-0.0077178,0.34047
0.024448,-0.0068461,0.33845
0.033078,-0.0053322,0.35413
0.037846,-0.005153,0.32812
0.039664,-0.0072425,0.33921
0.035222,-0.010163,0.33158
0.046934,-0.013796,0.32944
0.052626,-0.017863,0.32616
0.038085,-0.013221,0.31449
0.051786,-0.013125,0.32385
0.034607,-0.0058787,0.31663
0.046186,-0.0058553,0.33823
0.038082,-0.00032898,0.33821
0.058924,-0.0023691,0.36322
0.062398,-0.0066761,0.3733
0.043728,-0.0095323,0.36875
0.050548,-0.0085447,0.39025
0.041091,-0.00953,0.38698
0.05175,-0.012114,0.41205
0.039353,-0.011211,0.40914
0.044534,-0.0085987,0.43539
0.034992,-0.0058265,0.44354
0.0397,-0.0041777,0.47073
0.038281,-0.0059101,0.49414
0.038322,-0.010768,0.50948
0.042216,-0.0094884,0.52133
0.032048,-0.011893,0.52546
0.032766,-0.0059621,0.56123
0.03295,-7.7538e-05,0.57346
0.028774,-0.0028289,0.58237
0.027223,-0.0064959,0.60998
0.020791,-0.0074938,0.61723
0.019856,-0.0098528,0.64082
0.015939,-0.0092318,0.65345
0.012324,-0.0080633,0.66818
0.0091202,-0.010133,0.68737
0.0068632,-0.011858,0.70261
0.0062384,-0.01275,0.71763
0.0043996,-0.010275,0.7283
-0.00060523,-0.0088012,0.74397
-0.0050841,-0.0096728,0.76107
-0.0065831,-0.012497,0.77501
0.00016474,-0.014618,0.78634
0.003666,-0.014804,0.79077
-0.0010972,-0.010942,0.79863
0.00073819,-0.0086687,0.80363
0.0019537,-0.010387,0.81064
0.0014214,-0.017836,0.81216
-0.0031198,-0.019044,0.81093
0.0023973,-0.018423,0.8106
-4.0887e-05,-0.016431,0.81126
0.0014342,-0.012557,0.81804
0.00047679,-0.012362,0.82379
0.0016204,-0.014488,0.82858
0.0030312,-0.015084,0.82642
0.00029029,-0.015807,0.82577
0.001321,-0.017544,0.82517
0.0045096,-0.020358,0.82262
0.0053675,-0.023337,0.8233
-0.00016296,-0.022806,0.81951
0.0014658,-0.025516,0.81517
0.0022676,-0.021612,0.81317
0.00038613,-0.022322,0.81177
-0.0021645,-0.020148,0.80698
-6.5502e-05,-0.022679,0.80147
0.001377,-0.022192,0.79371
-9.7689e-05,-0.017841,0.79083
-0.0025544,-0.01903,0.78253
-0.00075876,-0.021684,0.7732
0.0026409,-0.021628,0.75817
0.0016204,-0.021365,0.74247
-0.0013239,-0.020659,0.72278
-0.0034518,-0.019827,0.70569
-0.0038957,-0.016303,0.68874
-0.00081846,-0.015387,0.66933
-0.00098395,-0.017402,0.65406
-0.0037821,-0.020039,0.63497
-0.0031595,-0.019884,0.60918
-0.0020291,-0.018855,0.58943
-0.0022849,-0.015308,0.56702
-0.0028454,-0.015113,0.54882
-0.0011751,-0.013922,0.52757
-0.0010752,-0.01447,0.50689
6.8287e-05,-0.014431,0.48497
0.0033039,-0.012405,0.46418
0.0043575,-0.010162,0.4507
0.0075544,-0.0088474,0.44313
0.010376,-0.010248,0.43896
0.012553,-0.013809,0.43954
0.015836,-0.013627,0.43237
0.022613,-0.013113,0.43396
0.021995,-0.014161,0.42061
0.019084,-0.012065,0.41942
0.02075,-0.010493,0.42005
0.028001,-0.0065869,0.40424
0.032248,-0.0080571,0.41452
0.041748,-0.0063749,0.39591
0.045665,-0.0061236,0.40626
0.047599,-0.0034384,0.38416
0.044721,-0.010672,0.40165
0.048668,-0.012025,0.38263
0.036219,-0.013494,0.38556
0.04062,-0.010638,0.36472
0.030288,-0.005176,0.38106
0.037329,0.0035316,0.38542
0.057576,0.0034686,0.37067
0.047059,0.0039174,0.39491
0.057524,0.0013381,0.37356
0.018004,0.0050653,0.40089
0.024763,-0.010047,0.38779
0.01795,-0.0096421,0.41095
0.037786,-0.0071694,0.41339
0.073221,0.0025394,0.394
0.045422,0.0062521,0.42328
0.052764,0.0022246,0.41806
0.016258,0.001204,0.44913
0.03896,-0.0067115,0.46658
0.02974,-0.012895,0.46169
0.031492,-0.0097203,0.48545
0.052605,-0.0032871,0.48843
0.032559,0.0024592,0.50719
0.034202,0.0024217,0.52138
0.019127,-2.1108e-05,0.54184
0.019314,-0.0075132,0.56353
0.021504,-0.0083443,0.57212
0.014575,-0.0077995,0.58822
0.017024,-0.0067417,0.59965
0.018816,-0.0038588,0.61418
0.022047,-0.0026596,0.63616
0.015674,-0.0048343,0.65024
0.005241,-0.011068,0.67149
0.0031964,-0.017536,0.68475
0.0079646,-0.016102,0.6985
0.011579,-0.0080374,0.71153
0.011112,-0.0050419,0.7255
0.0022548,-0.0077158,0.74498
-0.0062199,-0.0098504,0.76489
-0.0049704,-0.0086975,0.7796
-0.0052139,-0.0078204,0.79218
-0.00015366,-0.0077794,0.79761
-0.0060004,-0.0081765,0.80817
-0.0037721,-0.015141,0.81241
-0.0094488,-0.01431,0.80396
-0.0055262,-0.012318,0.80412
-0.0052671,-0.01076,0.80584
-0.0053593,-0.011213,0.80893
-0.0084798,-0.013636,0.80844
-0.011387,-0.019071,0.81296
-0.010671,-0.015414,0.8116
-0.013624,-0.014276,0.81663
-0.012253,-0.012623,0.83367
-0.01902,-0.018288,0.81147
-0.020248,-0.021179,0.82253
-0.020769,-0.020331,0.8198
-0.014405,-0.017048,0.82214
-0.016578,-0.017548,0.82461
-0.012079,-0.016955,0.82653
-0.01399,-0.018625,0.82698
-0.0082665,-0.017667,0.82801
-0.0078877,-0.019151,0.82542
-0.0072561,-0.018331,0.82673
-0.013899,-0.019683,0.82419
-0.01096,-0.020969,0.82347
-0.013738,-0.022978,0.82166
-0.012636,-0.018722,0.81888
-0.0088323,-0.017466,0.81592
-0.012516,-0.018313,0.81495
-0.011588,-0.018281,0.81517
-0.011599,-0.020412,0.81088
-0.0081935,-0.020771,0.80582
-0.0068689,-0.019182,0.79864
-0.0043556,-0.01602,0.79589
-0.0073275,-0.012381,0.7922
-0.0045085,-0.01414,0.79177
-0.0060082,-0.017012,0.78987
-0.0090694,-0.017679,0.78519
-0.008186,-0.01613,0.78678
-0.0039441,-0.015571,0.78455
-0.0071141,-0.017074,0.78223
-0.0081519,-0.019576,0.7689
-0.0069253,-0.02058,0.76892
-0.0034153,-0.015534,0.7676
-0.0045002,-0.013887,0.76511
-0.0062435,-0.01561,0.76473
-0.0093767,-0.017596,0.76182
-0.010649,-0.01799,0.76097
-0.011694,-0.017236,0.75799
-0.0065874,-0.018938,0.75412
-0.0080576,-0.018282,0.74736
-0.013994,-0.018319,0.7458
-0.0075277,-0.01389,0.74605
-0.00094307,-0.015665,0.75516
-0.0051378,-0.023594,0.73066
-0.014727,-0.024493,0.72763
-0.0019582,-0.012162,0.71567
0.0034971,-0.0050354,0.72337
-0.0049317,-0.0092365,0.72892
-0.011169,-0.018718,0.72689
-0.0090803,-0.020068,0.72018
-0.0049365,-0.017473,0.71406
-0.0039725,-0.013224,0.71048
-0.014719,-0.018291,0.70663
-0.015712,-0.02032,0.70386
-0.0092986,-0.016562,0.69783
-0.0046031,-0.013183,0.69444
-0.0064077,-0.01417,0.69349
-0.0054281,-0.018425,0.68724
0.00022263,-0.018493,0.68207
-0.00029246,-0.017669,0.67786
-0.00486,-0.01658,0.67418
-0.0082287,-0.019357,0.6686
-0.0077597,-0.018745,0.65827
-0.0080212,-0.017803,0.65274
-0.0079037,-0.016202,0.6499
-0.0051627,-0.015614,0.6489
-0.0050568,-0.013751,0.64625
-0.0047815,-0.013296,0.64396
-0.011042,-0.015897,0.64257
-0.0035632,-0.015703,0.63568
0.0041809,-0.015464,0.63505
0.0048356,-0.014811,0.62934
-0.0022929,-0.014562,0.62741
-0.0030068,-0.015917,0.62535
0.002108,-0.016439,0.62173
0.0077019,-0.016335,0.62359
0.0063062,-0.01538,0.62736
0.0028237,-0.011837,0.63462
0.0038227,-0.0090054,0.64428
0.0033981,-0.010767,0.65394
0.0068476,-0.014035,0.66577
0.0094368,-0.014349,0.67051
0.00622,-0.012045,0.68061
-0.00084197,-0.0093252,0.69166
9.8076e-05,-0.01031,0.70477
0.0067787,-0.01606,0.71658
0.0072561,-0.017613,0.72412
0.0015855,-0.01355,0.73175
0.0042632,-0.0093737,0.74577
0.004603,-0.010453,0.76419
0.0042147,-0.010123,0.77882
0.0029842,-0.011452,0.79437
0.0033287,-0.011814,0.80989
0.0030996,-0.013549,0.82175
0.0024345,-0.010463,0.83845
-0.00031209,-0.0091313,0.8493
-0.0029611,-0.0091569,0.87124
0.001346,-0.009228,0.86315
0.0023187,-0.0090132,0.8859
0.00032066,-0.01174,0.90619
0.0036827,-0.01505,0.91624
-0.0010354,-0.015113,0.92841
6.4465e-05,-0.013436,0.9405
-0.0038708,-0.015824,0.95131
-0.006491,-0.020205,0.96153
-0.0095281,-0.019468,0.9687
-0.0064504,-0.016338,0.97809
-0.006057,-0.017203,0.99177
-0.0099348,-0.020115,0.99598
-0.0074613,-0.019766,0.99358
-0.0036258,-0.015871,0.99353
-0.0053089,-0.015173,0.99779
-0.0023135,-0.015402,1.0083
-0.00050077,-0.020564,1.0098
0.0038891,-0.017615,1.0126
0.00040671,-0.01975,1.0091
-0.0039768,-0.020806,1.0078
-0.0028882,-0.023829,1.0025
-0.0012112,-0.021926,1.0106
-0.0025103,-0.020711,1.0022
-0.0014972,-0.019804,0.99127
-0.0025953,-0.020835,1.0039
-0.0059451,-0.023344,0.9975
-0.0046332,-0.022915,0.99664
-0.0025371,-0.018598,0.99437
-0.0049154,-0.02296,0.99432
-0.0054321,-0.025881,0.99389
-0.0040499,-0.02684,0.98908
-0.0039052,-0.028464,0.98149
-0.0076604,-0.028218,0.97913
-0.0076836,-0.023994,0.9763
-0.011692,-0.026582,0.97701
-0.012153,-0.027881,0.97576
-0.007827,-0.023132,0.96089
-0.006732,-0.021757,0.96004
-0.0073871,-0.020442,0.95519
-0.0012481,-0.018911,0.95034
0.00073804,-0.017234,0.9509
-0.0047706,-0.021758,0.95029
-0.0072035,-0.023831,0.9458
-0.0048512,-0.022554,0.94344
-0.0054722,-0.022208,0.93037
-0.005408,-0.022547,0.93526
-0.0028927,-0.023357,0.93354
-0.0030969,-0.022902,0.92956
-0.0039397,-0.021476,0.92758
-0.0009251,-0.023628,0.92462
-0.0027591,-0.022211,0.92571
0.0021876,-0.016368,0.92828
0.0026432,-0.017325,0.92833
-0.0019704,-0.01813,0.92818
0.002953,-0.014342,0.92768
0.0023492,-0.015146,0.93166
0.0057271,-0.018221,0.93225
0.0034417,-0.018337,0.93
0.003319,-0.016746,0.92926
0.0059614,-0.01582,0.93499
0.0070908,-0.017927,0.9461
0.0081393,-0.019726,0.92297
0.0044464,-0.016487,0.93664
0.0079348,-0.017505,0.94069
0.012243,-0.021409,0.94368
0.010227,-0.021543,0.94229
0.012407,-0.01736,0.94168
0.010942,-0.019226,0.94804
0.010328,-0.025919,0.94666
0.0089268,-0.02535,0.94826
0.0052625,-0.026001,0.94535
0.0064392,-0.02271,0.94843
0.0038828,-0.024806,0.94595
0.0019687,-0.019321,0.94718
0.0042808,-0.020855,0.95445
0.0015308,-0.022675,0.95157
0.0022812,-0.022878,0.94506
-0.0031282,-0.020663,0.94222
-0.0026386,-0.019599,0.93667
-0.0042696,-0.019613,0.93808
-0.0082591,-0.018456,0.93754
-0.011483,-0.020693,0.93718
-0.0085368,-0.022246,0.93881
-0.0035576,-0.023514,0.92886
-0.0047533,-0.022713,0.92602
-0.0036736,-0.02413,0.91732
0.00030419,-0.022224,0.90706
0.0020259,-0.020159,0.89328
-0.0017935,-0.02262,0.88518
-0.0056696,-0.026123,0.87057
-0.0063112,-0.030118,0.84932
-0.0058712,-0.03035,0.83038
-0.0017595,-0.02464,0.81987
-0.0059243,-0.019878,0.81721
-0.010102,-0.019873,0.81694
-0.0088747,-0.018775,0.81607
-0.0049314,-0.018499,0.81683
-0.0039122,-0.022877,0.81315
-0.0040365,-0.023591,0.81312
-0.001519,-0.022882,0.8117
0.00088415,-0.027324,0.80695
0.00071063,-0.024097,0.80092
-0.0034866,-0.019602,0.79232
-0.0031576,-0.016528,0.79357
-0.0017683,-0.01402,0.79383
-0.0042192,-0.017975,0.79304
-0.0098233,-0.02452,0.7861
-0.0073703,-0.021649,0.78744
-0.0058315,-0.01948,0.78789
-0.0055697,-0.02186,0.77192
-0.0023063,-0.023572,0.7706
-0.0021845,-0.01872,0.77055
-0.0027677,-0.015601,0.76962
-0.0043355,-0.016152,0.77255
-0.0039945,-0.020413,0.77201
-0.0062082,-0.023014,0.76264
-0.0050372,-0.018404,0.75346
-0.0038506,-0.014879,0.74456
-0.010072,-0.016337,0.72991
-0.0084671,-0.017149,0.71391
-0.0058749,-0.017174,0.69697
-0.0015827,-0.017816,0.67658
-0.0027285,-0.023179,0.65502
-0.0044364,-0.023607,0.62646
-0.0061582,-0.021892,0.60036
0.0026563,-0.017663,0.57239
0.0050527,-0.013594,0.54851
0.0053528,-0.012186,0.5228
-0.0012408,-0.014029,0.50027
-0.0010301,-0.015334,0.48051
0.0059297,-0.014143,0.46686
0.014079,-0.012966,0.46515
0.0090097,-0.014215,0.45487
0.010384,-0.012781,0.45191
0.0054646,-0.012181,0.44523
0.013674,-0.0094595,0.45264
0.013998,-0.010042,0.41064
0.012907,-0.010553,0.40754
0.012606,-0.010075,0.38802
0.0093023,-0.010226,0.36481
0.0095374,-0.0080231,0.34038
0.010571,-0.0066854,0.31821
0.013218,-0.0052309,0.31771
0.013404,-0.0049396,0.31558
0.016223,-0.0037423,0.31525
0.01456,-0.004969,0.31073
0.016648,-0.0029713,0.30825
0.013538,-0.0042769,0.30337
0.013894,-0.0036684,0.30324
0.011117,-0.0053307,0.29581
0.015456,-0.0042249,0.2937
0.01401,-0.0039089,0.29529
0.016237,-0.003108,0.2991
0.014981,-0.0026553,0.30503
0.020152,-0.0041367,0.30563
0.018432,-0.0026227,0.31323
0.015448,-0.002436,0.31871
0.016739,-0.0030966,0.32316
0.01424,-0.004509,0.32861
0.025373,-0.005031,0.33439
0.019384,-0.0053385,0.3465
0.024145,-0.0056829,0.35315
0.014343,-0.004717,0.36782
0.023429,-0.004077,0.37675
0.014855,-0.00040354,0.39109
0.018978,-0.0019767,0.40522
0.036789,-0.0031856,0.4108
0.022529,-0.0043192,0.42802
0.038983,-0.0026323,0.43541
0.021027,-0.0035523,0.45017
0.039951,-0.0035711,0.46187
0.026743,-0.001989,0.46838
0.02635,-0.003668,0.48459
0.044976,-0.0034554,0.49471
0.021069,-0.0057756,0.50506
0.037537,-0.00898,0.51796
0.025171,-0.0081341,0.5191
0.044296,-0.0070148,0.5364
0.025291,-0.0048273,0.5434
0.021728,-0.0065623,0.55393
0.037594,-0.0087253,0.56923
0.021834,-0.0098788,0.57443
0.036289,-0.0083681,0.59014
0.016157,-0.0065111,0.59647
0.040322,-0.0058043,0.61691
0.028858,-0.0085994,0.61811
0.027548,-0.011624,0.62894
0.039156,-0.012632,0.64394
0.021559,-0.012763,0.63982
0.050256,-0.010981,0.65831
0.036483,-0.006586,0.65377
0.029847,-0.0097243,0.65624
0.038987,-0.013888,0.67682
0.026931,-0.0097988,0.67106
0.039024,-0.0083611,0.69387
0.026847,-0.0080329,0.69724
0.031375,-0.01373,0.716
0.019688,-0.016075,0.7166
0.017871,-0.014086,0.72428
0.021158,-0.01234,0.73696
0.014466,-0.012864,0.74178
0.015861,-0.013682,0.75613
0.012436,-0.014125,0.75766
0.014154,-0.016133,0.77101
0.012723,-0.016473,0.77911
0.0077467,-0.017119,0.78536
0.0087442,-0.013893,0.78911
0.012665,-0.014929,0.79226
0.0089486,-0.011581,0.7993
0.0047861,-0.004574,0.81152
0.0073002,-0.0083208,0.82146
0.011293,-0.015715,0.83315
0.014469,-0.014419,0.83186
0.010714,-0.014949,0.83663
0.0041889,-0.017341,0.84078
0.0030751,-0.015794,0.84426
0.004931,-0.016402,0.85192
0.0034621,-0.015811,0.86739
0.0024994,-0.015437,0.83153
0.0036552,-0.018601,0.85433
0.0041348,-0.0195,0.85459
0.0014058,-0.01847,0.85023
-0.00073421,-0.019801,0.85878
-0.0031281,-0.020489,0.83689
-0.0031443,-0.021188,0.84289
-0.0044555,-0.02053,0.83708
-0.0019981,-0.02055,0.8323
-0.0029251,-0.020293,0.8286
-0.0042183,-0.020855,0.81797
-0.0054056,-0.020645,0.80258
-0.0039619,-0.021169,0.78799
-0.0033599,-0.02355,0.77038
-0.0030361,-0.024062,0.75287
-0.0028013,-0.024178,0.74068
-0.0011347,-0.021074,0.69987
-0.0011831,-0.019532,0.69291
0.00088637,-0.019559,0.68648
4.3335e-05,-0.019267,0.66726
0.00071084,-0.018219,0.63331
0.0019685,-0.018142,0.63269
0.0043483,-0.017705,0.62138
0.0036653,-0.017302,0.58483
0.0053368,-0.017204,0.59202
0.0062558,-0.017428,0.57137
0.0078777,-0.016251,0.56962
0.011241,-0.015331,0.56709
0.013118,-0.014893,0.55248
0.018215,-0.01494,0.54906
0.02021,-0.014258,0.52977
0.021298,-0.014109,0.51522
0.026456,-0.01329,0.51753
0.024877,-0.013573,0.4954
0.03662,-0.014854,0.50825
0.035251,-0.012356,0.48071
0.048085,-0.013284,0.5003
0.038475,-0.0098689,0.46791
0.049877,-0.0085454,0.49538
0.044875,-0.0091408,0.45911
0.046017,-0.0080684,0.49204
0.03867,-0.011785,0.45116
0.042815,-0.0080503,0.44682
0.047962,-0.0076789,0.47851
0.050698,-0.0040657,0.44382
0.041897,-0.0053715,0.48035
0.042692,-0.009912,0.45262
0.036688,-0.0094477,0.49028
0.04959,-0.0072743,0.46266
0.040446,-0.0073462,0.49563
0.046177,-0.0052333,0.47931
0.040016,-0.0051975,0.49337
0.028096,-0.0056845,0.52153
0.037627,-0.0072993,0.51905
0.024951,-0.0092326,0.54829
0.020309,-0.0097202,0.53622
0.014761,-0.011176,0.56906
0.014269,-0.0097022,0.55196
0.010407,-0.0057499,0.58129
0.0032692,-0.0027513,0.59772
0.0069776,-0.0063009,0.62103
0.006541,-0.01079,0.61961
0.0040354,-0.012255,0.64478
0.0026511,-0.01023,0.6571
0.0032373,-0.010324,0.66876
0.0045879,-0.010525,0.68459
0.0033634,-0.0099358,0.6963
-0.0014449,-0.0098391,0.71179
-0.0047864,-0.010794,0.72572
-0.0076691,-0.010456,0.73982
-0.0086854,-0.010895,0.75413
-0.006615,-0.012634,0.76401
-0.0048983,-0.012376,0.78043
-0.0032812,-0.012132,0.79083
-0.0032464,-0.011364,0.80375
-0.0021177,-0.012033,0.81676
-0.0026755,-0.012407,0.82911
-0.0029522,-0.013303,0.84095
-0.0042606,-0.012324,0.85331
-0.0054624,-0.013025,0.86743
-0.0032177,-0.013352,0.87565
-0.0021124,-0.013971,0.89094
-0.0027745,-0.01428,0.90016
-0.0017397,-0.015413,0.90926
-0.00085755,-0.015494,0.91828
-0.00069423,-0.015308,0.9254
-0.003675,-0.014414,0.93384
-0.004593,-0.015565,0.93971
-0.0048669,-0.016375,0.94502
-0.0065886,-0.016296,0.94846
-0.0066988,-0.016618,0.95079
-0.0070949,-0.016505,0.95431
-0.0059649,-0.018069,0.95259
-0.0080099,-0.017962,0.95166
-0.0065734,-0.018992,0.95163
-0.005667,-0.019632,0.94679
-0.007895,-0.017386,0.95452
-0.0096383,-0.01716,0.95175
-0.004562,-0.020785,0.95197
-0.0053605,-0.020896,0.94658
-0.0051661,-0.020083,0.942
-0.0048578,-0.020749,0.94021
-0.0036185,-0.020838,0.93938
-0.0037108,-0.02101,0.93869
-0.0047325,-0.019183,0.93469
-0.0037475,-0.020047,0.93361
-0.0039516,-0.02021,0.93128
-0.0031445,-0.018899,0.9288
-0.0039746,-0.018114,0.92858
-0.0042694,-0.018368,0.92474
-0.0037221,-0.018971,0.92849
-0.0024265,-0.019081,0.92804
-0.0028292,-0.019007,0.92843
-0.0028425,-0.020719,0.93159
-0.0028813,-0.021114,0.92846
-0.0012175,-0.01925,0.93088
-0.0015714,-0.019333,0.93002
-0.0025537,-0.018281,0.93404
-0.0018283,-0.018531,0.93722
-0.00021235,-0.019154,0.9388
-0.00091073,-0.020993,0.94383
-0.0004588,-0.019415,0.94401
0.0017539,-0.017827,0.94803
0.0060641,-0.017716,0.95396
-0.0029963,-0.023079,0.95527
-0.0033678,-0.020857,0.9553
0.0020258,-0.01701,0.95709
-0.0050394,-0.016721,0.96674
-0.0067562,-0.019267,0.97161
-0.0043833,-0.01972,0.97847
-0.0030693,-0.019152,0.98225
-0.0036635,-0.017898,0.99061
-0.0069347,-0.017173,0.99505
-0.0071052,-0.019195,1.0003
-0.0082836,-0.019874,1.0173
-0.010556,-0.018754,1.0083
-0.010716,-0.01878,1.0228
-0.0068129,-0.018716,1.0194
-0.0060298,-0.019192,1.0244
-0.003559,-0.018614,1.0354
0.00056392,-0.020236,1.0429
0.001467,-0.020763,1.0493
0.00089166,-0.020981,1.0566
-0.0011114,-0.022174,1.0565
-0.0026242,-0.023596,1.0672
-0.0050698,-0.021612,1.0646
-0.0043455,-0.021567,1.0675
-0.004649,-0.023075,1.0689
-0.0052529,-0.022823,1.0679
-0.0045552,-0.022184,1.0681
-0.0041336,-0.021999,1.0712
-0.0024159,-0.022116,1.0684
-0.0012447,-0.022075,1.0693
-0.0018313,-0.023493,1.0701
-0.00030485,-0.022661,1.0686
-0.002697,-0.020542,1.0674
-0.0027293,-0.019862,1.0697
-0.0023991,-0.022534,1.0674
-0.0029806,-0.023435,1.0699
-0.0023831,-0.024523,1.0661
-0.0034723,-0.022054,1.0674
-0.0038461,-0.022975,1.0692
-0.002778,-0.024356,1.0664
-0.0052852,-0.025976,1.0696
-0.0037034,-0.025959,1.0677
-0.0027051,-0.024609,1.065
-0.0060028,-0.024689,1.0682
-0.0084746,-0.027667,1.0653
-0.0048564,-0.025906,1.0649
-0.0077913,-0.024066,1.0647
-0.0063322,-0.022196,1.0675
-0.00053105,-0.024396,1.0748
0.0029188,-0.024023,1.0776
0.00078809,-0.026126,1.0755
0.0023722,-0.025724,1.0798
0.0017642,-0.028403,1.08
-0.00082528,-0.026038,1.0797
-0.00025643,-0.024651,1.0843
0.00024283,-0.025283,1.0825
-0.00063876,-0.022141,1.0815
-0.0012272,-0.021229,1.0865
-0.00068947,-0.022205,1.0887
0.0013115,-0.023589,1.0973
0.0014654,-0.025094,1.0972
-0.00087854,-0.023484,1.0987
-0.00019591,-0.02131,1.099
-0.00076202,-0.0206,1.1129
-0.0046846,-0.023966,1.1122
-0.0035102,-0.02406,1.1121
-0.0036338,-0.020875,1.107
-0.0049287,-0.015184,1.1147
-0.0059487,-0.017494,1.1242
-0.0059477,-0.020306,1.1379
-0.0066962,-0.021199,1.1342
-0.0083831,-0.02025,1.1375
-0.0072317,-0.021918,1.143
-0.0050957,-0.023604,1.1456
-0.0035266,-0.02391,1.1502
-0.0018432,-0.023779,1.1528
-0.0045774,-0.021777,1.1593
-0.0052071,-0.022332,1.1594
-0.007348,-0.02126,1.1666
-0.005988,-0.021497,1.1714
-0.0077151,-0.024158,1.1725
-0.0059762,-0.025346,1.1697
-0.0057332,-0.023932,1.1648
-0.0052689,-0.025376,1.1662
-0.0058815,-0.026098,1.1629
-0.004275,-0.026856,1.1601
-0.0056995,-0.027937,1.1596
-0.0022418,-0.02861,1.1565
-0.0023667,-0.029399,1.1548
-0.0043211,-0.028217,1.1496
-0.0022956,-0.026619,1.1511
-0.0034427,-0.027452,1.1452
-0.0016885,-0.026444,1.1359
-0.0019663,-0.02454,1.1379
-0.0010844,-0.024931,1.1345
0.0012402,-0.026524,1.1347
-0.00087634,-0.029244,1.1273
-0.0044323,-0.028153,1.1239
-0.0049066,-0.028128,1.108
-0.0053525,-0.026862,1.1074
-0.007968,-0.029218,1.0979
-0.0072554,-0.029289,1.0807
-0.0072421,-0.028741,1.0719
-0.0073168,-0.028175,1.058
-0.0083489,-0.027491,1.0422
-0.0065761,-0.028416,1.0323
-0.0062001,-0.027367,1.0028
-0.0080223,-0.027908,0.99617
-0.008338,-0.02773,0.97771
-0.0063612,-0.026355,0.96201
-0.005289,-0.026059,0.94984
-0.0034472,-0.026033,0.92805
-0.0043479,-0.026626,0.91434
-0.005273,-0.025805,0.89798
-0.0037201,-0.026522,0.87871
-0.0046203,-0.026339,0.86393
-0.0014634,-0.028128,0.84395
-0.00072728,-0.024934,0.83594
0.0021929,-0.025427,0.81876
0.0011237,-0.02341,0.8093
0.02085,-0.02221,0.77287
0.058135,-0.020281,0.70933
0.053261,-0.020797,0.71046
0.04832,-0.021266,0.71091
0.043389,-0.0217,0.71112
0.038255,-0.022077,0.71026
0.033426,-0.022448,0.71048
0.028431,-0.022817,0.71123
0.023462,-0.023115,0.71074
0.01838,-0.023394,0.71041
0.013538,-0.023625,0.7098
0.0085051,-0.023884,0.71061
0.0035935,-0.024054,0.70975
-0.0014376,-0.024227,0.70975
-0.006335,-0.02436,0.7095
-0.0145,-0.026107,0.73533
-0.00019084,-0.018097,0.61235
-0.0019833,-0.019257,0.59409
-0.00010273,-0.018707,0.57642
-0.0020902,-0.02086,0.5559
-0.0027471,-0.019722,0.53263
-0.0055124,-0.016722,0.51442
-0.0041029,-0.015638,0.48807
-0.0040864,-0.015618,0.46403
-0.0049782,-0.015322,0.43612
-0.0068517,-0.013434,0.41072
-0.0087923,-0.010354,0.3856
-0.0061868,-0.0096866,0.35865
-0.0070968,-0.0086905,0.33281
-0.0067218,-0.0088455,0.3094
-0.0067808,-0.0095101,0.28847
-0.004545,-0.0094647,0.26669
-0.0024225,-0.0085385,0.24619
-0.00067246,-0.0086171,0.23202
0.0005082,-0.0080974,0.22112
-0.0014055,-0.0076021,0.21458
7.0994e-05,-0.0068772,0.20802
0.0012877,-0.0073759,0.2026
0.0012951,-0.0071902,0.19815
-0.0021145,-0.0056437,0.19709
-0.0034367,-0.0022226,0.19841
-0.0013796,-0.002596,0.19914
0.0020487,-0.0036084,0.19901
0.0019703,-0.0048621,0.19747
-0.00013007,-0.0044764,0.19737
-0.0021006,-0.00072607,0.19852
-0.0034773,-0.0024222,0.19787
-0.0052743,-0.0021583,0.19751
-0.0080862,-0.0036759,0.20071
-0.0094877,-0.0017799,0.21227
-0.0061605,-0.0036726,0.2289
-0.0045807,-0.0018061,0.25066
-0.0039757,-0.0039036,0.27087
-0.0032249,-0.0033372,0.28945
-0.0013357,-0.0031836,0.30467
-0.0028183,-5.6565e-05,0.32404
-0.0051948,-0.00046586,0.34233
-0.0073334,0.0017432,0.36856
-0.0082384,0.00057609,0.39065
-0.006395,-0.0017018,0.41443
-0.0024944,-0.0026832,0.44086
-0.00017972,-0.0015303,0.46361
-0.0025366,-0.0015476,0.48833
-0.0066597,-0.0014137,0.5063
-0.0010733,-0.0049204,0.52664
0.0087872,-0.008059,0.54337
0.012731,-0.0088181,0.55747
0.0089608,-0.0063493,0.57662
-0.0057603,-0.0033683,0.59741
-0.01001,-0.0024388,0.61949
0.0013031,1.7261e-05,0.64056
0.010177,-0.0017804,0.66233
0.00031281,-0.0044373,0.67989
-0.0097286,-0.013552,0.69098
-0.0086485,-0.011888,0.70624
-0.0060845,-0.0016679,0.71931
-0.0061653,0.0021176,0.74394
0.00052406,-0.0025549,0.76894
0.00043739,-0.0089081,0.79166
-0.0012251,-0.012502,0.80653
-0.0064668,-0.010838,0.81314
-0.0081566,-0.0080544,0.83288
-0.0053756,-0.006685,0.8417
-0.0069262,-0.0092979,0.86657
-0.0096978,-0.012875,0.88106
-0.0065234,-0.013609,0.89031
-0.0032098,-0.013409,0.90122
-0.0070297,-0.01567,0.91356
-0.0058441,-0.017404,0.92428
-0.0050041,-0.01837,0.93358
-0.0061087,-0.014336,0.94532
-0.0037212,-0.011397,0.95859
-0.001229,-0.013594,0.96985
0.00083979,-0.0162,0.98318
-0.00046626,-0.015655,0.98884
0.00048818,-0.014749,0.99618
0.00040797,-0.01572,1.0027
0.0016637,-0.016565,1.0056
0.00024508,-0.017054,1.016
0.0003023,-0.017199,1.022
0.00094851,-0.016945,1.0276
-0.0029996,-0.022057,1.0307
-0.0046213,-0.018993,1.039
-7.4457e-05,-0.017416,1.0405
-0.0017917,-0.017218,1.0516
-0.0055457,-0.018733,1.054
0.00018136,-0.021726,1.0532
0.0019733,-0.015572,1.0615
0.0020589,-0.019314,1.0613
0.0012407,-0.023402,1.0629
0.0013373,-0.021896,1.0639
-0.0022524,-0.021077,1.0618
-0.0031662,-0.021557,1.0653
-0.0051276,-0.022271,1.0588
-0.0028457,-0.020819,1.0606
-0.004553,-0.019984,1.0647
0.00027114,-0.020697,1.0698
-0.0011262,-0.022781,1.0697
-0.0033238,-0.023834,1.0628
-0.0033611,-0.021272,1.0562
-0.00060113,-0.018645,1.0556
-0.0013577,-0.013648,1.0586
0.0019267,-0.014689,1.067
-0.00046058,-0.017687,1.0694
0.0030406,-0.015934,1.07
0.0018808,-0.017632,1.0675
0.0023324,-0.020403,1.067
0.0018341,-0.019729,1.0655
0.00092109,-0.020475,1.0666
0.0031362,-0.020281,1.0722
0.0028928,-0.020633,1.0723
-9.0642e-05,-0.024489,1.0759
0.0004567,-0.022033,1.0681
-0.0034687,-0.019796,1.0688
-0.00375,-0.018596,1.0707
-0.0034877,-0.018795,1.0763
-0.0027948,-0.020336,1.0811
0.0015094,-0.025737,1.0814
0.0020179,-0.023803,1.0767
-0.00048222,-0.02246,1.0751
-0.0046156,-0.023912,1.0787
-0.008839,-0.024741,1.0795
-0.0035075,-0.02498,1.0801
-0.0024717,-0.021497,1.0807
-0.0017109,-0.02152,1.0819
0.002951,-0.024031,1.0826
-0.0031869,-0.025065,1.0807
-0.0033199,-0.021458,1.0795
-0.0045462,-0.020804,1.084
-0.0037236,-0.023259,1.0877
-0.0084082,-0.024266,1.0933
-0.0057153,-0.024299,1.0931
-0.0086275,-0.028767,1.0911
-0.0052654,-0.024497,1.0906
-0.0056923,-0.021495,1.0915
-0.0067713,-0.022467,1.0892
-0.0075995,-0.021924,1.0857
-0.0096912,-0.022853,1.0983
-0.0091733,-0.025538,1.0973
-0.011335,-0.023311,1.0953
-0.012132,-0.021062,1.0972
-0.012174,-0.022375,1.0985
-0.0092796,-0.022991,1.0979
-0.011147,-0.020548,1.1001
-0.0099404,-0.021669,1.0993
-0.013102,-0.019634,1.1037
-0.01044,-0.022187,1.1021
-0.0084988,-0.019899,1.1015
-0.0050808,-0.019519,1.1045
-0.0076057,-0.023005,1.1066
-0.0057992,-0.023788,1.1105
-0.0099778,-0.021915,1.1069
-0.008758,-0.022322,1.1071
-0.006643,-0.022164,1.11
-0.006107,-0.023655,1.1141
-0.0056573,-0.023962,1.1124
-0.0040849,-0.023557,1.1132
-0.0039902,-0.021863,1.1196
0.0032975,-0.027031,1.1168
-0.0010494,-0.027634,1.1211
-0.0036057,-0.02572,1.1156
-0.0033766,-0.021044,1.1202
-0.0046336,-0.025568,1.1207
-0.0098902,-0.024251,1.1244
-0.0027217,-0.026087,1.1299
-0.0019835,-0.024516,1.13
-0.0052056,-0.025456,1.1305
-0.0039849,-0.025171,1.1315
-0.0048111,-0.025334,1.1333
-0.0053067,-0.024275,1.1316
-0.0064254,-0.024422,1.1361
-0.0064321,-0.026782,1.1339
-0.0024945,-0.02682,1.1374
-0.0055788,-0.025262,1.1395
-0.0034509,-0.026096,1.1373
0.00045733,-0.022766,1.1417
-0.0013601,-0.023805,1.1421
0.00030078,-0.027253,1.1393
-0.0043497,-0.024419,1.1384
-0.006638,-0.021684,1.142
-0.0079283,-0.02418,1.1433
-0.0077235,-0.024381,1.1461
-0.0014841,-0.022884,1.1357
-0.002098,-0.022127,1.1404
-0.0016274,-0.02372,1.1382
-0.0051231,-0.025136,1.1414
-0.0075305,-0.024583,1.1335
-0.0081265,-0.021683,1.1324
-0.0071849,-0.022383,1.1373
-0.0066058,-0.024465,1.1434
-0.0057392,-0.024531,1.1303
-0.0045928,-0.026598,1.1252
-0.012516,-0.02096,1.1133
-0.011485,-0.01823,1.1138
-0.0094955,-0.016847,1.1207
-0.0069783,-0.019518,1.1231
-0.0068614,-0.021468,1.1189
-0.0068842,-0.02098,1.1085
-0.00932,-0.022603,1.1023
-0.003337,-0.02238,1.0858
-0.0057106,-0.018065,1.0803
-0.0013818,-0.015294,1.0865
-0.00087506,-0.014215,1.0958
0.0044896,-0.025907,1.0907
-0.0068648,-0.025726,1.0715
-0.010503,-0.023911,1.0543
-0.015255,-0.029563,1.0491
-0.009978,-0.023749,1.0187
-0.0093608,-0.019885,1.0318
-0.0080302,-0.020858,1.0354
-0.0095714,-0.023025,1.0326
-0.010677,-0.026013,1.0207
-0.0070278,-0.024828,1.0118
-0.0038364,-0.025713,0.99951
-0.0043032,-0.021672,0.99522
-0.0051636,-0.026119,0.98853
-0.0049083,-0.020494,0.97464
-0.0042019,-0.011256,0.98016
-0.0046165,-0.017523,0.97607
-0.0089537,-0.020073,0.96954
-0.009188,-0.014853,0.95405
-0.0064367,-0.01524,0.94849
-0.0083461,-0.020596,0.94939
-0.007026,-0.020002,0.94326
-0.0056294,-0.021747,0.93907
-0.0070734,-0.023471,0.92555
-0.012489,-0.021312,0.92218
-0.0098008,-0.018455,0.91849
-0.0071749,-0.020255,0.9166
-0.01372,-0.022672,0.91181
-0.0020455,-0.019948,0.90704
0.00036793,-0.022071,0.90462
-0.0072045,-0.026369,0.89599
-0.0047641,-0.019996,0.88732
-0.0029286,-0.016816,0.88727
-0.0072423,-0.019263,0.88778
-0.0097187,-0.021064,0.88917
-0.01081,-0.023703,0.87988
-0.0059231,-0.023491,0.87033
-0.0082163,-0.020424,0.86222
-0.013139,-0.019828,0.8577
-0.015517,-0.019367,0.85652
-0.015414,-0.020058,0.8574
-0.013359,-0.02323,0.85051
-0.011841,-0.022353,0.84543
-0.014257,-0.0209,0.83434
-0.010491,-0.020485,0.83267
-0.016058,-0.026825,0.82253
-0.015513,-0.022785,0.80978
-0.014054,-0.019365,0.7917
-0.010016,-0.016536,0.78542
-0.0056164,-0.020917,0.77202
-0.0042328,-0.022873,0.76247
0.0067734,-0.016648,0.75025
0.0073367,-0.017335,0.73816
0.0065917,-0.018711,0.73223
0.0049419,-0.017949,0.71571
0.0020233,-0.018213,0.70572
0.0061904,-0.018036,0.69445
0.0057831,-0.018484,0.68538
0.0096033,-0.018288,0.67384
0.0084451,-0.017254,0.66534
0.012553,-0.014989,0.65344
0.013284,-0.014662,0.64126
0.01473,-0.015746,0.62811
0.015119,-0.016072,0.61498
0.014956,-0.016505,0.59997
0.011423,-0.014752,0.58983
0.015516,-0.012169,0.582
0.013208,-0.013258,0.56932
0.014647,-0.015315,0.56407
0.0097406,-0.015939,0.54907
0.0067231,-0.013551,0.53854
0.012401,-0.011164,0.52362
0.012248,-0.01213,0.51648
0.0084066,-0.012088,0.50544
0.0051625,-0.011932,0.49604
-0.0022182,-0.011641,0.48565
-0.0019621,-0.0094805,0.47266
-0.0029242,-0.010555,0.46392
-0.0053678,-0.010554,0.45082
-0.0077037,-0.0099734,0.43462
-0.010294,-0.0095995,0.42088
-0.013536,-0.008352,0.40755
-0.019855,-0.0078262,0.39285
-0.017613,-0.0085447,0.38636
-0.022841,-0.0087832,0.36668
-0.019116,-0.0074235,0.36316
-0.025569,-0.008975,0.35222
-0.038999,-0.0087164,0.33375
-0.035149,-0.009768,0.33912
-0.047994,-0.010286,0.31535
-0.033469,-0.0096818,0.32427
-0.030957,-0.0093608,0.32058
-0.043743,-0.0071888,0.30795
-0.029899,-0.0061201,0.31578
-0.046329,-0.0056637,0.30323
-0.038955,-0.0063169,0.30865
-0.04359,-0.0081033,0.30122
-0.056536,-0.0097684,0.29043
-0.041985,-0.0092278,0.29829
-0.050488,-0.0037899,0.29151
-0.031411,-0.0088475,0.29335
-0.042594,-0.01087,0.28127
-0.039876,-0.0070762,0.2827
-0.039637,-0.0033788,0.2882
-0.044371,-0.0023584,0.29097
-0.035437,-0.0052456,0.29399
-0.037408,-0.0072362,0.29358
-0.021896,-0.010306,0.28939
-0.018047,-0.013411,0.295
-0.015485,-0.010722,0.29583
-0.017645,-0.0063682,0.29464
-0.022867,-0.0048378,0.30001
-0.015407,0.0025915,0.30021
-0.025297,0.0023395,0.30627
-0.022149,0.00051339,0.31289
-0.024837,-0.0031971,0.32293
-0.029633,-0.0048458,0.32635
-0.024132,-0.0057738,0.33087
-0.032878,-0.0064914,0.33403
-0.03017,-0.0060262,0.34842
-0.045358,-0.0064871,0.34178
-0.030724,-0.0085439,0.35927
-0.026183,-0.0063928,0.36832
-0.040818,-0.0034918,0.37393
-0.0293,-0.00015582,0.38573
-0.050507,0.0011466,0.40419
-0.04005,0.0022707,0.41912
-0.028173,-0.0043429,0.43895
-0.032887,-0.0058751,0.46217
-0.023241,-0.0070187,0.47526
-0.036149,-0.0088459,0.49036
-0.027627,-0.0092801,0.51284
-0.023639,-0.0097852,0.53514
-0.012427,-0.0075685,0.55807
-0.0050991,-0.010357,0.57914
-0.0071119,-0.010126,0.60567
-0.011109,-0.012664,0.62554
-0.017057,-0.0054145,0.65255
-0.016899,-0.0033145,0.6837
-0.013787,-0.0022738,0.71142
-0.015261,-0.011643,0.74195
-0.013226,-0.0092623,0.76373
-0.016275,-0.0082758,0.78576
-0.012284,-0.0063378,0.80763
-0.010307,-0.0059562,0.83692
-0.011562,-0.0056507,0.86174
-0.010402,-0.0094451,0.883
-0.0075135,-0.010731,0.90576
-0.0053705,-0.0072067,0.92609
-0.0055042,-0.0083532,0.94944
-0.0028045,-0.0086077,0.97417
-0.00069322,-0.0077187,0.99781
-0.0019524,-0.010286,1.0217
-0.0011179,-0.010543,1.0446
-0.0042449,-0.012857,1.0673
-0.0047205,-0.010291,1.089
-0.0069088,-0.0082956,1.1119
-0.0097928,-0.010907,1.1411
-0.0084235,-0.014411,1.1607
-0.0043703,-0.016655,1.1815
-0.0038581,-0.018473,1.1873
-0.0029083,-0.024,1.1883
-0.00012921,-0.026507,1.1812
-0.0038851,-0.026658,1.1753
-0.0064666,-0.028272,1.1734
-0.0061738,-0.025691,1.1775
-0.010044,-0.025904,1.1768
-0.0094164,-0.021805,1.1751
-0.0058021,-0.020062,1.182
-0.0049537,-0.024953,1.1779
-0.0012131,-0.024221,1.1794
-0.0016883,-0.025653,1.1792
-0.0031146,-0.026325,1.1782
-0.0057749,-0.026662,1.1766
-0.0081751,-0.026293,1.1745
-0.0057689,-0.026256,1.1696
-0.006481,-0.024584,1.1715
-0.0053221,-0.027104,1.1637
-0.004117,-0.02544,1.1648
-0.003211,-0.024767,1.1596
-0.0022888,-0.025305,1.1599
-0.0009288,-0.024639,1.1577
-0.004537,-0.0257,1.1552
-0.0051819,-0.025283,1.1525
-0.0052608,-0.02323,1.149
-0.0059583,-0.025791,1.1463
-0.0060744,-0.025279,1.1455
-0.0053792,-0.026155,1.1387
-0.0054966,-0.02662,1.1363
-0.0053868,-0.02421,1.133
-0.0050133,-0.021716,1.1333
-0.0066681,-0.025636,1.1311
-0.0060163,-0.026287,1.1327
-0.0046104,-0.027446,1.1249
-0.0032665,-0.026128,1.1166
-0.0048858,-0.025762,1.1144
-0.0036645,-0.025081,1.1101
-0.0053932,-0.027931,1.1137
-0.0011318,-0.027612,1.1089
-0.00036154,-0.026088,1.1017
0.0056462,-0.024685,1.098
0.0044539,-0.024909,1.0985
0.0023844,-0.024535,1.0991
-0.0036167,-0.025921,1.0995
-0.009528,-0.026717,1.0992
-0.0068457,-0.029196,1.0945
-0.012816,-0.027118,1.0859
-0.0064511,-0.023111,1.0856
0.0027154,-0.019265,1.0872
0.00035478,-0.016307,1.093
0.00011512,-0.020865,1.0965
-0.0021977,-0.022602,1.0962
-0.0050001,-0.020958,1.0996
-0.0066551,-0.024942,1.0922
-0.0038192,-0.021868,1.0895
-0.0033764,-0.02311,1.0871
0.00019846,-0.022083,1.0867
-0.0029192,-0.023428,1.0833
-0.0041113,-0.022619,1.0805
-0.0048893,-0.024488,1.0798
-0.0067342,-0.025153,1.0763
-0.0071751,-0.024708,1.0782
-0.0059544,-0.024432,1.0724
-0.0049916,-0.024449,1.0697
-0.0053959,-0.023427,1.0671
-0.0056811,-0.024995,1.0626
-0.0056712,-0.026752,1.0647
-0.0050388,-0.028714,1.0612
-0.006383,-0.025263,1.056
-0.0048873,-0.026525,1.0576
-0.0046724,-0.026755,1.052
-0.0056282,-0.024825,1.0524
-0.0044707,-0.025853,1.0446
-0.0043326,-0.025422,1.0469
-0.0036502,-0.02505,1.041
-0.0041127,-0.024906,1.0386
-0.0036275,-0.023726,1.0387
-0.0036272,-0.024514,1.0366
-0.0019213,-0.024049,1.0317
-0.0026945,-0.024382,1.0253
-0.0026981,-0.025457,1.0315
-0.0020856,-0.024348,1.0256
-0.0022119,-0.025241,1.0224
-0.0030159,-0.025166,1.0188
-0.0012138,-0.025784,1.0156
-0.0018936,-0.025433,1.0169
-0.0010207,-0.027419,1.0131
-0.001584,-0.026606,1.008
0.00043965,-0.028385,1.0053
-0.0021255,-0.023793,1.0007
-0.0033619,-0.023676,1.0025
-0.0027805,-0.025612,0.99803
-0.003211,-0.02687,0.99534
-0.0035655,-0.027189,0.98951
-0.006192,-0.026839,0.98549
-0.0062438,-0.027276,0.98529
-0.0076809,-0.028482,0.98131
-0.0097718,-0.029052,0.9794
-0.0095299,-0.029705,0.97619
-0.011509,-0.027701,0.97285
-0.0096132,-0.027802,0.97111
-0.0080303,-0.028033,0.9638
-0.010943,-0.025835,0.96468
-0.0094872,-0.021092,0.96371
-0.012075,-0.022058,0.96188
-0.010406,-0.024721,0.96141
-0.012026,-0.02216,0.95493
-0.017924,-0.020235,0.95669
-0.016648,-0.019664,0.95593
-0.022197,-0.017661,0.96096
-0.017632,-0.019731,0.9613
-0.014882,-0.019413,0.96134
-0.02235,-0.018667,0.96502
-0.015391,-0.020088,0.96518
-0.02162,-0.02073,0.9704
-0.015959,-0.017568,0.97199
-0.015698,-0.018227,0.97864
-0.022024,-0.019677,0.9858
-0.017931,-0.017249,0.98626
-0.021534,-0.01778,0.998
-0.014693,-0.017036,0.99723
-0.016925,-0.016529,1.0002
-0.024356,-0.011765,1.0135
-0.019641,-0.013963,1.0152
-0.02479,-0.017825,1.0197
-0.01947,-0.013267,1.024
-0.021471,-0.0093729,1.0296
-0.017412,-0.016414,1.0362
-0.016578,-0.017776,1.0496
-0.015886,-0.017604,1.0556
-0.016813,-0.016929,1.0649
-0.015028,-0.017551,1.0678
-0.01105,-0.018298,1.0724
-0.0084509,-0.020115,1.0819
-0.0045709,-0.020748,1.0867
-0.0024884,-0.022346,1.092
-0.0040486,-0.019824,1.1013
-0.0021796,-0.020327,1.1043
-0.0033568,-0.019888,1.1129
-0.0031353,-0.02173,1.1176
-0.0019341,-0.022938,1.1366
-0.0030203,-0.022664,1.1014
-0.00058084,-0.023148,1.1135
-0.0010849,-0.024768,1.1222
0.001006,-0.027148,1.1161
0.0032384,-0.028352,1.1148
0.0045464,-0.027147,1.1138
0.0047005,-0.027405,1.1066
0.0051428,-0.025869,1.1061
0.0051612,-0.024929,1.1038
0.0054064,-0.024084,1.1025
0.0086195,-0.025326,1.0967
0.010307,-0.025702,1.0994
0.011208,-0.024029,1.0897
0.01102,-0.02224,1.0877
0.0072974,-0.021775,1.0869
0.0057478,-0.024267,1.0809
0.0043521,-0.024197,1.0791
0.0048622,-0.024115,1.0736
0.0076591,-0.026012,1.0676
0.00792,-0.025531,1.0646
0.0074184,-0.024371,1.0583
0.0070906,-0.025161,1.0551
0.0054617,-0.02361,1.0494
0.0055339,-0.023689,1.0485
0.0070795,-0.024183,1.0432
0.0065295,-0.026104,1.0329
0.0063005,-0.027776,1.0324
0.0049892,-0.026958,1.0221
0.0033394,-0.026032,1.0109
0.0015574,-0.026048,0.99238
0.0028606,-0.024674,0.96898
-0.00039142,-0.024401,0.94546
0.001318,-0.02768,0.91996
-0.0004239,-0.028833,0.8901
-0.00079203,-0.027654,0.86426
-0.00095087,-0.024867,0.83872
-0.0032659,-0.025215,0.81513
-0.0062796,-0.025433,0.78592
-0.0034314,-0.024652,0.75534
-0.0059601,-0.022895,0.72934
-0.0050734,-0.021431,0.70025
-0.0062018,-0.020108,0.67675
-0.0040245,-0.020525,0.66985
-0.0046217,-0.019085,0.61176
-0.0049799,-0.018599,0.61021
-0.0056618,-0.017985,0.59198
-0.0077615,-0.017186,0.57327
-0.0094732,-0.015253,0.55801
-0.011922,-0.01433,0.54763
-0.014046,-0.016837,0.53274
-0.012254,-0.015259,0.52327
-0.013372,-0.013677,0.51149
-0.0125,-0.013591,0.495
-0.015791,-0.015022,0.4836
-0.017957,-0.015356,0.46053
-0.019025,-0.013561,0.44767
-0.026081,-0.012015,0.43244
-0.024716,-0.010574,0.40789
-0.034607,-0.013897,0.3887
-0.031588,-0.012067,0.35912
-0.034664,-0.010264,0.33709
-0.034617,-0.0089791,0.31339
-0.02778,-0.0066092,0.29455
-0.028754,-0.0087769,0.29384
-0.025703,-0.0070203,0.28851
-0.026275,-0.0035154,0.28762
-0.035768,-0.0042736,0.29107
-0.035573,-0.0049404,0.28033
-0.039434,-0.006517,0.2823
-0.031335,-0.0057197,0.2736
-0.030405,-0.0069021,0.2706
-0.037001,-0.010284,0.278
-0.033868,-0.0097579,0.27706
-0.0365,-0.0076106,0.29312
-0.028865,-0.0073584,0.29687
-0.031903,-0.010392,0.31508
-0.028147,-0.010555,0.31888
-0.027542,-0.010024,0.33014
-0.030111,-0.0055692,0.349
-0.024008,-0.0055417,0.35317
-0.028788,-0.0062182,0.37683
-0.022342,-0.0068802,0.38219
-0.029123,-0.006305,0.39882
-0.032728,-0.0039153,0.42685
-0.030519,-0.0029335,0.43949
-0.027385,-0.0036725,0.46877
-0.022773,-0.0051932,0.48406
-0.019174,-0.0054781,0.51688
-0.017265,-0.0053783,0.52118
-0.018653,-0.0042432,0.55124
-0.021704,-0.0029621,0.57793
-0.022314,-0.0026492,0.59805
-0.021498,-0.00091445,0.62107
-0.016146,-0.004318,0.64483
-0.016442,-0.0076558,0.66898
-0.012801,-0.0068793,0.69751
-0.017871,-0.0083335,0.71057
-0.015116,-0.0094521,0.73169
-0.015784,-0.0069129,0.75118
-0.0073751,-0.00092314,0.76943
-0.016744,-0.0015897,0.7886
-0.020353,-0.0052353,0.81366
-0.017166,-0.0085435,0.83829
-0.018438,-0.010981,0.85739
-0.015071,-0.011829,0.87467
-0.015841,-0.010587,0.8933
-0.014459,-0.00747,0.91038
-0.013259,-0.0075926,0.93118
-0.010762,-0.0087212,0.9486
-0.0066693,-0.0095765,0.9636
-0.0037802,-0.012885,0.97362
-0.00028262,-0.010245,1.0294
0.00096463,-0.0079346,0.95728
0.0011865,-0.0096143,1.0157
-0.00089778,-0.012945,1.04
-0.00011562,-0.012784,1.0477
-0.00018112,-0.015609,1.0608
0.00097552,-0.016562,1.0806
0.0002494,-0.014858,1.0893
0.0006451,-0.013936,1.1038
0.00059465,-0.014056,1.1161
0.00054838,-0.014932,1.1317
-0.00079472,-0.017486,1.1514
-0.001221,-0.021166,1.1596
0.0018035,-0.016878,1.1638
0.0027028,-0.018618,1.1737
0.0052976,-0.019444,1.1852
0.0057255,-0.01939,1.1921
0.0073587,-0.022381,1.1985
0.0042408,-0.024594,1.2033
0.001217,-0.024913,1.1984
0.00029648,-0.024321,1.2038
-0.00034618,-0.022758,1.2083
0.00095426,-0.022791,1.2105
0.0013745,-0.0253,1.2134
0.0045358,-0.026685,1.2078
0.0023971,-0.02548,1.2086
-0.00090409,-0.027439,1.2088
0.0017633,-0.026561,1.2055
-0.005201,-0.030406,1.2024
0.0072701,-0.029354,1.1872
0.0055416,-0.021016,1.1881
0.0022116,-0.021949,1.1944
-0.00061842,-0.025119,1.1947
-0.0036899,-0.024366,1.1913
-0.0064892,-0.025261,1.1875
-0.003349,-0.026431,1.1943
-0.0015032,-0.025961,1.1941
0.0028429,-0.023362,1.186
-0.00021093,-0.020591,1.1933
-0.0028916,-0.022158,1.1952
-0.0061409,-0.024057,1.2026
-0.0040851,-0.025576,1.1997
-0.002084,-0.026639,1.1989
-0.00091882,-0.026893,1.1974
-0.0023281,-0.027106,1.1944
-0.0023244,-0.024683,1.1929
-0.0049269,-0.025246,1.195
-0.006632,-0.026605,1.1942
-0.0056169,-0.028667,1.1964
-0.0018708,-0.027047,1.1847
-0.00062529,-0.026997,1.1786
-0.0010184,-0.026799,1.1753
-0.0031058,-0.025702,1.1744
-0.0028226,-0.026926,1.1704
-0.0018344,-0.029106,1.1711
-0.002752,-0.028529,1.1618
-0.0041309,-0.027406,1.1562
-0.0051533,-0.023166,1.1545
-0.0068117,-0.024219,1.1538
-0.0047271,-0.032003,1.1542
-0.0025635,-0.029306,1.1372
-0.0017379,-0.024862,1.1303
-0.0023367,-0.022423,1.13
-0.00086041,-0.022636,1.133
0.00096742,-0.024121,1.1375
0.0013459,-0.024477,1.139
0.0040947,-0.023528,1.1293
0.0046918,-0.020866,1.1134
0.0037024,-0.019992,1.1266
0.0086418,-0.019884,1.1317
0.00066806,-0.024503,1.1317
-0.0057779,-0.024322,1.1204
0.003765,-0.019093,1.1156
-0.0041853,-0.020476,1.1239
-0.00092541,-0.021025,1.1249
0.0016696,-0.020678,1.1274
0.0023706,-0.023481,1.1259
-0.00056148,-0.024974,1.1244
-0.0076638,-0.027999,1.1306
-0.011823,-0.028259,1.1258
-0.0088611,-0.029638,1.1213
-0.0056536,-0.024874,1.1146
-0.0023099,-0.02252,1.1107
0.0054608,-0.024278,1.1286
0.0054926,-0.026735,1.1261
0.0031951,-0.026348,1.1271
0.00084497,-0.025671,1.1248
-5.9848e-06,-0.026152,1.1231
0.0015262,-0.02688,1.1223
0.0013028,-0.026584,1.1195
0.001245,-0.024879,1.1246
-0.00091091,-0.025302,1.1239
6.9317e-05,-0.025777,1.1271
-0.00070179,-0.026274,1.1266
0.00017096,-0.025383,1.1242
0.0010142,-0.025263,1.1235
0.0018489,-0.027023,1.1214
0.0015373,-0.023924,1.1203
-1.9979e-05,-0.023757,1.1189
-0.0026841,-0.024541,1.1213
-0.0031383,-0.026899,1.1503
-0.0014116,-0.023362,1.079
0.00084353,-0.022158,1.1091
-0.000548,-0.022172,1.1052
0.00035658,-0.022628,1.1056
-0.0016024,-0.024509,1.1046
-0.0011269,-0.021454,1.0999
-0.0034429,-0.021909,1.0971
-0.0046857,-0.020913,1.0968
-0.0036371,-0.021425,1.0942
-0.0012514,-0.021161,1.0965
0.0014187,-0.023922,1.0887
0.00064402,-0.024673,1.0914
0.0011557,-0.02392,1.0846
0.0029627,-0.022067,1.0815
0.0018863,-0.02137,1.0788
0.00026244,-0.022848,1.0799
-0.00013139,-0.02523,1.0795
-0.004258,-0.025817,1.0755
0.00087369,-0.027878,1.0685
-0.0032362,-0.024694,1.0638
-0.0015858,-0.02168,1.0663
-0.00014656,-0.023902,1.0625
-0.00020842,-0.025903,1.0492
-0.0032204,-0.023367,1.0518
-0.0068082,-0.023563,1.0509
-0.004986,-0.025116,1.0526
-0.0023907,-0.026138,1.0478
-0.0034288,-0.026336,1.0401
0.0006747,-0.023918,1.0335
0.0012821,-0.023159,1.0291
0.00049348,-0.022829,1.0334
-0.00071632,-0.024096,1.0276
0.0016948,-0.02576,1.023
0.0024772,-0.027826,1.0239
0.00030652,-0.026788,1.0216
0.0011344,-0.026944,1.0106
0.0010697,-0.024652,0.99385
0.000327,-0.023205,0.99269
-0.0018943,-0.023464,0.98348
0.00076229,-0.021519,0.973
-0.0010745,-0.023117,0.9653
-0.0017553,-0.025218,0.94971
-0.0013192,-0.026189,0.93449
-0.0015043,-0.024422,0.92213
0.00028786,-0.02237,0.91447
0.00090325,-0.02242,0.90514
0.0010745,-0.021664,0.89456
-0.00010892,-0.022145,0.88028
0.00073144,-0.023628,0.8707
0.00035949,-0.024221,0.83712
0.00019561,-0.021718,0.82451
-0.0021827,-0.022004,0.80435
-0.0020555,-0.021834,0.78288
-0.00026434,-0.020438,0.76466
0.0020618,-0.019022,0.74592
-0.00076241,-0.019283,0.72982
-0.0027864,-0.020638,0.71259
-0.0036818,-0.0208,0.69519
-0.0013573,-0.018166,0.67463
-0.0007122,-0.017348,0.65743
-0.0033305,-0.018492,0.6406
-0.0014169,-0.016668,0.62098
0.0020584,-0.012713,0.60783
0.0049676,-0.013368,0.59148
0.0055934,-0.014861,0.57616
0.0073745,-0.015844,0.55846
0.0077489,-0.015128,0.54056
0.0061445,-0.015408,0.51682
0.0019586,-0.015225,0.49602
0.00097375,-0.015558,0.47381
0.00042771,-0.016219,0.44713
0.00091349,-0.012925,0.41942
0.00030636,-0.010432,0.39564
-0.0023464,-0.0088572,0.37416
0.00072855,-0.0055013,0.35311
-0.00022287,-0.0058003,0.32898
-0.0033485,-0.00635,0.3105
-0.0049483,-0.0059985,0.29685
-0.0062711,-0.0073721,0.28432
-0.010002,-0.0082365,0.27627
-0.010112,-0.0069564,0.26609
-0.0091703,-0.0052847,0.25818
-0.010051,-0.0050495,0.25344
-0.012497,-0.0050462,0.25114
-0.018702,-0.005935,0.24909
-0.023908,-0.0060312,0.24677
-0.024296,-0.0052778,0.24263
-0.019555,-0.0043157,0.22739
-0.015925,-0.0020524,0.19567
-0.0085279,-0.0021193,0.1545
-0.0093508,-0.0012305,0.10766
-0.0087039,-0.00083146,0.0721
-0.0068924,0.00014257,0.040431
-0.0027441,0.00093742,0.0084601
-0.00038124,-0.00112,-0.015457
0.00079084,-0.0041243,-0.012677
-0.002099,-0.0020396,-0.0014994
-0.0012169,0.0026912,0.00063811
-0.0005503,0.003412,-0.00043281
-9.7743e-05,0.00071199,0.0021505
0.00016854,-2.3491e-05,0.0020733
0.002844,0.00014336,-0.0016636
0.0027478,-0.0015092,-0.0015812
0.0031787,-0.0016803,0.0011129
0.0029259,-0.00158,-6.3479e-05
0.0021263,-0.0011911,-0.001478
0.0026169,-0.002146,7.846e-05
0.0028162,-0.0018116,0.0020982
0.0022761,-0.0013201,2.2764e-05
0.0035876,-0.0012251,0.00026923
0.0020268,3.3458e-05,0.00033837
0.0034802,-0.0027732,0.0018825
0.0025138,-0.00068814,5.8007e-05
0.0030403,-0.0011304,0.0015756
0.001571,-0.00049038,0.0013235
0.0018377,-0.0015847,0.0014298
0.0019102,-0.0019671,0.0012539
0.0021528,-0.0022112,0.0020208
0.0018154,-0.0016165,0.0010983
0.0020164,-0.0012639,0.00074208
0.0018489,-0.00050811,0.0013661
0.0016965,-0.00082321,0.0012968
0.0026004,-0.0018517,0.0010624
0.0016266,-0.00066167,0.0012092
0.0022758,-0.00092919,0.0011014
0.0014348,-0.0011395,0.00098355
0.0020461,-0.0029508,0.0014485
0.0012278,-0.00063237,0.00099216
0.0025579,-0.0024439,0.0011377
0.0016553,-0.0013734,0.00070388
0.00075408,-0.0015673,0.0013241
0.00105,-0.00066157,0.00085322
0.0015093,-0.00037173,0.00076488
0.00097069,-0.00055326,0.00060178
0.00040724,0.00057609,0.00069773
0.00080066,0.0012052,0.00029174
0.0010911,0.0014004,0.00023251
0.0014175,0.0010286,0.00021271
0.0013679,0.00052306,-0.00012502
0.0016333,0.00093603,-2.193e-05
0.0013996,0.00051269,0.00028512
0.0011316,0.0005097,0.0003617
0.00084856,0.00026718,0.00036092
0.00085123,0.00072428,0.00016647
0.00073684,-0.00024692,0.00016052
-0.00038283,-0.0010772,9.9337e-05
0.00060614,-0.00064017,-0.00017123
-3.068e-05,-0.0018245,0.00013282
0.00029707,-0.00061141,0.00020157
-4.8923e-05,-0.002225,-2.0161e-05
0.00010104,-0.00099303,-1.4e-05
-0.0011592,-0.001276,0.0002177
0.00020846,-0.0015715,0.00028392
0.00041387,-0.0013378,0.00040524
-0.0012815,-0.00095007,0.00015612
-0.0020654,-0.00040583,0.00077782
-0.0019303,0.00080368,0.0033978
-0.0015972,0.00079226,0.0065671
-0.0025518,-0.00059799,0.010153
-0.0039199,-0.0014604,0.013596
-0.0048913,-0.0022591,0.016261
-0.0045758,-0.0016637,0.018358
-0.0050016,-0.0011668,0.020597
-0.0044806,-0.0011682,0.024451
-0.0077152,-0.0013926,0.034671
-0.008569,-0.0010664,0.050211
-0.011545,-0.0019406,0.072681
-0.013116,-0.0019472,0.09565
-0.017414,-0.0016279,0.12229
-0.020539,-0.0022641,0.14723
-0.023327,-0.001274,0.16967
-0.023569,3.4103e-05,0.1965
-0.025281,0.00026354,0.22149
-0.031725,-0.0019355,0.24802
-0.033643,-0.0015908,0.27194
-0.032909,-0.0019506,0.29374
-0.044733,-0.0052543,0.31509
-0.047913,-0.0080579,0.33598
-0.050502,-0.010894,0.35664
-0.051855,-0.012453,0.37561
-0.050071,-0.0074251,0.39271
-0.049949,-0.0036838,0.41367
-0.05203,-0.0045615,0.43006
-0.050347,-0.004683,0.4448
-0.052501,-0.0052646,0.47027
-0.04763,-0.0057986,0.49463
-0.049279,-0.0052237,0.52113
-0.048381,-0.0062922,0.54122
-0.051839,-0.0012039,0.55907
-0.052475,-0.0052492,0.58647
-0.040333,-0.006397,0.61571
-0.035726,-0.0037228,0.64185
-0.037619,-0.0010103,0.66405
-0.029094,-0.0059074,0.68454
-0.022485,-0.0043067,0.71075
-0.01982,-0.0017531,0.73235
-0.030835,-0.0013108,0.7556
-0.029215,-0.005101,0.77448
-0.027187,-0.0043868,0.79851
-0.026234,-0.0050081,0.81759
-0.026273,-0.0024882,0.83565
-0.026991,-0.0028802,0.86217
-0.025771,-0.0040478,0.88166
-0.023706,-0.007269,0.90806
-0.020179,-0.0064646,0.92576
-0.016379,-0.0059734,0.95091
-0.014061,-0.0062485,0.97134
-0.011858,-0.0064163,0.99769
-0.0096481,-0.0082687,1.0186
-0.0089551,-0.0069841,1.0379
-0.0075848,-0.0051347,1.0616
-0.0042173,-0.0054486,1.083
-0.002677,-0.0079625,1.1091
-0.0046139,-0.011068,1.1262
-0.0041721,-0.01356,1.1408
-0.0060394,-0.016111,1.147
-0.0048313,-0.017966,1.1476
-0.0049237,-0.020434,1.1498
-0.0027184,-0.022379,1.1504
-0.0042746,-0.023913,1.1496
-0.0035455,-0.025855,1.1486
-0.0057693,-0.028705,1.1397
-0.0051872,-0.024331,1.1429
-0.0036592,-0.02438,1.1433
-0.0046671,-0.025969,1.1474
0.00036215,-0.028373,1.1443
0.0024636,-0.027478,1.136
-0.0012007,-0.026691,1.1351
0.002414,-0.02376,1.1304
0.0012871,-0.026674,1.1257
0.0032722,-0.026086,1.123
0.0042982,-0.024698,1.1182
0.0051494,-0.023126,1.1233
0.0049983,-0.02401,1.1256
0.0045257,-0.026267,1.1242
0.0046967,-0.027519,1.1171
0.0075735,-0.028508,1.1113
0.010352,-0.022752,1.1043
0.0041253,-0.025564,1.1025
0.00097079,-0.023573,1.0999
0.0022915,-0.022365,1.0987
-0.0029458,-0.0255,1.1073
-0.0034854,-0.028327,1.0991
0.0019554,-0.023481,1.0952
0.003665,-0.022993,1.0945
0.0039434,-0.026376,1.0887
0.0037811,-0.025452,1.0877
0.0039463,-0.026509,1.0857
0.0034741,-0.027358,1.079
0.0031319,-0.02534,1.0744
0.0010435,-0.022823,1.0691
-0.001078,-0.022363,1.0739
-0.00096571,-0.024099,1.072
-0.0011877,-0.025687,1.0722
-0.0025168,-0.027303,1.0633
-0.0024647,-0.024447,1.0588
-0.00053806,-0.019995,1.0605
-0.0017108,-0.0211,1.0571
-0.00092167,-0.022022,1.0515
-0.0010003,-0.017456,1.0472
-0.001865,-0.019094,1.0536
-0.0028123,-0.020451,1.0494
-0.0022821,-0.02135,1.0437
-0.001972,-0.020621,1.0398
-0.0010563,-0.019129,1.0381
0.00014831,-0.019511,1.0377
-0.0014219,-0.020747,1.0351
-0.0012384,-0.020925,1.0319
-0.003071,-0.019487,1.0307
-0.0031023,-0.022411,1.0274
-0.0015931,-0.024692,1.0257
-0.00052446,-0.020381,1.0158
-0.0001231,-0.01432,1.0131
7.7683e-05,-0.015001,1.0149
-0.001764,-0.021845,1.0199
-0.00035504,-0.023243,1.0209
0.00071143,-0.027028,1.0166
0.0028029,-0.027386,1.0083
0.0031166,-0.023421,0.99417
0.002935,-0.022128,0.99024
0.0017469,-0.017722,0.9942
-0.0023889,-0.018792,0.99963
-0.0053586,-0.01901,1.0069
-0.0034963,-0.018793,1.0134
-0.0051204,-0.017615,1.0245
-0.0060108,-0.020403,1.0326
0.0011487,-0.020254,1.0389
-0.0020004,-0.018819,1.05
-0.0018838,-0.019715,1.059
0.001388,-0.024449,1.0715
0.00092252,-0.018681,1.0719
0.0042749,-0.019266,1.0813
-0.0013045,-0.019494,1.0843
0.00067609,-0.016416,1.0887
0.0014373,-0.01346,1.0982
-0.003523,-0.014596,1.1171
-0.0031476,-0.018254,1.1277
-0.0016711,-0.018858,1.1343
-0.0025485,-0.022718,1.1357
-0.0040489,-0.024711,1.1439
-0.0017593,-0.020414,1.1492
-0.0035115,-0.021513,1.1577
-0.0024404,-0.025179,1.1572
-0.0036127,-0.027714,1.1564
-0.0028781,-0.029505,1.1571
-0.002917,-0.029551,1.1505
-0.0015828,-0.030017,1.1494
-0.0023088,-0.027856,1.1455
-0.0029846,-0.029981,1.151
-0.0023519,-0.029754,1.1428
-0.0030601,-0.028944,1.1398
-0.002897,-0.026876,1.1346
-0.00081624,-0.024856,1.1337
8.1686e-05,-0.027836,1.1364
0.00066978,-0.029158,1.1325
-0.0023592,-0.028435,1.1246
-0.0034685,-0.027509,1.1175
-0.0052554,-0.026777,1.1106
-0.00050571,-0.028987,1.104
-0.0013296,-0.031414,1.0966
0.00064056,-0.031545,1.087
0.0021304,-0.034714,1.0785
0.0004489,-0.034593,1.0657
0.00095669,-0.035604,1.0631
-0.00073068,-0.031041,1.0569
-0.00051304,-0.03345,1.0503
-0.0011209,-0.031205,1.0432
-0.00014654,-0.03084,1.033
0.0022705,-0.028047,1.0297
0.00044683,-0.028845,1.0266
-0.0038863,-0.028907,1.0184
0.0060861,-0.019711,1.014
0.0047034,-0.023488,1.0131
0.0038682,-0.021528,1.0137
0.0016114,-0.021252,1.0092
-0.0027531,-0.020752,1.0034
-0.0072574,-0.015748,0.9988
-0.010029,-0.011384,1.0115
-0.0071127,-0.013095,1.0172
-0.0048492,-0.016042,1.0211
0.00036788,-0.0067225,1.0232
0.0090545,-0.011133,1.0301
0.010854,-0.011532,1.0354
0.0023345,-0.012937,1.0426
0.0071876,-0.014663,1.0545
0.008613,-0.01677,1.0545
0.0065058,-0.017391,1.0498
0.00018073,-0.015823,1.0564
0.003857,-0.011384,1.0614
-0.0011353,-0.013821,1.0715
0.0012321,-0.01471,1.0803
-0.0020842,-0.018695,1.0882
0.0059843,-0.018488,1.0971
0.0081222,-0.018837,1.1021
0.0020892,-0.018973,1.1084
0.0043728,-0.018539,1.1137
-0.0035837,-0.022164,1.1238
-5.3949e-05,-0.018155,1.1239
0.0025601,-0.017927,1.1267
0.0053882,-0.021673,1.1256
0.005262,-0.020397,1.1172
0.0051526,-0.01906,1.1171
0.005231,-0.019212,1.1227
-0.00058048,-0.026658,1.1217
-0.0024916,-0.025933,1.1163
0.00051953,-0.022927,1.1088
-0.00032246,-0.023907,1.11
0.002112,-0.02792,1.1082
0.0050951,-0.02654,1.0996
0.00050822,-0.020402,1.0989
0.0040368,-0.024553,1.0918
-0.0024461,-0.024844,1.0866
0.0019697,-0.024397,1.0726
0.0028709,-0.025902,1.0564
0.0045835,-0.025805,1.0398
-0.0043145,-0.030109,1.02
-0.0042032,-0.028882,0.99845
-0.0056929,-0.027224,0.9808
-0.0093599,-0.025142,0.97508
-0.0037378,-0.026208,0.95969
-0.0042267,-0.028115,0.95378
-0.00017752,-0.023205,0.94604
-0.0042338,-0.024052,0.94148
-0.0037152,-0.023966,0.94028
0.0016647,-0.025111,0.93426
-0.0012525,-0.024202,0.93498
0.00070422,-0.024405,0.93012
0.0013434,-0.024533,0.92839
0.002329,-0.025235,0.92646
-0.00072919,-0.025257,0.92449
-0.0039982,-0.023282,0.925
-0.008861,-0.024438,0.92474
0.0041964,-0.020751,0.92712
-0.0029204,-0.024952,0.92211
-0.0089549,-0.020252,0.91792
0.0014162,-0.011428,0.92244
-0.0027835,-0.01119,0.93082
-0.013659,-0.018083,0.94288
-0.011441,-0.016308,0.94226
-0.012975,-0.017318,0.95833
-0.016148,-0.02012,0.9659
-0.014003,-0.020329,0.97048
-0.0074848,-0.01784,0.97445
-0.0057063,-0.018929,0.98018
-0.015552,-0.016927,0.99214
-0.0046371,-0.016144,1.0001
0.0056988,-0.015761,1.0127
0.0050398,-0.011951,1.0237
0.0070471,-0.01713,1.0338
0.010576,-0.012796,1.0458
0.0044965,-0.012923,1.053
-0.0010238,-0.01213,1.0683
-0.0041832,-0.015443,1.0819
-0.0058883,-0.017051,1.0984
-0.006356,-0.020349,1.1145
-0.0017841,-0.017508,1.1245
-0.0010143,-0.015231,1.136
-0.00024405,-0.016382,1.1441
0.0024962,-0.012171,1.1529
0.004522,-0.013102,1.1644
-0.0012772,-0.015029,1.1772
-0.0031238,-0.01575,1.1825
0.0024499,-0.017699,1.1828
0.00067317,-0.023137,1.1777
0.00086073,-0.022215,1.1771
0.00058236,-0.023127,1.1717
-0.0032317,-0.026797,1.1658
0.0040696,-0.023413,1.1614
0.00098042,-0.025704,1.1608
0.0045261,-0.027447,1.1594
0.0074837,-0.026213,1.1587
0.004556,-0.028747,1.1606
-0.0015249,-0.030493,1.1542
-0.0018949,-0.028214,1.147
-0.0067255,-0.025845,1.1352
-0.0046743,-0.030242,1.1356
-0.0062619,-0.031158,1.1283
0.0028772,-0.033523,1.1178
0.0019002,-0.026926,1.1073
0.00084973,-0.030351,1.0989
-0.0023208,-0.02814,1.0776
-0.0040954,-0.02567,1.0624
-0.0037337,-0.025624,1.0468
-0.0028677,-0.025884,1.0345
-0.0019054,-0.026022,1.0189
-0.00097122,-0.025934,1.0064
-0.0016747,-0.027922,0.98846
-0.00088177,-0.029295,0.96693
-0.0033513,-0.023948,0.94769
-0.004351,-0.020192,0.93734
-0.002681,-0.016548,0.93558
0.00068075,-0.014703,0.93458
0.00058831,-0.013133,0.9354
6.1541e-05,-0.013657,0.93012
0.0022366,-0.0097688,0.92966
-0.0021298,-0.014461,0.92433
-0.0038449,-0.012631,0.91718
-0.0038385,-0.010627,0.91909
-0.0019798,-0.0077379,0.91938
-0.0036121,-0.011625,0.92155
-0.004668,-0.015193,0.92774
0.0015466,-0.015026,0.93219
0.008923,-0.014915,0.93496
0.0050945,-0.011512,0.94071
0.003096,-0.01223,0.94079
0.0025587,-0.010464,0.95171
0.003072,-0.0093377,0.95611
0.0047706,-0.0086984,0.97111
0.0015311,-0.01149,0.9746
0.0036734,-0.0051629,0.97946
0.0013336,-0.0080566,0.98865
0.0070678,-0.0083208,1.0116
0.0039761,-0.014727,1.0187
0.0068096,-0.015786,1.0252
0.0053536,-0.013071,1.025
0.0039534,-0.0077028,1.0324
0.00345,-0.011161,1.0562
-0.002608,-0.018497,1.0674
0.0020539,-0.015958,1.0653
0.0023258,-0.013687,1.0681
0.0031584,-0.013721,1.0733
0.0009247,-0.014683,1.0858
0.0014422,-0.015061,1.0921
0.00089239,-0.012846,1.1008
-0.0010926,-0.0097707,1.1099
0.0012101,-0.013097,1.1205
0.0032134,-0.011301,1.1245
0.0035897,-0.012385,1.1272
0.010231,-0.0089867,1.136
0.0077666,-0.01336,1.1384
0.0044257,-0.0071306,1.1418
0.0024056,-0.01004,1.1566
0.0025863,-0.010096,1.167
-0.00032616,-0.014337,1.1771
0.0021923,-0.016475,1.1834
0.00090465,-0.019976,1.1983
-0.0012787,-0.025485,1.2066
-0.00112,-0.025172,1.2063
0.00054815,-0.02357,1.2075
0.0020423,-0.024277,1.208
-0.0012419,-0.031269,1.2106
-0.0039041,-0.03389,1.2035
-0.0013621,-0.028177,1.1949
-0.0062192,-0.028901,1.1922
-0.0060061,-0.029391,1.1853
-0.0088431,-0.0419,1.1938
-0.0049677,-0.03408,1.186
-0.0063953,-0.037124,1.1844
-0.0074458,-0.033166,1.1749
-0.01205,-0.039424,1.1694
-0.010589,-0.036532,1.1711
-0.010103,-0.037332,1.1667
-0.0063139,-0.034102,1.1597
-0.0058057,-0.033844,1.1477
-0.0012093,-0.026628,1.1418
0.0014971,-0.025709,1.1482
-0.0033625,-0.029387,1.1484
-0.007711,-0.030252,1.1407
-0.0060364,-0.032454,1.1285
-0.010554,-0.029202,1.1211
-0.013986,-0.028675,1.1098
-0.0083675,-0.021582,1.1069
-0.0095476,-0.024813,1.1094
-0.0080404,-0.023016,1.1062
-0.0064819,-0.023322,1.1005
-0.004061,-0.025234,1.0907
-0.0042883,-0.026921,1.0797
