0.00097291,-0.0016311,0.0019582
0.0013398,-0.0011287,0.00051312
0.0012052,-0.0018281,4.8699e-05
0.0019102,-0.0020213,0.0021099
0.0021161,-0.00157,0.0024704
0.00092109,-0.0013935,0.0011687
-0.00077002,-0.0013653,0.0002219
0.00020545,-0.0011573,0.00028384
0.0024335,-0.0012027,-0.0005635
0.0038887,-0.0011718,-0.0017528
0.0037418,-0.0012439,-0.0015535
0.00079474,-0.0011965,-0.0014721
-0.0064459,-0.0010649,-0.0023999
-0.010628,-0.00077364,-0.00083172
-0.0072405,-0.00070489,-0.00095381
-9.8977e-05,-0.0012512,-0.0023839
0.007349,-0.00080911,-0.0023209
0.0071171,-0.00093172,0.00058681
-0.00055877,-0.0013253,0.0022057
-0.0098223,-0.00043274,0.00096257
-0.0079553,-0.000432,0.00046261
-0.002784,-0.00045996,0.00093613
0.00099176,-0.00025719,0.0021168
0.0026636,0.00028965,0.00074926
0.003483,0.00066771,-0.0023428
0.0053057,0.00097388,0.0025684
0.0062053,0.00059302,0.0027653
0.0060096,0.0011659,-0.00059133
0.00093764,0.0002478,-0.0012675
-0.00057888,-0.00025541,-0.00040387
0.00093557,4.9526e-05,-0.0012387
0.0021815,0.00016393,-0.0027205
0.0008652,-1.5993e-05,-0.0035642
-0.00017052,9.5105e-05,-0.0017743
-0.00011425,-0.00022469,-0.00086198
0.00011824,-0.00018774,-3.1185e-05
-0.0011549,-0.00036101,-0.00076097
-0.0019021,-0.00030858,-0.00065719
-0.0012736,-0.00034701,-0.00063106
0.00073967,-4.4164e-05,0.00012248
0.0011802,-0.00016913,-0.0010961
-0.00075317,-0.00034233,0.00021273
-0.0027182,-0.00070301,0.00076768
-0.0034811,-0.00035816,-0.00016017
-0.0025827,-0.00052603,-0.00011779
-0.00062132,-0.00053571,8.1334e-05
0.0015751,-0.00037592,0.00053831
0.00032469,-0.00034355,-0.00022129
-0.00086988,-0.00054257,0.00023932
-0.0020954,-0.00078137,9.2126e-05
-0.0023228,-0.0005864,-6.2954e-05
-0.00056851,-0.00046988,-0.0014767
0.0040635,-0.00036674,-0.00084017
0.0045075,-4.8884e-05,-0.0015381
0.00054829,-0.00015888,-0.00078491
-0.002765,0.00019106,-4.2463e-05
-0.0022912,0.00016971,-0.00086936
-0.0013014,5.8632e-05,0.0021737
-0.00032386,0.00033378,-0.00095636
0.002871,0.00044897,0.0021067
0.0025051,0.00010574,-0.0011914
0.001995,0.00010319,0.0009097
0.0030021,5.0672e-05,0.0013136
0.002573,0.00015325,0.0016228
-0.0020496,0.00014883,0.0014631
-0.0060832,4.7087e-06,0.0013764
-0.006081,0.00026091,0.0012601
-0.0013167,0.00013753,0.0017047
0.0032413,0.00023278,0.0030859
0.0032994,3.2518e-05,0.0017995
0.0037841,-4.745e-05,-0.0020787
0.0046813,5.6606e-05,0.00060678
0.00081923,0.00054805,-0.0033197
-0.0037392,0.0010007,-0.0047591
-0.0024958,0.00012229,-0.0014033
-0.00026994,-0.0001662,0.00074425
-0.00091906,0.00015963,0.0015029
-0.0013703,-0.00029486,0.0011603
-0.001833,-0.00030576,0.0016223
-0.0019624,-0.00071228,0.0012251
0.001055,-0.00058922,0.00071384
0.0038785,-0.00051437,-0.00023265
0.0023841,-0.0006485,-0.00059235
-0.00163,-0.00051539,-0.0020543
-0.0041143,-0.000592,-0.00092811
-0.0042327,-0.00061104,-0.0014516
-0.0011139,-0.00040374,-0.001109
0.0023141,-0.00052842,0.00012929
0.0010608,-0.0006282,0.00020826
-0.0002286,-0.00049383,0.00033682
-0.00019794,-0.00071752,0.0012765
-0.0015473,-0.00065092,0.0014602
-0.002602,-0.00045976,-0.00012343
-0.0013545,-0.00097112,0.00079025
-3.5315e-05,-0.0020281,0.0010155
0.00057268,-0.0032786,0.00083973
0.00087622,-0.0034497,-8.4727e-05
0.0001598,-0.0031,0.00034711
-0.0015706,-0.0031649,-0.00099804
-0.00093254,-0.0030343,-0.00099063
-0.0015713,-0.002935,-0.0008861
-0.0008768,-0.0027247,-0.0014693
-0.00061023,-0.0024168,-0.0020864
0.00094425,-0.0026994,-0.0019692
0.0034166,-0.0025496,-0.0016123
0.0038848,-0.0024377,-0.0025678
0.0027093,-0.0021761,-0.0022122
0.0012214,-0.00098519,-0.001702
-0.00056492,0.00080798,-0.0025051
-0.0017759,0.0027368,-0.0035854
-0.0017831,0.0053334,-0.0027372
-0.0019645,0.0071369,-0.00072325
-0.0027245,0.0094579,0.00028954
-0.0017111,0.011618,0.00049607
-0.00046905,0.013318,0.00077967
0.00032317,0.014954,0.00028174
0.0023731,0.017799,0.001415
0.0040181,0.020995,0.00077461
0.004371,0.024158,0.0022954
0.0022182,0.027133,0.0025032
0.0007508,0.029773,0.0027699
0.0011627,0.032429,0.0026481
0.0014145,0.035809,0.0029561
0.00015116,0.038982,0.0035711
0.00056463,0.040998,0.0028017
0.00092524,0.043026,-9.4769e-05
0.00032448,0.046416,-0.0021015
-0.0010403,0.047877,-0.00015045
-0.001328,0.048339,0.00042625
0.00021691,0.049988,0.0018076
0.0019369,0.049709,0.0010115
0.0031005,0.050097,0.00010531
0.0043155,0.051639,-0.0023065
0.0040648,0.053148,-0.0041045
0.0025307,0.055057,-0.0041709
0.00065804,0.055231,5.4748e-05
-0.0011559,0.054415,0.0029842
-0.0031803,0.056066,-0.00034774
-0.0023406,0.056543,-0.00029697
-0.0026495,0.056156,0.00029371
-0.0043163,0.057594,0.0017981
-0.00189,0.057121,-0.0032127
0.0026867,0.055128,-0.0044187
0.0052679,0.05355,-0.0015002
0.0023548,0.048925,0.00024206
0.0008967,0.043288,0.0055326
0.0010643,0.036516,0.0073505
0.0025321,0.031435,0.0045199
-0.0019389,0.028718,-0.0022957
-0.0045263,0.025973,-0.0071692
-0.0039424,0.024359,-0.0054603
-0.0029669,0.023078,0.0031485
0.00042773,0.020564,0.0072779
0.0021935,0.01824,0.0051394
0.0056937,0.01453,0.0014298
0.0050413,0.011617,-0.003209
0.0006233,0.0067999,0.0020709
-0.004265,0.0030522,0.005685
-0.0011209,-7.9372e-05,0.0026565
-0.00086289,-0.0016688,-0.00055819
-2.69e-05,-0.001455,-0.0044497
0.001905,-0.0010874,-0.00038458
0.00055741,-0.00074158,-0.00054428
-0.0003831,-0.00053203,-0.00017602
-0.0013876,-0.00067839,-0.0013862
-0.0013479,-0.00053092,0.00086049
-0.0022021,0.00060918,0.00085267
-0.0015168,0.0013277,-0.0021334
-0.00097715,0.001624,-0.0016153
-0.0026355,0.0014491,0.0022509
-0.0011413,0.0012726,0.0028574
-0.0021817,0.0020362,-0.0044021
0.0050102,0.00086324,-0.0025815
0.0051168,0.00064194,0.001467
0.0018245,0.00073985,0.00072096
-0.001991,0.00101,-0.0035646
-0.0040379,0.00073279,-0.0031426
-0.0057349,-6.2437e-05,-0.0017145
-0.0053681,-8.1169e-05,-0.0032121
-0.001243,-0.00010901,-0.0030735
0.0051857,-0.00097224,0.0024077
0.011715,-0.0011438,0.0026417
0.0068079,-0.00054436,0.0022779
-0.0059188,-0.0012667,0.0012196
-0.008384,-0.0012135,0.0026545
-0.0028373,-0.00058409,0.0016883
0.00059843,-4.1858e-05,-0.00087208
0.00088727,0.00070685,-0.0029742
0.00044429,0.0018901,-0.0019412
-0.0005391,0.0019564,-0.00071781
0.00080319,0.0021073,-0.00071709
0.00028755,0.0020366,-0.0018665
-0.00066162,0.0020431,-0.0020842
-0.0015763,0.0020446,0.00044397
-0.00023663,0.0019887,-0.00027868
0.0011832,0.001825,-0.00025959
0.0008431,0.00099576,0.00056934
-0.0014042,0.0012313,0.0019989
-0.00092617,0.0014009,0.00012971
-0.00070505,0.0013782,-0.0010204
-0.0010099,0.0013922,-0.0018315
-0.00078264,0.00091309,-0.0011885
-0.00074425,0.00085932,0.00011279
0.0023114,0.00033329,0.00019661
0.0030875,8.5438e-05,0.00029195
0.0016626,0.0001807,-0.0018855
0.00086123,0.00022218,0.00029651
-0.0001753,8.0043e-05,0.0011788
-0.0010009,0.00028948,0.0010133
0.00078388,0.00036432,-0.0037392
-0.000159,-6.5669e-05,-0.0028979
-0.0015093,-0.00012246,0.0018717
-0.00041943,0.0009067,0.00066843
-0.00035979,0.0032685,-0.0028904
-0.00019633,0.0052258,-0.0041606
0.0030821,0.0058562,0.0029792
0.003197,0.0064202,0.0027053
0.0016582,0.0074557,-0.00093551
-0.00049172,0.0063105,-0.0035639
-0.00092958,0.0054225,-0.0014193
0.00059662,0.0044975,-0.0016665
-0.00059152,0.0039715,-0.0025597
-0.0025472,0.0028189,0.00043503
-0.003571,0.0017576,0.0017547
-0.0041559,0.0018166,-0.00099677
0.00067783,0.0015111,-0.00032309
0.0029485,0.00073861,0.0014115
0.0036671,0.00022636,0.0055769
0.0034147,0.00065594,0.0076008
0.0022703,0.00074133,0.0015008
-0.002198,0.0005588,-0.0021359
-0.005757,-0.00019152,-0.0008984
-0.0016899,0.00012243,0.0027556
-0.00060503,0.0010049,0.00025623
0.00075465,0.0017701,-0.0014374
0.0011914,0.0022949,-0.00044512
-0.0003207,0.0021894,0.00069345
6.1431e-05,0.0018405,0.00078033
-0.0002273,0.0020989,-0.00041128
0.00054096,0.0017309,-0.0023915
0.0013255,0.0012476,0.00035111
0.00023578,0.00072796,-0.0015979
0.00056508,0.0014231,-1.5248e-05
-0.0016692,0.0010314,0.00040438
-0.0017903,0.0011224,-0.0021637
-0.0017892,0.001703,-0.0031065
-0.00092012,0.0020418,0.00075621
0.00029194,0.001825,0.0013272
0.0010278,0.0022412,-0.00059148
0.0035965,0.0016893,0.0007865
0.0039194,0.00025665,0.0025114
0.0035876,0.0011966,0.0013447
0.00070498,-0.00023677,0.0015484
-0.00088588,-0.00041474,0.0041207
-0.0019286,-0.00021002,0.00032058
-0.0014143,-0.00069203,-0.00042099
-0.0020888,-0.0017556,-0.0012762
-0.0035752,-0.0017092,0.00077285
-0.0034542,-0.0017971,0.00040993
-0.00056077,-0.0017523,-0.0016089
0.0037585,-0.0013997,0.00091633
0.0063459,-0.0021255,0.00033683
0.0037472,-0.0016095,-0.0012377
-0.001806,-0.0017772,-0.0018388
-0.003013,-0.0008792,0.00034248
-0.0017558,-0.00062999,0.00073806
6.3343e-05,-0.00071863,7.9307e-05
-0.00036321,-0.00043818,-0.0011944
-0.001313,-0.00075829,0.0026375
-0.0019026,-0.0010943,0.0021763
0.0012486,-0.00079153,0.0028257
0.0025084,-0.00073215,0.0006371
0.0013131,-0.00087875,-0.0028629
-0.0028414,-0.00033393,-0.0047139
-0.0027315,7.825e-07,-0.0051526
0.00074972,0.0011347,-0.0033419
0.0050696,0.0013493,-0.0032843
0.0029772,0.00074198,-0.00098752
0.00030209,0.00050308,0.00089949
-0.0010892,0.00046812,0.001155
0.00047676,0.0006013,0.0010755
0.0027267,0.00052425,0.001325
0.0017819,0.00062024,-0.00029753
0.00025769,0.0011577,-0.0017095
-0.00052138,0.0021392,-0.0017875
0.00031788,0.0031704,-0.0005229
0.0030929,0.0031415,-0.00034078
0.0016643,0.0035042,-0.0012233
-8.1561e-05,0.0031781,-0.00037397
-0.0018524,0.0029459,0.001138
0.00059887,0.0025992,0.0017446
0.0051226,0.0020219,-0.0045073
0.0065894,0.0018245,-0.0030076
0.0038303,0.0027153,0.0040905
-0.0022775,0.0027625,0.002194
-0.0079938,0.0035342,-0.0014936
-0.0025964,0.0022491,-0.0016577
0.0038879,0.0015821,8.7032e-06
0.003368,0.0026002,-0.0027122
0.002786,0.0025965,-0.00095563
0.003063,0.0021138,0.0033971
0.0045945,0.0018623,0.00072421
0.0030609,0.0030979,-0.00094898
-0.0026771,0.0022302,0.00024181
-0.0045441,0.0040941,0.0038206
-0.0019205,0.0056074,0.0024248
-0.00090236,0.0062421,-0.0013109
-6.3919e-06,0.0083736,-0.0015627
0.00075916,0.010567,-0.0012512
0.0011271,0.01208,0.00024152
0.00036595,0.012658,0.000225
-0.00025277,0.012173,0.0024575
-0.00073708,0.011543,0.0027858
-0.00097506,0.010702,0.003666
-0.00063291,0.0093892,0.0053499
-0.0014312,0.0081247,0.0050952
-0.00013131,0.0068573,0.00012257
-0.0024876,0.0050335,0.0032548
-0.004669,0.0024759,0.0062906
-0.0029836,0.0011692,0.0066489
-0.0033089,0.0011579,0.001283
0.0046843,-0.00014717,0.0034083
0.0037907,-0.0015757,1.4048e-05
-0.00017803,-0.00065472,0.0019451
-0.0019906,-0.0018478,0.0016947
-0.0041934,-0.0019739,0.0014924
0.00034737,-0.0015791,0.0014238
0.0025123,-0.0024315,0.0010886
0.0011758,-0.0043707,0.0016792
-0.0011635,-0.0054768,0.0016646
-0.0024491,-0.0057919,0.0014525
-0.0020719,-0.0049699,7.0424e-05
-0.0009696,-0.0042626,-1.5402e-05
-0.001627,-0.0040441,0.0010329
-0.0026489,-0.0039461,0.0027205
-0.0017362,-0.004145,0.0033587
-0.0016205,-0.003471,-0.0018482
0.0013084,-0.0037872,-0.0029598
0.003226,-0.0047914,0.00090067
0.0031666,-0.0058114,0.0024808
0.0011815,-0.0067551,-0.00056944
-0.0011676,-0.0087126,-0.0031893
-0.0017937,-0.010783,-0.00077313
-0.0014688,-0.012785,0.0015116
-0.0016574,-0.01344,4.9221e-05
-0.00055087,-0.01563,-0.00042645
-0.00092676,-0.018657,-0.00047221
-0.00089642,-0.021201,-0.00025289
0.00010427,-0.022492,-0.0027
0.0013084,-0.022291,-0.0052942
0.0015202,-0.021588,-0.0053485
0.0011367,-0.019744,-0.0057821
-0.0001967,-0.015975,-0.0064553
-0.0016326,-0.010143,-0.0082475
-0.0023524,-0.0035178,-0.0080397
-0.0033045,0.0058267,-0.0076358
-0.0031104,0.012246,-0.0032686
-0.0022945,0.013399,-0.00076514
-0.0013173,0.012728,0.00242
-0.00084527,0.012097,0.0012559
-0.00034506,0.013861,-0.0028582
-0.0010587,0.0163,-0.0048737
-0.00073379,0.017244,0.00026065
-0.00092896,0.015599,0.002157
-0.0020561,0.014548,0.0015319
-0.0016199,0.014473,-9.0313e-05
-0.00057616,0.013714,-0.00188
-0.00034647,0.012754,9.7115e-05
-0.00033426,0.011057,0.0034209
0.0025803,0.010356,0.0048462
0.0010321,0.0076638,0.00035615
-0.00048835,0.0050999,0.0014191
-0.0010822,0.003311,-0.00095195
-0.00095766,0.0024692,0.0006639
-0.0016502,0.00028798,0.0019164
0.00074945,0.0011453,0.0020425
-4.2003e-05,0.0032929,-0.0022486
0.0035207,0.0025429,0.00022409
0.0018703,0.0039416,-0.00031455
-0.00055815,0.0056564,-0.0011803
-0.0012761,0.005529,-0.0009628
6.6725e-05,0.0057678,0.0027349
0.00012826,0.0056226,0.0022425
0.0015206,0.0060288,-0.00031784
0.0019342,0.0058721,-0.00098102
0.0011502,0.005554,0.0015321
-0.00043611,0.0055115,0.004082
-5.3014e-05,0.0048879,0.0038
-0.00056426,0.0041809,-0.0019417
-0.0022215,0.0041802,0.00034421
-0.0039002,0.0029658,8.9326e-05
-0.002801,0.0028735,0.0038547
-0.0022931,0.0019312,0.0028395
-0.00097815,0.0015475,-0.0017724
0.0011267,0.00023526,0.00073258
0.0018638,-0.00073688,0.00065262
-0.00025178,-0.00094085,0.0017335
0.00071311,-0.0022594,-0.00062685
-0.00055234,-0.0024747,-0.00020342
-3.7045e-05,-0.0028792,0.00073508
0.0015821,-0.0027371,0.0017293
0.0022232,-0.003616,0.00053302
0.00046425,-0.0039273,0.00024671
-9.1593e-05,-0.003807,0.00033376
-0.0010933,-0.0042518,-0.00073891
-0.0029578,-0.004763,0.00021407
-0.0047399,-0.0057162,0.0016305
-0.0037604,-0.0070912,0.0014421
-0.0018284,-0.0089201,0.00013574
-0.0009652,-0.011278,-0.00065442
0.00056544,-0.01366,-0.0009367
0.0015501,-0.015988,-0.0016418
0.0037125,-0.019033,0.00027424
0.0033168,-0.022565,0.0013975
0.00018772,-0.025833,0.00011998
-0.0021745,-0.028404,-0.0031507
-0.0018784,-0.030414,-0.0043269
-0.00093017,-0.031842,-0.0048105
-0.0019974,-0.031274,-0.0052736
-0.0039156,-0.030666,-0.0043438
-0.0041102,-0.031278,-0.002905
-0.0033027,-0.031669,0.00039881
-0.00187,-0.03264,-0.0011085
-0.00078487,-0.034211,-0.00067931
0.00078855,-0.035734,-0.00099613
0.0025409,-0.03791,-0.00053651
0.0027526,-0.039714,0.0010743
0.00092402,-0.04216,-0.00072015
0.0025223,-0.044151,-0.0054594
0.0038916,-0.046088,-0.0056581
0.003709,-0.047919,-0.0020677
0.0027057,-0.048165,0.0025569
0.0036195,-0.048833,0.0041766
0.0021847,-0.049916,0.005736
-0.0010665,-0.048865,-0.00011069
-0.0024495,-0.048988,-0.0054753
-0.0013197,-0.049439,-0.0043025
-0.0005848,-0.048717,-0.00059913
0.00063131,-0.04756,0.0011229
8.7561e-05,-0.046507,0.0010131
-0.00018589,-0.044224,0.0021957
-0.00042335,-0.041013,-0.00021722
-0.00098058,-0.038316,-0.0010588
-0.0014562,-0.033877,-0.00067576
-0.0023208,-0.030529,7.7517e-05
-0.003504,-0.027013,-0.00080108
-0.0031238,-0.022682,0.00060986
-0.0016118,-0.019619,0.0023899
-0.00030755,-0.018312,0.0038027
-0.0002125,-0.018196,0.0047135
-0.0003692,-0.01794,0.0027661
0.0007846,-0.017865,0.0007713
0.00022483,-0.01705,-0.00038142
-2.3926e-05,-0.014573,-0.00091852
-0.0012668,-0.0097917,-0.0030922
-0.0015983,-0.0042436,-0.0035185
-0.00084336,-0.0018551,-0.0025914
-9.454e-05,-0.0007196,0.0020859
9.7089e-05,-0.00019392,0.0022139
0.0012538,0.0001002,0.0025249
0.0015459,0.00023482,0.0014808
9.4797e-05,0.00056604,-0.00031339
-0.0019802,0.00094603,0.00021363
-0.0029295,0.00089002,0.00039725
-0.0013994,0.00085045,0.0020042
-0.00016552,0.00054877,0.00066649
0.0014917,0.00044491,0.0017877
-0.001176,0.00036572,0.0011952
-0.0036611,0.00047643,0.0019834
-0.0020396,0.00037488,0.00068096
-0.00012312,0.00015455,0.0019024
0.0013613,-0.00022526,0.0025908
0.0015532,-0.00031995,3.6408e-05
0.0012433,-0.00030375,0.00146
0.00065401,-0.0010775,3.3265e-05
-0.00027245,-0.0010641,0.00039108
-0.0010375,-0.0012958,-0.0007721
-0.00047245,-0.0010976,-0.001187
1.1975e-05,-0.0014862,0.00073213
0.00022297,-0.0014012,-0.00068416
-0.000109,-0.0015508,-0.00046169
-0.0010986,-0.001566,0.00099488
-0.0011686,-0.001541,0.0012038
-0.0006562,-0.0016804,-0.00010667
-0.00014881,-0.0018275,0.00095249
-0.0003006,-0.0019318,0.001611
0.0003606,-0.0019456,-7.3318e-05
0.0006228,-0.0016545,0.00015249
-0.0012805,-0.0020857,0.0010109
-0.0033067,-0.0027213,0.00041222
-0.0037177,-0.0020934,-0.0012768
0.0018293,-0.0025043,0.0017456
0.0045762,-0.002599,-0.00017433
0.0037131,-0.0023231,-0.0010282
0.00080394,-0.0024688,-0.0011658
-0.0012963,-0.002608,-0.00054143
-0.003307,-0.0031749,0.00049786
-0.0029655,-0.0045197,0.00047666
-0.0026354,-0.0045374,-0.00061149
9.4112e-05,-0.0039235,-0.00067008
0.001078,-0.0036592,-0.0016021
0.0017088,-0.0030829,-0.00070618
0.0031075,-0.00183,-0.0024324
0.00046102,-0.00016636,-0.0012602
0.0012235,-0.0017644,-0.0010178
0.0030383,-0.0013931,-7.037e-05
0.0024536,-0.00046265,0.0010294
-0.00081607,-0.00074446,-0.0016217
-0.0010615,-0.0017226,-0.0010487
-0.00016257,-0.0028731,0.00060661
0.00081819,-0.0042203,0.0012871
-1.6649e-05,-0.0068575,0.0025115
-0.00077371,-0.010447,0.0021897
0.00032034,-0.013951,0.0012398
0.0013608,-0.018107,-8.5537e-05
0.0006712,-0.022072,-0.0013089
-0.00048438,-0.026293,-0.0015222
-0.0013715,-0.029789,-0.00082718
-0.0021116,-0.033584,-0.00041019
-0.0024377,-0.036427,-0.0020991
-0.0020612,-0.038487,-0.0024397
-0.0018506,-0.041793,-0.0053818
-0.0010093,-0.043967,-0.0052972
-0.00095726,-0.045295,-0.005682
-0.0031619,-0.048026,-0.0028902
-0.0034963,-0.050155,-0.0025671
-0.0032728,-0.052357,-0.00036998
-0.0035902,-0.054363,-0.00043453
-0.0043857,-0.054166,-0.001858
-0.0024888,-0.055755,-0.0042355
-0.00082812,-0.05739,-0.003126
-0.00065546,-0.057463,-0.0044164
-0.0002806,-0.057685,-0.0029691
-0.00098725,-0.058865,0.0006022
-0.0027967,-0.059082,0.0021424
-0.0023903,-0.058583,-4.554e-05
-0.0024284,-0.058013,-0.00048641
-0.0029539,-0.058275,0.00021405
-0.0022941,-0.05727,-0.0028179
0.0001434,-0.056032,-0.0063739
0.0013856,-0.055823,-0.0078811
0.002474,-0.055002,-0.003561
0.001376,-0.05245,-0.0026569
0.0022925,-0.049021,-0.0035739
0.0016709,-0.044655,-0.0047388
0.0012348,-0.040266,-0.0046093
0.0020613,-0.035345,0.0018877
0.00038897,-0.03169,0.0070339
-0.0021416,-0.025252,0.0045916
-0.0019138,-0.023485,-0.0048861
-0.0023947,-0.020035,-0.0052099
-0.0029071,-0.015033,-0.005397
0.00058642,-0.014262,0.0013174
0.0048229,-0.016339,0.0039169
0.005535,-0.016803,0.0034439
0.0030027,-0.018624,0.0043111
-0.0011614,-0.016646,0.0013642
-0.0037612,-0.014761,-0.0046196
-0.0028942,-0.014153,-0.0061951
-0.00073247,-0.011898,-0.0035429
-1.2779e-05,-0.0082771,-0.001677
-0.00048174,-0.004984,-0.0014267
-0.00090437,-0.003555,-0.0020006
-0.00016105,-0.0024743,-0.0028107
0.00050479,-0.00096578,-0.0043194
0.00030482,0.0015715,-0.0059478
0.00011914,0.0058328,-0.0052039
-0.00026146,0.0084794,-0.0047379
-0.0011036,0.0094669,-0.0020571
-0.00028543,0.0098335,-0.0019221
0.00049823,0.010054,-0.0018609
-3.6551e-05,0.0099827,-0.0025145
0.00045241,0.010905,-0.001723
-0.00061472,0.010762,-0.0018764
-0.0012454,0.01126,-0.0010961
-0.0018964,0.010852,-0.0011985
-0.002464,0.010119,4.9589e-06
-0.0017804,0.0089258,0.00013517
-0.0011278,0.0088394,-1.4993e-05
-0.00066568,0.0079908,0.00022375
-0.00021742,0.0059938,0.0012606
0.00047939,0.0040186,0.0026544
0.0001881,0.0023157,0.00078241
0.00041041,0.0013979,6.7196e-05
0.00029016,0.0007615,-0.00041874
0.00059548,0.00081461,-0.00029977
0.00045019,0.00094683,-0.00072918
-7.4359e-05,0.00087094,-0.00054131
-0.00057601,0.00043502,-0.0004324
7.3037e-06,6.2929e-05,0.00018161
-0.00018042,-0.00029257,-0.0013183
0.00038941,-0.00054184,-0.00096829
0.0015063,-0.00071944,0.0015815
0.0018277,-0.0010026,-0.0007451
-0.0010546,-0.00033788,-0.0013844
-0.0036675,-0.0010725,-0.00043969
-0.00308,-0.00068489,0.00030696
0.00061751,-0.00030612,-0.00039251
0.0011724,-0.00020095,-0.00064912
0.00048355,3.832e-05,-0.00062353
-0.00041291,0.00096218,0.00016191
-0.00095051,0.0015876,-0.00077967
-0.00039686,0.0020845,3.5468e-05
0.00015648,0.0013645,-0.00031784
0.0010644,0.0011981,0.00046958
0.00097697,0.00089913,0.00050939
0.00053917,0.00053721,-0.00035706
0.00012625,0.00078717,-0.00056567
-0.00039816,0.00052061,-0.00010245
-0.00023688,0.0008576,0.00077295
-0.00090419,0.00061994,0.00034974
-0.00067946,0.00076247,0.00012432
2.3707e-05,0.00024861,0.00013553
0.0017394,0.00038476,0.00099364
0.0026391,0.00037062,0.00081106
0.0013355,0.00076576,-0.00024768
0.00028926,0.00078253,-0.00082199
-0.00074858,0.00097511,0.00069454
-0.00070444,0.00098663,0.00076646
5.154e-05,0.0008115,-0.00021537
-0.00028685,0.0011321,0.00050563
-0.0014487,0.00095675,0.0038008
-0.0026849,0.0011349,0.0032495
9.3471e-05,0.00075886,-0.0027013
0.0023139,0.0010947,-0.00031632
0.0051527,4.9863e-05,0.0026486
0.00077037,0.00064114,-0.0014349
-0.00072178,-0.00061953,-0.0019641
-0.00086765,-0.0017085,0.00042286
-0.00060881,-0.0032304,0.0014248
-0.00013003,-0.0038467,0.0017918
-8.6617e-06,-0.0046421,-8.1056e-05
-7.0675e-05,-0.0049377,-0.00039078
-0.0010333,-0.0053506,-0.00062539
-0.0012581,-0.0052295,-0.00092892
-9.4956e-05,-0.0045356,-0.0019495
0.0021448,-0.0032893,-0.00089521
0.0037809,-0.001591,-0.00077351
0.0029916,-0.0007992,-0.00081397
0.00059336,-0.00096836,0.0021889
-0.0010176,-0.00099023,0.0037081
-0.0022218,-0.0008941,0.0024266
-0.0036151,-0.000874,0.0015131
-0.0033123,-0.0010121,7.8393e-05
-0.0016926,-0.00053808,-1.445e-05
-0.00078009,-0.00041937,-0.0017327
-0.00055139,-0.000343,-0.00055967
1.1995e-07,-0.00071937,-0.00078998
0.0010572,-0.00028751,-0.00061712
0.0015804,-0.00060416,-0.00069521
0.00098453,-0.00046185,-0.0013432
0.00068174,-0.00033498,-0.0017102
0.00040356,-0.00036922,0.001244
0.00019527,-0.00052962,-0.00086919
0.0003751,0.00042232,-9.2272e-05
-0.0010945,-8.7254e-05,-5.1198e-05
0.0015058,0.00069384,-2.0698e-05
-5.3971e-05,0.00021105,-0.00054055
-0.0014314,-8.7329e-05,0.00016853
-0.0010659,-0.00013696,-0.00082307
0.0013763,0.00035205,-0.00015551
0.00062205,6.9907e-05,-0.0011514
-0.00031865,4.7171e-05,-3.0837e-05
-0.0028601,-0.00030569,-0.00064479
-0.0013953,9.2196e-05,0.00085056
-6.3642e-05,-0.00050654,-0.0013733
0.0008585,-0.00025702,-3.2429e-05
6.2554e-05,-0.00064203,-0.00064281
-0.0010195,-0.00023412,-0.0013579
-0.00062462,-0.0004397,-0.0034988
0.0033414,-0.00010845,-0.0016864
0.0041831,0.00053834,-0.003118
0.0027649,0.002312,-0.0035708
-0.0011969,0.0020688,-0.0018289
-0.0032655,0.0023574,0.0012187
-0.001949,0.0020835,0.0015099
-0.0017074,0.0021602,0.0014285
-0.0013126,0.0021854,0.00092404
-0.00121,0.0025034,0.00069232
0.00015573,0.0020408,-0.0018319
0.00020752,0.0022046,-0.00065025
0.0021074,0.001643,-0.00060699
0.0038029,0.0018852,0.00062119
0.0025937,0.00088267,-0.00039426
0.00067872,0.00070732,0.00044733
-0.0018197,0.00012982,0.00050048
-0.0024401,0.00032597,0.0032691
-0.0001469,-0.00040996,0.0022761
0.00070383,-0.00054879,0.00085105
-0.00082337,-0.0013137,0.0010352
-0.0033992,-0.0011287,0.0019781
-0.0048738,-0.00074819,-0.0015772
-0.0017038,0.00052729,-8.9921e-05
0.0048496,0.00051241,0.00070624
0.0071852,0.00079989,0.001927
0.0038497,0.0005858,0.0013856
-0.0028001,0.00055718,0.0012605
-0.0051621,-0.00042117,0.00045026
-0.001682,-0.0010676,0.00080308
0.00036341,-0.0013298,0.00024647
-0.0001589,-0.001494,-6.7264e-05
-0.00069815,-0.0023493,0.00095486
-0.00054868,-0.0034023,0.0019986
-0.00050454,-0.003429,0.001897
0.0011727,-0.003128,0.0010507
0.00084847,-0.002784,0.00011632
0.00031077,-0.0022688,-7.4708e-05
0.00030652,-0.0019545,-0.0013902
0.00072514,-0.0018062,0.00030496
-0.0017463,-0.0021864,-0.0011237
-0.0019179,-0.0012074,-0.0013956
9.4488e-05,-0.00096906,-0.0015651
0.00089911,-0.0002664,-0.00043587
0.00079054,-0.00015919,-9.554e-05
0.00067365,-0.000556,-0.00028634
0.00016639,-0.0005701,0.0013604
-0.0012404,-0.0012109,3.033e-05
-0.0010711,-0.0011957,0.00029413
-0.00051284,-0.0015751,0.00044073
0.00092038,-0.0013473,0.0015472
0.00071159,-0.0014172,-0.00010574
-1.2796e-05,-0.0015168,0.00022663
0.00078881,-0.0018589,0.0014071
0.0028963,-0.0022602,0.00013609
0.0050312,-0.0023128,0.0024962
0.0021985,-0.0025265,-4.0932e-05
0.00012908,-0.0018676,0.00063704
-0.0045173,-0.0027862,0.0009515
-0.0022616,-0.0020808,0.0012576
-0.0015599,-0.0010196,-0.00096303
0.00055291,-0.00021094,-0.0010118
7.1126e-05,0.00017641,-0.00078955
-0.00091271,0.00021698,-0.001257
-0.0033654,0.00024593,-0.0019614
-0.0011205,-7.4464e-05,-0.0007019
0.0010208,6.84e-06,-0.00025796
0.00065117,-0.00045072,-0.00040055
3.5764e-05,-0.0014518,-0.00053143
-0.0011046,-0.0017508,-0.0012608
-0.0011572,-0.0016312,-0.00062554
-0.00077498,-0.0017671,-0.00080166
0.00047932,-0.0018945,-0.0011994
0.00049748,-0.0022342,-0.00015431
0.0005363,-0.0024379,-0.00041274
0.00038599,-0.0019188,-0.00015946
7.9598e-05,-0.0015969,-0.00027819
-0.00015673,-0.0013891,3.7023e-05
-0.00020997,-0.0014745,-0.00066111
-0.0011803,-0.0014663,-0.00062995
-0.00057849,-0.0007515,-0.0015648
-0.00039664,0.00027711,-0.0015023
0.00047927,0.0015112,-0.0012431
0.0013648,0.0024224,-0.0012033
0.00094018,0.0028952,0.00016172
0.00087471,0.0026875,-0.00065864
0.000341,0.0028552,0.0010177
0.00083277,0.0027355,0.00084643
0.00028614,0.0025284,0.00062593
0.001164,0.00282,0.00041341
4.6556e-05,0.0022971,0.00045556
-0.0012476,0.0019951,0.0013497
-0.0012064,0.0015296,0.001178
-0.00049961,0.0011677,-0.00027316
0.00042111,0.0011976,0.0012066
0.00011543,0.0012714,0.00020472
-0.00014811,0.0012286,-0.00011966
-0.00067804,0.0015704,0.00038996
-0.0019006,0.001696,0.00050122
-0.0013659,0.0021245,0.00075874
-3.1083e-05,0.0026949,0.00073012
-0.00020819,0.002711,8.0899e-05
-0.00015876,0.0031678,0.00013884
-4.751e-05,0.0034665,0.0020217
-0.00054829,0.0032829,0.0020532
-0.0016201,0.0040457,0.00017805
-0.00084625,0.0049496,-0.00039019
-0.00036278,0.005687,0.00070203
0.00039098,0.0066307,0.0015182
0.00034352,0.0079012,0.001766
0.0013438,0.0093399,0.0011923
0.0025731,0.010693,0.00055161
0.00188,0.011582,-8.2165e-05
0.00085899,0.012735,0.00147
0.00084756,0.013264,0.0024758
0.001092,0.014113,0.0029852
0.0012191,0.014878,0.00093253
-0.00049609,0.016473,0.00086676
-0.0014546,0.018333,0.00068325
-0.00013229,0.020275,0.0029542
0.0024922,0.021925,0.0040611
0.0036973,0.023147,0.0042902
0.0027555,0.023437,0.0026799
0.00016083,0.024844,0.00076526
-0.0019315,0.028722,0.0021039
-0.0038298,0.028403,0.0021382
-0.0035281,0.031485,-0.00032894
-0.0012814,0.032479,0.0016583
7.6301e-05,0.033357,0.0032053
0.0013945,0.035329,0.0026591
0.0025977,0.037064,0.0018164
0.0047179,0.038343,0.00017257
0.0067741,0.039713,-2.6901e-05
0.0062658,0.041248,-0.0034155
0.003841,0.041512,-5.8434e-05
0.00079508,0.042584,0.0039516
-0.0016166,0.043274,0.0061476
-0.0019473,0.044165,0.0022737
-0.00080131,0.044573,-0.00013796
0.00026582,0.044819,0.00067163
-4.0787e-05,0.044914,0.0014332
0.0012456,0.044372,0.0004749
0.0041833,0.042791,-0.0011278
0.0034736,0.043245,-0.0016954
0.00081391,0.042175,-0.0031514
-0.00058773,0.042076,-0.0034076
-0.00090606,0.043997,-0.0018283
-0.0014447,0.043029,0.00094928
-0.0015629,0.041919,-0.0017329
0.0025489,0.040041,-0.0012811
0.00525,0.036628,-0.00035501
0.00056879,0.03347,0.0022065
-0.00045809,0.028738,0.0018779
0.00069348,0.024506,0.0025249
0.00055047,0.018112,0.0043961
0.00030511,0.013133,0.0032942
-0.00020168,0.011765,0.0021632
-0.00080686,0.0090506,0.002399
-0.001665,0.0058875,0.0026827
-0.00023303,0.0032985,0.0022634
0.00054638,0.00063993,0.0037018
-0.00017132,-0.0010733,0.0019937
-0.00071116,-0.0022439,-0.00070027
-0.0011102,-0.0029708,-0.0012581
0.00056718,-0.0031329,0.0024755
0.0026806,-0.0029941,0.0021153
0.0026982,-0.0021167,-0.0012501
0.0010667,-0.0017552,-0.0015749
-0.0034976,-0.0015945,0.0004944
-0.0056813,-0.00055323,-5.2605e-05
-0.0030214,-0.00069524,-0.0021319
0.00037529,-0.00035602,-0.0012487
0.0022775,-0.00049139,-0.0027984
0.0016378,-0.00054737,-0.0018878
-7.863e-05,-0.00060413,-0.0013257
-0.0018816,-0.00044334,0.00023637
-0.0014987,-0.00041973,0.00064651
-0.00068003,-0.0013587,8.4836e-05
-0.0011971,-0.001841,0.00035419
-0.0011986,-0.0018303,0.0019884
-0.0017728,-0.0017048,0.0010229
-0.002269,-0.0014041,-0.00027367
-0.00086226,-0.0018663,-0.00012188
0.00054363,-0.0020282,0.0013107
-0.00057481,-0.0017755,0.00044513
-0.00034145,-0.0016382,-0.0011073
0.0016515,-0.0011494,0.00031505
0.003395,-0.0014842,-6.6524e-05
0.0019632,-0.00044283,-0.00086711
-0.001566,0.00011229,-0.0015586
-0.0041929,0.00040232,-0.0013263
-0.0016533,0.00075135,0.0011214
0.00021174,0.00028991,0.00093596
0.001738,6.5942e-05,-0.0015454
0.0023771,-0.00056955,-0.0013701
0.00049259,-0.0014497,-0.001239
-0.0013519,-0.0013694,0.00041866
-0.0015752,-0.0020359,0.00047605
-0.0043079,-0.002532,-0.00076778
0.0017975,-0.003202,0.00035213
0.0019351,-0.0029758,-1.9695e-05
0.0002073,-0.0028828,0.00055433
0.00028355,-0.0029488,-0.00040792
-3.9066e-05,-0.0024323,0.0003394
3.4126e-05,-0.0010119,-0.00043637
-0.00042726,0.0016123,-0.00099531
0.00020909,0.0036464,-0.00065374
7.29e-06,0.0062875,-0.00091147
0.00084744,0.0088677,-0.00042918
0.00068473,0.011895,-0.0011371
0.00022356,0.015834,-0.0021873
-0.00023932,0.01796,-0.00033153
0.0003984,0.020059,0.0020313
0.003155,0.022556,0.00014135
0.0047373,0.02587,-0.0019315
0.0034149,0.029821,-0.0017411
0.0017625,0.032876,0.00058285
-0.00036353,0.03526,0.0018293
-0.00031202,0.037151,0.0047891
-0.00091383,0.038618,0.0072526
-8.5162e-06,0.03939,0.0063128
-0.0021571,0.040459,0.0071011
-0.0021107,0.041759,0.0041749
0.0008717,0.043393,-0.00033576
0.0029972,0.044654,-0.0028968
0.0053008,0.045683,-0.0042511
0.0074445,0.047121,0.0012593
0.0041618,0.046873,0.0041318
0.0031924,0.047503,0.0060411
0.0052933,0.047953,0.0015205
0.0030637,0.051262,-0.010131
-0.0018502,0.051511,-0.018702
-0.0023241,0.048888,-0.0089156
-0.00053952,0.05055,0.0033346
0.0049648,0.051595,0.0081836
0.0048126,0.052201,0.0055097
0.0027981,0.05346,-0.0061708
0.0018616,0.052841,-0.012462
-0.0044952,0.052883,-0.0095374
-0.0052122,0.048231,-0.0043974
-0.0022162,0.046901,0.0017033
0.0029845,0.042381,0.0037535
0.003032,0.038476,0.0047264
0.0031238,0.034706,-0.00028058
-0.00063236,0.029805,-0.00066595
-0.0058678,0.027368,0.00037508
-0.0031402,0.026484,-0.0035806
-0.0012153,0.02641,-0.00066618
0.00168,0.023933,-0.004739
0.0031516,0.021545,0.0033604
0.00080699,0.020134,0.0055388
-0.001996,0.018299,0.0011991
-0.0042263,0.01611,-0.0018347
-0.0034148,0.014755,-0.0029599
-0.0016174,0.010623,0.0018988
0.0026367,0.0071323,0.0051962
0.0021557,0.0047838,0.0059999
-0.001512,0.0034265,0.00059436
-0.0038984,0.0025478,-0.0029919
-0.00028816,0.0015067,-0.00011854
0.0002911,0.00074039,-0.00098791
-0.0004221,0.0013848,0.002208
-0.0036281,0.00024951,0.0016733
-0.0034374,-0.0015327,0.0017156
-0.0008103,-0.0034254,0.000389
0.0017786,-0.0037487,0.0014101
0.0010805,-0.0035709,0.0011218
-0.0011279,-0.0030584,0.00052207
-0.0012093,-0.0034195,-0.00095088
-0.00044013,-0.0033424,-3.7548e-05
0.0031852,-0.0032404,-0.00029712
0.0032579,-0.0027783,-0.0016796
-0.0010659,-0.0023782,-0.0013673
-0.003888,-0.00202,-0.0046541
-0.0016451,-0.0018652,-0.0032575
0.00097923,-0.0018518,-0.0024085
0.0027772,-0.0013844,-0.0020046
0.00049806,-0.00077444,-0.0010044
-0.00012378,-0.00045909,-0.00088116
-0.0018132,-3.1408e-05,-0.0004434
-0.0011484,0.00025941,0.0010034
-0.00028892,0.00031703,0.00052911
2.3543e-05,0.00054416,0.00014337
4.9411e-05,0.00059798,-0.0010223
-0.00059841,0.00081937,-0.001596
-0.00023272,0.0017091,-0.0031925
-0.00038929,0.002418,-0.0031205
-9.4243e-05,0.0022788,-0.00022678
-0.0019528,0.0017294,-0.0026749
-0.0037429,0.0022665,-0.0022025
-0.0040906,0.0016424,-0.0018863
-0.00092923,0.0010517,-5.0173e-05
0.0027754,0.00071328,0.0016993
0.0044628,-6.1933e-05,0.0013856
0.0030241,3.5243e-05,0.00079775
0.0008737,-0.00013598,0.0010387
-0.00043187,0.00045855,0.00031877
5.8365e-05,0.001417,-0.0023919
-0.00085095,0.0013963,-0.0015332
-0.0025286,0.0013218,2.3519e-05
-0.002851,0.0019149,-0.00084287
-0.00033941,0.0016974,-0.0016223
0.0015994,0.00087503,-0.00030351
0.0018816,4.6769e-05,0.0015128
0.0005743,-0.00037083,0.0012511
-0.0019969,-0.00031424,0.00061652
-0.0021601,-0.00084227,-0.0014909
-0.0015437,-0.00035757,-0.0022408
-0.0015289,-0.00066275,-0.002265
0.00048195,-0.00024795,0.0021888
0.0015844,4.6043e-05,0.00017648
0.0037507,0.00027857,-0.003219
-8.1617e-05,0.00093525,0.00053327
-0.0038907,-0.00038138,0.003688
0.00055801,0.00027954,6.4202e-05
0.0059681,0.0012315,-0.0039594
0.013055,-0.0012858,0.0030211
0.0081958,-0.00096508,0.0066466
-0.0050968,-0.00059224,0.00083544
-0.00699,-0.0013831,-0.0027271
-0.0048531,-0.0021502,-0.00048682
-0.0027073,-0.0022631,0.00045643
0.00083911,-0.0017208,0.0014347
-0.0018772,-0.00062706,-0.005686
-8.1385e-05,0.00031412,-0.0057483
0.0012584,0.00069799,-0.002122
0.0012608,0.0011041,-0.00022047
-0.00055661,0.0016488,-0.0015258
-0.00078785,0.0015205,-0.0013102
-0.0015002,0.0012124,0.0019631
-0.00059409,0.0012342,0.0020852
-0.00027618,0.00078724,0.00042541
-0.0015636,-0.00044658,-0.0020819
0.0011491,-0.0011566,-0.00065179
0.0021851,-0.00098642,-0.001254
0.0025253,-0.00051032,-0.0011416
0.0019931,-0.00037957,0.00066281
0.00062328,-0.00032581,0.0012565
-0.0010991,-0.00029167,-0.00064169
-0.0017937,-0.00018687,-0.0029335
-0.0010127,0.00016112,-0.00030576
-0.0013228,0.0006459,0.0026397
4.5462e-05,0.0022295,0.0031296
-0.00020695,0.0031455,-0.0017422
-0.00095125,0.0030393,-0.0020128
-0.0011155,0.0020197,-0.00070795
0.0019797,0.0031202,0.0039596
0.0034357,0.0051102,0.00080029
0.0033139,0.0068424,-0.00090249
0.0017207,0.0063502,-0.0022724
-8.6281e-05,0.0050708,-0.0014282
-0.0018797,0.0052869,0.0012719
0.00034178,0.0061766,0.0023591
0.0014822,0.0060505,0.00074101
-0.0012427,0.0060011,-0.0028897
-0.0024047,0.0060888,-0.0011958
-0.0027286,0.0048382,0.0018254
-0.0010424,0.0053987,0.0031517
0.0039151,0.0060334,-0.00042679
0.0033894,0.0052934,0.0026749
0.0016063,0.0041959,0.0020274
-0.0016037,0.0046248,0.0023228
-0.0029399,0.0041563,0.001225
-0.0034014,0.0031648,0.0021234
-0.0030394,0.0021021,0.0027478
-0.002179,0.0012777,0.002065
0.00046141,0.00053974,0.0014585
0.0015267,-0.00024821,0.0013557
0.0028162,-0.00054755,0.0038249
0.0025646,-0.0013138,0.003674
-0.0021608,-0.0014373,0.0041866
-0.00055896,-0.0031419,0.0052617
-0.0014939,-0.0041726,0.0022476
-0.00052174,-0.0046248,0.0043929
-0.002872,-0.0051079,0.00013288
0.00025822,-0.0045795,-0.00012628
0.0022773,-0.0049148,-0.00088204
0.00026719,-0.0053547,0.0014997
-0.0023412,-0.0050746,0.00056321
-0.0015998,-0.0048616,-0.0021925
0.0055041,-0.0035173,-0.00032411
0.0080647,-0.0023403,-0.00024088
0.0034074,-0.0012807,-0.00010386
-0.0039642,-0.0012561,0.0013384
-0.0059086,-0.001283,0.0010773
-0.0045482,-0.001028,0.0038474
-0.0020111,-0.0010028,0.00051478
-0.0028101,-0.00052522,-0.00057643
0.00060866,-0.00085638,-0.00051323
0.0036112,-0.0010971,0.00053693
0.0028015,-0.0010213,-0.00060826
-0.00059088,-0.00097328,0.00050616
-0.0020834,-0.001151,-0.00031411
0.0013781,-0.0016605,-0.001933
0.0037856,-0.001938,-0.00063359
0.0011028,-0.0025552,0.00046109
-0.0033174,-0.0023904,-0.00094724
-0.0049562,-0.0028314,-0.0013138
-0.0019015,-0.0028929,-0.00027481
0.00095515,-0.0025427,0.00025766
0.0005307,-0.0021196,-0.0028525
-0.0011017,-0.0014899,-0.003341
-0.0029264,-0.0016894,-0.0060127
-0.001074,-0.00076042,-0.0052316
0.001819,0.00023888,-0.0010989
0.0041729,0.00050044,-0.00075982
0.0030228,0.00021258,-0.0019986
0.0042688,-0.0001133,0.0011981
0.00033318,1.6894e-06,0.0022845
-0.0036239,0.00098689,-0.0012687
-0.0041033,0.0014818,-0.0022606
-0.0016025,0.0017075,-0.0013064
0.00034218,0.0024068,-0.0026998
0.00029307,0.0033031,-0.0024193
-0.00074863,0.0038647,-0.00077191
-0.00062966,0.0041508,-0.00064084
0.00011974,0.0043433,-0.0014718
-0.00014818,0.0039987,-0.00087256
0.0031792,0.0039694,-0.0022741
0.0009928,0.0050472,0.0024918
0.00038185,0.0055845,0.00030965
-0.0015106,0.0076602,-0.0017466
-0.00030478,0.0081392,0.0013886
-0.0032713,0.0088327,-0.00073508
-0.0026313,0.0094799,0.0013877
-0.00092059,0.0091214,-0.0015241
0.00030151,0.0094883,-0.00014503
-0.00062454,0.0090089,0.00059841
-0.00019129,0.0096471,0.0020985
0.0018675,0.0096763,0.0019126
0.0017726,0.010582,0.00059277
-0.00041499,0.010852,0.0023229
-0.0023343,0.010828,0.0037618
0.0018656,0.010485,0.0032192
0.0022995,0.0091501,0.0048978
-0.0011763,0.0063838,0.0046451
-0.0022377,0.0046489,0.0053697
0.001249,0.0027061,0.0052586
0.0027652,0.00048142,0.0041188
0.0012514,-0.0018747,0.0057923
0.0016508,-0.0039738,0.0034152
-0.0017718,-0.005497,0.0048503
-0.0056292,-0.0069638,0.0048941
-0.0059202,-0.0061222,0.0030062
-0.00090064,-0.0055261,0.0028845
0.0024284,-0.0054821,0.0014833
0.005143,-0.006082,0.0018528
0.0045517,-0.0060029,0.0014394
0.00038526,-0.0061355,-0.0011638
-0.0036273,-0.0066831,-0.0031036
-0.0043825,-0.0070469,-1.5465e-05
-0.00082126,-0.006787,0.0017611
0.00011918,-0.0056457,-0.00067961
0.0026021,-0.0037304,-0.0016664
0.0029123,-0.0021618,0.00058567
0.00131,-0.00089389,0.0010432
-0.0025601,-0.00044598,0.0010134
-0.0077194,-0.00050545,0.00113
-0.0058172,-0.0006379,-0.00029069
-0.0012505,-0.0004317,0.00038245
0.0043434,-0.00077845,0.0024958
0.0058723,-0.00058032,0.00013313
0.0033939,0.00010955,-0.002186
0.0014105,-0.00010377,-0.00081525
-0.001414,0.00066273,-0.00015994
-0.0026699,0.0012523,0.0011054
-0.0040117,0.0015805,0.0011263
-0.0051164,0.0017403,0.0018845
-0.0025187,0.0013291,0.0032367
0.0015007,0.0013834,0.0024204
0.0069949,0.00044313,0.0003746
0.0062762,-0.001475,0.0012272
0.0018321,-0.0023308,0.0026499
-0.0022909,-0.0030331,-0.00074972
-0.0049666,-0.0040984,-0.0021339
-0.0027295,-0.0049667,-0.00037327
-0.00051532,-0.0045263,-0.0011487
9.2072e-05,-0.0037495,-0.0014954
0.0023799,-0.0039487,0.00037513
0.0020509,-0.0035872,0.00090283
-0.00030119,-0.003009,0.00023685
-0.0047142,-0.0020551,-8.2334e-05
-0.0046585,-0.0019508,-9.8597e-05
-0.0005843,-0.0013443,-0.0020793
0.0035843,-0.00047612,-0.0013714
0.0049902,-0.00060682,-0.0012937
0.0023606,-0.00012414,-0.0055418
-0.00080879,0.00040082,-0.0037626
-0.0037473,0.00019842,-0.0019045
-0.0043979,0.00026343,0.00023201
-0.0034875,0.00050009,-0.00040715
0.00037667,0.00025579,-0.0018258
0.0023385,-0.00026741,-0.0021202
0.0037993,-0.00053535,0.00089079
0.0030093,-0.00072622,0.001421
0.0013593,-0.0010662,-0.00025483
0.00039958,-0.00091045,-0.0022604
-0.00029415,-0.00039694,-0.0025858
0.0019303,0.00020063,-0.00029192
0.0024482,0.0017594,0.00024923
0.0024258,0.0034367,-0.0005828
0.002088,0.0044141,-0.00081956
0.00060732,0.0049079,-3.3721e-05
-0.00041238,0.0050568,0.00088667
-0.0001375,0.0050408,0.0015626
-0.00044244,0.0054049,0.0014869
-0.0019684,0.0049787,0.0012893
-0.0012797,0.004414,0.00068472
0.00028234,0.0041328,-0.00057172
0.0024941,0.0041207,-0.00044514
0.0025215,0.0037597,0.00025036
0.00096306,0.0038171,0.0014422
-0.0011164,0.0044006,0.0018481
-0.0016412,0.0054677,0.0006027
-0.00027851,0.0056277,0.00052872
0.00026274,0.0051572,0.00028543
0.00064476,0.0058053,-0.0011124
0.0001727,0.0067555,-0.0015786
0.00068575,0.0078298,-0.00043228
0.0029463,0.0087439,0.00024144
0.0027194,0.010662,-0.00041914
0.00097407,0.013563,-0.0012479
0.0019833,0.014971,-0.0018932
0.0015163,0.015082,-0.00053704
0.00053673,0.015262,-0.0017699
-0.00020313,0.016736,-0.0034474
0.0011111,0.01813,-0.0020014
0.0012145,0.019501,0.00059375
0.0020534,0.020845,0.00032008
0.0023643,0.022625,-0.0014831
0.0010759,0.024706,-0.0039029
0.0011789,0.026511,-0.0042766
0.00098306,0.028219,-0.0041655
0.00029772,0.02962,-0.0014685
-0.00038704,0.030975,-0.00020375
-0.0015677,0.032859,0.00041022
-0.0016544,0.033798,-0.00043183
-0.00082539,0.034604,-0.00092202
-7.1897e-05,0.035898,-0.00049142
0.0005503,0.035951,0.00067676
-0.0012584,0.037305,0.00050086
-0.0014941,0.037431,-0.00089682
-0.00076133,0.037882,-0.0014504
0.00029591,0.038504,-0.002198
0.0001793,0.038083,-0.00045927
0.00025163,0.038428,0.00029062
0.0013444,0.037457,0.0013342
0.001326,0.03621,0.00087299
0.00021165,0.035186,1.6754e-05
0.00028928,0.035072,0.0013554
2.3736e-05,0.036075,-0.0017288
-0.0016776,0.036727,-0.0026418
-0.0035779,0.037263,0.00070167
-0.0045065,0.038047,0.0048945
-0.0042717,0.03883,0.002109
-0.0018106,0.039376,-0.002821
0.00043026,0.040112,-0.00091008
0.0016289,0.039574,0.005298
0.0016942,0.039269,0.0070115
0.0039928,0.040211,0.0031939
0.0045496,0.039713,-0.00043147
0.0055595,0.035208,0.0017283
0.0057474,0.033017,0.0046245
0.00095587,0.03074,0.0029159
-0.0020981,0.029124,0.0019617
-0.0023758,0.026915,1.9441e-05
-0.0011129,0.02388,0.00010516
-0.00057223,0.021771,-5.2509e-05
-0.0015766,0.020147,-0.00090677
-0.0027218,0.019873,-0.0020622
-0.004456,0.020586,-0.0012119
-0.004784,0.02038,-0.0017321
-0.0041797,0.019993,-0.0030516
-0.0024991,0.019337,-0.0045134
0.0014459,0.017218,-0.0027272
0.0057793,0.015138,0.0020081
0.0080302,0.01281,-0.001158
0.0058492,0.012282,-0.0016871
-0.00076944,0.0099017,0.0020875
-0.0050489,0.0070484,0.0033477
-0.00050179,0.0066273,0.0061238
0.0018146,0.0047758,0.0034685
0.00053762,0.0041196,-0.00073482
0.00086391,0.0034869,0.0013658
0.0011084,0.0024405,0.002073
0.00017391,0.00085851,0.0016727
-0.00021324,-0.00093365,0.0019541
-0.0011867,-0.0020955,0.0025012
-0.00059631,-0.0034163,0.0035248
-0.0008163,-0.00491,0.0024452
-0.0016255,-0.0063005,0.0015053
-0.001448,-0.0062969,0.00021083
-0.00041785,-0.0063491,-0.00012874
-0.00032688,-0.0066064,-0.00032194
3.5437e-05,-0.0066264,0.00061121
-0.00046986,-0.0064795,0.00048576
-0.00078497,-0.0060127,-0.00087767
-0.0011253,-0.0055983,-0.0010287
-0.0015876,-0.0047777,-0.0006134
-0.0013083,-0.0039935,-0.00064721
-0.00074351,-0.0023077,-0.0012113
0.00053756,-0.0011192,-0.0015752
0.00067373,-0.00033165,-0.0006973
0.00069582,0.0001437,-0.0010892
0.0002295,0.00038849,7.0245e-05
-0.00052389,0.0015347,-0.00068815
-0.00028279,0.0027541,-0.00049701
0.00041385,0.0034353,-0.00047759
0.00038293,0.0040051,0.00020667
0.00021213,0.0051888,-0.00080846
0.0006616,0.0069768,-0.00046063
0.001115,0.0080697,-0.00046876
0.00042604,0.010602,-0.00072681
-1.0058e-05,0.01355,-0.00031696
0.00013381,0.016859,-0.00013023
0.00024457,0.020325,0.0004406
0.00045601,0.023291,0.0012561
0.001315,0.026088,0.00071913
0.0013426,0.030719,-0.0017529
0.0018862,0.036447,-0.00089459
0.0025755,0.04038,-0.0015502
0.0030267,0.042774,0.0015862
0.0028887,0.044721,0.0026975
0.0034484,0.047178,0.00071821
0.001264,0.048613,0.0026477
0.0006087,0.050681,0.00062425
-0.0013332,0.053211,-0.0014142
-0.001331,0.053598,-0.0033454
0.00029399,0.052846,-0.00041107
-2.4227e-05,0.052382,0.0018896
-0.00067039,0.052834,0.0016442
0.00057551,0.053225,-0.0008965
-0.0014908,0.052469,-0.0043117
-0.0021681,0.051708,-0.0022505
-0.00038719,0.051203,0.00069712
0.0010906,0.049778,0.001551
0.00052128,0.0473,0.00013837
-0.0017607,0.044137,-0.0013167
-0.0029514,0.040145,0.00077965
-0.0034497,0.035372,0.0026995
-0.0033868,0.03161,0.0012913
-0.00097997,0.027759,-0.0014677
0.0028785,0.025651,-0.0016673
0.0037057,0.021013,-0.0013836
0.0028488,0.018569,-0.0016931
0.002384,0.015936,-0.0026496
-0.00019218,0.013523,-0.00088593
-0.0021281,0.012366,-0.00053235
-0.0026024,0.012759,-0.00048436
-0.00016964,0.011934,-0.0014337
0.00041909,0.010637,-9.0752e-05
0.00045578,0.0081021,0.0018302
0.00038542,0.0049988,0.0015714
0.00066954,0.0028754,8.6817e-05
0.00053113,0.00092348,-0.00082835
-0.0002732,-0.0011314,-0.00087918
-0.00024044,-0.00055359,-0.0017034
-8.9213e-05,0.00033747,-0.0022679
-0.00033091,0.00053592,-0.0019058
0.00078036,0.0013685,-0.00096452
5.2993e-05,0.0014662,-0.00097555
-0.00018645,0.0018794,-0.00054735
-0.00032952,0.00142,-0.0003348
-0.00053206,0.0015199,-0.00036526
-0.0003675,0.0017902,-0.00067637
-0.00069765,0.0020464,-0.001259
-0.00013621,0.0026788,-0.00034261
0.00011628,0.0029243,-0.0001995
-3.7956e-05,0.0035553,-0.00055992
2.4777e-06,0.0031608,-5.8436e-05
-0.00022156,0.0027633,0.0011468
9.3835e-05,0.001166,0.0014619
-0.00021207,0.00036404,0.00069844
-7.7961e-05,-0.00061979,0.00039643
-6.1058e-05,-0.00064453,0.00037097
5.3321e-06,-0.00071844,-0.00057988
-0.0004662,-0.0004996,-0.00090808
-0.00074499,-0.00092134,-0.0010817
-0.00037948,-0.00065604,-0.00036203
-0.00036394,-0.00073918,-0.0017908
0.00032993,-0.00021546,-0.00082858
0.002053,-0.00045935,0.0016282
0.0011057,-0.00014087,-0.0019231
-0.0021822,0.00091879,-0.0018037
-0.0050374,0.00047033,0.00021435
-0.00133,0.00062092,0.0008477
0.00072891,0.00072361,-0.00011147
0.00087726,0.00032942,-1.5076e-05
0.00020071,0.00032371,0.00043149
-0.00014536,0.0004962,0.00018038
-0.00039829,0.00043586,-0.00047561
9.8427e-05,0.00043577,-0.00020091
0.0011808,0.00031587,-0.00036658
0.0011322,-7.8121e-05,0.00071335
0.00063088,-0.0004631,-0.00028628
0.0002721,-0.00013688,-0.00019761
-0.00012014,-0.00027277,-0.00034656
-1.5941e-05,0.00021676,0.00056783
-0.0009697,3.9655e-05,-5.7962e-05
-0.0005983,6.7993e-05,7.2404e-06
0.0003447,0.00027672,-0.00031862
0.00137,0.0016521,0.00050848
0.0016103,0.0023378,-0.00065002
0.00073329,0.0025344,-8.4158e-05
-0.00036637,0.0019298,0.00051859
-0.00085042,0.0020939,0.0014147
-9.9244e-05,0.0018425,0.00044454
-0.00020883,0.0016685,0.0005478
-0.00042788,0.00073103,0.0029471
-0.0031163,0.00040252,0.0055832
-0.0004253,-0.00025462,-0.0021413
0.0019391,0.00012415,-0.00055393
0.0056701,-0.0014083,0.00269
0.001123,-0.0010799,-0.0011287
-0.00026235,-0.0021425,-0.0021804
-0.00088421,-0.0030156,0.00026286
-0.00040251,-0.0045632,0.0013653
-0.00017312,-0.0052615,0.0018224
4.0148e-05,-0.0054193,-0.00061999
-0.00013412,-0.0050401,-0.00091535
-0.0012627,-0.005124,-0.0014016
-0.0011392,-0.0044253,-0.0015087
0.00083879,-0.0040261,-0.0014796
0.0031973,-0.0029175,0.00015834
0.0038497,-0.0021869,-0.00099582
0.0017013,-0.0013786,0.0010392
-0.00037891,-0.0014387,0.0025125
-0.0013977,-0.00062858,0.0024228
-0.0030049,-0.00039929,0.001525
-0.0037475,-0.00039333,0.00079018
-0.0017335,-0.00048146,4.4341e-05
-0.00053027,-0.00049406,-0.0015532
-0.00095049,-0.00045353,-0.00072952
-0.00022458,-0.00042743,-0.0015534
0.00070115,0.00027399,-0.00091869
0.0013832,0.00016934,-0.0013701
0.00066436,0.00070342,-0.001222
0.00050846,0.00061053,-1.4032e-05
-4.1991e-05,0.00043275,2.6941e-05
3.7476e-05,0.00064708,-2.06e-05
-0.00046472,4.5561e-05,0.00075546
0.0010534,0.00053954,-4.8693e-05
-0.00059466,0.00040646,-0.00048995
-0.0013246,7.7695e-05,0.00020967
-0.0003637,-2.6276e-06,-0.00079686
0.0010466,-9.6831e-05,-0.00019996
0.00066868,-0.00046006,-0.00048104
-0.0018585,-0.00081178,-0.00052103
-0.002302,-0.00038431,1.9161e-05
-0.00055713,-0.00054138,-0.001182
0.00085148,-0.00014482,-0.00064526
0.00049868,4.1102e-05,-0.00052606
-0.0016713,0.0012754,-0.0031755
0.00068988,0.0022183,-0.004302
0.0032772,0.0023817,-0.0014833
0.0051963,0.0036038,-0.0038707
0.0025455,0.0037083,-0.002103
-0.0032707,0.0036126,-2.7074e-06
-0.0033115,0.0033185,0.0025683
-0.0023505,0.0031212,0.001322
-0.0017506,0.0034859,0.0017973
-0.0011731,0.0034399,0.00087799
-0.00035868,0.0029628,-0.00094321
0.00054352,0.0024288,0.00096235
0.0032694,0.0019797,0.00059104
0.0036762,0.0019891,0.0014217
0.0012439,0.00098576,0.0010313
-0.00049958,0.00015869,0.0018534
-0.0025465,-0.00036248,0.0039405
-0.00032987,-0.00081976,0.0033117
0.00033404,-0.00066285,0.0019489
-0.0010246,-0.0014889,0.0024438
-0.0045201,-0.0018932,0.0026412
-0.0047503,-0.0023201,-1.5735e-05
0.0012573,-0.0030129,0.0024063
0.0080346,-0.0035728,0.0012563
0.0063184,-0.0034357,0.0012337
-0.001065,-0.0034629,1.8246e-05
-0.0049252,-0.0032358,0.00047904
-0.0016113,-0.0032113,-0.00079278
0.00014857,-0.0026471,-0.0017136
-0.00094691,-0.0023643,-0.0013784
-0.0018804,-0.0019936,0.00026763
-0.00060862,-0.0019945,0.0012761
0.001391,-0.0021199,0.001806
0.001272,-0.0021157,0.0010481
0.0005686,-0.0021228,-0.00014242
0.00036994,-0.0020668,-0.00081483
-0.0015377,-0.0023691,-0.00027515
-0.0036815,-0.0027493,-0.00048243
-0.00025984,-0.002947,-0.00073677
0.00099206,-0.0026515,-0.0007575
0.0002593,-0.0017853,-0.0006823
0.00024308,-0.0014619,-0.00096854
-9.0296e-06,-0.001559,-5.2989e-05
-0.00064315,-0.0015661,-0.00099701
-0.00077416,-0.0014093,0.00035095
0.00058642,-0.00093209,0.0009914
0.0011458,-0.0011516,-0.001064
0.00053396,-0.0011768,0.00096167
0.0020712,-0.0012368,-0.00083217
0.0047359,-0.00060303,0.0019997
0.0029299,-0.0013197,0.00035583
0.00020085,-0.00099271,0.0014017
-0.0049811,-0.0018551,0.002059
-0.0018789,-0.0013776,0.0010417
-0.001465,-0.0013755,-8.6403e-05
-0.00025056,-0.0013335,-0.0011246
-0.0010031,-0.0011044,-0.0011201
-0.0031423,-0.0012444,-0.0034845
-0.0010528,-0.0010835,-0.0014809
0.00051065,-0.0010215,-0.0011271
5.2201e-05,-0.00097217,-0.0014115
-0.00049527,-0.0014065,-0.0015189
-0.00080976,-0.0017324,-0.0010751
-0.0010634,-0.0019904,-0.0003983
-0.00036169,-0.0017282,-0.0013434
7.0616e-05,-0.0015899,-0.00065649
0.00064163,-0.0019437,-0.00092245
0.00058993,-0.001904,-7.3158e-05
0.00045469,-0.0018288,2.266e-05
0.00029299,-0.0015026,-0.0005146
-0.00059083,-0.00091268,-0.0016122
-0.00044763,-1.3582e-05,-0.0013981
0.00040309,0.00085904,-0.0024294
0.00056933,0.0027681,-0.0014139
0.0012524,0.004145,-0.0014411
0.000678,0.0056082,-0.0003306
0.00066633,0.0069042,-0.0017272
-0.00010794,0.0081604,0.00022661
-0.00047414,0.0068393,0.0030572
-0.00045511,0.0068488,0.003063
-0.00043561,0.0068518,0.0030659
-0.00041598,0.0068529,0.003068
-0.00039581,0.006844,0.0030656
-0.00037625,0.0068454,0.0030679
-0.00035699,0.0068527,0.0030728
-0.00033711,0.006848,0.0030725
-0.00031737,0.0068452,0.0030729
-0.00029756,0.0068399,0.0030723
-0.00027833,0.0068487,0.003078
-0.00025847,0.0068415,0.0030765
-0.00023897,0.006843,0.003079
-0.00021938,0.0068423,0.0030805
3.0617e-05,0.0095891,0.0033199
-0.0010819,-0.0036261,0.0021852
-0.00074868,-0.0043083,0.0019791
-0.0011968,-0.0045662,0.0022743
-0.0015614,-0.004632,0.0016648
-0.00077547,-0.0044925,0.0015806
-0.00017638,-0.0047639,0.00065859
0.00014378,-0.0046759,0.00037048
0.0014316,-0.0042506,0.00053959
0.0024259,-0.0041927,-0.00043162
0.0021889,-0.0040496,-0.0012188
0.0011659,-0.0040493,-0.00060406
0.00088733,-0.0035387,-1.4508e-05
0.0013455,-0.0030936,-0.000662
0.0008287,-0.0030106,-0.00088135
0.00041224,-0.0029369,-0.001759
1.189e-05,-0.0023385,-0.0016665
0.00046916,-0.0024978,-0.00062129
0.00066102,-0.0022123,4.1149e-05
0.0015458,-0.001902,0.00015548
0.0023004,-0.0021505,-0.00043532
0.0014994,-0.0019017,0.00021068
0.00038756,-0.0019202,0.00082685
0.0010725,-0.0020399,0.00075692
0.0019177,-0.0021398,-0.00071847
0.0013501,-0.002054,-0.0010207
-0.00020737,-0.0020735,0.00013485
-0.00076118,-0.0019889,0.001639
-0.00052623,-0.0020076,0.0014361
-0.00052055,-0.0021135,0.00084554
-0.00052297,-0.0023137,0.00031632
-0.00040318,-0.0024841,-0.00024817
-0.00061395,-0.002377,-0.0013857
4.7111e-05,-0.0027931,-0.003778
0.0041314,-0.0030722,-0.0042375
0.0046909,-0.0031572,-0.0023878
0.0023752,-0.0032374,-0.00071521
-0.00011671,-0.0035348,-0.00071813
0.00018735,-0.003671,-0.00022015
0.001521,-0.0036862,0.00050157
0.0021276,-0.0034182,0.00013014
0.0024835,-0.0028771,-0.002083
0.0020545,-0.001765,-0.0032356
0.0019489,0.00028849,-0.00403
0.00041889,0.0009053,-0.0033499
-0.0020657,0.0010027,-0.0011322
-0.0039659,0.00090304,0.0006091
-0.0051097,0.0011737,-0.0012466
-0.0043241,0.001735,-0.0022575
-0.0055957,0.00056033,0.00053604
-0.0056015,0.00028038,0.0070735
-0.00034832,0.00072079,0.0099142
0.0010404,-0.00027676,0.0067378
0.0017369,-0.001579,-0.0015687
0.00211,-0.0010513,-0.0030007
-0.00022035,-0.0021018,0.0043202
-0.0042052,-0.0032075,0.0089343
-0.0013814,-0.0027258,0.0027215
0.0019068,-0.0023239,-0.0018614
0.00883,-0.0033794,-0.0036775
0.011171,-0.0018834,-0.0020209
0.0059806,-0.00025561,-0.0024348
-0.0039004,-0.001114,0.0023308
-0.006997,-0.00090552,0.0017676
-0.0057976,-0.00079961,0.00049529
0.002643,-0.0015031,-0.0032288
0.0042079,-0.00093456,-0.0026583
0.0034095,-0.0011693,0.00023496
-0.0010482,-0.00076233,-0.00066264
-0.0045307,-0.00048775,-0.0020532
-0.0035691,-0.00086291,-0.00021322
-0.0016545,-0.00066784,0.0010786
-0.0026654,-0.00031585,-0.00085376
-0.00076513,0.00029548,0.00040672
0.0024399,0.00097615,-0.0019825
0.0025806,0.001671,-0.00060809
0.00083019,0.0014537,-0.00054248
-0.0026392,0.0017364,0.00037829
-0.0013237,0.0018955,-3.2487e-06
-0.0011611,0.001795,2.8348e-05
0.00031589,0.0014259,0.00078953
-8.8586e-05,0.0011064,0.0012452
0.00055601,0.00057101,0.001147
0.00059831,-5.883e-05,0.00054432
9.6416e-05,-0.00025209,-0.00019698
-0.0017547,-0.00063453,0.0011631
-0.00034038,-0.00092691,-0.0032464
0.0014878,-0.00064999,-0.0021749
0.0025747,-0.00082505,0.00036271
-0.00087019,-0.00053046,-0.0013158
-0.0031789,-0.00040905,-0.0026433
-0.0011984,-0.00047166,-5.5648e-05
-0.00011537,0.00015523,0.0026933
-0.0016443,0.00027738,0.00090262
-0.0019147,0.00043617,0.00061865
0.00067218,6.0546e-06,0.0004896
-6.9881e-05,-0.00027657,-0.0016027
0.0017146,0.00021202,-0.0020993
0.0026987,0.00026688,-0.0022447
0.0013996,-8.7592e-06,-0.003349
-0.0035735,-0.00017356,-0.0032539
-0.0078254,-0.00052651,0.00027367
-0.0077226,-0.00031874,-0.00039308
0.00042465,-0.00012956,-0.0020644
0.00656,-5.3384e-05,-0.0011727
0.0079499,7.6438e-05,-0.00011738
0.0050659,0.00092297,-0.00058887
-0.00056494,0.00049745,0.0017865
-0.0016456,0.00033591,0.000165
-0.0012981,0.00016453,0.0036167
-0.00050309,-0.00033337,0.0013008
0.00047574,-0.00043452,0.0021734
0.0029274,-0.00081439,0.0007702
0.0012805,-0.0010274,0.00089365
-0.0025106,-0.0010548,0.0016211
-0.0045004,-0.0010871,0.0017166
-0.0031502,-0.00065538,-0.00026235
0.0020783,-0.00063903,0.00048385
0.0053663,-0.00075083,-0.0026851
0.0033338,-0.00048836,-0.0020515
-0.0010455,-0.00051776,-0.0011714
-0.0051508,-0.00046336,-0.00016417
-0.0040935,-0.00065231,0.00013879
0.0014379,-0.00097426,0.00032066
0.0025897,-0.00095926,-0.0010838
0.0011988,-0.0013046,-0.0032313
0.00016255,-0.0015886,-0.0047525
-1.2668e-05,-0.0018831,0.00012454
0.002646,-0.0029373,-4.7293e-05
-0.00058872,-0.0030781,0.00073629
0.0013552,-0.0029433,0.0051258
0.00294,-0.0019476,0.00071855
0.005214,-0.0022277,0.00014671
0.00082476,-0.0022499,-0.00065919
-0.0023978,-0.0022913,-0.0013025
-0.0049599,-0.0020258,-0.00056002
-0.0046123,-0.0022042,1.1969e-05
-0.0019,-0.0021297,-0.00095351
0.004254,-0.0025489,0.0017983
0.005288,-0.002488,0.0011532
0.0023768,-0.0025603,-2.8406e-05
0.00010989,-0.0026187,0.00033536
-0.0030924,-0.002667,-0.00044627
-0.0021637,-0.0024705,-0.0015065
-0.00013014,-0.0025366,-0.00071222
0.00045047,-0.0023862,-3.1163e-05
-4.8552e-05,-0.0025202,0.00078534
0.00071019,-0.0027822,0.0010296
0.0019463,-0.0027016,0.0013844
0.0013532,-0.0023777,0.00027179
-0.0013475,-0.0018383,0.00043035
0.00075148,-0.0019411,-9.056e-05
0.0015939,-0.0017171,0.0025405
-0.00035532,-0.0021399,0.0024471
-0.0034936,-0.0014524,0.00038371
-0.0032323,-0.0019361,0.00099427
0.0024276,-0.0012198,-0.00022386
0.0025362,-0.0015948,-0.000712
-0.00034874,-0.0011919,0.0004399
0.00047333,-0.0013454,0.0012426
0.001559,-0.0012637,0.00094365
0.00068208,-0.0011553,0.0014168
-0.0034288,-0.00025893,0.00087396
-0.0014387,-8.1594e-05,0.0054767
0.00027111,9.6222e-05,0.0007348
0.0045209,-0.00019718,-0.00181
0.0013418,0.00028164,0.00025891
0.0024109,0.00050776,-0.002012
-0.0019096,0.00026126,-0.0043608
-0.0029735,-0.00043422,0.00028025
-0.0022154,-0.00045145,0.0011441
-0.0017353,-0.00036553,-0.0014745
-0.00030784,-0.00079688,-6.3297e-05
0.0017403,-0.0006991,-0.00092141
0.0020551,-0.00050375,-0.00049964
0.00039093,-0.00029173,-0.0024711
-0.00030815,-0.00012396,-0.0020758
-0.00037213,-5.1459e-05,0.00031116
-0.0010806,9.7849e-06,-0.0009661
-0.00056311,0.00023679,0.00076624
0.0013614,0.00042934,0.0025057
-0.00062874,0.00013719,0.00056106
0.0004486,-0.00030249,0.0011452
0.0039228,-0.00029534,8.478e-05
0.0010925,-3.4673e-05,-0.00099763
-0.0035593,0.00023095,-0.0014018
-0.0023187,1.7944e-05,-0.00085727
0.00023521,-0.00024314,0.0034636
0.00061313,-0.00077292,0.0029615
-0.00055576,-0.00073468,0.0029081
-0.00052401,-0.0005799,0.00084006
0.0015252,-0.00029983,-0.00066581
0.0012096,-0.00018891,-7.6816e-05
-0.0020886,-4.2319e-05,0.00016624
-0.0052596,-0.00013333,0.00019677
-0.0043418,4.1152e-05,0.0010766
0.00309,-5.327e-05,0.0026474
0.010475,0.00051763,-0.0033991
0.00938,0.00072067,-0.0010059
-0.0026718,0.00028583,0.00047544
-0.0094783,0.00026272,0.00069942
-0.0074039,0.00053978,0.0024394
-0.0036068,-0.00029848,-0.00036823
0.002014,6.3048e-05,-0.0010134
0.0090829,0.00029127,0.0048907
0.0093014,-0.00019752,0.0026372
0.00072435,-0.0018327,0.0032718
-0.015146,-0.0014636,0.0026469
-0.015256,-2.7073e-05,0.0058768
-0.0039652,0.0001503,-0.0019932
0.004811,0.00057293,-0.0024358
0.011865,1.4054e-05,-0.0060059
0.011657,-0.00034952,-0.0010042
0.0035714,-0.00072696,-0.002223
-0.00703,1.3753e-05,-0.00070464
-0.010269,-0.00041513,-0.0019883
-0.0072449,-0.0002414,-0.0017237
-0.0014206,-0.00060796,-0.00014932
0.0031869,-0.0011757,0.00030554
0.0007096,-0.00036446,0.0022898
0.0020155,-0.00026912,0.00053539
0.0062084,0.00022324,0.00031236
0.0023346,0.00049793,0.00058654
-0.003071,0.0014343,-0.00021202
0.00014013,0.0019055,-0.0018066
0.005627,0.0013341,-0.0012449
0.0023596,0.0010522,-0.00091385
-0.0022073,0.00024428,-0.0020211
-0.0025337,-0.00065239,7.8064e-05
-0.0015747,-0.00095894,0.00022283
-0.00023804,-0.0012082,-0.00023552
0.0030302,-0.0024354,-0.0036448
0.0007434,-0.0034346,-0.0016079
-0.00086067,-0.0038425,0.0011485
-0.0033307,-0.0037991,-0.0047054
-0.0021986,-0.0040937,0.0043201
-0.0012141,-0.0054029,0.0043746
0.0015481,-0.0051054,-0.0011721
0.0066721,-0.0061123,0.0024232
0.0028264,-0.0067378,0.0016877
-0.0029455,-0.0063523,0.0013882
-0.0058445,-0.0067707,-0.00075559
-0.003505,-0.0071114,-0.001085
0.0011739,-0.0068484,0.0015521
0.0041826,-0.0060168,-0.00064305
0.0031958,-0.0043347,-0.0039111
0.00049714,-0.0028126,-0.0051976
-0.0036102,-0.0011419,-0.0060992
-0.002876,0.00041567,-0.0046843
-0.00091601,0.00055505,-0.0042469
-0.00068582,0.00087485,-0.0022834
-0.0025291,0.0013244,0.00036716
-0.0030223,0.0017172,-0.0042955
0.0032364,0.003089,-0.0044187
0.0022165,0.0049978,-0.0042188
-0.0011188,0.008451,-0.0047861
-0.001102,0.012115,-0.0038479
-0.0011054,0.012823,-0.0030801
0.00016256,0.01302,0.00067375
0.00034447,0.012116,0.0015725
-0.001444,0.012509,0.0016516
-0.00032741,0.012506,-0.00059718
-0.0018313,0.012606,-0.0012659
-0.0012872,0.014505,-0.00014953
-0.0011301,0.01445,0.00076089
0.00070694,0.014596,0.00076766
-0.00013857,0.014585,0.00034947
-0.00013712,0.014592,0.0025117
0.0007464,0.014715,0.0017757
-0.00049498,0.014801,0.0026963
0.003133,0.015185,0.0021252
0.0017769,0.013989,0.0018049
0.00086345,0.014506,-7.8071e-05
-0.00050391,0.014298,0.0027076
-0.00086262,0.012869,0.0014917
-0.0020667,0.013225,0.002799
-0.0018916,0.012374,0.00094115
7.3954e-05,0.010649,-0.00055998
0.00023553,0.0083898,0.0026044
9.68e-05,0.0058272,0.0037715
-0.00027743,0.0028113,0.0034845
-0.0010259,0.00042631,0.0026445
-0.0013516,-0.0014462,0.0012095
0.00011311,-0.0031849,0.00071505
-0.0003005,-0.0056929,0.0010841
-0.00072632,-0.008907,0.0011712
-0.00090844,-0.011677,0.0024081
1.9809e-05,-0.015283,0.0012019
0.00062448,-0.017858,0.00080961
-0.00029564,-0.019756,-0.00073878
-0.00030656,-0.021541,0.0004241
-0.0012611,-0.024446,0.0014373
-0.0015027,-0.027781,0.0020074
-0.00083353,-0.030901,-0.00066684
-0.00047514,-0.033002,-0.0024823
0.00025156,-0.034611,-0.0054569
0.0025094,-0.036627,-0.003904
0.0044144,-0.037808,-0.0032603
0.0028936,-0.03705,-0.0004191
0.00048137,-0.036976,-0.0016311
0.00021895,-0.036261,-0.00069899
0.00017437,-0.036278,-0.0024447
-0.0003103,-0.035534,-0.0057665
0.0021841,-0.035338,-0.0049863
0.00098608,-0.034573,-0.0070216
-0.00052156,-0.033463,-0.004897
-0.003642,-0.032788,-0.005679
-0.0028097,-0.031407,0.0013219
0.0002239,-0.031882,-0.0012984
0.0027727,-0.030111,-0.0032988
-0.00047548,-0.028615,-0.0046967
-0.0024941,-0.025586,-0.0050061
-0.00044412,-0.021687,-0.005528
0.0026674,-0.019917,-0.0039463
0.0046404,-0.020883,-4.0157e-06
0.00038368,-0.018944,0.0060426
0.00080361,-0.0166,0.0031896
0.0031916,-0.017081,0.0021945
0.0045697,-0.018224,0.0022404
0.0065771,-0.017982,0.0036604
0.0037661,-0.017713,0.0020679
0.00038092,-0.019417,0.00063948
-0.0034812,-0.021636,-8.6904e-05
-0.0038912,-0.024063,0.0023939
-0.0033624,-0.026272,0.0017855
-0.00057295,-0.027155,0.0032368
-0.00032964,-0.027989,-0.0006342
-0.0022974,-0.027547,-0.001548
-0.00063011,-0.030176,-0.00080305
0.00032287,-0.031707,0.0013439
0.0019743,-0.031985,0.0032966
0.0028168,-0.032841,0.00086651
0.0029122,-0.033771,-0.0029981
0.0026014,-0.033476,-0.0053057
-0.0012379,-0.034584,-0.00052979
-0.0031192,-0.031344,0.005695
-0.00033994,-0.028268,0.0024037
0.00012073,-0.025139,-0.0024066
-0.001138,-0.018681,-0.0046615
-0.0012698,-0.012814,-0.0030848
-0.00032762,-0.010402,0.0018527
-0.0006771,-0.012184,0.0062775
-0.00020662,-0.014207,0.0072872
0.003147,-0.015816,0.0018102
0.002516,-0.016054,0.002163
-0.00075066,-0.016084,-0.00052263
-0.0017818,-0.015946,0.004318
-0.0040973,-0.016013,0.00042472
-0.0017804,-0.014525,0.0023199
0.0021126,-0.012804,-0.00029999
0.0026108,-0.011176,-1.6529e-05
0.0004545,-0.0083636,0.0009345
-0.00041547,-0.0065163,-0.0016163
-0.0013288,-0.0049283,-0.00047862
-0.00076155,-0.0034706,0.00017772
0.0011445,-0.0025644,0.00046683
0.00017959,-0.0019389,0.0002301
-0.00094913,-0.0016805,0.00098907
-0.0010337,-0.0016783,0.002305
-0.0018258,-0.0017005,0.0018798
-0.0017954,-0.0018931,0.003547
0.0017873,-0.0017433,7.1166e-05
0.003417,-0.0016512,0.00087868
0.0032893,-0.00189,-0.00090433
-0.0006022,-0.0014902,-0.0027272
-0.0018473,-0.0013669,-0.0017176
-0.0047415,-0.001281,0.0010142
-0.0053822,-0.0015853,0.00123
-0.0068083,-0.0017809,0.0026276
-5.9093e-05,-0.0022341,0.0024788
0.0023695,-0.0019601,0.00018359
0.002846,-0.0023426,-0.00081525
0.00059714,-0.0025934,-0.0017178
-0.00085051,-0.0027459,-0.0032871
-5.925e-05,-0.0019538,-0.0020435
-0.0013245,-0.0020809,0.00026501
-0.00083708,-0.0028005,-0.00032699
0.00035738,-0.0026154,0.0017768
-0.00043107,-0.0026727,0.00088072
-0.00068094,-0.0018134,-0.00025589
-0.00050745,-0.0018267,-0.001098
-0.00084976,-0.0016086,-0.0027069
0.00049607,-0.0013472,-0.0015759
-0.00046993,-0.00097864,-0.0016909
1.7133e-05,-0.00039568,-0.00095686
0.001495,-0.00082251,0.00011638
0.0011817,-0.00079841,8.7192e-05
-0.0010413,-0.001033,0.00049439
-0.0017271,-0.0010783,0.0016355
-0.0013808,-0.0011621,-0.00079258
0.0010959,-0.001318,-0.00016422
0.00059142,-0.0019009,-0.0012955
-0.00024504,-0.0017429,-0.0015181
-0.0011502,-0.0018992,-0.00086319
0.00051444,-0.0018126,-9.5862e-05
0.0027181,-0.0018582,-0.00084504
0.0028393,-0.0013743,-0.0010162
-0.00026915,-0.00062985,0.00011349
-0.0028065,-0.00051659,-0.0019595
-0.0025425,-0.00032983,-0.00052257
0.00025566,-0.00045189,0.00026036
0.0024051,0.00046179,0.00070338
0.0030781,0.001132,-0.0010301
0.0019512,0.002191,-0.0016833
-0.001998,0.0037689,-0.002355
-0.00052033,0.004411,0.00081309
0.0014599,0.0042077,0.0013434
0.0021214,0.0033387,0.0043142
-0.0021206,0.0028272,0.0024848
-0.0036137,0.0028215,0.0028824
-0.0054231,0.002093,-0.0028275
-0.0062465,0.0021308,-0.0058415
-0.0029732,0.002135,-0.0021135
0.0053044,0.0016173,-0.0059949
0.008319,0.0005705,-0.00084038
0.0055755,-0.00027133,0.003731
-0.0012289,-0.00042046,0.0014165
-0.0026956,-2.2875e-05,0.0020933
-0.0040865,-6.8219e-05,2.1326e-07
-0.0032238,0.00021584,-0.000829
-0.0023889,0.00097926,-0.0026922
-9.2444e-05,0.00076688,0.00050628
0.0026631,0.00018929,-0.00014108
0.00071484,-0.00051703,0.0016019
0.00061113,-0.00092768,0.00042027
-0.00016353,-0.0012111,0.00019705
-0.00082884,-0.0017994,-0.00010838
-0.0011668,-0.0016546,-0.00099838
-0.00053091,-0.0018559,-0.001013
4.2815e-05,-0.0019058,-0.00044056
0.00027676,-0.0019066,6.3216e-05
0.00059305,-0.0019608,-0.00058957
0.00029325,-0.0019293,-0.00044241
0.00013918,-0.0016617,-0.0015895
0.00055559,-0.0013828,-0.00098834
-0.00042296,-0.0012011,-0.0014626
-0.00054192,-0.00095549,-0.00060134
-0.00034161,-0.00074876,-0.0011376
-0.00035042,-0.00019322,-0.00067252
0.00041913,0.00019559,-0.00088338
0.00059331,0.00058646,-0.00094897
0.0010503,0.00043839,-0.00091542
0.00015951,0.0012245,-0.001361
-0.00013232,0.0021588,-0.0011453
-0.00079585,0.0030632,-0.0015134
-0.0013526,0.0031746,0.00039313
-3.9374e-05,0.0029577,-0.00018656
0.00078218,0.0028846,0.00043506
0.00050371,0.0025174,0.00019114
0.00027687,0.0023183,0.00028434
0.0002519,0.001799,-0.00022503
0.00010272,0.0014777,0.00066558
-0.00088263,0.0014883,-0.00015739
8.1813e-05,0.0013519,4.4056e-05
0.00054586,0.00096787,0.00027923
0.00064899,0.0012358,0.00062167
0.00053327,0.00093382,0.00026452
-0.00091847,0.00050774,-8.062e-05
-0.0014192,-0.0011559,0.001318
-0.00045597,-0.0025564,0.0016003
0.00069804,-0.0046024,0.0014922
-7.1061e-05,-0.0065107,0.00035791
4.2066e-05,-0.0082422,0.00075476
-0.00052278,-0.0093287,0.00016443
-0.00068719,-0.0099572,-0.000191
-0.00093451,-0.010418,-0.0005402
-0.00097848,-0.010768,-0.00021204
-0.00029405,-0.011209,-0.0002794
0.0019941,-0.011536,0.0015878
0.0032896,-0.012128,0.00021129
0.00026816,-0.01352,0.0014224
-0.0027228,-0.015685,0.0016583
-0.0010989,-0.017581,0.0013953
0.0016455,-0.018886,0.0011899
0.0021336,-0.020037,0.00011406
-0.00010849,-0.020219,-0.00098112
-0.00078311,-0.020621,-0.0018783
-0.0009567,-0.020736,-0.0012269
0.0001686,-0.021659,0.00055861
-7.8225e-05,-0.022264,-0.00068829
0.0014685,-0.022788,0.00026159
0.0013838,-0.023335,-0.00099174
0.0018266,-0.023492,-0.0008317
-1.3306e-05,-0.023564,-0.00053273
-0.0011498,-0.023601,-0.00093207
-0.0014081,-0.023713,-0.00041781
-0.0020081,-0.024166,0.00034634
-0.00099042,-0.024095,0.0023592
0.0014465,-0.024511,0.00011589
4.8262e-05,-0.024438,-0.00062808
-0.0016727,-0.023349,-0.0016028
-0.0020417,-0.021559,-0.0020823
0.0033124,-0.021444,-0.0019737
0.0033324,-0.021121,-0.00077172
0.00057039,-0.020041,-0.0019115
-0.00047176,-0.018112,-0.0021592
0.0003705,-0.015627,-0.0011885
0.00024642,-0.012488,-0.0039091
-0.0015962,-0.010021,-0.0036772
0.001222,-0.0074701,-0.0018039
0.00085349,-0.0054106,-0.0013963
0.00054223,-0.0043651,9.7812e-05
0.0024959,-0.0030446,2.5148e-05
0.0017918,-0.0023336,-0.00069945
-0.00050677,-0.0018441,0.00012692
-0.0001669,-0.0014136,-0.00091423
-0.0010684,-0.00060709,-0.00077024
-0.00044673,0.00017562,-0.00014617
-7.4421e-05,0.0012111,-0.0016439
0.00055991,0.0027229,-0.00043514
-0.00059486,0.0041741,-0.0018083
-0.0012431,0.0056149,-0.0017365
-0.00082113,0.0061502,-0.00028243
-0.0005685,0.0066926,-0.00046721
0.00034688,0.0071503,-0.00037051
0.00035294,0.0077811,-0.00042017
-0.00010167,0.0086782,-0.00010875
-0.0010858,0.0087529,0.00071983
-0.00063544,0.0084775,0.0021773
-0.00041972,0.0079423,0.003068
0.00027379,0.0058792,0.0048166
0.00041421,0.0033605,0.0048065
0.0003455,0.0019853,0.0033083
-0.0010538,0.0019365,0.0017327
-0.00076153,0.0019783,0.0012744
0.00012573,0.0017688,0.002269
0.00030241,0.0012556,0.0031479
-8.1743e-05,0.00078309,0.0031768
-0.00050005,0.00057766,0.0032083
0.0011301,0.0006026,0.0025881
0.00068335,0.00050542,0.0020979
-0.0012113,0.00029205,0.0010589
-0.0012273,0.00062968,0.0019924
-0.00050486,0.00057795,0.002209
-0.00052731,0.00047578,0.0017382
-0.00051306,0.00047099,0.00091735
-0.0003852,0.00054196,-3.5338e-05
-0.00063643,-0.0005926,0.00025965
-0.0010475,-0.002737,0.0019279
-0.0014814,-0.0043023,0.00057454
-0.001772,-0.0050805,0.001714
-0.00023541,-0.0067338,0.00095226
0.0010475,-0.0074681,0.0011869
0.0011276,-0.007926,0.00064855
-0.0010396,-0.0069225,-0.00081705
-0.0025002,-0.0064513,-0.0016961
-0.00029185,-0.0067987,9.5587e-05
0.00063041,-0.0065608,-0.002009
0.0010752,-0.0061494,-0.00057078
4.5789e-05,-0.0062432,-0.001308
-0.00036972,-0.0059997,6.1322e-05
-0.00050537,-0.0060198,-0.00013421
-0.0011102,-0.0071648,0.00033666
-0.00060966,-0.0084785,0.00084191
0.00049603,-0.010099,0.00043866
0.00088221,-0.012045,0.00030835
0.0008988,-0.013024,0.00010333
0.0012697,-0.013762,-0.00093695
0.0010176,-0.014043,-0.00049896
0.00044998,-0.014823,0.00072886
0.00038346,-0.015907,0.00044595
0.00090916,-0.017089,0.0021189
-0.00032488,-0.018798,-0.00036194
-0.0014097,-0.021934,0.00067771
-0.0011189,-0.023719,4.2183e-05
-0.00037254,-0.025385,-0.0014134
0.00051254,-0.026866,-0.0029184
0.00058324,-0.026987,-0.0047489
-0.0003315,-0.025402,-0.0062794
0.0014486,-0.023553,-0.0048926
0.003404,-0.023422,-0.0025288
0.0035042,-0.022983,-0.0019096
0.001964,-0.024023,-0.0010044
-0.0012512,-0.026431,-0.0012217
-0.0026831,-0.027631,-0.0024406
-0.0020427,-0.028438,-0.0048016
-0.0011869,-0.029363,-0.0037917
-0.00092836,-0.029149,-0.0024791
-0.00071916,-0.028105,-0.0021199
0.00035969,-0.028645,-0.0025266
0.00086843,-0.028951,-0.0036446
0.001166,-0.029279,-0.0017047
0.0007894,-0.031018,-0.00041
0.00094155,-0.030409,0.001142
0.00067204,-0.030222,0.00064496
0.0012108,-0.031175,0.0010651
0.0024502,-0.031435,0.00031435
0.0021313,-0.030897,0.0011253
0.00051689,-0.031664,-0.00042646
0.00099221,-0.031713,0.0023661
0.0013741,-0.030894,-0.0012754
0.0014698,-0.030963,-0.0027214
-0.0007107,-0.030595,-0.0021481
-0.0028346,-0.029134,-0.00068726
-0.0033491,-0.027302,0.0015399
-0.0012398,-0.025801,0.0019751
-0.0015054,-0.022533,0.0021141
-0.0015768,-0.021809,-0.00012931
-0.00040913,-0.022589,-0.00047294
0.00089366,-0.023796,-0.00046477
-0.00070734,-0.024217,0.00044505
-0.0038398,-0.025816,0.0047079
-0.0038524,-0.02672,0.0043502
-0.0059765,-0.026702,0.0066906
-0.0033888,-0.028342,0.0039635
0.0012229,-0.029212,0.0058137
0.002518,-0.029381,0.0056359
0.0068906,-0.029812,0.0082913
0.0026813,-0.027423,0.0028993
-0.0023991,-0.024613,-0.00033948
-0.0036187,-0.022741,-0.00072422
-0.003687,-0.019828,-0.0014978
-0.0018378,-0.017174,-0.0016737
0.00023251,-0.01374,-0.0024076
0.00097353,-0.010764,-0.0035489
0.00083044,-0.0069709,-0.0044634
-0.0010455,-0.0036853,-0.0045959
-0.0018776,-0.00074975,-0.0030564
-0.00044636,0.00066105,-0.0021269
0.0032857,0.0010867,-0.00055728
0.0023416,0.00095412,0.00011246
-0.00041863,0.0010678,0.00014185
-0.0025673,0.001196,-0.0012617
-0.0028156,0.0014768,-0.00064932
-0.0017808,0.0018793,-0.002147
0.00031281,0.0022978,-0.0013488
0.001996,0.0024838,-0.0012811
0.0023928,0.0030855,-0.0021441
0.0025463,0.0032641,-0.0017955
-0.0014676,0.0038217,-0.0024419
-0.0056759,0.0044839,-0.0018645
-0.0033867,0.0054379,-0.0034362
0.00016851,0.0060646,-0.00013144
0.00030704,0.0063703,-8.4064e-05
0.00027484,0.0064159,0.0017654
-0.0016286,0.0060368,0.0024547
-0.0019742,0.0062872,0.0030138
-0.0013791,0.0065891,0.0011926
0.0015875,0.0068632,-0.00037354
0.0023869,0.0073942,-0.0013515
0.0014146,0.0081383,-0.0012891
-0.0011593,0.0080716,-0.00046603
-0.0025901,0.0080236,-0.00029026
-0.00059748,0.0074056,0.00076742
-0.0012382,0.0069514,-0.0012346
-0.0027889,0.0061151,-0.00078389
-0.002902,0.0049618,0.00094427
-0.0018808,0.0036471,-0.0033825
0.0072713,0.0012519,0.0056289
0.0070964,0.0011799,0.0055139
0.0011936,8.9532e-05,0.0020573
-0.0045315,0.00023635,-8.3885e-05
-0.0020091,0.00097956,-0.0010643
-0.0015051,0.0013264,-0.0022594
0.0006847,0.00087949,-3.4814e-05
0.0021154,0.00018682,0.00099549
0.0062583,-0.00016506,0.0030842
0.0031237,0.00058448,0.0025069
0.00097976,0.00095666,0.00033538
-0.0017233,0.0005856,-0.00039103
-0.0024879,0.00059253,0.00058428
-0.00070483,0.00050603,0.001415
0.00038644,0.0008152,0.0010768
0.0020432,0.00036529,-0.00038827
0.0017463,0.000406,0.00097894
-0.0015489,0.00055012,-0.00049934
-0.0033868,0.00070316,-0.00096118
-0.0032621,0.00052582,-0.00035624
-0.00025347,-0.00052996,0.0010476
0.0017398,-0.0015606,0.0015975
0.0027035,-0.0019979,0.0010845
0.000788,-0.001918,4.9043e-05
-0.0017686,-0.0015949,-0.00014722
-0.0015362,-0.0016289,-0.00036169
0.00028299,-0.0014405,-0.00096042
0.0029763,-0.00066543,-0.0023397
0.00075535,0.0012879,-0.0040013
-0.0061212,0.0037341,-0.004928
-0.008082,0.0059446,-0.0062008
0.0016933,0.0076423,-0.0038464
0.0071294,0.0090297,-0.0040355
0.0054952,0.010394,-0.0035951
-0.00030097,0.011051,-0.0023427
-0.005811,0.011087,-0.0021581
-0.0042785,0.010835,-0.00056148
0.0019134,0.0097323,0.001465
0.0051964,0.007679,0.0026062
0.0020146,0.0059576,0.002184
-0.005213,0.0049113,0.0071072
-0.0048614,0.0038382,-0.0011988
0.0029124,0.005195,-0.0037528
0.0082739,0.0048134,0.002536
0.0030728,0.0046633,-0.005502
-0.0010706,0.003563,-0.0017871
-0.0036171,0.0020463,0.0011003
-0.0029804,0.001206,0.00098982
-0.0021589,0.00079075,3.8617e-05
-0.0034457,0.001361,-0.0054084
-0.0015538,0.003404,-0.0074417
0.0030297,0.0050053,-0.0043505
0.0090646,0.0058801,-0.0013724
0.0081793,0.0063909,0.00062046
-0.00076496,0.0065696,0.0038185
-0.0039689,0.0074451,0.0025959
-0.0027571,0.0081471,0.0015255
-0.0011704,0.008517,-2.2923e-05
-0.00091102,0.0088657,0.00044499
7.3894e-05,0.0088791,0.0011562
0.0010774,0.0085741,0.0010405
0.00015197,0.0081144,0.0011922
-0.0017049,0.007161,0.0011817
-0.0016238,0.006881,0.0013296
-0.0010371,0.0069968,0.00052897
-0.00093792,0.0062724,0.0019923
4.8239e-05,0.0042392,0.0033392
0.0020812,0.002795,0.003391
0.002656,0.0023786,0.0029967
-0.00075122,0.0025562,0.0013582
-0.0046075,0.0028537,0.00021531
-0.0037345,0.003223,-5.1567e-05
-0.00057947,0.0030467,0.0010607
0.0012722,0.0032417,0.0013988
0.00083635,0.0030676,0.0012129
-0.0016167,0.0023869,0.0012377
-0.0013813,0.0019974,0.00014394
0.00055936,0.002156,0.00040914
0.0012277,0.0019253,-0.00057532
0.0013174,0.001882,-0.00092753
0.0003157,0.0015945,-0.00068163
-0.0022057,0.0019201,0.00091839
-0.0022085,0.0020293,0.0013471
-0.00060053,0.00186,0.00081743
0.0016309,0.0015134,0.0017695
0.0029554,0.0014104,0.0032084
0.00082838,0.0019789,0.0019534
-0.0016456,0.0020378,0.00036412
-0.0029653,0.0020924,-8.3656e-05
-0.0022082,0.0017815,-0.0023489
0.00061083,0.0022607,0.001606
0.0035171,0.0019536,-0.001276
0.0020043,0.0023127,0.00020498
0.0008055,0.0022025,-8.0477e-05
0.0021005,0.0031331,-6.7814e-05
0.0023357,0.0032447,-0.0010139
-0.00040604,0.0032199,-0.0036671
-0.0027551,0.0032863,-0.0015012
-0.0023056,0.0026362,-0.00046871
0.0013916,0.0025702,-0.0010808
0.0035708,0.0019046,0.0015488
0.0024296,0.0021158,0.0011661
0.00042015,0.0024425,0.00099789
-0.0012873,0.0021178,0.00020888
-0.0011347,0.0021388,0.0014703
-0.0015865,0.0020429,0.0011653
-0.0011196,0.0020778,0.00083926
-0.00029687,0.0020528,0.00039246
0.001485,0.0020554,0.0016735
0.001747,0.0016531,0.00058188
0.0015593,0.0013496,6.4026e-05
-0.00032467,0.0013384,0.00084015
-0.0015156,0.0013159,0.0003361
-0.0017223,0.0015285,-0.0005868
0.00027262,0.0012956,5.1054e-05
0.00058706,0.0013511,-0.00054823
-4.4853e-05,0.0011356,0.00083126
-0.0029423,0.0010156,0.00050441
-0.0048949,0.0011628,0.0019021
-0.0054021,0.0012784,0.00061483
-0.0027611,0.0016235,0.0017679
6.7788e-05,0.0013081,-2.635e-05
0.0023445,0.0010625,-6.7094e-05
0.0027471,0.0013038,-0.0012298
0.0027919,0.0010745,-0.0016723
0.0025588,0.0011356,0.00012667
0.00068406,0.00020993,0.0010483
-0.00111,-0.00050144,0.0011663
-0.0019726,-0.00094929,-0.00095087
-0.0025934,-0.0011181,-0.00054358
-0.0003368,-0.00090329,0.0013569
3.7155e-05,-0.00049427,0.00072882
0.0012528,4.166e-05,-0.0010745
0.0027684,0.0010139,-0.00038507
0.0014891,0.0018179,-0.00013677
0.00073693,0.0020983,0.001995
0.00041094,0.001905,0.0017705
-0.001134,0.0020612,0.0024825
-0.0012277,0.0015213,0.0022729
0.0014128,0.0014651,0.00079595
0.00087663,0.0020425,-0.00035008
0.000511,0.0017976,-0.0018366
0.0027746,0.0017039,0.00080557
0.005638,0.00061895,-0.00016728
0.0039684,0.0010859,0.00075518
0.00060383,0.00053564,-0.001556
0.0001468,-7.7475e-05,0.0010128
0.0023862,-0.0012487,0.00018421
0.0016103,-0.0019909,-6.5054e-05
-0.00016439,-0.0040934,-0.0014901
-7.6068e-05,-0.0058508,-0.00093046
-0.0014171,-0.0064496,-0.0023209
-0.0012351,-0.0093233,-0.0013404
-0.00018334,-0.011584,0.00025188
0.00097411,-0.012808,0.0011126
0.00050671,-0.015361,0.00095263
-0.00092332,-0.017606,-0.00089166
-0.0022236,-0.018017,-0.0030017
-0.0016304,-0.016521,-0.0045398
-0.0030305,-0.012164,-0.002952
-0.0051587,-0.0082055,-0.0015237
-0.0035776,-0.0073736,0.0014023
-0.0001059,-0.0051348,0.00026115
0.0018946,-0.0026604,-0.0010753
0.0011874,-0.0017261,-0.0015294
-0.00033605,-0.0006525,-0.00013228
0.0018538,0.00058389,0.00077197
0.0048143,-0.0004068,0.0020203
0.0043752,-3.534e-05,0.00023107
0.00026131,0.00051434,-0.00058176
-0.0013338,-0.00054953,-0.00058714
-0.00061584,0.00014044,-6.3752e-05
-0.00052245,0.00019986,-1.0043e-05
-0.00021841,-0.00031637,0.00036109
0.00048433,3.0333e-05,5.5837e-05
-0.00028675,1.6207e-05,-9.8816e-05
-0.00046457,-0.00015924,-5.7669e-05
0.00031111,8.932e-05,9.1632e-05
2.1265e-05,-6.5562e-05,5.9907e-05
-0.00037396,1.9764e-05,-3.4433e-05
0.00015576,3.6196e-06,-3.0964e-05
0.00013034,-4.5477e-05,0.00014052
-0.00012221,9.4848e-05,2.7703e-05
-7.4596e-05,-1.8144e-05,-7.3368e-05
0.00011608,-3.2551e-05,2.7798e-05
1.2116e-05,6.4257e-05,6.1522e-05
-0.00020332,-1.6987e-05,-1.6246e-05
7.5673e-05,-5.8015e-05,-7.8855e-05
3.8227e-05,2.6886e-05,9.327e-07
-0.00014593,3.778e-05,2.9453e-05
7.3099e-05,0.00012137,-4.8716e-05
-1.3862e-05,-2.6966e-05,6.1226e-05
3.3436e-05,4.5343e-05,8.4526e-07
-0.00011227,7.1437e-06,6.232e-05
9.7642e-05,6.3115e-05,-4.3153e-05
-0.00011255,3.6554e-05,5.9317e-05
3.9184e-05,9.5269e-05,3.9632e-05
1.3622e-05,4.9911e-06,-2.0591e-06
2.6333e-05,-2.8806e-05,-3.3185e-05
-2.7762e-05,5.0731e-05,2.568e-05
-2.2226e-05,9.9921e-05,-1.4596e-05
2.5052e-05,4.3873e-05,-5.9104e-05
-3.5297e-05,7.2812e-05,9.9289e-06
-2.8073e-05,-5.9616e-05,-1.487e-05
-3.2645e-05,6.5207e-05,-1.597e-05
7.5966e-05,9.2131e-05,3.0202e-06
-9.8031e-05,-7.9519e-05,-6.1163e-05
8.0065e-05,7.5157e-05,1.5875e-05
8.4133e-05,9.976e-05,3.0865e-05
-0.00012667,5.489e-05,2.5257e-05
0.00011356,7.1727e-05,-1.0455e-05
-1.2094e-05,5.7764e-05,1.044e-05
5.0388e-05,5.6633e-05,-2.0873e-05
-6.1646e-05,0.00011938,2.0826e-05
5.3736e-05,-9.9429e-05,-4.1348e-06
-5.0755e-06,0.00015499,4.7367e-06
1.0135e-05,-1.5764e-05,2.7768e-05
-6.2005e-07,0.0001181,-5.8793e-05
-8.8468e-06,4.0186e-05,1.809e-05
5.5051e-05,7.6631e-05,-9.3758e-05
-7.0525e-05,-1.4605e-05,2.1125e-05
8.0022e-05,3.3421e-05,-3.4347e-05
-5.6001e-05,0.0001204,1.1399e-05
7.6834e-06,-4.8152e-05,-3.6278e-06
-1.3995e-06,2.7997e-07,-2.7541e-05
-1.1144e-05,5.3664e-05,-1.1216e-05
2.322e-05,8.1579e-05,-3.1876e-05
0.00015943,-0.00018673,0.00024966
0.00078966,-0.00056114,-0.00016768
0.00074957,-0.00023514,-0.00010212
0.00041529,-0.00036784,-0.00022425
-0.00013081,-0.00078615,-9.7551e-05
-3.8835e-05,-0.00063519,-0.00020041
4.1035e-05,-0.00084465,-0.00039442
0.00013627,-0.0012714,-0.00033681
0.0008537,-0.0016816,-0.00023121
0.0024375,-0.0029049,-0.00022697
0.003485,-0.0046108,-0.0006725
0.0029557,-0.0066069,-0.00051337
0.0015214,-0.0089747,-0.00085806
-0.00018674,-0.011529,-0.00072861
-0.00037452,-0.014731,-0.0014034
1.0423e-05,-0.018145,-0.00057314
3.2838e-06,-0.021821,0.00084949
-0.0018736,-0.024908,0.0018192
-0.0032721,-0.028367,-0.00015333
-0.0035834,-0.031354,0.001605
-0.0021756,-0.034377,0.0019186
-0.0031989,-0.03716,-0.0027338
-0.0031023,-0.039144,-0.0039643
-0.0021383,-0.041791,-0.0044222
-0.0023568,-0.043534,-0.0037017
-0.0010555,-0.046335,-0.0034942
-0.0015128,-0.048268,-0.00067052
0.00056107,-0.048989,-0.0010509
0.0028145,-0.049019,-0.00021206
0.00032136,-0.05017,-0.0011963
-0.004054,-0.049607,-5.7445e-05
-0.0040707,-0.048752,0.00087173
-0.0035001,-0.04894,-0.00018036
0.0032242,-0.047708,-0.00057682
0.00012614,-0.046875,-0.0033263
-0.0030526,-0.044957,0.0029154
-0.0022114,-0.041013,0.002824
-0.00038545,-0.038389,0.0025624
0.0014987,-0.03684,0.0039228
0.00067631,-0.036235,0.0091174
0.00021148,-0.035924,0.0073057
0.0011006,-0.034914,0.0017792
-0.0016921,-0.033121,0.00014487
0.0012647,-0.031332,0.0016426
0.002323,-0.029421,-0.00012153
0.002472,-0.026857,-0.0017981
0.0011709,-0.023751,-0.0030795
0.00043783,-0.020661,-0.0033938
0.0004679,-0.01659,-0.0033828
0.00097707,-0.012963,-0.0033438
4.8729e-05,-0.0092742,-0.0024751
-0.00040119,-0.0068781,-0.0024789
-0.0020335,-0.0044578,-0.0024583
-0.00086189,-0.0020883,-0.0016751
0.00092347,-0.00040184,-0.00092901
0.00097556,-0.00028425,-0.0010474
-0.0012312,-0.00059163,0.0014676
-0.0035768,-0.0008532,0.00085238
-0.004776,-0.00088729,0.00010778
-0.0033304,-0.0013103,0.00024466
-0.0014372,-0.0013596,0.00033877
-0.001891,-0.0014844,-6.4038e-05
-0.0012727,-0.001873,0.00017955
-0.0015289,-0.0019168,0.00036046
-0.0020305,-0.0018436,-8.4792e-05
-0.00051325,-0.0016572,-0.00050795
0.00349,-0.0018075,-0.00097328
0.0040514,-0.0017323,-0.0010331
-0.00019455,-0.0014746,0.00022123
-0.0036597,-0.0016709,-0.002111
-0.0031801,-0.00068831,0.0016604
0.0014735,-0.001256,0.00085904
0.00072966,-0.00010506,-0.002578
0.0012998,-6.0682e-05,0.00099487
0.0019078,0.00050537,0.00068941
0.0029322,0.00030563,0.0012574
0.0036954,-0.0001341,0.0014905
0.00038922,-7.3271e-05,0.001685
-0.0053442,-0.00021924,0.0014615
-0.0070691,-8.7726e-05,0.001474
-0.0043979,0.00011761,0.0015937
0.0024193,-1.9337e-05,0.0029694
0.0045487,3.5737e-06,0.0050854
0.0045837,-9.632e-05,-0.0010204
0.0039465,0.00042877,-0.0016048
0.0035086,0.00021443,-0.0011521
-0.0040606,0.001134,-0.005376
-0.0017553,0.00069391,-0.0038408
-0.0017437,-4.1662e-05,-0.00031312
-0.0021147,-0.00031863,0.00060791
-0.00062711,-0.00050852,0.0016924
-0.0013191,-0.00059287,0.0015959
-0.0017154,-0.00059904,0.001597
0.00090331,-0.00063401,0.00094673
0.0034884,-0.0004553,0.000599
0.0030081,-0.0006849,-0.00031991
-0.00049695,-0.0006326,-0.0014534
-0.0036546,-0.0005622,-0.0015204
-0.0044042,-0.00043711,-0.0012503
-0.0025212,-0.00046807,-0.0020171
0.002573,-0.00031629,-0.00050084
0.0017637,-0.00054634,0.00076059
0.00051649,-0.00050434,-0.00016451
0.00090106,-0.00040078,0.00093302
0.00086499,-0.00045493,0.0011197
-0.0019105,-0.00053727,-7.1537e-06
-0.0016627,-0.00026665,-0.00027001
-0.00011857,0.00049173,-0.00029787
0.00099093,0.0012416,-0.00033316
0.0012859,0.0013741,0.00080714
-0.00015087,0.00097142,0.000843
-0.00099475,0.00099464,5.8292e-05
-0.0012985,0.0011,-0.00016943
-0.00081426,0.001405,-0.0010716
-0.0010883,0.001792,-0.0013158
0.0026281,0.0016817,-0.00074694
0.006059,0.0016594,-0.00056969
0.0059926,0.0014717,0.00060698
0.0013058,0.0017686,0.00014867
-0.0036612,0.0027455,-0.0016252
-0.0066035,0.0038521,-0.00084746
-0.0060849,0.0037424,-3.5904e-06
-0.00064732,0.0030833,0.0017155
0.0076778,0.0021293,0.0026363
0.011,0.0012082,0.0026094
0.0072605,0.00069262,0.001104
0.0018479,0.00045541,-0.001144
-0.0019135,2.7739e-05,-0.0033549
-0.002806,0.00034821,-0.0006221
-0.0056004,-0.00044165,-0.0034955
-0.0072511,-9.001e-05,-0.002364
-0.0048657,-0.0016952,0.0027414
-0.0037775,-0.0017357,-0.00029307
-0.0064582,-0.0015878,0.00064317
-0.0022937,-0.0016414,0.0014062
0.0025822,-0.0015456,0.0018453
0.0039003,-0.00089608,0.003721
0.0082145,-0.0010214,-0.00019166
0.010396,-0.00027605,0.0020391
0.0084272,-0.00069541,0.002285
-0.0031892,-0.00047132,-0.0007232
-0.0053429,-0.00061643,-0.00075466
-0.0048002,-0.00096735,0.0012938
-0.0013332,-0.00096239,-0.00066631
0.0022657,-0.0012017,-0.0013068
0.0029807,-0.00173,0.00028538
-0.0033175,-0.0016327,-0.00086905
-0.005139,-0.0016156,-0.00021628
-0.0015508,-0.0019069,2.5995e-05
-0.00076621,-0.0016025,0.00040524
0.00026396,-0.0016764,-0.00043584
0.00063064,-0.0016245,0.00084797
-0.00069144,-0.001646,-0.00044908
-0.0024845,-0.00074592,-0.0012226
-0.00010859,-0.00034263,-0.00019916
0.0020743,9.0468e-06,-0.00017365
0.0024471,-9.4201e-05,-0.00030775
-0.0010707,-0.00036237,0.0013727
-0.0042998,-0.0012142,0.00086193
-0.0047138,-0.0017479,0.0017333
-0.00027653,-0.0015899,7.8767e-05
0.0016442,-0.0011503,-0.00027783
0.0031119,-0.001157,-0.0013967
0.0030435,-1.0809e-05,-0.00042099
-0.0004541,0.00095624,-0.0009778
-0.0018428,0.0014599,0.00066378
-0.0011346,0.0013879,0.00068683
0.00032945,0.0014272,-0.00013361
0.00054444,0.0015801,-7.2844e-05
-0.00050661,0.0015249,-0.00059483
-0.00076769,0.0016105,-0.00082861
-0.00011677,0.0014257,-0.00079421
0.002328,0.0012864,-0.001708
0.001555,0.0016289,0.00097991
0.0011457,0.0016801,-0.0012972
0.0028051,0.001935,-0.0034224
0.002863,0.0016373,0.0046542
-0.00091842,0.0018156,0.0021016
-0.0025167,0.0017581,0.0019435
-0.0013516,0.00072597,-0.00093465
0.004281,0.0010104,-0.0039102
0.0079542,0.00092082,-0.005402
0.0032414,-5.2329e-06,-0.0063731
-0.0025624,-0.00099366,-0.0029444
-0.0013232,-0.0023289,-0.0015906
-0.00024903,-0.0025042,0.0015519
-0.0025155,-0.001858,0.0067447
-0.0030345,-0.0016277,0.0049538
-0.0066758,-0.0018357,0.00070027
-0.0094917,-0.002048,0.0038816
-0.0050961,-0.0017747,0.0049053
0.0014584,-0.0012859,0.0036385
0.0069293,-0.0020232,-0.0014536
0.0068015,-0.0013975,0.00096838
0.0035152,-6.3382e-05,-0.0020759
0.002581,0.0013507,-0.00073871
0.00088097,0.00094507,-0.0041086
0.00025625,0.0011122,0.003102
0.0020527,-0.00045259,0.0016801
-3.1225e-05,0.00047177,-0.00071454
-0.00028202,0.00023235,0.00061214
-0.0014703,0.00097628,-0.0042298
-0.001142,0.00090896,-0.00085752
-0.0026786,0.00049064,0.00065269
-0.00027568,0.0009262,0.0024816
0.0045204,0.00042777,0.0019141
0.00509,0.00051977,0.00091195
-0.0029873,0.00018845,0.0004189
-0.0054501,0.00075248,-0.0042668
-0.0017161,0.0011469,-0.0038786
0.001206,0.0011241,-0.0011728
8.2656e-05,-0.00012789,-0.00149
-0.0015966,0.0003673,-0.00035176
0.0021399,-0.0011621,0.0026646
-0.001848,0.00013217,-0.0014868
-0.0013849,-3.9957e-05,0.00016571
-0.0044978,0.00018025,-0.0027656
-0.0026259,0.00078961,0.0011258
-0.0004397,0.00089974,0.00024606
-0.0016194,0.0013064,0.0017514
0.0012812,0.0012437,-0.0020082
0.0040872,0.00093353,0.0012135
0.0058553,0.0013402,-0.0017393
-0.002134,0.0011036,-0.0017118
-0.0031934,-6.7903e-06,-0.00089546
0.0013878,-0.00042856,0.0012411
0.0023762,-0.00035907,0.0028653
0.0014832,0.0001349,-0.0010954
-0.00052755,0.0007566,-0.0012843
-0.00077138,0.0003081,0.0024487
-0.00029021,0.00072571,0.0014075
-0.00032225,0.0014436,0.0031055
0.0001364,0.0011389,0.0014914
-0.00051029,0.0017695,0.0026737
0.0010516,0.0017278,0.0019031
0.000257,0.0019596,-0.00011249
0.00087627,0.0020626,-0.0028366
0.00034822,0.0021773,0.0071862
0.0062778,0.00063361,-0.00022863
0.0083312,0.001344,-0.0020588
0.010634,-0.0026578,0.0048697
0.0011237,-0.0040742,0.00087074
-0.0044718,-0.0055627,-0.0036022
-0.004328,-0.007915,-0.0016635
-0.0095797,-0.0083373,-0.0023063
-0.0099286,-0.0082026,-0.0042515
-0.0081206,-0.0073061,-0.003524
-0.0026276,-0.0063565,0.0014238
0.00096642,-0.0052897,4.9707e-05
0.0024842,-0.001831,-0.0084544
0.0043776,0.0017967,-0.002083
0.002364,0.0027652,0.0029063
0.00023601,0.0028099,0.0036086
0.0017292,0.0018229,0.002472
0.0032896,0.0019857,0.0062398
0.0054503,0.001408,0.0010162
0.0024181,0.0018632,3.2401e-06
-0.00036596,0.00096952,-0.0013158
-0.0056045,0.0012865,-0.0021893
-0.0027143,0.00081917,-1.5184e-05
-0.001521,0.001029,0.0020731
0.00039091,0.00090289,0.0029395
0.0025183,0.00081976,0.0028958
0.0061202,-0.00031816,0.00027985
0.0033039,0.00041763,0.001428
-0.0032256,0.00059837,-0.0029388
-0.0065105,0.00080961,-0.001482
-0.0051352,7.99e-05,0.00063258
-0.0017512,0.00041215,-0.0014982
-0.00042654,0.00045087,-0.00048384
-4.161e-05,5.3342e-06,-0.0005471
0.0018654,0.00032968,-0.0029403
0.0037917,0.00014567,0.0019534
0.0029795,7.9825e-05,-0.00013554
0.00078063,0.00061515,0.00063284
-0.0016896,0.00029722,0.0041144
-0.0052688,0.00029917,0.0019169
-0.0046483,0.00060745,-0.0020647
0.0026235,0.00027974,-0.0024081
0.0030987,0.00033097,-0.0042498
0.0015537,0.00085003,-0.0031763
-0.0013758,0.00080144,-0.002764
-0.00097702,-0.00041331,0.0010854
-0.0027827,-0.00092601,0.0020203
-0.0029276,-0.001324,0.0016625
-0.00011089,-0.0011628,0.00064562
0.0023044,-0.0011939,-0.00049271
0.0019235,-0.0012321,-0.00063432
-7.5096e-05,-0.0014382,-0.0011828
-0.0016211,-0.0014937,-0.0003684
-0.0042137,-0.0013558,0.00035399
-0.0058713,-0.0011137,-0.00043609
-0.0031881,-0.00082156,0.00012588
0.0024364,-0.00067905,-0.00061135
0.0055807,-0.00047922,-0.00072489
0.0042752,-0.00064726,0.00040356
0.0008042,-0.00057354,0.0011284
-0.00031433,-0.00023346,0.0001348
-0.0010863,0.00010235,-1.4917e-05
0.00025467,0.0012053,-0.0020373
0.0023942,0.0021817,-0.0024586
0.005779,0.0021413,-0.0035952
0.0052516,0.0021527,-0.0031796
0.0027559,0.0024247,-0.0015258
-7.9175e-05,0.0028415,-0.0035156
-0.0015108,0.0030113,-0.0025895
-0.0022374,0.0029637,-2.4833e-06
-0.0010517,0.0032089,0.0027796
-0.0020626,0.0031935,0.001764
0.00028886,0.0033052,0.0012137
-0.0023369,0.0030992,-4.3342e-05
-0.0015061,0.0033418,0.00038291
-0.0035625,0.0036338,-0.001387
-0.00059585,0.0038295,-0.0023921
0.0035855,0.0038262,-0.00086558
0.0031574,0.0039832,-0.00015262
-0.0016902,0.0039529,0.0026463
-0.0049254,0.0042295,0.00045894
0.0033359,0.003697,0.0032699
0.010499,0.0035408,0.0014835
0.0073456,0.0043436,0.00046674
-0.0031512,0.0041727,-0.0001567
-0.0083213,0.0043607,-0.0020498
-0.0014507,0.0043696,0.00037669
0.0037122,0.0043092,0.00032555
0.0041248,0.0040224,0.00020773
0.0027371,0.0042125,-0.0010595
0.0021392,0.0042761,0.0003178
-0.00015048,0.0042051,-0.000267
-0.0054792,0.004407,-0.00080205
-0.0057907,0.0042526,0.00063549
-0.0021203,0.0041962,0.0013213
-0.0010265,0.0038385,0.00064251
-0.00020744,0.0031045,0.0031707
0.0034562,0.0020182,0.0026818
0.0050314,0.0011068,0.00018766
0.0022649,0.0009499,-0.00041931
-0.0013792,0.0009284,4.677e-06
-0.003524,0.00072252,-0.0009388
-0.0011479,0.00055917,0.0014142
0.0012271,-5.5197e-05,0.0019573
0.001888,-0.0003145,0.00099702
0.00039646,-0.00056021,0.000909
-0.001746,-0.00037485,0.00017745
-0.0040714,-0.00018139,0.0011304
-0.0046504,-0.00077159,0.0022233
-0.0011153,-0.0011616,-0.00035937
0.0014423,-0.00092954,0.0023047
0.0028234,-0.00052625,-0.0016307
0.00040548,-0.0010197,-0.0020888
0.00061141,-0.0013007,-0.00094477
-0.00027937,-0.0014437,1.1106e-06
-0.0011775,-0.0010967,-0.00072851
-6.4397e-05,-0.0010017,-0.0017489
0.0012949,-0.001524,-0.0015677
0.00045635,-0.0013224,-0.0012332
-0.0012712,-0.0016258,-0.00048
-0.00077003,-0.0019528,0.00081743
0.0049786,-0.0023734,0.00054307
0.0052242,-0.0024279,0.003821
-0.003554,-0.0021297,0.0035537
-0.010937,-0.0016373,0.00012634
-0.0091954,-0.0011063,-0.0028142
-0.0031523,-0.00066634,-0.00059881
0.0048736,-0.0005604,-0.0051421
0.0075077,-0.00059092,-0.0062687
0.0062365,-0.00095162,-0.0025012
-0.00080812,-0.00049852,-0.0038713
-0.0052467,-0.00040798,-0.0033535
-0.0019029,-0.0011475,-0.0018206
-0.0020323,-0.0015295,-0.0007557
0.0011925,-0.0020095,-0.0013158
