-0.00082746,-0.0011578,0.0026408
0.00094294,-0.0033594,0.00045803
0.0015382,-0.00039727,0.00020042
0.00036991,-0.0038334,0.0014875
0.0021148,-0.0018643,0.0011973
0.00018999,-0.0013676,0.00021111
-0.00072798,-0.0020985,0.00052189
0.00038839,-0.00010691,-0.00012676
0.0024427,-0.00096182,-0.00089614
0.002207,-0.0012197,-0.0012718
0.0035718,-0.0022375,-0.0011067
0.0014519,-0.0025884,-0.00085671
-0.0071358,-2.0454e-05,-0.0017812
-0.0097332,-0.00022748,-0.00060188
-0.0082532,-0.0026997,-0.00061924
0.0010667,-0.0019526,-0.0044
0.0065134,-0.001101,-0.0034754
0.0079024,-0.00016904,0.0014714
-0.00027979,-0.0011434,0.0011546
-0.0084373,-0.00018913,0.0016426
-0.0073127,-0.0015552,0.0013025
-0.001418,0.00037564,0.00098273
-0.00016979,-0.0006492,0.0013088
0.0028944,0.0019891,0.00091127
0.0045183,0.0010832,-0.0031045
0.0057448,-0.00012606,0.0030981
0.0059149,0.0014642,0.0021591
0.0060966,0.0020492,-0.0011252
0.00032699,0.0010059,-0.0014848
0.00020774,0.00039649,0.00045914
0.00092532,0.00027618,-0.0016006
0.0020235,0.00042009,-0.0010441
2.5059e-05,-0.00052949,-0.0038168
-0.00048284,-0.0012102,-1.1864e-06
-0.0017428,-2.8793e-05,0.0004392
0.00098411,0.0012943,1.278e-05
-0.00038191,-0.001049,-0.0016485
-0.00073106,-0.0014795,-0.00034893
-0.00038954,-0.00099084,-0.0005712
0.003089,-0.0011012,-0.00056012
-0.0014882,-0.0016209,0.00039462
-0.0013296,-0.00048708,0.00069268
-0.0024997,8.0476e-05,0.0020084
-0.0032035,-0.0002339,-0.00046292
-0.0012235,-0.0022822,0.0026585
0.0013303,-0.0010131,-0.00053601
0.00055635,0.0007449,-0.00049337
0.0014803,-0.00050903,-0.0013185
-0.00093338,-0.00036597,-0.00077956
-0.002118,-0.0034636,0.0014497
-0.0025354,-0.00093186,0.00013214
-0.00023108,0.00056096,-0.0020419
0.003293,-0.0020503,-0.0019772
0.0039467,0.0011555,-0.0021168
0.001348,0.00081865,-0.0015612
-0.0033291,-7.7236e-05,-0.0011385
-0.0029407,0.0016167,-0.0013047
-0.00072771,-0.0011368,0.0036801
-0.00028934,0.0020444,-0.00052162
0.003614,0.0006187,0.0032348
0.005408,-0.0012406,-0.0020623
0.0017272,-0.00020747,0.0024232
0.0038538,0.0013309,0.0010649
0.0040579,-0.0025247,0.0010454
-0.0022263,0.00023507,0.0026731
-0.006911,-0.00035203,-9.8024e-05
-0.0072363,5.4635e-05,0.0021386
0.0009543,2.7294e-06,0.0025298
0.0017592,-0.001545,0.0025339
0.002809,-0.00041184,0.0015319
0.0032597,0.0010014,-0.0037536
0.0055179,-0.00071498,0.00039886
0.00098662,0.00092012,-0.0051195
-0.0039611,-0.00021848,-0.0046243
-0.0021585,0.00022205,-0.0021785
0.00028724,-0.0014503,0.00081432
-0.0021306,-0.0013414,0.00089648
-0.00050327,-0.0010566,0.0039867
-0.000555,-0.0013793,0.0027646
-0.002742,-0.0018174,0.0018084
0.0022074,-0.0014648,0.00023209
0.0036868,0.00085334,0.0001539
0.0022296,-7.7652e-05,-0.0017432
-0.0024662,-1.586e-05,-0.0013503
-0.0058573,-0.00035552,-0.0012435
-0.0052914,0.0012518,-0.0009987
-0.00057064,-0.0019367,-0.00159
0.00091782,-0.0019355,0.00053002
0.00081147,-0.0011617,0.0014035
0.0013841,-0.0012634,5.8734e-05
-0.00018115,-0.00016638,0.00016057
-0.0011537,-0.0011167,0.002959
-0.0034357,-0.00057995,0.0016982
-0.00047981,-7.4072e-05,0.0026324
0.0012246,-0.0029176,0.00094564
0.0016251,-0.0033119,0.0011546
0.0006643,-0.0013083,-9.5199e-05
-0.00043425,-0.00033134,0.00028845
-0.0022589,-0.001884,-0.00018137
-0.00074214,-0.0033071,0.00042307
-0.0023087,-0.0013835,-0.00063419
-0.00099947,-0.0029967,-0.0036622
-0.0009573,-0.0026742,-0.00040028
0.00043661,-0.0030891,-0.0019754
0.0025915,-0.0020212,-0.0032712
0.0033174,-0.0035141,-0.0044823
0.0025505,-0.002775,-0.002069
0.0016106,-0.0032531,-0.003874
-0.001142,0.0020798,-0.0027664
-0.00056067,0.003699,-0.0031033
-0.0012407,0.0056077,-0.0017209
-0.00042118,0.0073021,-0.00057619
-0.0020312,0.0092557,-0.0001506
-0.0031835,0.011834,-0.00079664
-0.00045919,0.01342,0.0016324
-0.00062789,0.014209,0.0017238
0.0019512,0.018289,0.0013292
0.0048693,0.021227,0.00050708
0.0053206,0.023034,0.0017222
0.0027187,0.02614,0.0016432
0.00041016,0.029021,0.0023489
-0.0010818,0.03216,0.0032083
0.0027606,0.036795,0.0019367
-0.00080958,0.037702,0.0028985
0.00088482,0.039169,0.0032554
-0.00064855,0.040997,0.00067406
-7.9787e-05,0.04602,-0.0021998
-0.0021287,0.050298,-6.8547e-05
-0.0022578,0.048601,0.0012991
0.00012319,0.048443,0.0015621
0.0013153,0.050524,0.0006019
0.0052429,0.049043,0.00029464
0.0071717,0.051397,0.00089349
0.0032077,0.052478,-0.0033584
0.0025437,0.054843,-0.0047066
0.0011512,0.054921,0.0001256
-0.002987,0.052537,0.004208
-0.0027297,0.055119,-0.00067765
-0.0021487,0.05561,0.00063023
-0.002497,0.056427,0.0016884
-0.0049207,0.057404,0.0028751
-0.0014413,0.057972,-0.0038354
0.0021004,0.054844,-0.0048035
0.0066326,0.052497,-0.0010111
0.0031667,0.049994,0.00050691
0.00025278,0.044409,0.0056162
0.0020524,0.037113,0.0059659
0.0016205,0.030576,0.0057909
-0.0020312,0.0276,-0.0019109
-0.0042179,0.02487,-0.0076659
-0.0018491,0.023657,-0.0052956
-0.0028123,0.024859,0.0033238
0.00043114,0.020848,0.0063826
0.0022301,0.019377,0.0059918
0.0051493,0.013937,0.0014592
0.0056407,0.012894,-0.0036046
5.3658e-05,0.0092895,0.0011435
-0.0046015,0.0026323,0.0046657
-0.00069532,-0.00013599,0.0033775
-0.00025103,-0.0024522,-0.0011828
-0.0025236,-0.00092406,-0.0057479
0.0027999,0.0011924,0.0038833
-5.4772e-05,-0.0021229,-0.0010517
-0.00060069,-0.0016999,0.00091224
-0.00053466,-0.0027201,-0.00066169
-0.0019317,-0.00069093,0.0010575
-0.0016098,0.00083475,0.00069209
-0.00037965,0.00044744,-0.001968
-9.5724e-05,0.00051779,-0.0029577
-0.0047984,0.0013829,0.0011206
-0.00078491,0.0004272,0.0042256
-0.0028957,0.0036965,-0.004308
0.004375,-0.00027474,-0.0030848
0.0037388,-0.00011973,0.0018814
0.0015544,0.0015929,0.0013758
-0.0030147,3.2e-05,-0.0029927
-0.0031433,0.00020118,-0.0031807
-0.0041606,0.0014963,-0.0017891
-0.0061462,0.00077377,-0.0027193
-0.0017648,-0.00054291,-0.0046309
0.0057233,-0.0012559,0.0025837
0.0098931,-0.0026687,0.0041829
0.0068004,-4.0687e-05,0.0037772
-0.0069638,-0.0018643,0.0019504
-0.0074519,-0.0024298,0.002328
-0.0020294,0.00038565,0.0012022
0.0013103,-0.0011034,0.00041954
0.00068559,0.00012183,-0.0044686
-0.0011909,0.0027101,-0.0018545
0.00023658,0.0025696,-0.0035017
0.0026147,0.0022175,-0.00090459
-0.00029284,0.0034797,-0.0018936
0.00086109,0.0027386,-0.0036338
-5.1136e-05,0.00050449,0.0014853
0.00011154,0.0012884,0.00060047
0.001949,0.0034896,0.00010594
0.0010081,0.0008465,-0.00060705
-0.00038858,0.00071153,0.0025482
-0.0012487,0.0010063,-0.00063381
-0.0014099,0.0010986,-0.00013547
-0.00023538,0.0011306,-0.003611
0.00060534,0.00096458,-0.00087841
-0.00098608,0.00097352,-0.00079339
0.0013776,-0.00013926,0.00071368
0.003322,0.00043598,0.0012312
0.0025079,-0.00055008,-0.00024934
0.002045,0.0005476,0.00080805
-0.00058445,-0.00052241,0.0017413
-0.00056444,0.001862,-0.00035405
0.0023881,5.6921e-05,-0.0013889
-0.0021574,0.001414,-0.0035898
-0.00058007,-0.00028545,0.00088027
-0.0027016,0.00010042,0.00041636
-0.0014497,0.0034125,-0.0013193
-0.0019867,0.0048747,-0.0032217
0.0040051,0.0072146,0.0032099
0.00046415,0.008906,0.0040718
0.00084777,0.0088441,-0.00041644
-0.0023532,0.0060354,-0.0033424
0.00042967,0.0049264,-0.0025745
0.0002651,0.0051873,-0.0031323
0.00076956,0.0052111,-0.0038741
-0.00076654,0.0039707,0.00089652
-0.0029632,0.0027098,0.00019761
-0.003697,0.0014088,0.00063286
0.00078087,0.0019291,-0.0013417
0.0046412,-0.00036261,0.0014234
0.0050789,-0.00037829,0.0034823
0.0028821,0.0020234,0.0081663
0.0035641,0.0016916,0.00028848
-0.00082773,-0.00089595,-0.0029215
-0.0047944,0.00090395,0.0010611
-0.0017696,-0.00079825,0.0022553
-0.00078516,0.00096825,-0.0014084
-8.8233e-06,0.003331,-0.0020338
0.0001328,0.0037226,0.0011485
-0.0023338,0.0022033,0.0019003
-0.00026734,0.0030979,-0.0014515
0.00063098,0.0024473,-0.00069766
1.008e-05,0.0010742,-0.0019985
0.0022175,0.00087563,0.0025863
0.00019986,3.52e-05,-0.0023882
0.00074457,0.0021181,-0.00095226
-0.0029742,0.00093191,0.0011485
-0.0011653,0.0011273,-0.00085877
-0.0016071,-4.1263e-05,-0.0017678
-0.0010147,-0.0014712,-2.7517e-05
5.3559e-06,0.00055844,0.0014839
-0.0015924,0.000568,4.2942e-06
0.0029668,0.0005011,0.00094946
0.0030076,0.0011739,0.0018923
0.0028616,0.0029308,0.00045238
0.0021806,-0.0019124,0.0017153
0.00091989,-0.00064736,0.0047032
-0.0007907,-0.00013094,-0.0011017
-0.00074336,0.00014012,0.00044875
-0.00075222,-0.0035822,-0.0016995
-0.0025938,-0.0002656,0.0012312
-0.004298,-0.0022203,-0.00066487
-0.0018211,-0.0017367,-0.0016832
0.0041837,-0.0024294,0.00057444
0.0062744,-0.0023515,-0.00013282
0.004617,-0.0028482,-0.0010845
-0.0026828,-0.0017982,-0.0032277
-0.0024931,-0.00076003,0.00059307
-0.0015785,-0.00030318,-0.00047846
-0.00057385,-0.0015444,7.219e-05
0.00032555,-0.0021695,-0.00032073
-0.0027575,-0.0023992,0.003891
-0.0014467,-0.0017657,0.0015062
0.0015447,0.0009575,0.002573
0.0019075,0.0014229,0.00099227
0.00098206,-0.00052429,-0.0028394
-0.001977,0.00057776,-0.0037125
-0.0025982,0.00042451,-0.004958
0.0019498,-0.00083921,-0.0042434
0.0047961,0.00071262,-0.0024255
0.0021503,0.00081007,-0.0004761
0.00017173,0.00078405,0.00014373
0.00013565,0.002627,0.00026951
-0.00053698,0.0011803,0.0003109
0.0031997,0.0014477,0.00047679
0.0032459,-0.00041826,0.00064015
-0.00020319,0.0012752,-0.0012937
0.00047419,0.0024958,-0.0026304
0.00068275,0.0036041,-0.0015839
0.0020432,0.003091,-0.0012556
0.001686,0.002248,-0.0023778
-0.00074036,0.0022749,0.0010518
-0.00058424,0.0024348,0.0037502
0.00024146,0.00157,0.00069838
0.0044039,0.0010982,-0.0037072
0.0062867,0.001941,-0.0035713
0.0032222,0.0017489,0.0048964
-0.0029743,0.0051668,0.0015621
-0.0078421,0.0037056,-0.0039704
-0.0018484,0.0023629,-0.0020675
0.0054221,0.0008643,-0.0012615
0.0028504,0.0036838,-0.0021367
0.0023304,0.0047246,-0.0019884
0.0035865,0.0033493,0.0018048
0.0052656,0.0021908,6.525e-05
0.0031989,0.001726,-0.0022426
-0.00095285,0.0018348,-0.0020528
-0.0055178,0.004309,0.0036604
-0.00080922,0.0060068,0.0020443
-0.0015032,0.0062986,6.3337e-05
-0.0010751,0.0073274,-0.0028433
0.0017539,0.01097,-0.001211
0.00075768,0.012678,-0.00025422
0.0024,0.012796,0.0021328
-0.0003067,0.011595,0.0029065
-0.00058583,0.01177,0.0022436
-0.00038767,0.012232,0.0049961
-0.0021389,0.0093543,0.0057065
-0.00055035,0.0092518,0.0058408
0.0006583,0.0075882,0.00082931
-0.00099114,0.0052955,0.0035342
-0.0025976,0.0016562,0.0060858
-0.0016358,0.00056078,0.0060256
-0.0036204,0.001047,-0.0010471
0.0045709,-0.00070744,0.0035839
0.0037746,-0.0024534,5.8115e-05
-8.6169e-05,-0.00071472,0.0043807
-0.00075692,-0.0034487,0.0023487
-0.006209,-0.0035643,0.00043715
0.00096978,-0.0019925,0.0018838
0.0048701,-0.0030004,4.8404e-05
0.0027112,-0.005258,0.0018415
-0.00066999,-0.006602,0.0011756
-0.0018145,-0.0058529,0.0015766
-0.0022687,-0.005208,-0.0011256
-0.00010449,-0.0037789,0.00081684
-0.002201,-0.0032319,0.00056144
-0.0018715,-0.0035241,0.0036973
-0.0017942,-0.0028939,0.0014377
-0.0009798,-0.0034525,-0.0021956
0.0018884,-0.004052,-0.0032748
0.0040525,-0.0035542,-0.00094789
0.0040056,-0.0053361,0.0023808
-7.3901e-05,-0.0062868,0.00057432
-0.0017346,-0.0070765,-0.002492
-0.0017446,-0.011449,-0.0016505
-0.0021987,-0.012318,0.0015936
-0.0020385,-0.0154,0.00077668
0.00077268,-0.015852,-0.0010909
-1.0538e-06,-0.018212,0.00010989
-0.0012528,-0.020607,-0.00015768
-0.00020932,-0.02051,-0.0018826
0.0014982,-0.022474,-0.0054787
0.0017183,-0.022279,-0.0039972
0.002829,-0.018798,-0.0071273
-3.9343e-05,-0.016335,-0.0087947
-0.0025061,-0.0091208,-0.0083425
-0.001543,-0.0036224,-0.0091777
-0.004063,0.0057392,-0.0064822
-0.0037771,0.013285,-0.0040333
-0.0002933,0.013967,-0.0011144
-0.00043493,0.013458,0.0024612
-0.0010244,0.011541,0.0018976
-0.00094885,0.013486,-0.0041946
-0.0027259,0.016347,-0.0067979
-0.00022264,0.016449,-0.0013826
-0.00061832,0.016765,0.0023202
-0.0029213,0.01557,0.0018978
-0.0021134,0.015668,-0.00020132
-0.00019417,0.013806,-0.00012222
7.3029e-05,0.013003,0.0006426
-0.001324,0.011274,0.003681
0.0037776,0.0093206,0.0056162
0.0011155,0.0083646,0.00048304
-0.0012951,0.0047281,0.002361
-0.0014397,0.0037986,-0.00096516
-0.0022263,0.0024436,0.00084673
-0.0022027,0.00096414,0.0029227
0.00099267,0.00038234,0.0016173
-0.00093294,0.0036865,-0.00044291
0.0043223,0.0028502,0.00092799
0.0028141,0.0044977,-0.0022692
-0.00095281,0.0053175,-0.0017539
0.0013714,0.0060031,-0.00039058
0.00042423,0.0052555,0.003575
0.00061242,0.0060074,0.002908
0.0018131,0.0051384,-0.0001294
0.0021521,0.0055695,-0.0019648
0.0014722,0.0060393,-0.0010836
0.0012414,0.0055599,0.0045844
-0.0010894,0.0054636,0.0043481
-0.0012728,0.0042723,-0.00078096
-0.0032958,0.0050298,-0.00017701
-0.0038096,0.002406,-0.001438
-0.00092249,0.0025694,0.002988
-0.0031221,0.0024338,0.0031253
-0.00092573,0.0029667,-0.00058379
0.0014549,-0.00020042,0.00067106
0.0015728,-0.0012985,5.8927e-05
-0.0018905,-0.00099274,-6.6762e-07
-0.000848,-0.00067352,-1.1077e-05
-0.0019195,-0.0034346,-1.7679e-05
-0.0013914,-0.0038215,0.0011933
0.0019015,-0.0040412,0.0025336
0.0030058,-0.0039073,0.0022179
0.00099111,-0.005213,0.00020124
0.0015012,-0.0050811,-0.0009193
-0.0014638,-0.0043064,-0.0021328
-0.0024886,-0.005328,0.0011086
-0.0042292,-0.0052381,0.0012662
-0.0042691,-0.0087941,0.0020021
-0.0012406,-0.0092574,-0.00018197
-0.0019693,-0.013386,-0.00094836
0.0018556,-0.013566,-0.00089894
0.001151,-0.014744,-0.0027086
0.0017471,-0.018454,0.0017277
0.0018225,-0.023542,0.00011855
1.9399e-05,-0.025865,0.00044886
-0.0026985,-0.028963,-0.0037365
-0.0025616,-0.031182,-0.004563
-0.0014968,-0.031594,-0.0051511
-0.0022509,-0.031546,-0.0043054
-0.0052273,-0.030018,-0.0046412
-0.0045534,-0.031358,-0.004435
-0.004765,-0.032434,0.0008923
-0.0029392,-0.032773,0.00030415
-0.00019928,-0.034914,-0.00037899
0.00088814,-0.036334,0.00018763
0.0032693,-0.036752,-0.0020853
0.0022085,-0.041528,0.0004879
0.00028856,-0.043947,-0.0012537
0.0030828,-0.043712,-0.0048227
0.0027728,-0.04555,-0.0074036
0.001995,-0.049588,-0.0030701
0.00078859,-0.047208,0.0035859
0.0050761,-0.0495,0.0035705
0.0016027,-0.051671,0.0059259
-0.0017196,-0.047817,0.00014667
-0.0030877,-0.049943,-0.0044486
-0.00091223,-0.04791,-0.0038368
0.00033059,-0.047603,-6.5956e-05
0.00093933,-0.047345,0.0033315
-0.00074393,-0.046687,0.0021223
-2.1933e-05,-0.0437,0.0029884
-0.00090315,-0.042173,0.0015844
-0.00073792,-0.039461,-0.0010606
-0.0018198,-0.03384,0.0023004
-0.0018716,-0.02851,-0.00026825
-0.0043061,-0.027306,-0.001555
-0.0035931,-0.021357,0.00090368
-0.0012776,-0.019632,0.00067011
0.00033507,-0.017673,0.0061844
0.00083053,-0.0173,0.0040723
-0.0014285,-0.018282,0.0035548
0.0012085,-0.018605,0.0007134
0.0010718,-0.015674,-0.00072104
-0.00035191,-0.015169,-0.0004844
-0.00076947,-0.011148,-0.0028955
-0.00098735,-0.0039016,-0.0031098
-0.00019016,-0.0013476,-0.00079382
-0.0011155,-0.00034391,0.0033084
0.0023309,0.001057,0.0022042
0.0016115,-0.00054008,0.0033731
0.001828,0.00084616,0.0002586
-0.0024618,0.0017115,0.0012746
-0.0018884,0.0013204,0.00038614
-0.0043843,0.00099818,0.001476
-0.0022854,0.00024416,0.00051261
-0.00017196,-0.00022299,-0.00026921
0.0030935,-0.0001612,0.0013555
-0.00019564,0.00065732,0.0029933
-0.0031132,0.00014808,0.0020205
-0.0024059,0.0016518,0.0016898
-0.00028429,0.0012765,0.0024266
0.002216,0.0010377,0.0029807
0.0019281,-0.00061992,0.00063077
0.0017074,0.00015894,0.0014624
0.0015388,-0.0016904,0.00055398
-0.00029253,-0.00085344,0.00025389
-0.0010279,-0.00084387,-0.0019521
-0.0014781,-0.00054275,-0.00091863
-0.00030924,-0.0012026,-0.00035603
-0.00016771,-0.0033714,-0.00042138
0.00013082,-0.0014373,-0.00025571
-0.0019065,-0.00084763,0.00081242
-0.0006848,-0.0020434,-0.00059542
-0.001767,-0.0025761,-1.0981e-06
0.00055458,-0.002139,0.00036835
-0.00062345,-0.001349,0.00051868
-0.00067184,-0.0040411,-0.00090808
0.00019129,-0.0011622,-0.0001901
-0.00019564,-0.0018773,0.0024509
-0.0028169,-0.0018218,0.00024475
-0.0026675,-0.0018239,0.00037319
0.00026825,-0.0036226,0.0019982
0.004518,-0.0021944,-0.00060226
0.0040065,-0.0018115,-0.00078076
-0.00024253,-0.00099677,-0.0016879
-0.0010491,-0.0010052,0.0013667
-0.002644,-0.0048018,0.00069884
-0.0025789,-0.005138,-0.00051208
-0.0032077,-0.0044604,-4.7082e-06
0.00084411,-0.0042576,-0.00087175
0.0014011,-0.0035543,-0.0028155
0.0029897,-0.0032137,-0.0012882
0.0033093,-0.0029018,-0.0029348
0.00086809,-0.00040398,-0.0015826
2.7308e-05,-0.0014365,-0.00043833
0.003774,-0.0008413,-0.0010088
0.0030799,-0.0010204,-0.00028752
-0.0017167,-0.00017019,-0.0017079
-0.00097198,-0.0042361,-0.0018824
0.0001683,-0.0033005,0.00079545
0.001874,-0.0030797,0.00037235
-0.00044797,-0.0081022,-0.00020219
-0.0013722,-0.0098771,0.0003716
-0.00055598,-0.013552,-0.00020642
0.0027114,-0.017905,0.00059219
0.0013774,-0.022543,-0.001031
-0.0025026,-0.026404,-0.0032968
-0.0019998,-0.028839,0.00050759
-0.0020582,-0.033713,0.00056805
-0.0028766,-0.035747,-0.0033863
-0.001776,-0.036221,-0.00076957
-0.0036458,-0.043457,-0.0050398
-0.0014383,-0.044439,-0.0049458
0.0015007,-0.045332,-0.0061275
-0.0022512,-0.04805,-0.002721
-0.0037577,-0.051978,-0.0016442
-0.002399,-0.052885,-0.002222
-0.0028036,-0.054617,-0.0010751
-0.0033572,-0.054271,-0.0023947
-0.0025405,-0.055404,-0.0040097
-0.00096648,-0.05966,-0.0019467
0.00046267,-0.05483,-0.0037175
-0.0011747,-0.058949,-0.0010807
-0.00080354,-0.05904,0.00023028
-0.0015999,-0.059214,0.00041133
-0.0022365,-0.05867,6.5244e-05
-0.0014182,-0.057802,-0.0011076
-0.0023195,-0.056829,-0.0004855
-0.0036308,-0.05693,-0.0042602
-0.00056021,-0.05547,-0.0056646
0.0015178,-0.056597,-0.0071354
0.0031977,-0.055291,-0.0042376
0.00016358,-0.052407,-0.001846
0.0044599,-0.050824,-0.0044404
0.0018359,-0.046449,-0.0048938
0.00052574,-0.039506,-0.0042981
0.0041136,-0.034741,0.0019499
-0.00019662,-0.031985,0.0063619
-0.0017511,-0.024638,0.0040722
-0.0018006,-0.024156,-0.005576
-0.0016807,-0.021055,-0.0044391
-0.003045,-0.014579,-0.0064191
8.0708e-05,-0.014011,0.00025699
0.0035774,-0.017826,0.0048105
0.0063476,-0.017964,0.0039208
0.0024998,-0.018629,0.0040986
-0.00079266,-0.016969,-0.00029697
-0.0022154,-0.013402,-0.0053424
-0.0028463,-0.013928,-0.0063011
-0.0002933,-0.0096619,-0.0027554
0.00078738,-0.0094984,-0.00036268
-0.0022806,-0.0025855,-0.00071338
-0.0022785,-0.0032116,-0.001935
-0.00045322,-0.00216,-0.0024237
-0.0013361,-0.00035064,-0.0039062
0.00055234,0.0024328,-0.007233
-0.00070339,0.0073416,-0.0047052
0.00016945,0.0063547,-0.0067244
-0.0017071,0.010767,-0.00059427
-0.0015331,0.0092169,-0.0018989
0.0013179,0.0088511,-0.0016421
-0.0010738,0.010676,-0.0030215
-0.0011366,0.010245,-0.0019097
-0.0004485,0.011938,-0.001018
-0.0030993,0.012827,-0.0022881
-0.0016111,0.010982,-0.0044543
-0.002571,0.0095271,0.001575
4.5778e-05,0.010202,-0.00024797
0.00013105,0.0075207,-0.0010541
9.3038e-05,0.006973,-2.9366e-05
-0.0029356,0.0073142,0.0014227
0.001176,0.0031446,0.0028885
-0.00040165,0.0024305,0.0013368
0.0014342,0.0022447,-0.00015276
7.7445e-05,0.001585,-0.00030742
0.0020154,-1.6321e-05,0.000587
0.0012981,0.0017866,-0.0015542
0.0021594,0.00082463,-0.0004519
0.00042073,-0.00037711,-0.0013107
0.00033241,0.00064868,0.00049752
0.0020184,-0.0010395,0.0013135
0.00071791,-0.00027479,0.00055346
-0.0002747,-0.00067069,0.0031959
0.0021098,0.00028396,-0.002583
0.00056306,0.00051108,-0.0030034
-0.0038849,-0.00046231,-0.00012371
-0.0035421,-2.5043e-05,0.00088525
0.00040146,0.00085613,0.00027008
0.002397,-0.00033646,-0.0021005
0.00096459,-0.00050594,-0.0010421
0.00012477,0.00070277,0.00039629
-0.00089895,0.002806,0.00026038
-0.0020883,0.0030869,-0.0016949
0.00050611,0.00089534,-0.00021456
-0.0021469,0.0008738,0.00068106
0.0023743,0.00033365,0.0020383
0.00059212,5.4309e-05,0.00034995
-0.0028724,0.00017458,-0.0014378
0.00056516,7.5411e-05,0.00012466
-0.0020582,0.00099252,-0.00092492
-5.1004e-05,0.00040629,0.00074648
0.0015444,0.0014383,2.2679e-05
0.00024096,-1.6112e-05,-0.0029708
0.0028505,1.1966e-05,0.00048588
0.0042885,-0.0017114,0.0006689
0.00035446,-0.0005455,-0.0011742
0.0024713,0.0011347,-0.00070044
-0.00032491,0.0018627,0.00018918
0.00096771,0.00047236,0.0003118
-0.00019778,0.00013326,0.00018268
-0.00038379,0.00028591,-0.0014972
0.00082255,0.00034643,0.0041022
-0.0026747,0.0026859,0.0037128
0.00023033,-0.00068369,-0.0033935
0.0026347,0.00097036,-0.00092761
0.0052072,0.0012663,0.0031202
0.00087577,0.00072652,-0.0010271
-0.0031536,0.0019927,-0.0016394
-0.0023381,-0.0023855,-0.00032021
0.00096401,-0.0033188,0.0015542
8.7927e-05,-0.0020948,0.0012781
0.00051676,-0.0072198,-0.0012209
-0.0018411,-0.0066162,-0.0024267
-0.0021925,-0.0041563,-0.00057956
-0.0032494,-0.0043761,0.00020612
0.00054976,-0.0044252,-0.0018358
0.0026899,-0.0023256,-0.00051358
0.0022786,-0.003285,-0.00051428
0.0021917,-0.0009491,-0.0015439
0.00069878,-0.0012135,0.002252
-0.0015848,-0.00054243,0.0021295
-0.00075245,-0.0027552,0.0032179
-0.002872,-0.00065569,0.00076628
-0.0029683,-0.0010364,0.00072581
-0.002141,-0.00076006,0.00046522
-0.00016326,-0.00052918,-0.001167
0.00086269,-0.0023186,0.0010287
0.0001704,6.976e-05,-0.00048938
0.00095928,-0.00072598,-0.00046903
0.001669,0.00059235,-0.0019
0.0019684,-0.0035227,-0.0020181
0.00069807,-0.00013958,-0.0022134
-0.00015472,-0.00088771,0.0014517
0.0012274,0.00021637,-0.0025365
0.0018148,-0.00050774,0.0022178
0.00077817,0.0014032,-0.0010213
0.0010446,-0.0005462,-0.0010691
0.00096501,-0.0018916,0.00076889
-0.0030203,-0.0011893,0.00048966
0.001019,-0.00069499,-0.0020367
0.00092841,0.0012423,1.9552e-05
-0.00099307,-0.00041914,-0.0013038
0.00057748,0.00039171,0.0022003
-0.003019,-0.00077954,-0.0013314
-0.0012608,0.001253,0.0011416
0.00040077,0.00061951,-0.0021195
0.0020463,-0.0022636,-0.00016027
-0.00018844,-0.0011242,-0.0018195
-0.0024845,0.00089285,-0.0027932
-0.0027369,-0.00098971,-0.0038565
0.0045246,-0.00025374,-0.0016624
0.0030503,0.00064402,-0.0022485
0.0023665,0.00226,-0.0045708
-0.0011587,0.0032879,-0.00071161
-0.0058377,0.003176,0.002254
-0.00064603,0.0030413,-0.0013728
-0.0016743,0.0012888,0.002165
-0.0018459,0.0021296,0.0017712
-0.0014792,0.0038406,0.0019402
0.00025196,0.0029201,-0.00041081
0.00068621,0.0018004,-0.00021418
0.0031467,0.0024449,-4.9934e-05
0.0037631,0.001179,0.0029473
0.0010967,0.00062034,-0.00094332
0.0015811,0.00024097,0.0019664
-0.0030742,0.0011469,0.00061513
-0.0024502,0.00058818,0.0036813
-0.00042186,-0.0014885,0.0031311
0.0018499,-0.00029897,0.001249
0.00012474,-0.00092939,0.00042886
-0.00087861,-3.034e-05,0.0016131
-0.0046079,0.00096923,-0.0019762
-0.0042853,-0.00042969,-7.3109e-06
0.0059802,-0.00024376,0.00068729
0.0053112,0.0015193,0.0023905
0.0040889,0.00085343,0.0014445
-0.0019997,0.00051474,0.0012152
-0.0052619,0.001656,-0.00038909
-0.0012292,-0.0011303,0.00019311
0.00048112,-0.0026191,0.0017971
-0.00087343,2.8805e-05,-0.0017543
0.0017053,0.00069329,-0.0011281
-0.0016037,-0.0043229,0.0015767
-0.00012206,-0.0034782,0.0016743
-0.00053373,-0.0043463,0.0034923
0.0009262,-0.0013988,0.00097104
-0.00036873,-0.0029571,0.0005437
-0.001446,-0.0018485,-0.0011137
0.00025794,-0.0014447,0.0018137
-0.0023944,-0.0010727,-0.00044917
-0.0023168,0.00049663,-0.0016833
0.00079992,-0.0010315,-0.0011221
0.0023647,-0.00083056,-0.0011162
0.00069952,-0.0003018,7.3414e-05
-0.0013317,-0.0017271,-7.8458e-05
-0.0022198,-1.6271e-05,0.001147
-0.0010292,-0.0014563,9.5666e-05
0.00010125,-0.0013993,-0.00051255
-0.0019336,-0.00055445,0.0010815
5.3818e-05,-0.00094403,0.0038702
0.0018765,-0.0020134,0.00070004
0.0017841,-0.0026244,-0.00020033
0.001365,-0.0015181,0.002482
0.0014216,-0.0034667,0.00055951
0.0054664,-0.00214,0.0013541
0.0038696,-0.0030183,0.00064968
0.00026754,-0.00079548,-8.783e-06
-0.002369,-0.00030258,0.0026244
-0.0012255,-0.0026146,0.0013357
-0.0014548,-0.00092685,0.00030326
0.000193,2.5613e-05,-0.00071726
0.001295,0.0014899,-0.0011715
-0.0013264,0.0013704,-0.0030603
-0.0020518,-0.0015918,-0.0022782
0.00012726,-0.0011491,-0.0024184
0.0013671,-0.00037908,-0.0010887
0.00053417,-0.000506,-0.0014437
0.0003194,-0.0044691,0.00062881
-0.002129,-0.0021119,0.0017079
-0.00035404,-0.0017565,-8.4853e-05
-0.001041,0.00016837,-0.0026505
0.0017136,-0.0021576,-0.0003153
-0.0013478,-0.00066013,0.0020708
0.001164,-6.9845e-05,-0.0017148
-0.0015522,-0.0030426,0.0013675
0.0013558,0.00070671,0.00072286
0.00056901,-0.0019376,0.0020708
-0.00026704,-0.0018587,-0.00029949
-0.002725,-0.0015371,-0.00035831
-0.00062559,-0.00061792,-0.0015662
2.2477e-05,-0.0010086,-0.0013685
0.00040517,0.00236,-0.00024167
0.0019742,0.0026698,-0.0014368
0.00031558,0.0027483,-0.00081847
0.0017553,0.0033918,0.0012801
0.00044604,0.0029886,-0.00062425
0.0020828,0.0020163,0.0028201
0.00064004,0.0029033,0.00096944
0.0030784,0.00071497,0.0005391
0.0024784,0.0037493,0.0017193
-0.00093251,0.0016514,0.0018517
-3.4157e-06,0.0024291,0.00082358
-0.00024797,0.00063641,0.00054122
7.0606e-05,-0.0001817,-0.00013247
-0.001593,0.00016347,0.00015725
0.0017207,0.0030778,0.00092742
-0.0014478,0.00020504,-4.7422e-05
-0.0019979,0.0034194,0.0011493
-0.00082068,0.0019093,0.002014
-3.2985e-05,0.0028041,0.0011944
0.00048301,0.00057367,-0.00017156
-0.00040065,0.0019474,8.2594e-05
0.0022785,0.0020878,0.0024417
-0.00015034,0.0025153,0.0037146
-0.00086751,0.0039479,0.00097393
0.00019985,0.0060866,0.0013159
0.00099052,0.0056637,0.00012101
-0.00038989,0.0063023,0.0029095
0.00065965,0.0057295,0.0012352
0.0014505,0.008401,0.0025151
0.0021823,0.011004,0.00087673
0.0023829,0.011926,-0.00059642
0.0014191,0.011794,0.0025733
0.00062244,0.012483,0.0028003
0.002327,0.014508,0.0040289
0.0025197,0.013284,8.5099e-05
-0.0018728,0.014846,0.00030552
-0.00090887,0.016878,0.001013
0.00087461,0.020632,0.0026362
0.002964,0.021281,0.0036554
0.0035839,0.024209,0.0048738
0.0033905,0.022869,0.0032605
0.0010961,0.025213,0.00028341
-0.0030794,0.028454,0.0018148
-0.0044025,0.029014,0.0027799
-0.002673,0.031903,0.00019338
-0.00058954,0.033877,0.0023991
0.00017056,0.032993,0.0030855
0.0011244,0.038233,0.0042134
0.0031924,0.035579,0.0031542
0.0052955,0.039353,-0.00061472
0.0086753,0.040174,0.0012093
0.0068934,0.040497,-0.0029531
0.0059363,0.040905,-0.00043755
0.001435,0.041362,0.0036671
-0.00051867,0.042414,0.0049
-0.0030972,0.04426,0.0022182
0.00039701,0.042641,0.0010692
-0.00033522,0.044218,0.00055703
-0.00044412,0.043547,0.0022886
0.00099734,0.044436,-0.00074457
0.0032295,0.042043,-0.00044825
0.0042544,0.043512,-0.0043744
-0.0011975,0.042294,-0.0025555
0.00042714,0.040011,-0.0036752
-0.00099497,0.044712,-0.0016183
-0.0011211,0.043509,0.00083494
-0.0015946,0.042573,-0.0021077
0.0022875,0.040008,-0.0016351
0.0038976,0.035639,0.00031977
0.0015946,0.033045,0.00011639
-0.0010156,0.030736,0.0017996
0.0028394,0.025241,0.0036244
0.0011638,0.018858,0.0034299
-0.00039244,0.012707,0.0048758
-0.0037152,0.010783,0.0013398
-9.8751e-05,0.009359,0.0029177
-0.0019773,0.0063855,0.0016131
0.00010938,0.0029326,0.0027611
-0.00039052,0.00036703,0.0037459
-0.0010547,-0.0019546,0.0021813
-0.00044963,-0.0020085,-0.0010145
0.00026783,-0.0034049,-0.0010066
0.0011088,-0.0037076,0.0043115
0.0013661,-0.0038593,0.0044709
0.0016973,-0.00099856,-0.0013677
0.00068667,-0.0024549,-0.0020668
-0.0025403,-0.00092699,0.0013247
-0.0052222,4.6116e-05,0.0013868
-0.0037516,-0.0006127,-0.0030007
0.0013365,-0.00021954,-0.0032384
0.0016223,0.0011175,-0.0027527
0.0010134,0.0011459,-0.0036523
0.00023077,-0.00013712,-0.003299
-0.0008103,-0.00032165,-0.00059288
-0.00071987,-0.0010744,0.00038742
0.00073084,-0.0024033,0.0012726
-0.0012656,-0.0020295,-0.00041404
-0.0025513,-0.0022337,0.0028947
-0.0035351,-0.0023082,0.0018845
-0.0035169,-0.0013983,0.0022825
0.0015322,-0.00031494,-0.0012147
0.0015149,-0.0019807,0.00054965
0.00045736,-0.0035454,0.00065025
-0.0010075,-0.0018485,-0.0030134
0.0015772,-0.0022056,0.00011067
0.0030696,-0.0023012,-0.00064815
0.0021364,-0.0010198,-0.0017068
-0.0010926,0.0016064,-0.00095337
-0.0037881,-0.0019418,-0.00095544
-0.0020649,0.00047323,0.0019783
-0.0023928,8.6739e-05,-0.00020041
0.0010471,-0.00078608,-0.0021395
0.0015851,-0.00063832,-0.0034679
0.001625,-0.00011423,-0.0008274
-0.0017241,-0.0013345,-4.8365e-05
-0.0016675,-0.00073283,0.0007041
-0.0027184,-0.0040547,-4.009e-05
0.00079134,-0.0023607,6.5573e-05
0.0024941,-0.0028831,-0.0018756
0.0026735,-0.0017453,0.00098597
-0.00036094,-0.0039597,-0.00056727
-0.00078124,-0.00040501,-0.00066336
-0.00036791,-0.001089,0.00024846
-0.0018361,0.00073572,-0.0015008
0.00061328,0.0030468,9.1951e-05
-0.00024004,0.0070277,-0.0025746
0.00057673,0.0085576,-0.00016572
0.0011724,0.011757,0.00011306
0.00055516,0.015924,-0.00057869
-0.0010835,0.018217,0.00071723
0.00090292,0.018707,0.0018493
0.0021652,0.020936,-0.0015614
0.0063434,0.024513,-0.0020878
0.0033875,0.028094,-0.0018322
0.0021962,0.033082,-0.0011971
-0.0018111,0.036053,0.0032912
0.00091773,0.037045,0.0056285
0.00014407,0.037992,0.0079122
-0.0010179,0.038076,0.0066928
-0.0030011,0.040847,0.0061062
-0.00056083,0.043356,0.0038207
0.0010928,0.043471,-0.00039866
0.0027661,0.046418,-0.0012254
0.0057343,0.046172,-0.0027725
0.0066109,0.046955,0.0027977
0.0036973,0.046343,0.003611
0.0015004,0.049238,0.006248
0.005786,0.046696,0.0012122
0.0027093,0.051344,-0.011705
-0.0011014,0.052752,-0.019263
-0.0017076,0.049694,-0.010024
-0.0012146,0.050393,0.003009
0.0046872,0.051331,0.0074109
0.005488,0.051152,0.0052871
0.00094781,0.055006,-0.0065794
0.0016835,0.05255,-0.012769
-0.0052066,0.054091,-0.0098419
-0.0048764,0.049037,-0.0044218
-0.0017697,0.043861,0.0014129
0.003431,0.043678,0.0045811
0.0035083,0.037709,0.0059323
0.0027677,0.034847,-0.00050405
0.00051551,0.030194,-0.0027145
-0.006805,0.026642,-0.0001293
-0.0044167,0.025165,-0.0036921
-0.0011217,0.025475,-0.00050221
0.0024999,0.023022,-0.0058837
0.0031725,0.020648,0.0036744
0.0004958,0.019424,0.0049282
-0.002162,0.016084,0.0013496
-0.0041461,0.014499,-0.0022707
-0.0033515,0.014937,-0.0020141
-0.00070888,0.011301,0.00020723
0.0044442,0.0064317,0.0032849
0.001607,0.0049232,0.0050394
-0.0012461,0.0046001,-6.6401e-05
-0.0029198,0.0030402,-0.00039934
-0.00021522,0.0016513,-0.00030569
0.00033472,0.00036086,0.00079791
-9.2345e-05,0.0015855,0.0014624
-0.0028932,0.0016193,0.0020799
-0.003569,-0.00063537,0.00054232
0.0016528,-0.0020373,-4.7727e-05
0.002572,-0.0034727,0.0002505
0.0028606,-0.0040586,-0.0011529
-0.0022254,-0.0041982,0.002137
-0.0015609,-0.0038214,-0.0018357
0.0012273,-0.0025465,-0.0011468
0.0040933,-0.0035612,0.00012956
0.0016232,-0.0029809,-0.00095518
-0.0015653,-0.0022079,-0.0029214
-0.0047096,-0.0028419,-0.0039776
-0.00084076,-0.00051063,-0.003877
0.001171,-0.0023681,-0.0014139
0.0022789,-0.0027358,0.00020388
-0.00017558,-0.00097574,-0.00012517
0.000724,-0.00010049,-0.00047171
-0.0012662,-0.00073081,-0.0014539
-0.0011433,0.00083961,0.0018376
0.0002812,0.00074025,0.00061182
-0.0027278,0.00093203,0.0025477
0.00049537,0.00095552,0.00020787
0.0013724,0.00018862,-0.001336
0.0013133,0.0013619,-0.0028147
-0.00018603,0.0024891,-0.0015629
0.00027996,0.0013905,-0.0017324
-0.0005542,-1.2748e-05,-0.0018215
-0.00419,0.0015915,-0.002438
-0.0045583,0.0034192,-0.0022077
0.00063244,3.7898e-05,-0.0006504
0.0012649,0.00061898,0.0017262
0.0045759,-0.0010116,0.0026353
0.0012922,0.0014907,0.0020489
-0.0017628,0.0013638,0.0027216
0.00034868,0.00086946,0.00097169
0.0014066,0.0015126,-0.0029962
-0.0022759,0.00098063,-0.00039413
-0.0024127,-7.2924e-05,0.00092958
-0.0027259,0.00085725,-0.00017309
-0.0011473,0.0008626,-0.0014062
0.00074253,0.00080316,-0.0021479
0.0021193,0.0025428,0.00073639
0.0023414,-0.0019569,0.00099997
-0.001292,-0.00037472,0.0014572
-0.00012596,-0.00094804,-4.5683e-05
-0.00027749,-9.5383e-06,-0.0040749
-0.0012244,-0.00097042,0.0002686
0.00052675,-0.0015795,0.0018362
0.0014129,0.00097205,0.0026889
0.0041902,0.0015326,-0.0025609
-0.00070765,0.00015075,-0.00054152
-0.0054478,0.00051975,0.0019043
0.0012584,0.0003678,-0.00039738
0.005791,0.0032822,-0.0046786
0.012866,-0.00066064,0.0038984
0.0077995,-0.0019448,0.0054626
-0.0044999,-0.00042287,0.0009722
-0.0060974,-0.0012611,-0.003277
-0.0038986,-0.0021007,0.0012768
-0.0014615,-0.0011969,0.0019841
-3.4344e-05,-0.00074817,-2.3564e-05
-0.0033897,-0.00030246,-0.005802
0.00026922,-0.00031097,-0.0070357
0.0015239,-1.725e-05,-0.0025456
0.0012764,0.0020465,-0.00083988
0.00061918,0.0017201,-0.00093123
-2.418e-05,0.0015718,-0.00091659
-0.0013464,0.0018901,0.0040297
-0.0014481,0.00018004,0.0023656
0.00066305,0.00081293,0.00062882
-0.00027222,-0.0023538,-0.0013753
0.0028769,0.00043717,0.00034467
0.0027564,-0.00088956,0.00088996
0.0034022,0.00083476,-0.0023504
0.0015529,0.0010524,0.0010052
0.00026693,0.00035377,0.0022722
0.0002564,0.0010885,4.2298e-05
-0.0040961,0.0010023,-0.0023631
-0.0013321,-8.4341e-05,0.00025408
-0.0015984,0.0006871,0.0024545
0.0014006,0.0021072,0.0039537
0.00028665,0.003296,-0.0013935
-0.0018222,0.0037669,-0.0015256
0.00041392,0.0015807,-0.0015988
0.00073536,0.0022556,0.0042106
0.0033671,0.0050798,7.7046e-05
0.0022969,0.007376,-0.0017147
0.002213,0.0071642,-0.003125
-0.0024018,0.0053304,0.00049488
-0.0024881,0.0068714,0.0020935
0.0011666,0.0074757,0.0045508
0.00044035,0.006481,-0.0002696
-0.001602,0.0077278,-0.0030352
-0.002449,0.0062819,-0.0020189
-0.002432,0.0049168,0.0032352
-0.00023818,0.0051853,0.0045383
0.0024647,0.006108,-0.0010003
0.003445,0.0050897,0.0028887
0.0017651,0.0040394,0.0018057
-0.0013918,0.0040935,0.0028049
-0.003962,0.0052614,-0.00038136
-0.0029726,0.0025661,0.0025334
-0.0038282,0.0024848,0.0014726
-0.0028876,0.0014925,0.0016993
0.0021562,-0.00015149,-0.0013141
0.00013304,0.00048855,0.0028388
0.0024488,-0.0017694,0.005135
0.0020921,-0.00070172,0.0022085
-0.0041471,-0.0018048,0.0028584
-0.00024494,-0.0035607,0.0037308
-7.6089e-05,-0.0044489,0.0017901
0.00051875,-0.0057109,0.0050202
-0.0031935,-0.0057707,0.0021322
0.00159,-0.0044392,0.0012109
0.0013736,-0.0059322,-0.00066343
0.00011083,-0.0043849,0.000669
-0.0026914,-0.0044098,0.0013849
-0.0017775,-0.0050173,-0.0021853
0.004055,-0.003416,-0.00047013
0.007222,-0.0020728,0.00095186
0.0027095,-0.0016889,-0.00029171
-0.0047136,-0.0015285,0.001195
-0.0055406,-0.0012099,0.0025048
-0.0047675,1.3912e-05,0.0030312
-0.0021922,0.00010168,-0.00046157
-0.0028601,-0.00019869,-0.00025971
0.0024432,-0.00080086,0.00025431
0.0035018,-0.0011667,0.001046
0.0043313,-0.00081238,-0.00058413
-0.00017874,-0.00060697,-0.00017583
-0.0035721,-0.0028595,0.00069714
0.0014679,-0.00040596,-0.00085225
0.0032052,-0.0018069,0.00065111
0.00024059,-0.0029639,0.0015914
-0.0042,-0.0021944,-0.0024147
-0.0037373,-0.0023593,-0.0019625
-0.00066135,-0.0036118,8.9617e-05
0.0019637,-0.0033472,0.0017
0.0013427,-0.00049759,-0.002467
0.00054825,-0.0010454,-0.0015117
-0.0027202,-0.001326,-0.0048388
-0.0010787,-0.00077307,-0.0046719
0.00071447,0.00019967,-0.0022146
0.0045651,0.0010273,-0.00017699
0.0023863,0.0009802,-0.0019547
0.0042064,-0.00012019,-0.0010186
0.0014465,-6.8997e-05,0.0013918
-0.0014066,0.0002565,8.4484e-05
-0.0029929,0.0028232,-0.0021979
-0.0028966,-0.00053573,-0.00031442
-0.00043737,0.0020524,-0.0020542
-0.00013471,0.003067,-0.0031487
-7.1471e-05,0.0041897,-0.0018684
-0.0017345,0.0044851,-0.0019341
0.00020556,0.0047948,0.00055934
0.00020313,0.0027442,0.00016967
0.0049261,0.0027678,-0.0037903
-0.00032874,0.0050703,0.0020561
-0.0015765,0.0054958,-0.00059082
0.00081626,0.0080941,-0.0019778
0.00050171,0.0083435,0.0015605
-0.0035071,0.009356,-0.0012831
-0.0031894,0.0096835,0.0010668
-0.0028965,0.0082281,-0.0028384
0.00011538,0.0091582,0.00024619
-0.0021506,0.0097788,-0.00091444
-0.0013855,0.010191,0.004335
0.0021682,0.0091543,0.0018225
0.0032787,0.010236,0.00082933
-0.0011313,0.010812,0.0013579
-0.0019123,0.012067,0.0062518
0.0026996,0.0089896,0.0027127
0.002753,0.009705,0.0047783
-0.0020093,0.006781,0.0034676
-0.0026624,0.0016501,0.0056895
0.0028141,0.0021564,0.0050672
0.0021679,-0.00012017,0.0035394
0.00038462,-0.0025885,0.0061931
0.0021583,-0.0048636,0.0032018
-0.0011968,-0.0068512,0.0047192
-0.0058162,-0.0062447,0.0073644
-0.0059938,-0.005492,0.0026536
-0.0025302,-0.0070943,0.0017005
0.00078274,-0.0048648,0.0006769
0.0063141,-0.0078296,0.0030673
0.0047677,-0.0054902,0.0018678
-0.00039556,-0.0070466,-0.0022285
-0.0047089,-0.0074336,-0.0041851
-0.0035956,-0.0073293,-0.00067941
-0.001149,-0.0063823,0.0028929
0.0015943,-0.0075465,-0.00063205
0.0022603,-0.0033889,-0.00072406
0.0036035,-0.0010744,0.0013818
6.8665e-05,-0.0011315,0.00045023
-0.0039815,-6.5773e-05,0.00048051
-0.006471,0.0014146,0.00022632
-0.0049637,0.00047738,-0.00074627
-0.0014891,-0.0013789,-0.0005847
0.0036398,-0.0010886,0.0010849
0.0055732,-0.00016369,-0.00062903
0.0043362,0.00037918,-0.0013781
0.0011194,-1.2217e-05,-0.00017749
-0.0026888,0.0010158,2.4634e-07
-0.0025146,-0.00014676,0.0011964
-0.0048696,0.0011918,0.0025436
-0.0057154,0.00062673,0.0031299
-0.002956,0.00078822,0.0022145
0.0011301,0.0015052,0.00096653
0.0058064,0.0013503,0.00084276
0.005797,-0.001751,0.00021807
0.0022979,-0.0027463,0.003121
-0.001009,-0.0023612,-0.00082526
-0.0046044,-0.0045937,-0.0032627
-0.0010966,-0.0049857,-0.00065964
-0.00095436,-0.0044588,-0.00030951
0.00097883,-0.0039577,-0.0024573
0.0021122,-0.0052684,0.00036791
0.00076275,-0.0042674,0.0022506
0.00036894,-0.0042918,-0.00022483
-0.0050149,-0.0016977,-0.00099277
-0.0064361,-0.0017789,-0.0015506
-0.00056792,-0.0006336,-0.0016775
0.0036189,0.0017605,-0.00070422
0.0059972,-0.0013797,-0.00049528
0.0015469,-0.00088927,-0.0060187
-0.00074435,0.0029217,-0.0039908
-0.0038407,-8.2007e-06,-0.0026523
-0.0038475,0.00034964,0.00038593
-0.002717,0.00049185,-0.0010124
-0.0017003,-0.00013647,-0.00091539
0.0014804,-0.00047982,-0.001244
0.0036008,-0.0014222,0.0038502
0.0026786,-0.0013661,0.0020632
0.00060671,-0.00081341,0.00054248
0.00060362,-0.00065688,-0.0021086
-0.00042082,0.00011821,-0.0023514
0.0030014,-0.0022418,-0.00099212
0.0018816,0.0019742,-0.00049647
0.0028005,0.002745,-0.00069924
0.0016468,0.003697,-6.9064e-05
0.001206,0.0047254,-0.00043501
-0.00042723,0.0061797,0.00087882
0.00021164,0.0069162,0.0022986
-0.00094918,0.0045625,0.0019976
-0.0017462,0.0049403,0.0011276
-0.0023777,0.0044225,-0.00016391
-0.00050288,0.0079828,-2.8601e-05
0.0028852,0.005201,-0.00046388
0.0024143,0.0029127,-0.00037227
0.00079652,0.0054123,0.0019038
-0.0014416,0.0048558,0.0024159
-0.0020878,0.0055934,0.00037125
-0.0019488,0.0075981,0.00042838
-0.0009553,0.0033584,0.0025679
0.00055674,0.0080125,-0.0013567
3.8623e-06,0.0061747,-0.0012128
0.0012007,0.0066601,0.00080552
0.0039636,0.0090893,0.0013888
0.0034135,0.0082397,-0.0018175
0.0013874,0.01356,-0.00061722
0.0017994,0.015878,-0.0010719
0.0027907,0.016281,-0.00041554
0.00081965,0.015237,-0.0018308
-0.0021028,0.016611,-0.0029028
0.00097782,0.018645,5.4009e-06
-0.00010927,0.019711,0.0019151
0.00066435,0.02142,0.0013127
0.0019724,0.021983,-0.0015429
0.001065,0.026088,-0.0035948
0.00026368,0.026827,-0.0027731
0.0021159,0.027574,-0.003999
0.00027113,0.029309,-0.0025651
-0.0012444,0.030644,-0.0002672
-0.0010577,0.031938,-0.00065309
0.00019642,0.03448,0.00066648
-0.00050433,0.035136,-0.0013644
0.0017302,0.037207,-0.001917
0.001689,0.036453,0.00013082
-0.0018351,0.03793,-0.00096273
-0.0023503,0.038687,-0.001484
-0.00069815,0.038949,-0.0017374
0.0002303,0.038773,-0.0028353
-0.0013636,0.036454,-0.00030607
-0.00070832,0.038812,0.00095221
0.00095011,0.036982,0.00093065
0.0026977,0.036098,0.00018764
-0.0011232,0.036158,0.00043203
-0.00016512,0.035857,0.0022887
0.00038581,0.036682,-0.002285
-0.0018227,0.037612,-0.0013769
-0.0039913,0.038029,0.0021862
-0.0050706,0.037817,0.0048511
-0.0033333,0.037926,0.0039274
-0.0023424,0.038885,-0.0026685
0.00085733,0.041052,-0.0017216
0.00081272,0.038041,0.0042266
0.00065773,0.039711,0.006423
0.0045918,0.039897,0.0029622
0.0042267,0.040746,-0.0010703
0.0061866,0.034499,0.0010325
0.0055219,0.031892,0.0022139
0.0027911,0.031613,0.0025519
-0.0031908,0.028114,0.0029164
0.00030893,0.027167,-0.00095271
-0.0020295,0.022963,0.00067726
-0.0018628,0.022434,-0.00057604
-0.00042428,0.02097,-0.00036491
-0.0034235,0.019984,-0.0022381
-0.0054152,0.021188,-0.00075746
-0.0041762,0.019659,-0.0029414
-0.0051006,0.019623,-0.0031981
-0.0027824,0.017935,-0.002837
0.0021639,0.017447,-0.0019245
0.0057446,0.016052,0.00066385
0.0076809,0.011507,-0.0020074
0.0060549,0.014627,-0.00038526
0.0010288,0.01162,0.00025913
-0.0056429,0.0073012,0.0024708
-0.00032159,0.00622,0.0049122
0.0015031,0.0036737,0.0044341
-2.8973e-05,0.0056088,-0.00019974
0.00026104,0.003514,0.0025411
0.00061735,0.0035458,0.00079653
-0.00066679,0.0010318,0.0020105
-0.0018703,-0.00074343,0.0040208
-0.0034959,-0.0025015,0.0018514
-0.001836,-0.0046478,0.0047971
-0.00093479,-0.0058382,0.0026807
-0.00086913,-0.0048287,0.0022584
-0.0023294,-0.0074439,-0.00065973
-0.00014957,-0.0053931,0.00066134
-3.1614e-05,-0.0081389,-0.00061926
-0.00048302,-0.0081352,0.0015399
-0.0023586,-0.0062554,0.0016272
-0.0013361,-0.0050475,-0.0013566
-0.0014819,-0.0040787,-0.0013646
-0.0031512,-0.0055293,0.00074778
0.0010352,-0.0046128,-0.00057387
-0.00088232,-0.0038449,-0.0023547
0.0025223,-0.0022243,-0.0027692
0.0011993,-0.00046625,0.000563
0.00077081,-0.00057964,8.7047e-05
0.00066553,0.00030078,0.00077057
-0.00064833,3.3566e-05,-0.0022653
-0.0008428,0.0027936,0.00035782
-0.00087684,0.0044908,-8.3124e-05
0.0010296,0.0036835,0.00048803
-0.0009849,0.0065853,-0.0014074
0.00089445,0.0063205,-0.0029168
-0.00016305,0.0067506,0.00099305
0.0021535,0.010849,-4.8614e-05
-9.8629e-05,0.013765,0.0001849
-0.0012391,0.016047,-0.0010443
0.00092177,0.021994,-0.00054766
0.00027304,0.023014,0.0015569
0.0022804,0.026882,-0.0014285
0.00099615,0.031739,-0.0017698
0.0025375,0.036843,-0.0016299
0.002357,0.040895,0.00022364
0.0043075,0.041939,0.00067893
0.0024037,0.045008,0.0037263
0.0040693,0.048966,-3.2847e-05
0.0013847,0.046423,0.0014329
0.0021995,0.050848,-0.00020925
-0.00076189,0.052044,-0.00071362
-0.0016252,0.053677,-0.0028914
0.00026796,0.05404,-0.0009336
-0.00025728,0.051981,0.0009481
-0.0017004,0.051408,0.001638
0.00020387,0.055268,-0.00096784
-0.00070949,0.050887,-0.0049365
-0.0023387,0.053651,-0.0011242
-0.0010251,0.051153,0.001124
0.0021827,0.050215,0.0010261
-0.00035046,0.047797,0.00055975
-0.0035657,0.044976,-0.0018547
-0.0041469,0.039686,-0.00067452
-0.0024304,0.035366,0.0033594
-0.0053803,0.031378,-0.00070774
-0.0034271,0.028314,6.7817e-06
0.0020642,0.023727,-2.4041e-05
0.0038219,0.021751,-0.0010947
0.00082411,0.019075,-0.0028557
0.0032015,0.015495,-0.0023794
0.0001422,0.01237,-0.0015227
-0.00096393,0.012409,-0.00066562
-0.003049,0.01317,0.00027435
-0.0013408,0.010589,-0.0012552
0.0023279,0.010303,-0.0020917
0.0025326,0.0078517,0.0036589
0.00079851,0.0057123,0.0009937
0.00066203,0.0049514,0.00018923
0.00012943,0.00062967,0.00054156
-0.0017958,-0.0012702,0.00045912
-0.00010443,-0.00054111,-0.00067995
-0.00041708,0.00082599,-0.0016389
0.00084278,0.00016824,-0.0019633
-0.00013248,0.0011351,-0.00030628
0.00078811,0.0022582,0.00024779
5.0417e-05,0.0024024,-0.00038261
-0.00019796,0.0019963,0.00042194
0.0015206,0.0015846,0.00031537
-0.0016197,0.0013318,-0.00097729
-0.0011354,0.0041048,-0.00078049
0.00049381,0.0031801,-0.0020971
-0.00073075,0.0037629,-0.0011567
0.0005355,0.0026096,-0.0013279
0.0011995,0.0025608,0.001844
-6.3963e-05,0.0021586,-0.0005161
-0.0011136,0.0019316,0.0022653
0.00054052,-4.7027e-05,0.0011148
-0.0019927,0.00029295,0.00055604
-0.00018531,-0.00027385,0.0018566
-0.0011572,-0.0013536,0.00085508
-0.00040226,0.00037946,-0.00074171
-0.0010325,-1.2046e-05,-0.00060431
0.0008975,-0.00032659,-0.0017363
-2.87e-05,-0.00023371,-0.002243
-0.00025246,-0.00039966,-0.0018492
0.0011777,0.00029277,0.00073446
0.0023198,0.0018636,-0.0015382
-0.0013018,-0.0006894,-0.0021672
-0.0042,0.00027577,-1.6542e-05
-0.00063581,0.0015989,0.001609
-0.00011679,-0.00019437,0.0012144
0.001494,-3.1794e-06,0.00078199
0.00031153,-0.00064908,0.0012929
-0.00049979,-0.00078908,0.0007226
-0.0017064,-0.001359,-0.0005576
-0.0023013,0.0014941,-0.000548
-0.0014875,-0.00072669,-0.00030071
0.00071556,-4.5973e-05,0.00018322
-0.00066502,0.00016307,-0.00065082
-0.00024187,-0.0013212,-0.001563
-0.0016058,-0.0018145,-0.00089215
-0.00091825,-0.00054213,0.0014685
-0.00089874,0.0017958,0.00016539
-0.0027368,0.00024802,0.00033432
0.0027577,0.00031679,0.00020995
-0.00014672,0.0030835,0.00087076
0.0010537,0.0022624,-0.0015255
-0.0010341,0.0031648,7.2249e-05
0.0001506,0.0034159,0.00024899
0.00020282,0.0028518,0.0015618
0.0013643,0.0014416,-0.0010242
-0.00055443,0.002059,-0.00035505
-0.000942,0.00068519,0.0045427
-0.0042723,0.00095764,0.0058638
-0.00084128,0.00090229,-0.00279
0.0032917,0.0010434,-0.0013152
0.0071366,-0.0020029,0.0024536
0.0026772,-0.00055201,3.6812e-05
0.00047689,-0.0034786,-0.00064082
-0.00077415,-0.0010079,0.00012188
0.00080792,-0.0036417,0.0017204
-0.0010457,-0.0055376,0.0028339
-0.0010646,-0.0060653,0.00033451
-0.0017147,-0.0062018,-4.9333e-05
-0.00014949,-0.0051837,-0.0026477
-0.0021449,-0.0045775,7.4543e-05
0.00027284,-0.0035844,-2.3717e-06
0.0026133,-0.0037382,0.0013526
0.0045572,-0.0024227,-0.0011001
0.0020852,-0.0018177,0.0012865
0.00066915,-0.0023699,0.0046602
-0.0019394,-0.00092631,0.0022435
-0.001745,-0.0018302,0.002745
-0.0035383,-0.00091104,0.0014756
-0.0025179,-0.00082203,0.0016316
0.001076,-0.00072515,-0.0011057
-0.00062297,0.00017083,-0.0012308
-0.0013644,0.0016461,-0.00094826
0.0015008,-0.0010931,0.00032006
0.0002113,-0.00012655,-0.0020421
0.0009031,-0.00023711,-0.00087301
0.0021798,0.00088714,0.00055728
-0.001141,0.0015063,0.0010423
-0.0002951,-0.00078633,-0.00066495
-0.00044463,0.00047422,0.00078471
0.00089353,-0.0010634,-0.0004694
0.00024642,0.0012472,0.00047121
-0.00067932,-6.0453e-05,-0.00026988
-0.0010889,-0.00031497,-0.0018969
0.00049027,-0.00034747,-0.00055141
0.00047069,0.0010224,-0.00054891
-0.0036257,-0.0026538,-0.00025406
-0.0027491,-0.00088149,-0.0015905
-0.00046591,0.00053982,-0.00024429
-0.00033176,-0.0012862,0.00015178
0.00028069,-0.0023575,-0.00025343
-0.00037681,0.0022311,-0.0015887
0.00019662,0.0018027,-0.0036435
0.0021324,0.0021881,-0.0013676
0.0051659,0.0052195,-0.0067753
0.0020235,0.0052213,-0.0029399
-0.0036253,0.003052,0.0010025
-0.0039442,0.0047591,0.0031117
-0.00215,0.0042613,-0.00028996
-0.0033457,0.0032896,0.0016218
-0.0018852,0.0035646,0.0017138
0.00037471,0.0031722,-0.002941
0.0019472,0.0033714,-6.7837e-05
0.0053009,0.0020909,-0.00013356
0.0039918,0.0025849,0.0011051
0.00051102,0.0017857,0.0019809
-0.0011035,-0.00056715,0.0017477
-0.0032639,-0.0010884,0.0036176
-0.00071024,0.00053602,0.0033464
-0.0010143,-0.00045078,0.00098175
-0.001694,-0.0024267,0.0022306
-0.0032752,-0.00027622,0.0017776
-0.0047458,-0.0043398,-0.001645
0.0020298,-0.0033004,0.00063663
0.0084973,-0.0036697,0.00081341
0.0079139,-0.0029788,0.0014467
-0.0027595,-0.0028216,0.0013386
-0.003639,-0.0043651,0.0013699
-4.5554e-05,-0.00279,-0.0020008
0.00026228,-0.0036922,-0.0029972
-0.0010946,-0.0020078,-8.4018e-05
-0.0028889,-0.00076869,0.0013113
-0.00052443,-0.0013448,-0.00073039
-0.00074368,-0.0047889,0.0019812
0.0025062,-0.0013603,0.0021791
0.0014484,-0.0016375,-0.00065199
-0.00064137,-0.0033696,-0.0016061
-0.0014934,-0.0021273,0.00041376
-0.0037232,-0.0026824,-0.0013736
0.0010142,-0.0025044,-0.00094278
0.0017667,-0.001718,-0.00020661
-0.0010553,-0.00256,-0.00091805
0.0011257,-0.0003944,-0.0008368
0.0011171,-0.00066344,3.5776e-05
-0.0013948,-0.0023692,-0.002154
0.0015549,-0.0011066,0.0016436
4.5899e-05,-0.00067758,0.00041257
0.0017678,-0.00021918,-0.0020218
0.00013217,-0.00045283,0.0014249
0.0023756,-0.0024997,-0.00010355
0.00748,-0.00032113,0.0022355
0.0019889,-0.0013367,-1.9509e-05
0.00048104,-0.0028542,-0.00021807
-0.0061977,-0.00092815,0.0029002
-0.0023644,-0.0022642,0.00019259
-0.00227,-9.0656e-05,0.00038756
0.001411,7.7352e-05,-0.00045787
-0.00052733,-0.00069109,-0.0019462
-0.0023457,-0.0018369,-0.0044708
-0.0022716,-0.00073117,-0.0036007
-0.0009209,-0.0020858,-0.00087058
0.0017276,-0.00067024,-0.0031322
-0.00157,-0.0010326,0.0006261
-0.0029157,-0.0027389,-0.0027593
-0.00055938,-0.0011637,-0.0014999
0.0012058,-0.00079916,-0.0012734
0.00079178,-0.0003003,-0.00077329
0.0013623,-0.0018475,-0.0002324
0.00035148,-0.001408,-0.001113
0.0013698,-0.001984,-0.00058089
0.0015821,-0.0011838,-0.00033486
0.00011163,-0.0015146,-0.0010774
-7.8237e-05,-0.001936,0.00056156
-0.00017798,0.00078262,-0.0011563
2.2636e-05,0.002113,-0.00067512
0.0018158,0.0057107,-0.0016112
-9.2161e-06,0.0062847,0.0002079
0.00091306,0.0059308,-0.0019491
0.00021724,0.0079819,0.00079445
-0.00075749,0.0057991,0.0046191
-0.0019752,0.0065258,0.0028998
0.00055112,0.0075458,0.0016591
0.0012283,0.0081373,0.0028953
0.00023458,0.0055996,0.005336
0.00086856,0.0071886,0.0022063
-0.0019133,0.0075423,0.0031465
-0.00021787,0.0070788,0.002158
-0.0011142,0.0062136,0.0014552
-0.0025487,0.0073278,0.0025021
-0.0018053,0.0066791,0.002794
-0.0016773,0.0044137,0.00055237
-0.00017675,0.007081,0.0018369
-0.0013999,0.0054609,0.003204
0.00022349,0.0079026,0.0012681
-0.0012529,-0.0037431,0.001216
-0.001303,-0.0045976,0.0016271
0.00055122,-0.0073407,0.00073203
-0.0015774,-0.0046482,0.00071972
-0.0017912,-0.0046768,0.0023938
-0.0017577,-0.0045381,0.0015802
-0.0016501,-0.0032293,-0.00021407
0.00039196,-0.0062103,0.0012113
0.0013001,-0.0027558,2.9716e-05
0.00079104,-0.003306,-0.001004
-0.00033555,-0.0031249,-0.0014806
0.0010235,-0.004067,0.0008461
-0.00011429,-0.0038378,-0.00070126
0.0021123,-0.00051118,-0.0012976
-0.0010071,-0.0031042,-0.0011822
-0.00047756,-0.0039367,-0.0022452
0.00080033,-0.0026441,-0.0013656
0.0010415,-0.0030737,0.0027481
0.00021431,-0.0022003,-0.0012032
0.0038141,-0.0025212,-0.00081697
0.00094677,-0.0019938,-0.00016182
8.3106e-05,-0.0028431,-0.00050411
0.0004018,-0.0016672,0.00011054
0.0030862,-0.0018047,-0.00074555
0.0014928,-0.00043362,-0.0024443
4.9925e-05,-0.00052874,0.001415
-0.0013488,-0.0027251,0.0016809
0.00024963,-0.0018584,0.0019455
-0.00038404,-0.0019592,-0.0010538
-0.0014005,-0.00205,-0.00041193
-0.00026999,-0.0025269,0.00034816
-0.0012107,-0.0017661,-0.0011357
0.00033003,-0.0028673,-0.00522
0.00394,-0.0012727,-0.0042842
0.0057323,-0.0025737,-0.0030727
0.0026143,-0.0040451,-0.0024724
0.00054679,-0.0025927,0.00015602
0.00072541,-0.0037718,-0.0016584
0.0028609,-0.0038694,-0.00039087
0.0022888,-0.0050749,0.00067972
0.0023457,-0.0030683,-0.0036444
0.003073,-0.0033752,-0.0040383
-0.00042142,0.0016177,-0.0033119
0.0017671,-0.00020978,-0.0027646
-0.0014151,0.0012981,-0.0040701
-0.0046728,0.00078633,0.0015403
-0.0043622,0.0009138,-0.0010348
-0.0040284,1.4648e-05,-0.0013602
-0.0058394,5.658e-05,-0.00065357
-0.0034389,5.9347e-05,0.007938
-0.00067284,0.0015529,0.01091
0.0010162,-0.0022244,0.0068051
0.0018131,-0.0025511,-0.0019927
0.0020541,-7.0471e-05,-0.0035853
-0.00070252,-0.003128,0.003323
-0.0048444,-0.0031131,0.0086288
-0.0023479,-0.0022361,0.0024148
0.001977,-0.0012401,-0.003641
0.0088835,-0.0042663,-0.0049107
0.01206,-0.0029855,-0.0017134
0.0050475,0.00046468,-0.0041831
-0.0031957,-0.0024797,0.0012678
-0.0059836,-6.6902e-05,0.0021321
-0.0075853,-0.00084369,0.0013367
0.0030235,-0.00013016,-0.0020335
0.0037693,-0.001024,-0.0049747
0.0033505,-0.00043027,0.0013177
-0.001283,-0.0029333,-0.0019183
-0.0036445,-0.00075369,-0.0027574
-0.0026922,-0.00095249,0.00028564
-0.0008222,0.00038837,0.0012089
-0.0026822,-0.00056128,-0.0017831
-0.00011859,0.00049075,0.00076267
0.0018491,0.00065325,-0.0012467
0.0023369,0.0015805,-0.00048601
-0.00090101,0.0018855,-0.0008991
-0.004281,0.00087379,0.00046227
0.00056093,0.0016348,4.9121e-05
-0.0029576,0.0025457,0.00053918
0.0019956,0.0015202,0.0019897
-0.00057417,0.0026584,0.0015286
0.001245,-0.00018944,-0.0001624
0.0017181,0.0013863,-5.0768e-05
-0.00041275,-0.00072493,-0.00096021
-0.0027597,0.00046416,0.00018587
-0.0020499,-0.0022163,-0.0039054
0.0018456,-0.0012762,-0.0022402
0.0030285,-0.0024544,0.00035273
-0.0020522,-0.0010357,-0.00098282
-0.0041217,-0.00039375,-0.0013355
-0.0026238,-0.00012767,0.0010632
-0.00043306,0.00067764,0.0018918
-0.0041666,0.0011867,0.0018846
-0.0032588,0.00030659,0.0014376
0.0021104,-0.00076802,0.0010422
0.00046422,-0.0010235,-0.0020957
0.0029664,0.0011647,-0.0012211
0.0034274,-2.6205e-05,-0.0022531
0.0020252,-0.00023727,-0.0029157
-0.004943,0.0015695,-0.0032483
-0.0072068,0.00085684,0.00025592
-0.0072981,-0.0015293,-0.00083208
-0.00021749,-0.0014625,-0.0026622
0.0055869,-0.0015002,-0.0022038
0.0080346,-0.00012036,0.00039193
0.0064458,0.00033965,-0.0011888
-2.6063e-05,0.00048642,-8.4381e-05
-0.001431,0.0018263,0.001116
-0.0021788,0.0014567,0.0046066
0.000192,0.00077893,0.0023188
0.00056142,0.001212,0.0025845
0.0052641,-0.0024297,0.0015622
0.00067896,-0.0014377,0.0023867
-0.0014525,-0.0010819,0.0018699
-0.0039809,-0.0013294,0.003274
-0.0029217,-0.00044917,0.0019225
0.0028561,-0.00032904,0.0012048
0.005036,-0.00071905,-0.0012531
0.0017165,-0.00074075,-0.001783
-0.0002146,-0.0001906,-0.0022233
-0.0063472,-0.00049078,0.0008971
-0.0033385,8.0868e-05,0.00082453
0.001243,-0.0013801,0.001416
0.0038105,-0.0026021,-0.00020883
0.0017836,-0.0031523,-0.0036411
-0.0011587,-0.0017563,-0.0039809
-0.00047378,-0.0014467,-0.00015129
0.0031557,-0.0027199,0.00075379
-0.00021369,-0.0019693,0.0008886
0.0012406,-0.003709,0.0033334
0.0018341,-0.0019173,-0.00012715
0.00789,-0.0018658,0.001606
0.00035578,-0.0025829,-0.002466
-0.0031026,-0.0023471,0.00042251
-0.0045011,-0.002574,-0.00019682
-0.0025094,-0.0021348,0.00099078
-0.0026439,-0.0025414,-0.0017871
0.0054841,-0.0018388,-9.2579e-05
0.0062753,-0.0041214,0.0011157
0.0025138,-0.0041279,-0.0012475
0.0012056,-0.0022224,0.0010935
-0.0044392,-0.0026255,-0.0009135
-0.0021477,-0.0023292,-0.0025296
-0.0014813,-0.0014525,-0.00035599
0.00044274,-0.0030567,-0.00043442
-0.00017002,-0.003129,0.0012972
-0.00084272,-0.0013813,-0.00015195
0.0038524,-0.0044242,0.0015223
0.00072544,-0.00097706,-0.0029007
-0.0025348,-0.00077498,0.0011398
0.0013635,-0.002064,-0.00042637
0.0016739,-0.0023888,0.0018033
-0.0027754,-0.001983,0.0013656
-0.0038341,-0.00072522,0.00143
-0.0036356,-0.00097628,0.0028591
0.0019728,-0.0016501,0.0014673
0.0033186,-0.00077491,-0.0013704
0.0024431,-0.0026163,-0.00061887
-0.0029617,-0.00076086,0.0017798
-0.00024672,-0.00038894,0.0035443
0.0007497,-0.0011037,0.0010226
-0.0032244,0.00070635,0.00088552
9.6881e-05,0.00061808,0.0056777
0.00032068,0.0013252,-0.00070341
0.0055054,-0.0010065,1.6334e-05
0.0024447,0.0011612,-0.00046886
0.001882,-0.00030453,-0.004002
-0.0014167,0.00092671,-0.0031532
-0.0044953,0.00056217,0.0011335
-0.0030114,9.0588e-05,0.0014
3.4841e-05,0.0010904,-0.0011826
0.00057424,-0.0018918,0.00084492
0.0043523,-0.00023193,-0.00012978
0.0010941,0.00066011,0.0010344
0.00036088,-0.00090491,-0.0039967
-5.83e-05,-0.0011211,-0.0032859
-0.00054104,-0.00089761,-0.00086273
-0.00086312,-0.0010185,-0.00138
-0.0017293,-1.1003e-05,-0.00049095
0.00060168,-0.0026256,0.0021077
0.00037872,-0.00024955,-0.0014023
-0.00059036,-6.0531e-05,0.00069924
0.0038797,-0.00078934,0.00020463
-0.00039164,-0.00055793,-0.00084621
-0.0047981,0.00061935,-0.00035969
-0.002467,0.00074662,-0.0029778
0.001871,-0.0014585,0.0033235
0.00039313,-0.00056306,0.0047185
-0.0017118,-0.00025399,0.00073508
0.00065798,-0.00024054,-2.7123e-05
0.0025321,0.00055706,-0.0016297
0.0019115,-0.0015485,0.0006872
-0.0016786,0.00040689,-0.0012152
-0.0047617,-0.0012058,7.5451e-05
-0.0046239,0.00039162,0.0006562
0.003502,0.00047089,0.0013764
0.0099957,-0.00057787,-0.0037658
0.012208,0.001044,-0.00011923
-0.0025616,-0.0013122,0.0007708
-0.0080702,0.00072258,0.00078062
-0.0081354,0.0015001,0.0019059
-0.0042068,-0.00040535,-0.00053342
0.00039247,-0.00015447,-0.00038396
0.0076839,-0.0011082,0.0042934
0.0093609,-0.00043288,0.0027294
0.0014683,-0.0010596,0.002227
-0.017666,-0.00031113,0.0024521
-0.015538,-0.00075279,0.0056957
-0.0039921,-0.0010897,-0.00078208
0.0053616,0.0013759,-0.0010932
0.012724,-0.00047122,-0.0064818
0.012125,-0.0016525,-0.0016726
0.0038448,-0.0010514,-0.0019128
-0.0056933,0.0010278,-0.0011945
-0.010045,-0.00031399,-0.0022705
-0.0061032,-0.0014234,-0.0011856
-0.0022636,-0.0012316,-0.00025349
0.0022521,-0.00083176,0.00035431
0.00013015,-0.0020123,0.0034443
0.001909,-0.00064693,-0.00055704
0.0054995,-0.00010148,0.0015452
0.0038655,0.0013146,-0.0009517
-0.003372,0.0026626,-0.0015709
0.00096981,0.0025558,-0.00062968
0.0040742,0.0024409,-0.0016381
0.0035335,0.00063092,-0.0001475
-0.0015927,-5.566e-05,-0.0018843
-0.0030572,-0.0014999,-0.00057344
-0.001768,-0.0010873,0.00028245
3.1257e-05,-0.00047822,-0.00084608
0.0023919,-0.00078004,-0.001809
0.00029836,-0.0027893,-0.00025404
-0.0013775,-0.0036163,0.0002496
-0.0028,-0.0045963,-0.0028819
-0.00096134,-0.0049461,0.0051187
-0.00083871,-0.0030668,0.0039392
0.0012024,-0.0048629,-0.0015259
0.0061801,-0.0068524,0.0023716
0.0036862,-0.007456,0.0024767
-0.003689,-0.0077923,0.00044483
-0.0072114,-0.0078051,-0.0014534
-0.0033066,-0.0074431,-0.0015027
0.0015582,-0.0070431,0.00054013
0.0034598,-0.006448,-0.001089
0.0048819,-0.0053696,-0.0030178
0.00043076,-0.0039413,-0.0035343
-0.004598,-0.0020657,-0.0060593
-0.0038683,-0.0011048,-0.0048969
-0.00085942,-2.8684e-06,-0.0047948
-0.00087661,0.00057265,-0.0023618
-0.0034766,0.0018914,-0.00053151
-0.0031929,0.0025068,-0.0044681
0.0019335,0.0045054,-0.0053179
0.0030152,0.0044216,-0.0020562
-0.0008331,0.0082048,-0.0036944
0.00059641,0.014352,-0.0056995
-0.0014245,0.012959,-0.0040852
-0.00023882,0.012792,0.0021701
0.0025454,0.0087447,0.00086307
-0.000816,0.012043,0.002226
0.0013192,0.012616,-0.001587
-0.001844,0.012852,-0.00045071
-0.00069985,0.014204,-0.001023
-0.0023941,0.01393,0.00015553
0.0022503,0.014342,0.0032683
-0.0018921,0.014939,0.00048481
-0.00066888,0.015729,0.0037117
0.00084435,0.013678,0.00014776
-0.00091431,0.01397,0.0030965
0.0036499,0.01458,0.0015725
0.0012686,0.014867,0.00017874
0.00017132,0.011526,-0.0017098
0.0011447,0.01443,0.0027982
-0.00028666,0.014243,0.0010484
-0.00068961,0.012704,0.0036546
-0.00097073,0.014362,0.00079226
-0.00017277,0.011136,-4.9768e-05
0.00057329,0.0092433,0.0020611
0.00095944,0.0077507,0.0020268
-0.0011521,0.0051886,0.003034
-0.0015371,-0.00010179,0.0029415
-0.00038892,-0.0014104,0.00044412
0.00075288,-0.0038069,0.0019607
0.00088706,-0.0062035,0.0012402
0.00029064,-0.0080242,0.0029474
-0.0017586,-0.011844,0.0010124
-0.00038233,-0.015787,0.0013201
-0.0003864,-0.01846,0.00073776
-0.000144,-0.021181,-7.2668e-05
-0.00060436,-0.021817,-0.0013137
-0.00032414,-0.024993,0.00056687
-0.0013533,-0.028899,0.002352
-0.00087909,-0.031815,0.0010786
0.00012372,-0.032815,-0.001965
5.4774e-05,-0.032871,-0.0059366
0.0024517,-0.035601,-0.0052944
0.0039419,-0.036749,-0.0022522
0.0036779,-0.037,0.0005914
0.002827,-0.036657,-0.00059101
0.0012702,-0.03651,-0.00075051
0.0019731,-0.036663,-0.0013614
-0.00025156,-0.033749,-0.0052809
0.0012981,-0.035181,-0.0049762
0.00014848,-0.0352,-0.0070114
0.0021537,-0.033355,-0.0050042
-0.0033214,-0.031441,-0.0063187
-0.0036614,-0.031061,0.00042553
-0.0022716,-0.031542,-0.00033673
0.0020678,-0.031546,-0.0033174
0.00010626,-0.028548,-0.0031889
-0.0022309,-0.025521,-0.0042258
-2.7289e-05,-0.022096,-0.0048192
0.0027791,-0.01973,-0.0041284
0.0043941,-0.019529,0.00034984
0.00074136,-0.020038,0.0070235
0.00095565,-0.015894,0.0027658
0.0019836,-0.016281,0.0016957
0.005394,-0.018604,0.001653
0.0060122,-0.017593,0.00419
0.0016152,-0.017327,0.0023637
-0.0003955,-0.019363,0.0010194
-0.0013,-0.022849,-0.00011028
-0.0025607,-0.024676,0.0015812
-0.0028962,-0.025703,0.0028792
-0.00028269,-0.02747,0.0046752
-0.00090476,-0.027047,-0.0010062
-0.0018013,-0.026528,-0.0020006
-0.001551,-0.030661,-0.00078599
-0.0018303,-0.032368,0.0019207
0.002986,-0.031457,0.0023471
0.001452,-0.034135,0.001199
0.0029787,-0.033221,-0.0018657
0.0018519,-0.033818,-0.0052013
0.0010784,-0.035368,-0.0017824
-0.0027143,-0.03183,0.0062782
-0.00042221,-0.027618,0.0016563
-0.00078577,-0.024977,-0.0013125
0.00019751,-0.019526,-0.0064333
-0.001721,-0.012921,-0.0018343
-0.00033512,-0.0098382,0.001873
-0.00075433,-0.011617,0.0066001
0.00081498,-0.013772,0.0067305
0.0036027,-0.014125,0.0026278
0.0019355,-0.01564,0.0017174
-1.4062e-05,-0.015584,0.00061386
-0.0030596,-0.015658,0.0049392
-0.0035784,-0.017563,-0.0015841
-0.0014739,-0.01678,0.0018275
0.00095128,-0.012019,-0.0014049
0.0041942,-0.01191,0.0016648
-0.0011254,-0.0094694,0.002529
0.00040485,-0.0066262,-0.0018628
-0.0018942,-0.0046976,-0.00051091
-0.0019408,-0.0015667,-0.00056931
0.0030325,-0.003541,0.00068953
-0.002449,-0.0038147,0.00088153
-0.00029953,-0.0014589,0.0018846
-0.00051031,-0.0042699,0.0013639
-0.002842,-0.00015183,0.002861
-0.00072933,-0.0016398,0.0020517
0.0023552,-0.0017855,-0.0011852
0.0031464,-0.0019793,-0.00010927
0.0039843,-0.0011245,-0.0012093
0.0018096,-0.001838,-0.0030482
-0.003726,-0.0019807,-0.0015965
-0.00403,-0.00099514,-0.00059399
-0.004768,-0.0013133,0.0020337
-0.0063306,-0.0028639,0.0041575
-0.0019168,-0.0016924,0.0037785
0.0029305,-0.001479,-0.0018759
0.0023762,-0.0032948,-0.0030438
0.00041068,-0.0017539,-0.00085049
-0.0020101,-0.0044689,-0.0028453
0.0013815,-0.0018774,-0.0025715
-0.00072593,-0.0019777,0.00097562
-0.00051457,-0.0040791,-0.00094982
-0.00057048,-0.0024949,0.00015181
-0.00088579,-0.0025947,-0.00064447
-0.0018297,-0.0011075,0.0019309
0.001312,-0.0027704,-0.00018423
-0.0013198,-0.00019335,-0.0019819
0.00018154,-0.0026643,-0.0009331
-0.00058857,-0.003557,-0.0030204
0.0014892,-0.00054807,-0.00092562
0.00060465,-0.0010866,0.0016424
0.0022725,-0.0011509,-0.00017083
-0.0017231,-5.5914e-05,0.00012777
-0.0012232,0.00040497,0.00049998
-0.0054238,-0.0027144,-0.00032337
0.0020523,-0.00047971,0.00028387
0.00095453,-0.0019629,-0.0019668
0.00064438,-0.0012215,-0.00020448
-0.00069351,0.00024524,-0.00018069
0.0013326,-0.00076632,-0.0014426
0.001561,-0.00053945,-0.00078133
0.0031152,-0.00040567,-0.0017231
0.00086175,-0.0010688,-0.00029707
-0.0029022,-0.00017618,-0.0028359
-0.00077688,0.0010032,0.00039019
-4.7236e-05,-0.00098831,0.00061708
0.0022307,0.00018657,-0.00049451
0.0015003,0.0019034,-0.0024655
0.00041548,0.00033996,-0.0015186
-0.0012047,0.0050572,-0.0026969
-0.00013399,0.0042789,0.0012581
0.0014867,0.0031149,0.0019626
0.0020528,0.0027548,0.0051335
-0.001903,0.0039903,0.0022591
-0.0017521,0.002221,0.0026568
-0.0037475,0.0031233,-0.004216
-0.005456,0.00018332,-0.0060621
-0.0038973,0.0036944,-0.0012061
0.0052359,0.001268,-0.0063939
0.0076252,-0.00042993,-0.00027722
0.0064988,-3.4045e-06,0.0041738
0.00012267,0.0014047,0.0030112
-0.0025597,-8.9726e-06,0.0027952
-0.0047838,-0.00085169,0.00083694
-0.0045902,-0.00075933,-0.00051413
-0.0023717,0.0011119,-0.0023746
0.00065082,0.00022319,-0.00081817
0.0026871,0.0007895,0.00048909
0.00091547,-0.0018712,0.0026092
0.0014114,0.00047202,-0.00044913
-0.0013926,-0.0020165,0.00014725
-0.00088894,-0.0021108,-0.00045265
-0.0015456,-0.0013588,0.00012242
-0.0028989,-0.0041159,-0.0020595
0.00091379,-0.00018499,0.00010024
-0.00024698,-0.00081587,0.00081583
2.407e-05,-0.0019385,0.00073838
9.1604e-06,-0.0024701,-0.0014523
0.00034605,-0.0018793,-0.0020762
-0.0014994,-0.0017464,-0.00048223
-0.0014024,-0.00058971,-0.0012605
-0.0012912,-0.0018658,-0.00077632
-0.0013365,-0.00064594,-0.00038796
0.0001231,0.0020029,-0.0005683
0.0015913,0.00033394,-0.0028048
0.00081293,-0.00062098,-0.00054763
0.0024529,0.00039699,-0.0016376
0.0020989,0.0025222,-0.001881
0.00081973,-4.9571e-05,-0.00059324
7.8453e-05,0.0027411,-0.0030632
-0.0011629,0.0034551,-0.00082237
0.00059496,0.0018175,-0.00090141
0.0013996,0.0017033,0.0012597
0.00059467,0.0028024,0.00048131
0.00034708,0.0015101,-0.0010482
-3.2845e-05,0.0029983,-0.00016046
0.00069269,0.0026131,0.00097548
-0.0019918,0.0025807,0.0025551
-0.0012618,0.0011519,-0.00045736
0.0021259,-3.1122e-05,-0.0004396
0.001011,0.0007281,0.00087863
0.0018417,0.00064565,-0.00040723
-0.00063573,0.00082922,-0.00073319
-0.00068438,-0.0020826,0.0014748
0.00052596,-0.002028,0.00063083
-0.00016668,-0.0059756,0.00083656
-0.0012654,-0.0073941,-0.00012738
0.00050922,-0.0097833,0.00085299
-0.00113,-0.0086843,0.00069068
0.0001889,-0.011282,-0.00022717
-0.00025716,-0.010005,-0.0010011
-0.0015333,-0.011073,-0.00036759
-0.0011682,-0.010403,0.00050868
0.0024524,-0.012435,0.001593
0.0041826,-0.010338,0.00078584
0.00047176,-0.015472,0.00020525
-0.0026768,-0.015685,0.0035312
-0.00055518,-0.018444,0.0009598
0.001137,-0.018275,-9.1869e-05
0.00052086,-0.018669,-0.0014268
0.0010229,-0.020357,0.001102
-0.00015134,-0.01929,-0.00065347
-0.0021493,-0.020933,-0.0019384
-0.0001172,-0.022033,0.0015757
-0.0016147,-0.020569,-0.00065055
0.0024768,-0.024136,0.0016527
0.0041627,-0.02268,-0.0023415
0.0004968,-0.023942,-0.00049689
0.0014812,-0.022978,-0.0010394
-0.00012953,-0.023694,-0.0024483
-0.0024474,-0.023654,-3.6212e-05
-0.0020456,-0.025255,0.0013511
-0.002555,-0.02236,0.0023685
0.0018306,-0.025341,0.00038861
-0.00032692,-0.024137,0.00083193
-0.00034853,-0.023598,-0.0024604
-0.0029628,-0.021653,-0.0017866
0.0036964,-0.021664,-0.0021909
0.0034419,-0.021782,-0.00035742
-0.001369,-0.018849,-0.00068067
-0.0002197,-0.019403,-0.00086041
0.00063089,-0.016373,0.0015612
-0.0012542,-0.011927,-0.0047804
-0.0008254,-0.0094478,-0.0041927
-0.00018189,-0.0060997,-0.0025244
-8.943e-05,-0.0067384,0.00099059
0.00029634,-0.0063252,0.00040698
0.0037849,-0.0035774,0.0010042
0.0026029,-0.0021974,-0.0012845
-0.0014404,-0.00021642,0.00090331
-0.0026575,-0.00050218,0.00029644
-0.00017014,-0.0004136,-0.00021871
0.001059,-0.0014504,-0.00015798
0.0015303,0.0026532,-0.0040458
0.0012368,0.0026205,0.0012323
-0.0010632,0.0046409,-0.00062638
0.00075405,0.0053212,-0.0026433
-0.00056561,0.0061905,-0.00049922
0.00081633,0.0083223,0.00027114
0.0027087,0.0080458,5.1199e-05
0.00061924,0.0068973,-0.0007551
-0.00048489,0.0071817,0.0003568
-0.00053028,0.010177,-0.00085794
-0.0029121,0.0096556,0.0027285
-0.0012531,0.0076459,0.001856
-0.00083922,0.0078898,0.0067138
0.00049767,0.002363,0.0047615
0.00046718,0.0023805,0.0024027
-0.0010665,0.0021638,0.0014302
-0.00059461,0.00097284,0.0020933
-0.00010965,0.0015987,0.0019855
0.00039975,0.0017257,0.0020637
0.00074804,0.00033081,0.0038759
8.0273e-06,0.0019046,0.0013075
0.0015069,0.0022764,0.0031264
0.0022844,0.0015277,0.0027647
-0.0025123,-0.0012884,-0.0010783
-0.00099042,0.00082062,0.0024297
-0.00045852,0.0016744,0.0013043
0.00068835,0.0015358,0.0015648
-0.00038443,0.0014555,-4.6272e-06
-0.00095917,0.0018063,-0.00086992
5.3536e-05,-0.0011044,-0.00026882
-0.0014668,-0.002333,0.0019345
-0.0027583,-0.0044697,0.00014508
-0.0017234,-0.0053068,0.0013889
0.00030247,-0.0078912,0.0003635
0.0012594,-0.0067947,0.0020609
-0.00018995,-0.0068913,-0.00099036
-0.0009866,-0.0053655,0.00055248
-0.0023772,-0.0067768,0.00011103
-0.0031078,-0.0060206,-0.0018291
-0.00026695,-0.0060233,-0.0030904
0.0011866,-0.0053033,-0.00065198
0.0013659,-0.0079984,0.00068157
-0.00083268,-0.0047932,0.00053471
-0.0013809,-0.0043629,0.0010277
-0.00093205,-0.0060631,0.0015219
-0.0011986,-0.0094081,0.0015115
0.0013433,-0.0098397,-0.0012303
0.0013081,-0.011774,0.00052002
0.0024891,-0.014619,-0.0012347
0.0018461,-0.012092,-0.00073146
0.0019096,-0.012986,0.00035265
0.00067687,-0.013447,0.00034833
-1.6829e-05,-0.017093,0.0010047
0.00033965,-0.018426,0.0017851
0.0001072,-0.017516,-0.00027165
-0.00086208,-0.02288,0.0010981
-0.00089787,-0.023837,0.00051611
-0.0014541,-0.023399,-0.0021919
0.00018207,-0.027315,-0.0030713
-0.00044245,-0.026753,-0.0025214
-0.00076188,-0.027328,-0.0069756
0.00043075,-0.02231,-0.0054482
0.0028722,-0.023483,-0.0016386
0.0037895,-0.022651,-0.0023012
0.00020876,-0.02625,-0.00054385
-0.0013223,-0.025829,-0.0024939
-0.0025038,-0.027777,-0.0047298
-0.00095988,-0.028693,-0.0041323
-0.0010471,-0.027955,-0.0037014
-0.0023881,-0.030031,-0.0011998
0.0001788,-0.027545,-0.0022443
0.0010243,-0.029563,-0.002286
0.00037963,-0.028625,-0.0055024
0.001414,-0.030924,-0.0014421
0.00073531,-0.032775,-0.0012168
0.0014262,-0.03068,0.0016331
0.0010419,-0.030207,0.0026704
0.0018397,-0.032677,0.0017431
0.0024591,-0.029902,0.0015516
0.0025644,-0.031946,0.0019107
0.0022746,-0.031221,-6.6973e-05
2.1889e-05,-0.030122,0.0026332
-0.0010187,-0.030571,-0.0028565
0.00018277,-0.031206,-0.0020479
-0.0017644,-0.03134,-0.002106
-0.0032792,-0.027989,0.0003384
-0.0041852,-0.028192,0.0044866
-0.0030645,-0.027187,0.0035938
-0.001002,-0.024107,0.0024799
-0.0018193,-0.024045,0.0017831
0.00016153,-0.021586,0.00037937
-0.00050664,-0.02465,-0.00089544
-0.0040028,-0.02451,-0.0010868
-0.0035629,-0.026302,0.0047541
-0.0046585,-0.026042,0.0060189
-0.0052571,-0.026637,0.0071139
-0.0034044,-0.028738,0.0028247
0.00062408,-0.028901,0.0042859
0.0040828,-0.028163,0.0070779
0.0063716,-0.029402,0.0073735
0.0030185,-0.02643,0.0023893
-0.0032,-0.024689,0.00026447
-0.0045804,-0.023904,-0.0017666
-0.0028793,-0.020409,-0.0026195
-0.0028722,-0.016174,-0.00076093
0.00068398,-0.013653,-0.0039446
0.0023018,-0.010464,-0.0029861
0.0031129,-0.007264,-0.0051361
-0.0028188,-0.0015993,-0.0055402
-0.00042479,-0.0010548,-0.0027651
-0.001532,0.0012662,-0.0023341
0.0029227,0.00090015,-2.7342e-05
0.0018175,5.3327e-05,-0.00012668
-0.00092042,0.00063223,0.0012867
-0.0027409,0.0024107,-0.0020168
-0.0015978,0.0024786,0.00016377
-0.0021731,0.0021313,-0.002629
0.00067956,0.0028583,-0.00021296
0.0034955,0.0037913,-0.0012289
0.0024136,0.0042108,-0.0032099
0.0011316,0.0033313,-0.0031566
-0.0022846,0.0053754,-0.00070542
-0.0064394,0.0056722,-0.0016286
-0.0052147,0.0058014,-0.0018432
0.00042327,0.0061775,5.2513e-05
0.00018643,0.0063881,0.00026413
0.0010467,0.0075865,0.00074824
-0.0020137,0.0056116,0.0032939
-0.0023594,0.0061663,0.0033499
-0.0023494,0.0054875,0.00079957
0.0023209,0.0063461,-0.0012894
0.0044594,0.0063436,-0.0017858
0.0018394,0.0086706,-0.0028462
-0.0011317,0.0079274,-0.00072968
-0.0026724,0.0091489,-0.00091151
-0.0017128,0.0084228,0.0020166
-0.0010594,0.0077252,-8.4765e-05
-0.0034166,0.0057008,-0.00035759
-0.006141,0.0043268,0.00031993
-0.0040489,0.003433,-0.0027499
0.0083026,0.0018139,0.0062293
0.0085645,0.0018743,0.0064357
0.0014292,-0.00061501,0.0026684
-0.0044349,-0.00045728,-0.0010949
-0.0028433,0.0014973,-0.00029037
-0.0018425,0.0017752,-0.0024861
0.0019994,0.0027725,0.00075881
0.003338,0.0010265,0.0030525
0.0049672,0.00060972,0.0033176
0.0015446,0.0017775,0.0016622
-0.0022515,0.0018906,4.8185e-05
-0.0031227,0.001657,-0.00059273
-0.0011563,0.0015857,0.0010996
-0.000245,0.0013016,0.00076338
0.00075642,-0.00059935,0.0019064
0.002247,2.2502e-05,-0.0014962
0.0015453,-0.00073797,0.0011905
-0.00073607,0.0011789,-0.00050095
-0.0024912,0.00079197,0.00071629
-0.0033506,8.6962e-06,-0.0010983
-0.001058,-0.00056871,0.0010725
0.002472,-0.0014282,0.0014135
0.0022042,-0.0015258,-0.00012014
-0.0017511,-0.0019003,0.00070963
-0.00018842,-0.0018914,0.00087744
-0.0016053,-0.0023906,0.00090686
8.595e-05,-0.0010964,0.00093222
0.0042599,-0.00096017,-0.00088585
-0.00088304,0.00024759,-0.0038709
-0.0077765,0.0038389,-0.0032096
-0.0096344,0.0067727,-0.0060998
0.00084828,0.0064626,-0.0044277
0.0080922,0.0089057,-0.0052565
0.0047518,0.0097797,-0.0034753
-0.001663,0.010095,-0.0019226
-0.0057134,0.013141,-0.0013515
-0.0058207,0.012443,-0.00087292
0.0025279,0.011454,0.0013365
0.0033871,0.0076431,0.002764
0.0010885,0.004662,-6.4217e-05
-0.0059269,0.0042976,0.0076929
-0.0054951,0.003806,-0.0013556
0.0022854,0.0038225,-0.0054615
0.0076692,0.0043092,0.0023315
0.0031197,0.004948,-0.0039877
-0.0028229,0.0050462,-0.0028539
-0.0023977,0.0012577,0.00047681
-0.003515,0.0012764,0.0011348
-0.0012362,0.0013682,-0.0012447
-0.002547,0.00069143,-0.0066489
-0.0024609,0.0017472,-0.0073394
0.0028529,0.0066533,-0.0032347
0.0099563,0.0048212,-0.0010542
0.0073092,0.0083026,0.0006819
-0.00052934,0.0066236,0.0043812
-0.0033579,0.0094406,0.0015117
-0.0030576,0.0064859,0.0013621
-0.00035723,0.0079928,-7.0433e-05
-9.0181e-06,0.009183,0.0004792
-0.000522,0.0075919,0.0011369
0.0022156,0.0098259,0.0012319
-0.0008979,0.0078698,0.0014855
-0.0010699,0.0057132,0.0016641
-0.0017514,0.0071216,0.0012396
-0.0010327,0.0058194,0.00014503
-0.00049117,0.0076805,0.0013899
-0.00049818,0.0043558,0.0004329
0.0031548,0.0011913,0.0046475
0.0039831,0.0027043,0.0023767
-0.00011382,0.0034369,0.0014409
-0.0042173,0.0023183,-0.00018015
-0.0035354,0.0012832,-4.826e-05
-0.0010756,0.0043013,0.0017754
0.0022227,0.0023952,0.00157
-0.00041972,0.0045889,-0.0015752
-0.0024141,0.0031348,0.00071299
-4.216e-05,0.0020254,-0.00094199
-4.9199e-05,-0.00053498,-0.0013854
0.0014407,0.00083613,-0.002171
0.0016909,0.0002679,-0.0039095
-0.00030846,0.0038155,-0.0018088
-0.00079674,0.00086045,0.0030341
-0.0021393,0.00087102,0.00099459
-0.001008,0.00053153,0.002079
0.0020317,0.0010263,0.0030277
0.0028304,0.00010782,0.0022687
-0.0011273,0.0023903,0.0015305
-0.0029945,0.0023978,0.00062928
-0.003001,0.0021437,0.00086137
-0.0012106,0.002663,-0.0019715
0.00041297,0.0029054,0.0012577
0.002195,0.0022952,-0.0014154
0.0017702,0.0031481,6.7981e-05
0.0026485,0.0030714,0.00061987
0.0028884,0.0032529,-0.00052321
0.0022296,0.0023436,-0.00014538
0.00036878,0.0023889,-0.0048703
-0.00070082,0.0028823,-0.0018159
-0.0042076,0.00031039,-0.0013727
0.0015096,0.0016848,-0.0012422
0.0033015,0.0021174,0.0014275
0.0022284,0.0005843,0.00077278
0.001055,0.0026148,0.00053372
-0.0015074,0.0024783,-0.00048418
-0.001338,0.00085333,0.0011672
-0.00078065,0.0026819,0.00097047
-0.00032843,0.001995,-0.0014373
-0.0010037,0.0021551,-0.00015574
0.0018058,0.0022735,0.0035139
0.002624,0.0019025,0.001602
0.0029687,0.0024823,0.00043076
-0.0016303,0.0017001,-0.00035414
-0.0037923,0.00051083,-0.00017478
-0.0018304,0.003506,0.00059574
-0.0016128,0.00039335,-0.00083196
0.00046203,0.0019009,-0.0012209
0.00061889,0.0014729,0.0015136
-0.0013338,0.00072115,0.0015602
-0.0053776,0.0024571,0.0019133
-0.0040516,0.001033,0.0027121
-0.0030207,0.00086308,0.0031903
-0.00042736,0.0021086,4.2075e-05
0.0027509,0.0016253,-0.00076833
0.0014464,0.0019209,-0.0013528
0.0019801,0.0037367,-0.0019342
0.00322,0.0017176,-0.00068184
-0.0008458,0.0001013,0.0029116
0.00011903,0.00078818,0.0018342
-0.0028886,-0.00085574,-0.00077985
-0.0018641,-0.001308,5.5793e-05
0.00057361,-0.0025918,0.0014246
-0.0011577,0.0003948,0.0010224
0.00069483,0.0012978,-0.0014515
0.0026859,-0.00024731,-0.00066119
0.001511,0.0033918,0.00063167
-0.0010068,0.001602,0.0023454
0.0021912,0.0024957,0.0032775
-0.0014941,0.0010801,0.0026608
-0.0020811,0.00042007,0.0014952
0.0016502,0.0018044,0.0013845
0.00068964,0.0016507,0.001064
0.0015995,0.001904,-0.0024484
0.0048946,0.0014097,0.00022374
0.0040862,-0.00040106,-0.0011931
0.0041064,0.0011282,0.00028019
-6.587e-06,3.6557e-05,-0.001118
0.0017098,0.00019514,0.0013598
0.0026957,-0.001518,0.0019233
-0.0011316,-0.0010836,-0.00056533
-0.0006069,-0.0043974,-0.0014545
-0.0015287,-0.004455,-0.0004216
-0.0004953,-0.0061889,-0.0016935
-0.00015928,-0.0082065,-0.0023041
-0.00050225,-0.011328,-0.00011153
0.0013196,-0.01463,0.00037763
0.0016044,-0.01302,-0.0018572
0.0003443,-0.016153,2.9413e-05
-0.0018611,-0.019422,-0.0042334
-0.0024621,-0.016904,-0.0057493
-0.0022783,-0.010767,-0.0037802
-0.0052203,-0.0074927,-0.0016408
-0.0042925,-0.0070754,0.00024706
0.00035039,-0.0056191,-0.00023732
0.0012762,-0.0038621,-0.0013328
0.00048152,-0.0019122,-0.0011113
-0.0011933,-0.0011883,-0.00094124
0.0028748,0.00016478,0.0021513
0.0033711,-0.0010602,0.0018456
0.0039063,0.00076256,0.00010393
0.00073467,4.6019e-05,-5.9275e-05
0.00011937,-0.0011674,-0.0011686
0.0013005,-5.3003e-05,-0.00059609
-0.0007874,-0.0014758,-0.00043328
0.0012357,0.00059775,0.0011787
-0.00010225,0.00052156,-0.00024207
-0.00036484,0.000438,-0.0013684
-0.00071192,-0.00060618,-0.00061314
7.8577e-05,0.0012703,-0.00055507
3.4611e-05,0.00012586,-0.00064614
-0.00064837,-0.0015948,0.00013461
0.00063017,-0.00027654,-0.00057377
0.00057745,1.4398e-05,-0.00099433
-0.00035995,0.00072121,0.00071342
0.00085481,0.00025433,-0.0015061
-0.00037613,0.00070235,0.0004478
-0.0003932,0.00096627,0.0014145
-0.0007231,-0.00011459,-7.5641e-05
0.00013592,-0.00083742,-0.0030608
0.0019705,-0.00014974,1.0507e-06
-0.0005487,0.00086917,0.00061169
1.2165e-05,0.0011635,0.0015226
0.00081596,0.0001512,0.0016566
0.0013395,-0.00045943,-0.00043084
0.00046775,-0.00049419,0.00085664
0.00069959,0.0019128,-0.00010669
0.00071624,-0.00047927,-7.632e-05
-0.00065044,0.00042677,0.00019042
0.00022034,0.00035943,-0.0010516
0.00087333,0.00071762,-0.00039164
0.0011712,-0.0015792,-0.00080769
0.00022671,0.00031929,6.6415e-05
0.00021198,0.0011132,-0.0013199
-0.00093054,0.00010413,0.00044423
-0.0011703,0.0024684,-0.00036258
0.0020394,0.0012921,-0.0007492
-0.0027026,0.00028536,0.001743
0.0013334,0.00098148,0.00089291
-0.00064551,0.00076602,0.0017869
0.00057138,0.0021738,0.0013378
0.00067756,0.001066,0.00060386
0.00082286,0.00061853,-0.00036854
-0.0011768,0.00085256,0.0004064
0.0020843,0.0011995,-0.00027922
-0.00040301,0.00030047,-0.0002128
0.00024298,-0.001413,-0.0010292
0.000549,0.001967,0.00057318
-0.00087436,-0.001175,0.00082091
0.00030457,-0.00071429,0.00035581
0.0017396,-0.00081577,-0.0015295
0.0014644,-0.00075801,-0.00027769
-0.00064253,-0.0010253,-0.00042758
-0.00072725,2.8449e-05,-0.0016357
0.0010041,0.00080041,0.0005129
0.001712,-0.00026173,0.00096307
0.00195,0.00068473,-0.00081008
0.00032338,-0.00016671,0.0014549
0.0014997,0.0017774,8.7253e-05
0.0012373,-0.00018065,-0.00053973
0.0020135,0.00064946,0.00027087
0.0020069,0.00046416,0.00044678
1.432e-05,-0.0013966,0.00056151
-0.00034537,-0.0014978,-0.00043622
-0.00095929,-0.0015848,-0.00099172
0.0011059,-0.00019953,-0.0011386
-1.2001e-05,-0.001095,-0.0031847
-0.00089804,-0.0012649,-0.00037299
0.0011282,-0.0040474,-0.00032446
0.0028571,-0.0044188,0.00017817
0.0024792,-0.0074335,-0.00018413
0.0021459,-0.010017,-0.0016745
-0.00077757,-0.010921,0.00091196
0.002913,-0.015077,-0.0016117
-0.00085467,-0.015798,-0.00081998
-0.00018293,-0.022766,0.0012888
-0.0012241,-0.02613,0.0013259
-0.0034389,-0.026975,0.00078069
-0.0043221,-0.032504,0.0018413
-0.0022778,-0.034835,0.00037906
-0.0037159,-0.037113,-0.001978
-0.0057571,-0.040042,-0.0032316
-0.0024738,-0.042841,-0.0031241
-0.0029463,-0.042203,-0.0039845
4.8711e-05,-0.045486,-0.0042841
-0.0019846,-0.047809,-0.00035743
-0.0013147,-0.049114,-0.0018184
0.0020348,-0.047874,0.00045358
-0.00031744,-0.052089,-0.0031867
-0.005427,-0.051276,0.00071797
-0.0041421,-0.049475,0.001558
-0.0038861,-0.048188,-0.0017465
0.0040949,-0.046289,0.00066407
0.0001359,-0.048405,-0.0028414
-0.0033842,-0.045373,0.0025859
-0.0014459,-0.041562,0.0044559
-0.0030129,-0.039488,0.00091607
0.0012082,-0.038298,0.0051314
0.0023865,-0.038242,0.0081426
0.00037493,-0.037713,0.0079301
9.3198e-05,-0.033375,0.002576
-0.0013753,-0.033242,-7.951e-05
0.0017819,-0.030626,4.0287e-05
0.0018484,-0.028044,0.00053164
0.0031875,-0.026089,-0.0024445
0.00043052,-0.023592,-0.0024244
0.00056211,-0.022154,-0.0035988
0.00084135,-0.014153,-0.0031427
0.0020226,-0.012725,-0.0016028
-0.0013202,-0.0086752,-0.0008651
0.00057139,-0.0064168,-0.0021434
-0.0016065,-0.0046043,-0.0026941
7.1267e-05,-0.0023205,-0.0027652
0.00026404,-0.00044054,-0.00037037
0.00090267,-0.00055568,-0.0010132
0.00046407,0.0011002,0.0010852
-0.0023263,-0.001236,-0.00011984
-0.0034825,-0.0008284,0.001168
-0.0039647,-0.00020653,0.0015152
-0.0026112,-0.0020619,0.0006579
-0.0023925,-0.00088955,-0.00069148
-0.001096,-0.0027096,0.00073199
-0.0029656,-0.0026837,0.00077392
-0.0017601,-0.0021644,0.0011802
-0.00062782,-0.0026679,-0.0001459
0.0041239,-0.0014775,-0.00066345
0.0021109,0.00039187,-0.00033276
-0.0012014,-0.0019214,-0.00045536
-0.0038783,-0.0017028,-0.0023845
-0.0033999,-0.0010765,0.0012632
0.001688,-0.0026271,0.0020928
0.0012712,-0.0020874,-0.0034704
0.0012933,0.0013128,6.2034e-05
0.00088799,0.0007681,0.00028212
0.0037127,0.00034435,0.0003506
0.0033036,-0.0012974,0.00041135
0.00041148,0.00017356,0.0020562
-0.0064042,0.0015604,0.0014452
-0.0049413,-0.0012052,0.0027302
-0.0050411,0.00011163,0.00027869
0.0026444,-0.00057222,0.0019251
0.0047425,0.0019607,0.0078469
0.0055147,-0.00028187,0.00014173
0.002879,0.00084011,-0.00081539
0.002384,-4.1529e-05,-0.0013057
-0.004943,4.7701e-05,-0.0061175
-0.0017257,0.0007353,-0.0037783
-0.0012202,0.0012551,0.0010056
-0.00020392,-0.0030547,-0.00017988
-0.00074171,-0.0015319,0.0032007
-2.9704e-05,-0.0010669,0.001909
-0.0015352,0.00094816,0.0012618
0.0017338,-0.00035464,0.0010367
0.0041177,-0.0023433,9.1993e-06
0.0037322,-0.0008811,2.6743e-05
-0.0011739,-0.0032441,-0.0029186
-0.0031792,-0.00092829,-0.0014767
-0.0046879,-0.00013319,-0.000716
-0.0044559,0.00059942,-0.0014411
0.0020378,-0.00032071,0.00031358
-0.00032456,-8.0338e-06,0.0018079
-0.0010764,-0.001241,-7.5716e-05
-0.00010108,-0.00044072,0.0013394
0.0022842,-0.00046647,0.00070614
-0.0017371,-0.0010525,0.00091794
-0.0010069,0.0010287,-9.8428e-05
0.00069255,0.0021903,-0.0005987
0.0021804,0.00091245,0.00013815
0.0013554,0.00050992,0.001534
-1.6523e-05,-0.00046467,-0.00042518
-0.0010273,0.00212,0.00073178
-0.00086431,0.0017355,0.00079795
-0.0018736,0.0019063,-0.001063
-0.0016354,0.0014101,-3.4901e-05
0.0029125,0.0020905,-0.00027427
0.0057081,-0.00024016,-0.00015287
0.0061534,0.0027065,0.00014829
0.00093304,0.0027118,0.00015752
-0.0043757,0.0015061,-6.5433e-05
-0.0071409,0.0039497,-0.00077976
-0.005611,0.0035587,-0.0026511
-0.0011163,0.0036258,0.0015126
0.0069302,0.0019269,0.0044104
0.010331,0.00069326,0.0036827
0.0077542,0.0018781,0.00084787
0.0030239,-0.00029094,-0.0019018
-1.5731e-06,0.0018373,-0.0028326
-0.0039017,-0.0014056,0.00028734
-0.0047617,0.00046797,-0.0036221
-0.008192,-0.00036477,-0.00055711
-0.0039816,-0.0010138,0.0012438
-0.0037458,-0.0036266,-0.00085692
-0.007352,0.0007114,0.0015735
-0.0019338,-0.0031297,0.0005552
0.0040537,-0.0013618,0.0021455
0.0045268,0.00060553,0.0038467
0.0058163,0.00087586,0.00035697
0.0089379,0.00041032,0.0018408
0.0082465,3.3588e-05,0.00042169
-0.0014077,0.00037352,5.3088e-05
-0.0062667,-0.0011029,-0.00093933
-0.0039246,0.0011606,-0.00028332
-0.0018553,-0.0021252,-0.0023116
0.002554,-0.0020793,-0.0021979
0.0026516,-0.0020122,0.00065049
-0.0038342,-0.00025658,0.00022352
-0.0048479,-0.0028342,2.0722e-06
-0.00079817,-0.0028247,0.0002749
-0.00022411,-0.0017676,0.0013636
0.00072836,-0.0021117,0.00055803
0.0031851,-0.0022808,0.00046664
0.001643,-0.0019133,-1.9825e-06
-0.0025079,-0.00096527,-0.002453
-0.00015226,0.0014766,-0.000266
0.002783,-0.00062261,-0.00019372
0.0020674,-0.00029339,0.001075
6.3048e-05,-0.0011736,0.0016046
-0.0047596,-0.0012085,0.0010927
-0.0022878,-0.0013988,0.001551
0.00065174,-0.0019609,-0.00022745
0.0028658,2.7536e-05,0.00032432
0.001981,-0.00023109,-0.00068459
0.001382,-0.00089795,-0.0016536
-0.00092083,0.0014076,-0.00080851
-0.0017716,0.00099597,0.0019317
-0.0027235,0.0034136,0.0019568
0.00029047,0.002113,0.00093479
0.0027107,0.0015541,-5.3706e-05
-0.0017379,0.0025279,-0.0019469
-0.0012975,0.00099197,-0.0019759
0.00023543,0.0028885,-0.0036533
0.0011606,0.0017819,-0.0011401
-0.0014593,0.00097543,0.0004011
0.0013872,0.00053933,-0.0013459
0.0023031,0.0010414,-0.0023387
0.0019143,0.0015896,0.0049304
-0.00074927,-0.000309,0.0025488
-0.0021918,0.0014029,0.0018332
-0.0020794,0.00084327,-0.0024842
0.0038582,0.0010703,-0.0035641
0.0085774,0.0023172,-0.0060016
0.0042205,-0.00077091,-0.0047844
-0.0028368,-0.0006433,-0.0043161
-0.0013422,-0.0038118,-0.00087511
9.4688e-05,-0.0023907,0.0019085
-0.0023827,-0.00096921,0.0067997
-0.0015954,-0.0012292,0.0040795
-0.0062515,-0.0020386,0.0013053
-0.010659,-0.00045178,0.0048522
-0.0042847,-0.0013622,0.0055033
-0.00049692,-0.000957,0.0024435
0.0081193,-0.0036545,-0.0032127
0.0051379,-0.0018249,0.0004059
0.0046069,0.00017656,-0.00094586
0.004705,0.00083431,-0.00045336
0.0016982,0.0017515,-0.0034679
4.839e-05,0.0013764,0.0017601
0.00181,-0.00032199,0.0012953
-0.00030717,0.00018737,-0.0010585
0.00051722,0.00067956,-6.2584e-05
-0.0031117,0.00064457,-0.003217
-0.0026426,-0.00014651,-0.00058597
-0.0033397,0.00084249,0.00062576
-0.0020823,0.00028637,0.0012107
0.0017733,0.0017592,0.0031066
0.0044695,0.0013081,-0.00036895
-0.0032528,-0.00065079,-0.0015671
-0.0045558,0.0021529,-0.0035509
-0.0005152,0.00092393,-0.0044914
0.0018744,0.002337,-0.00074482
-0.0010937,-0.00012661,-0.00041267
-0.00099072,0.0011483,0.00095472
0.0021081,-0.0016204,0.0034074
-0.0017743,-0.0014764,-0.0010802
-0.00089045,0.0016702,0.0015321
-0.0055305,0.00050932,-0.00424
-0.0026264,0.00016027,0.00030238
0.00060287,0.0017434,-0.00047964
-0.00095683,-9.2966e-05,0.0025268
0.0015684,0.0038629,-0.00024485
0.0029848,0.0017197,-0.0012463
0.005612,0.0010417,-0.00055856
-0.0026696,0.0027239,-0.0007206
-0.0051844,0.00069406,0.00011376
0.00075863,-1.7749e-09,0.0019614
0.0016627,-0.00093027,0.00069491
0.00082809,0.00043313,-0.0005866
-0.00059023,0.00078494,-0.0019899
-0.0007185,0.0012479,0.0025423
-0.00041132,0.0003131,0.00085566
0.00041825,0.0023715,0.0031083
-0.00050584,0.00134,0.0019295
-0.0004899,0.0021762,0.0029332
-0.0016158,0.00070169,0.00098399
0.00062979,0.0025857,-0.001024
0.00036565,0.0025162,-0.0028735
4.6011e-05,0.0018434,0.0071465
0.0062182,-0.0011601,0.0007335
0.009603,0.0027452,-0.0025821
0.012306,-0.0023279,0.0036267
0.0015547,-0.0035839,-4.611e-05
-0.0044269,-0.0033328,-0.0051256
-0.0025389,-0.0083242,-0.0032413
-0.0098038,-0.0072986,-0.0013672
-0.010309,-0.0093046,-0.0052069
-0.0073634,-0.006682,-0.0041106
-0.0028645,-0.0051557,0.0017236
0.0010503,-0.0045803,-0.0012096
0.0032654,-0.0028978,-0.0089377
0.0057835,0.0014726,-0.00019172
0.0028142,0.0024308,0.0037775
7.2534e-05,0.0038422,0.0034627
0.0022144,0.00032515,0.0026283
0.0030417,0.0027394,0.0059588
0.0052544,0.00036961,0.00051651
0.0033349,0.002963,-0.00010529
-0.00028385,-0.00051357,-0.00069795
-0.0057537,0.0034061,-0.001827
-0.002585,-0.00021329,0.00072992
-0.0028972,0.0021647,0.0024629
0.00029574,-0.00020704,0.0030164
0.0011813,0.000774,0.0040318
0.0065267,-0.00070767,-0.00086154
0.0030863,0.00061979,0.0033236
-0.0027838,0.0019801,-0.0034923
-0.0063968,-0.00029187,-0.0025001
-0.0054422,-0.0004661,0.0012021
-0.00042119,0.0021106,-0.00057105
-0.0019145,-0.0014729,-0.0015668
-0.00087508,-0.00068744,-0.00039862
0.0030137,0.00091868,-0.0036155
0.0042535,-0.0019163,0.0023268
0.0026261,-0.00012354,0.00097534
0.0013929,0.00060705,0.0013961
-0.0010235,0.00080373,0.0054506
-0.005314,-0.00025986,0.002894
-0.0051206,-0.00061887,-0.0012872
0.0022186,-0.0011615,-0.0012649
0.0047962,0.0022508,-0.0031025
0.0010446,0.0012803,-0.0016965
-0.00092659,0.00073874,-0.0041753
-0.00096683,-0.00073869,-0.00068301
-0.0028661,-0.0026909,0.0016805
-0.0017807,-0.0016359,0.0014406
0.00097911,-0.003301,0.00018293
-0.00050164,-0.00069745,-0.00073147
0.0029439,-0.0010907,-0.0017886
-0.00014222,-0.0012903,-0.0016934
-0.0017469,-0.002354,-0.00078083
-0.0047732,-0.0035374,0.0016363
-0.0060204,-0.0021073,-0.0014007
-0.002837,-0.00071097,0.001184
0.0021207,-0.0011896,-0.001468
0.0056866,-0.0013754,0.00010187
0.0034414,-0.0010322,0.00026452
0.00074857,-0.0021827,0.0011799
-0.0017933,0.0012475,-0.00011769
-0.00062361,-0.0011723,0.00079693
-0.0014832,0.0010631,-0.0019909
0.0013712,0.0021295,-0.001901
0.0044952,0.0026423,-0.0056829
0.0050556,0.0012283,-0.0057174
0.0038435,0.00071598,-0.0024034
-0.00088568,0.0032262,-0.0045686
-0.00038525,0.0025558,-0.0028885
-0.0010733,0.0034677,-0.00025756
-0.00079312,0.0037137,0.0034013
-0.0023322,0.0010848,0.0018623
0.00039852,0.0027966,0.00079497
-0.0030113,0.0020844,-6.002e-05
-0.0016222,0.0033961,0.00097874
-0.0049014,0.0048756,-0.0018122
-0.0010124,0.0040103,-0.001888
0.0034352,0.0045468,-0.0013925
0.0028813,0.0040531,-0.00078585
-0.00039192,0.0040983,0.0026942
-0.0060391,0.0049457,-0.00071087
0.0040981,0.0037705,0.0027991
0.0097044,0.0034851,0.0026448
0.006798,0.0057047,0.0011927
-0.0019274,0.0014486,0.0011595
-0.0061679,0.0047483,-0.0031563
-0.00058577,0.0051816,-0.00029383
0.0039538,0.0042094,0.001228
0.0045684,0.0029271,-8.3182e-05
0.0034926,0.0057308,-0.00030125
0.0018789,0.0042756,-0.00011661
-0.0012865,0.0036523,-0.0010913
-0.0050119,0.0024522,-0.0018723
-0.0051051,0.0053761,0.00044672
-0.0016153,0.0053454,0.00030895
-0.0020493,0.0035092,-9.3142e-05
0.00024481,0.0047892,0.0047648
0.0032725,0.0024813,0.0015769
0.0042257,0.00092824,0.0010404
0.0019195,0.00046552,-0.00090542
-0.0011064,-0.00053586,0.00059554
-0.0041117,0.00067302,-0.0017842
-0.00037597,0.001178,0.0017617
0.0032208,0.00014792,0.0019925
0.0016342,-0.00020176,0.0008311
0.00051165,-0.0018135,0.00067591
-0.001019,-0.0010931,-0.00037888
-0.0032891,-0.00058059,0.00044909
-0.0041678,-0.00049478,0.00093283
-0.001688,-0.00029677,8.4756e-05
0.0014325,-0.0023282,0.00088492
0.0023448,-0.0014803,-0.00039814
4.3398e-05,-0.0013924,-0.001251
-0.0009224,-0.0020301,0.00051238
-0.00043126,-0.0027685,-0.00042461
-0.0022031,-0.0012144,-3.7233e-05
-0.00073881,-0.0012554,-0.0020014
0.0029865,-0.0026749,-0.00018244
-0.0011707,-0.0008802,-0.0038812
-0.0019117,-0.0028643,0.00023183
-0.0016749,-0.0028368,0.00054837
0.0042726,-0.0035988,8.9538e-05
0.005244,-0.0008072,0.002969
-0.0019461,-0.0018693,0.0023845
-0.010975,-0.001073,-0.00016001
-0.011699,-0.0011405,-0.0016596
-0.0032594,-9.2947e-05,0.0017404
0.0049438,-0.0022388,-0.0055785
0.0081191,0.0012584,-0.0067258
0.0066387,-0.0015888,-0.0018651
-0.00092591,-0.0015542,-0.0046813
-0.0058945,0.00035992,-0.0022169
-0.0022637,-0.0019516,-0.0019647
-0.0019013,-0.0012269,-0.0017157
-0.00041924,-0.0045711,0.00083947
