1.1102e-16,0,2.2204e-16
0.0034997,-0.0097893,0.56535
0.001174,-0.022415,1.1276
-0.0078317,-0.041411,1.6892
-0.015081,-0.059227,2.2513
-0.020401,-0.074232,2.8161
-0.029694,-0.090783,3.3903
-0.041527,-0.10985,3.9695
-0.055937,-0.1348,4.5562
-0.070081,-0.15755,5.1505
-0.087982,-0.18035,5.7513
-0.10547,-0.19966,6.3639
-0.12386,-0.21878,6.9896
-0.14447,-0.23662,7.6376
-0.16451,-0.25426,8.3021
-0.18448,-0.2738,8.9784
-0.20772,-0.29244,9.6619
-0.233,-0.30357,10.354
-0.25379,-0.30918,11.064
-0.27013,-0.31522,11.798
-0.28212,-0.3207,12.559
-0.29621,-0.32522,13.335
-0.31283,-0.32921,14.124
-0.32709,-0.33002,14.928
-0.34512,-0.32986,15.749
-0.35856,-0.33108,16.582
-0.36611,-0.33742,17.428
-0.36864,-0.35065,18.288
-0.38129,-0.36432,19.17
-0.39314,-0.38363,20.071
-0.40656,-0.40788,20.991
-0.41966,-0.43507,21.925
-0.43756,-0.46314,22.878
-0.45073,-0.49138,23.849
-0.46864,-0.52082,24.825
-0.48707,-0.55049,25.808
-0.50558,-0.5807,26.795
-0.52588,-0.61231,27.796
-0.54648,-0.6431,28.803
-0.56792,-0.67385,29.817
-0.58848,-0.70481,30.838
-0.61139,-0.73448,31.867
-0.63419,-0.76585,32.903
-0.65626,-0.7961,33.949
-0.67997,-0.82507,35.004
-0.70463,-0.85213,36.067
-0.73182,-0.87924,37.13
-0.75095,-0.89995,38.202
-0.76374,-0.91739,39.277
-0.78611,-0.9426,40.354
-0.81198,-0.97072,41.431
-0.84056,-0.99835,42.506
-0.87091,-1.027,43.58
-0.906,-1.048,44.645
-0.94481,-1.0652,45.707
-0.98151,-1.0882,46.78
-1.0156,-1.1109,47.858
-1.0501,-1.1314,48.935
-1.0795,-1.1494,50.011
-1.1125,-1.1688,51.089
-1.1429,-1.1849,52.16
-1.1775,-1.2003,53.233
-1.2105,-1.2212,54.306
-1.2488,-1.2443,55.372
-1.2822,-1.2722,56.444
-1.3194,-1.3001,57.514
-1.3522,-1.3227,58.601
-1.3872,-1.339,59.686
-1.418,-1.3543,60.769
-1.4446,-1.3649,61.847
-1.4695,-1.3775,62.925
-1.4999,-1.3958,64.004
-1.5281,-1.4152,65.085
-1.5588,-1.4362,66.17
-1.5933,-1.4606,67.261
-1.6235,-1.4837,68.35
-1.6492,-1.5019,69.435
-1.6732,-1.5229,70.522
-1.6976,-1.5423,71.606
-1.724,-1.5664,72.69
-1.7546,-1.5935,73.769
-1.7844,-1.619,74.843
-1.818,-1.6441,75.912
-1.8523,-1.6707,76.98
-1.8928,-1.7021,78.045
-1.9317,-1.7317,79.115
-1.9716,-1.7594,80.18
-2.0092,-1.78,81.241
-2.0461,-1.7985,82.296
-2.0822,-1.8192,83.343
-2.1181,-1.8363,84.381
-2.1523,-1.8547,85.406
-2.1872,-1.8712,86.417
-2.2249,-1.8891,87.411
-2.2624,-1.9078,88.383
-2.3037,-1.9295,89.335
-2.3448,-1.951,90.266
-2.3901,-1.9727,91.171
-2.4347,-1.9936,92.055
-2.4867,-2.022,92.916
-2.5383,-2.0444,93.754
-2.5944,-2.0661,94.567
-2.6496,-2.0833,95.352
-2.7098,-2.1048,96.111
-2.7693,-2.1272,96.836
-2.8276,-2.1499,97.533
-2.8853,-2.1696,98.197
-2.9406,-2.1928,98.833
-2.9926,-2.2176,99.437
-3.0437,-2.2421,100.02
-3.0923,-2.2683,100.58
-3.1324,-2.2915,101.12
-3.1624,-2.311,101.64
-3.1825,-2.3272,102.13
-3.1967,-2.3491,102.6
-3.202,-2.369,103.05
-3.1982,-2.3918,103.49
-3.1827,-2.41,103.91
-3.1569,-2.4326,104.32
-3.1162,-2.4495,104.72
-3.0618,-2.472,105.12
-2.9939,-2.4877,105.5
-2.9114,-2.5075,105.88
-2.8139,-2.5266,106.24
-2.6994,-2.5486,106.6
-2.5708,-2.5654,106.94
-2.4317,-2.5854,107.29
-2.2794,-2.6011,107.62
-2.1094,-2.6159,107.93
-1.9215,-2.6289,108.23
-1.7202,-2.6419,108.52
-1.5068,-2.656,108.79
-1.2828,-2.6705,109.05
-1.047,-2.6829,109.31
-0.79723,-2.6919,109.55
-0.53072,-2.6992,109.79
-0.24664,-2.7121,110.02
0.055784,-2.7236,110.21
0.37446,-2.7329,110.4
0.70511,-2.7415,110.57
1.0495,-2.7536,110.73
1.4081,-2.7643,110.86
1.7741,-2.7773,110.99
2.1489,-2.7885,111.1
2.5331,-2.7963,111.19
2.9346,-2.8065,111.27
3.3507,-2.8185,111.32
3.7838,-2.8298,111.36
4.2273,-2.8403,111.4
4.6908,-2.857,111.45
5.1734,-2.8717,111.49
5.6727,-2.8861,111.52
6.1929,-2.9021,111.53
6.7285,-2.9172,111.52
7.2823,-2.9305,111.5
7.8553,-2.9357,111.49
8.4477,-2.943,111.48
9.0658,-2.9534,111.46
9.7084,-2.9664,111.43
10.365,-2.9803,111.41
11.042,-2.9939,111.4
11.73,-3.0098,111.39
12.441,-3.021,111.38
13.164,-3.0343,111.36
13.902,-3.0512,111.35
14.658,-3.0729,111.34
15.424,-3.0953,111.32
16.201,-3.1182,111.31
16.981,-3.141,111.29
17.767,-3.1606,111.28
18.565,-3.1765,111.25
19.372,-3.1936,111.23
20.188,-3.2141,111.21
21.006,-3.2323,111.19
21.828,-3.2508,111.17
22.658,-3.2731,111.15
23.497,-3.2983,111.14
24.338,-3.3264,111.13
25.182,-3.3504,111.11
26.027,-3.3704,111.1
26.865,-3.3924,111.09
27.696,-3.4177,111.07
28.518,-3.4396,111.04
29.34,-3.4646,111.02
30.172,-3.4947,111
31.003,-3.5246,110.97
31.824,-3.5504,110.95
32.637,-3.574,110.93
33.45,-3.5974,110.91
34.256,-3.6195,110.9
35.06,-3.6434,110.87
35.86,-3.669,110.85
36.656,-3.6923,110.83
37.45,-3.7133,110.81
38.241,-3.7394,110.79
39.024,-3.7644,110.76
39.804,-3.7889,110.73
40.576,-3.8113,110.7
41.348,-3.8349,110.66
42.116,-3.8605,110.63
42.876,-3.8855,110.59
43.626,-3.9085,110.56
44.359,-3.9275,110.53
45.074,-3.9471,110.5
45.779,-3.9682,110.47
46.479,-3.9903,110.44
47.177,-4.0118,110.41
47.871,-4.0343,110.38
48.566,-4.0553,110.35
49.254,-4.0746,110.32
49.94,-4.0938,110.29
50.624,-4.1144,110.26
51.299,-4.1318,110.23
51.972,-4.1487,110.19
52.641,-4.1678,110.16
53.307,-4.188,110.13
53.966,-4.2047,110.08
54.627,-4.2211,110.03
55.297,-4.2397,109.98
55.969,-4.2597,109.92
56.645,-4.2831,109.86
57.325,-4.3053,109.79
58.013,-4.324,109.72
58.709,-4.3422,109.65
59.419,-4.3604,109.58
60.142,-4.3771,109.5
60.868,-4.391,109.43
61.597,-4.4044,109.35
62.329,-4.4203,109.27
63.07,-4.4381,109.17
63.815,-4.4565,109.09
64.563,-4.4769,109.01
65.316,-4.4997,108.93
66.06,-4.5799,108.86
66.806,-4.7087,108.79
67.546,-4.7896,108.72
68.286,-4.8846,108.65
69.025,-4.9465,108.57
69.77,-5.0198,108.48
70.519,-5.0725,108.4
71.274,-5.1258,108.32
72.028,-5.1696,108.23
72.787,-5.215,108.14
73.552,-5.251,108.06
74.323,-5.2888,107.97
75.098,-5.3223,107.87
75.879,-5.3526,107.78
76.664,-5.3836,107.68
77.454,-5.4076,107.58
78.249,-5.4275,107.48
79.047,-5.4492,107.38
79.849,-5.474,107.27
80.656,-5.4973,107.16
81.474,-5.5231,107.05
82.297,-5.5505,106.93
83.128,-5.5782,106.82
83.963,-5.6006,106.72
84.802,-5.6242,106.61
85.65,-5.6452,106.5
86.499,-5.6652,106.39
87.349,-5.6899,106.29
88.196,-5.7179,106.18
89.043,-5.7425,106.08
89.895,-5.7674,105.98
90.756,-5.799,105.88
91.622,-5.8301,105.78
92.487,-5.8573,105.67
93.347,-5.8839,105.57
94.211,-5.9109,105.47
95.074,-5.9364,105.37
95.936,-5.962,105.27
96.791,-5.9867,105.17
97.646,-6.0129,105.07
98.499,-6.0382,104.97
99.352,-6.0665,104.88
100.2,-6.096,104.79
101.04,-6.1233,104.7
101.88,-6.1487,104.61
102.71,-6.1743,104.51
103.54,-6.204,104.41
104.36,-6.2359,104.31
105.18,-6.2671,104.22
105.99,-6.2988,104.12
106.8,-6.3312,104.02
107.6,-6.3625,103.93
108.4,-6.3963,103.83
109.19,-6.4299,103.73
109.98,-6.4616,103.63
110.76,-6.4932,103.53
111.53,-6.526,103.43
112.31,-6.5581,103.32
113.08,-6.5888,103.21
113.84,-6.6254,103.11
114.6,-6.6644,103
115.36,-6.6989,102.89
116.12,-6.7325,102.77
116.88,-6.7726,102.65
117.64,-6.8123,102.53
118.39,-6.8481,102.41
119.13,-6.8802,102.29
119.87,-6.9167,102.18
120.61,-6.9551,102.05
121.35,-6.994,101.93
122.08,-7.0316,101.81
122.81,-7.0739,101.68
123.55,-7.1161,101.55
124.27,-7.1574,101.41
125,-7.1987,101.27
125.71,-7.2378,101.13
126.42,-7.2773,100.98
127.13,-7.316,100.81
127.84,-7.3543,100.64
128.54,-7.3916,100.46
129.23,-7.4289,100.26
129.93,-7.4645,100.07
130.62,-7.5013,99.857
131.3,-7.5357,99.642
131.99,-7.5715,99.432
132.67,-7.603,99.216
133.34,-7.6339,98.993
134.02,-7.666,98.768
134.69,-7.6968,98.554
135.35,-7.7251,98.341
136,-7.7527,98.135
136.66,-7.7814,97.927
137.32,-7.8096,97.718
137.97,-7.8446,97.512
138.61,-7.8767,97.314
139.24,-7.9046,97.12
139.87,-7.9347,96.927
140.5,-7.9654,96.739
141.13,-7.9979,96.555
141.75,-8.0294,96.377
142.37,-8.0604,96.204
142.98,-8.0872,96.034
143.59,-8.1124,95.864
144.2,-8.1363,95.696
144.8,-8.1659,95.539
145.39,-8.1942,95.391
145.98,-8.2217,95.244
146.56,-8.2465,95.099
147.14,-8.2731,94.965
147.73,-8.3018,94.842
148.3,-8.3308,94.718
148.88,-8.3573,94.602
149.45,-8.3843,94.498
150.02,-8.412,94.404
150.59,-8.4383,94.325
151.16,-8.4639,94.251
151.73,-8.4915,94.2
152.29,-8.5226,94.165
152.85,-8.5515,94.142
153.41,-8.5799,94.13
153.97,-8.6073,94.128
154.53,-8.6359,94.133
155.09,-8.6635,94.139
155.65,-8.6883,94.138
156.2,-8.7096,94.121
156.74,-8.7276,94.093
157.28,-8.7471,94.052
157.82,-8.7655,94.007
158.35,-8.782,93.96
158.88,-8.7973,93.907
159.4,-8.8133,93.838
159.92,-8.8298,93.757
160.43,-8.846,93.669
160.94,-8.8611,93.578
161.44,-8.8755,93.485
161.93,-8.891,93.386
162.42,-8.9053,93.276
162.9,-8.9193,93.161
163.38,-8.9343,93.05
163.85,-8.9479,92.939
164.33,-8.963,92.835
164.81,-8.9784,92.729
165.28,-8.9976,92.623
165.74,-9.0135,92.513
166.21,-9.0307,92.412
166.67,-9.0425,92.3
167.15,-9.0505,92.187
167.63,-9.059,92.07
168.13,-9.0688,91.946
168.62,-9.0826,91.81
169.13,-9.096,91.668
169.64,-9.1077,91.526
170.16,-9.119,91.381
170.68,-9.132,91.226
171.21,-9.1476,91.062
171.75,-9.1634,90.897
172.29,-9.179,90.735
172.84,-9.1939,90.569
173.39,-9.2075,90.397
173.93,-9.2217,90.216
174.48,-9.2358,90.035
175.03,-9.2498,89.863
175.57,-9.2606,89.688
176.12,-9.2734,89.514
176.66,-9.2867,89.341
177.2,-9.3024,89.174
177.74,-9.318,89.009
178.27,-9.3333,88.846
178.8,-9.3478,88.69
179.32,-9.3629,88.54
179.83,-9.3773,88.395
180.32,-9.3914,88.256
180.81,-9.4046,88.123
181.28,-9.4177,87.994
181.74,-9.4305,87.869
182.19,-9.4431,87.753
182.61,-9.4546,87.651
183.03,-9.4647,87.562
183.43,-9.4745,87.482
183.83,-9.4831,87.41
184.23,-9.493,87.349
184.62,-9.5023,87.294
185.02,-9.5134,87.256
185.41,-9.5242,87.234
185.8,-9.5358,87.232
186.19,-9.5474,87.244
186.57,-9.5598,87.263
186.95,-9.5745,87.298
187.33,-9.5882,87.34
187.7,-9.601,87.386
188.07,-9.6115,87.452
188.42,-9.6206,87.526
188.79,-9.6276,87.619
189.15,-9.6338,87.729
189.51,-9.6392,87.846
189.88,-9.6457,87.993
190.23,-9.6516,88.157
190.6,-9.6624,88.354
190.95,-9.673,88.554
191.32,-9.6842,88.782
191.69,-9.6941,89.032
192.04,-9.7049,89.292
192.41,-9.7198,89.601
192.75,-9.735,89.929
193.1,-9.7535,90.296
193.45,-9.7718,90.684
193.78,-9.789,91.088
194.12,-9.806,91.529
194.44,-9.8239,91.989
194.76,-9.8431,92.485
195.07,-9.8618,93.007
195.38,-9.8784,93.549
195.68,-9.8967,94.122
195.98,-9.9128,94.711
196.27,-9.9282,95.327
196.56,-9.9402,95.957
196.85,-9.9517,96.607
197.14,-9.9611,97.277
197.42,-9.9702,97.97
197.69,-9.9821,98.682
197.95,-9.9925,99.411
198.21,-10.003,100.16
198.46,-10.014,100.93
198.72,-10.027,101.7
198.97,-10.037,102.49
199.24,-10.047,103.28
199.52,-10.06,104.09
199.8,-10.073,104.91
200.08,-10.085,105.74
200.37,-10.099,106.59
200.66,-10.113,107.44
200.96,-10.124,108.31
201.25,-10.136,109.17
201.55,-10.15,110.03
201.85,-10.163,110.89
202.15,-10.173,111.75
202.45,-10.182,112.62
202.76,-10.189,113.49
203.06,-10.196,114.35
203.36,-10.204,115.21
203.66,-10.215,116.08
203.98,-10.227,117
204.27,-10.239,117.82
204.56,-10.25,118.69
204.86,-10.262,119.56
205.15,-10.275,120.44
205.44,-10.286,121.31
205.74,-10.297,122.18
206.02,-10.306,123.05
206.31,-10.316,123.92
206.6,-10.327,124.79
206.88,-10.336,125.66
207.16,-10.345,126.52
207.44,-10.354,127.38
207.71,-10.362,128.23
207.98,-10.371,129.07
208.24,-10.378,129.91
208.5,-10.386,130.74
208.75,-10.392,131.55
209,-10.401,132.35
209.24,-10.411,133.14
209.47,-10.42,133.9
209.69,-10.429,134.65
209.9,-10.441,135.39
210.12,-10.452,136.11
210.32,-10.462,136.81
210.51,-10.47,137.49
210.68,-10.48,138.15
210.85,-10.485,138.78
211.02,-10.489,139.39
211.17,-10.5,139.97
211.31,-10.513,140.53
211.46,-10.523,141.06
211.59,-10.532,141.58
211.72,-10.542,142.07
211.85,-10.554,142.55
211.97,-10.563,143.02
212.09,-10.575,143.49
212.2,-10.586,143.94
212.31,-10.599,144.4
212.42,-10.609,144.85
212.51,-10.618,145.3
212.59,-10.627,145.74
212.64,-10.635,146.17
212.69,-10.643,146.61
212.73,-10.651,147.04
212.74,-10.659,147.47
212.74,-10.67,147.9
212.7,-10.68,148.31
212.66,-10.691,148.73
212.59,-10.702,149.14
212.49,-10.706,149.53
212.39,-10.712,149.93
212.25,-10.715,150.31
212.12,-10.724,150.69
211.97,-10.731,151.06
211.76,-10.736,151.4
211.57,-10.741,151.74
211.33,-10.741,152.04
211.1,-10.74,152.35
210.86,-10.738,152.65
210.57,-10.733,152.9
210.3,-10.727,153.17
209.99,-10.721,153.39
209.69,-10.716,153.61
209.38,-10.711,153.82
209.04,-10.703,153.98
208.71,-10.697,154.13
208.35,-10.69,154.24
208,-10.679,154.36
207.63,-10.671,154.45
207.27,-10.661,154.54
206.9,-10.652,154.61
206.51,-10.642,154.66
206.14,-10.629,154.73
205.74,-10.611,154.79
205.34,-10.594,154.84
204.92,-10.58,154.87
204.5,-10.566,154.9
204.05,-10.554,154.92
203.6,-10.541,154.95
203.14,-10.526,154.98
202.65,-10.507,155
202.15,-10.487,155.02
201.62,-10.471,155.02
201.07,-10.459,155
200.5,-10.445,154.98
199.92,-10.427,154.96
199.32,-10.406,154.93
198.7,-10.384,154.91
198.06,-10.361,154.88
197.4,-10.34,154.86
196.72,-10.317,154.83
196.03,-10.294,154.8
195.32,-10.27,154.77
194.59,-10.246,154.75
193.84,-10.221,154.75
193.07,-10.196,154.75
192.29,-10.169,154.76
191.48,-10.143,154.78
190.67,-10.119,154.81
189.84,-10.096,154.85
188.98,-10.071,154.9
188.12,-10.046,154.97
187.25,-10.022,155.04
186.38,-9.9965,155.12
185.51,-9.9695,155.21
184.63,-9.9425,155.3
183.75,-9.9164,155.4
182.88,-9.8901,155.5
182,-9.8635,155.6
181.11,-9.8378,155.7
180.23,-9.8131,155.81
179.34,-9.7873,155.91
178.45,-9.7622,156.01
177.56,-9.7377,156.11
176.66,-9.715,156.22
175.77,-9.6929,156.32
174.88,-9.67,156.43
173.99,-9.6471,156.53
173.1,-9.6265,156.64
172.21,-9.6055,156.75
171.32,-9.5811,156.85
170.42,-9.5567,156.95
169.53,-9.5295,157.06
168.64,-9.502,157.16
167.75,-9.4748,157.26
166.86,-9.4481,157.37
165.97,-9.4223,157.47
165.08,-9.3974,157.58
164.17,-9.3718,157.69
163.3,-9.349,157.79
162.42,-9.3249,157.91
161.54,-9.3,158.02
160.67,-9.2785,158.13
159.79,-9.2575,158.24
158.92,-9.2359,158.35
158.05,-9.2142,158.46
157.17,-9.1924,158.57
156.31,-9.1715,158.69
155.44,-9.15,158.8
154.57,-9.1278,158.91
153.7,-9.1067,159.03
152.83,-9.0859,159.14
151.95,-9.0657,159.26
151.07,-9.0468,159.38
150.19,-9.0272,159.5
149.3,-9.0076,159.62
148.42,-8.9863,159.74
147.52,-8.9654,159.87
146.63,-8.9433,160.01
145.73,-8.9239,160.13
144.82,-8.9005,160.26
143.92,-8.8768,160.39
143.01,-8.8554,160.52
142.09,-8.8346,160.64
141.17,-8.8143,160.77
140.24,-8.7938,160.89
139.32,-8.7744,161.02
138.37,-8.7533,161.14
137.44,-8.7306,161.25
136.5,-8.7072,161.36
135.55,-8.6844,161.46
134.6,-8.6605,161.56
133.64,-8.6372,161.66
132.68,-8.614,161.75
131.71,-8.5909,161.84
130.74,-8.5689,161.94
129.77,-8.5483,162.03
128.79,-8.5266,162.13
127.79,-8.5023,162.22
126.82,-8.4783,162.31
125.85,-8.4516,162.4
124.87,-8.4232,162.49
123.9,-8.3932,162.58
122.92,-8.3641,162.66
121.95,-8.3344,162.75
120.98,-8.3051,162.83
120.01,-8.276,162.92
119.04,-8.2471,163
118.07,-8.2172,163.08
117.1,-8.1907,163.16
116.13,-8.1646,163.25
115.15,-8.1374,163.33
114.18,-8.1122,163.42
113.21,-8.0885,163.5
112.24,-8.0649,163.59
111.27,-8.0397,163.68
110.3,-8.0162,163.76
109.33,-7.9887,163.85
108.36,-7.9613,163.93
107.39,-7.934,164.01
106.42,-7.9064,164.1
105.44,-7.8809,164.19
104.48,-7.8536,164.27
103.51,-7.826,164.35
102.54,-7.7993,164.43
101.57,-7.7708,164.51
100.61,-7.7435,164.59
99.644,-7.7161,164.67
98.68,-7.6916,164.75
97.716,-7.6684,164.84
96.745,-7.6455,164.93
95.779,-7.6212,165.03
94.813,-7.5955,165.12
93.849,-7.5679,165.22
92.886,-7.5396,165.33
91.918,-7.5104,165.43
90.952,-7.4802,165.53
89.972,-7.4515,165.64
89.028,-7.4249,165.74
88.065,-7.3997,165.85
87.096,-7.3803,165.96
86.126,-7.361,166.07
85.15,-7.3412,166.19
84.184,-7.3177,166.31
83.216,-7.2934,166.42
82.243,-7.2674,166.53
81.266,-7.2403,166.65
80.287,-7.2115,166.75
79.312,-7.182,166.86
78.339,-7.1538,166.97
77.367,-7.1278,167.09
76.393,-7.1045,167.2
75.41,-7.0831,167.31
74.425,-7.0618,167.43
73.439,-7.0379,167.54
72.456,-7.0094,167.65
71.473,-6.9826,167.75
70.485,-6.9563,167.86
69.498,-6.9289,167.97
68.508,-6.9024,168.07
67.52,-6.8769,168.17
66.53,-6.8492,168.26
65.536,-6.8225,168.35
64.541,-6.7964,168.44
63.544,-6.7685,168.53
62.542,-6.7402,168.62
61.54,-6.7143,168.7
60.539,-6.6869,168.78
59.539,-6.6586,168.86
58.537,-6.6305,168.94
57.536,-6.6044,169.02
56.534,-6.5767,169.1
55.534,-6.549,169.19
54.534,-6.5215,169.26
53.536,-6.4946,169.34
52.543,-6.4675,169.42
51.55,-6.4417,169.5
50.562,-6.4138,169.57
49.572,-6.3892,169.64
48.588,-6.3658,169.71
47.612,-6.3442,169.78
46.636,-6.3242,169.84
45.661,-6.3053,169.9
44.682,-6.2876,169.96
43.71,-6.2689,170.02
42.744,-6.2495,170.07
41.782,-6.2283,170.12
40.823,-6.2027,170.18
39.865,-6.1751,170.23
38.907,-6.1469,170.28
37.953,-6.1165,170.33
37.004,-6.0846,170.38
36.069,-6.0545,170.43
35.133,-6.0239,170.47
34.208,-5.9948,170.52
33.29,-5.9642,170.56
32.385,-5.9343,170.6
31.484,-5.904,170.64
30.582,-5.873,170.68
29.704,-5.8418,170.71
28.826,-5.8122,170.75
27.955,-5.7822,170.78
27.093,-5.7539,170.81
26.244,-5.7251,170.83
25.405,-5.6954,170.86
24.583,-5.6668,170.88
23.776,-5.6388,170.9
22.986,-5.611,170.92
22.209,-5.5841,170.94
21.446,-5.5599,170.96
20.691,-5.5368,170.99
19.944,-5.5154,171.03
19.206,-5.4947,171.07
18.473,-5.4728,171.1
17.748,-5.451,171.14
17.028,-5.4302,171.18
16.314,-5.4082,171.23
15.607,-5.3869,171.27
14.9,-5.3665,171.32
14.223,-5.3474,171.36
13.545,-5.3272,171.4
12.876,-5.3074,171.45
12.216,-5.2894,171.49
11.568,-5.273,171.54
10.934,-5.2554,171.59
10.314,-5.2389,171.64
9.7092,-5.2223,171.69
9.1205,-5.2048,171.74
8.5515,-5.1886,171.8
7.9986,-5.1755,171.85
7.4617,-5.1616,171.91
6.9385,-5.1489,171.97
6.4326,-5.1359,172.02
5.9412,-5.1225,172.09
5.4616,-5.1089,172.16
4.9954,-5.0971,172.23
4.542,-5.0866,172.3
4.1011,-5.0788,172.38
3.6744,-5.0688,172.46
3.2627,-5.0584,172.55
2.8646,-5.0501,172.64
2.4756,-5.044,172.74
2.1002,-5.0385,172.84
1.7371,-5.0339,172.94
1.3941,-5.0307,173.06
1.0667,-5.0295,173.19
0.74903,-5.0267,173.31
0.43529,-5.0238,173.45
0.12449,-5.0205,173.59
-0.194,-5.0154,173.74
-0.482,-5.0103,173.91
-0.77441,-5.0059,174.08
-1.0563,-5.0041,174.26
-1.3249,-5.0063,174.46
-1.581,-5.0132,174.67
-1.8271,-5.0164,174.87
-2.0654,-5.021,175.09
-2.299,-5.0203,175.31
-2.5332,-5.0219,175.56
-2.7621,-5.02,175.81
-2.984,-5.0216,176.1
-3.1976,-5.0274,176.41
-3.4085,-5.0352,176.72
-3.6136,-5.0416,177.06
-3.8093,-5.0491,177.39
-3.9948,-5.0595,177.76
-4.1725,-5.0692,178.13
-4.342,-5.0778,178.54
-4.506,-5.0855,178.95
-4.6589,-5.0931,179.4
-4.8027,-5.1032,179.87
-4.9309,-5.1184,180.37
-5.0371,-5.1324,180.88
-5.1324,-5.1484,181.4
-5.2127,-5.1596,181.95
-5.2733,-5.1678,182.52
-5.3193,-5.1809,183.11
-5.3515,-5.1985,183.71
-5.3744,-5.2174,184.33
-5.3862,-5.2396,184.97
-5.3923,-5.2617,185.63
-5.3942,-5.283,186.29
-5.3925,-5.3064,186.98
-5.3879,-5.331,187.68
-5.3807,-5.356,188.4
-5.3739,-5.3788,189.13
-5.3722,-5.4006,189.87
-5.3761,-5.4232,190.63
-5.3835,-5.4482,191.41
-5.3866,-5.4753,192.19
-5.3886,-5.5039,192.98
-5.3974,-5.531,193.78
-5.406,-5.5574,194.59
-5.4149,-5.5847,195.4
-5.4251,-5.6158,196.21
-5.4404,-5.6445,197.02
-5.4507,-5.6716,197.83
-5.4638,-5.6977,198.64
-5.476,-5.7217,199.46
-5.4897,-5.7462,200.28
-5.5028,-5.772,201.11
-5.5148,-5.7971,201.93
-5.5303,-5.8219,202.76
-5.5461,-5.8477,203.58
-5.5601,-5.8753,204.41
-5.5746,-5.9047,205.23
-5.5959,-5.9318,206.05
-5.6168,-5.9604,206.86
-5.6384,-5.9849,207.68
-5.6634,-6.0101,208.49
-5.6921,-6.0328,209.29
-5.7197,-6.0585,210.09
-5.7466,-6.0857,210.89
-5.7757,-6.1106,211.68
-5.807,-6.1369,212.46
-5.8361,-6.1634,213.23
-5.8608,-6.1876,213.99
-5.8855,-6.211,214.73
-5.9123,-6.2342,215.45
-5.9409,-6.2581,216.16
-5.97,-6.2793,216.85
-5.9963,-6.2991,217.52
-6.0233,-6.3199,218.17
-6.0538,-6.3414,218.8
-6.0843,-6.3619,219.41
-6.1146,-6.3824,220
-6.1457,-6.4,220.57
-6.1781,-6.4173,221.11
-6.2091,-6.4335,221.64
-6.2397,-6.4501,222.15
-6.2677,-6.4665,222.63
-6.2901,-6.4808,223.09
-6.3084,-6.4928,223.54
-6.3199,-6.5038,223.99
-6.3237,-6.5165,224.43
-6.3194,-6.533,224.87
-6.3044,-6.5494,225.3
-6.2743,-6.5655,225.73
-6.2362,-6.5833,226.15
-6.1909,-6.6008,226.57
-6.1323,-6.6185,226.99
-6.0553,-6.6333,227.38
-5.9591,-6.6501,227.79
-5.8425,-6.6648,228.17
-5.7054,-6.6788,228.55
-5.5573,-6.6891,228.91
-5.3924,-6.706,229.28
-5.2153,-6.7224,229.62
-5.034,-6.7398,229.96
-4.8427,-6.7543,230.28
-4.6392,-6.7651,230.6
-4.4127,-6.7692,230.91
-4.1627,-6.774,231.19
-3.8942,-6.7799,231.49
-3.617,-6.7881,231.74
-3.3392,-6.7959,232.03
-3.0511,-6.8181,232.29
-2.7381,-6.8398,232.56
-2.3976,-6.8582,232.79
-2.0393,-6.8662,232.97
-1.6636,-6.873,233.17
-1.2785,-6.8843,233.34
-0.87476,-6.8994,233.54
-0.43595,-6.922,233.7
0.0023981,-6.9484,233.85
0.47035,-6.9705,233.98
0.95282,-6.986,234.07
1.4518,-6.9976,234.17
1.9682,-7.0107,234.25
2.5041,-7.0275,234.33
3.0633,-7.0504,234.39
3.6331,-7.0715,234.45
4.2195,-7.091,234.49
4.8184,-7.1096,234.52
5.4324,-7.1269,234.54
6.0687,-7.1444,234.54
6.7189,-7.1638,234.53
7.39,-7.1878,234.52
8.0742,-7.2157,234.51
8.7719,-7.2404,234.48
9.4822,-7.2573,234.44
10.206,-7.273,234.39
10.95,-7.2921,234.35
11.714,-7.3117,234.32
12.493,-7.3286,234.28
13.284,-7.3447,234.24
14.08,-7.3607,234.2
14.887,-7.3756,234.16
15.698,-7.3947,234.11
16.501,-7.4114,234.08
17.305,-7.4265,234.04
18.11,-7.4413,234.01
18.918,-7.4567,233.98
19.726,-7.4738,233.96
20.539,-7.4958,233.94
21.35,-7.5154,233.92
22.167,-7.5366,233.91
23,-7.5573,233.9
23.812,-7.5816,233.89
24.635,-7.6067,233.89
25.455,-7.6306,233.9
26.277,-7.6526,233.89
27.101,-7.6765,233.89
27.928,-7.6999,233.89
28.755,-7.7242,233.89
29.583,-7.7462,233.88
30.408,-7.7691,233.87
31.235,-7.7911,233.86
32.059,-7.8146,233.86
32.882,-7.839,233.85
33.704,-7.8651,233.85
34.523,-7.8865,233.84
35.339,-7.9065,233.83
36.153,-7.9264,233.82
36.969,-7.944,233.81
37.78,-7.9605,233.79
38.585,-7.9753,233.77
39.384,-7.9893,233.75
40.179,-8.003,233.73
40.971,-8.0161,233.71
41.763,-8.0325,233.68
42.552,-8.0519,233.66
43.337,-8.0719,233.64
44.124,-8.0899,233.62
44.908,-8.1061,233.6
45.69,-8.1216,233.57
46.458,-8.1385,233.55
47.227,-8.1568,233.52
47.994,-8.1714,233.49
48.759,-8.1853,233.46
49.523,-8.2004,233.43
50.284,-8.2159,233.41
51.045,-8.2304,233.39
51.803,-8.243,233.37
52.557,-8.2569,233.35
53.304,-8.2709,233.32
54.05,-8.287,233.31
54.796,-8.3001,233.28
55.55,-8.3134,233.25
56.281,-8.3334,233.23
57.008,-8.3568,233.21
57.723,-8.3747,233.18
58.446,-8.3932,233.15
59.174,-8.4171,233.12
59.9,-8.4462,233.11
60.62,-8.4722,233.09
61.334,-8.4929,233.07
62.044,-8.5087,233.05
62.75,-8.5292,233.04
63.454,-8.5509,233.03
64.152,-8.5693,233.02
64.846,-8.5851,233
65.54,-8.6022,232.98
66.226,-8.623,232.96
66.908,-8.6432,232.93
67.585,-8.6618,232.91
68.259,-8.679,232.89
68.927,-8.6984,232.87
69.586,-8.717,232.85
70.238,-8.7357,232.83
70.888,-8.7544,232.81
71.536,-8.7739,232.8
72.182,-8.7924,232.78
72.826,-8.8103,232.76
73.468,-8.8298,232.75
74.104,-8.8482,232.73
74.738,-8.8657,232.7
75.367,-8.8821,232.67
75.994,-8.8982,232.65
76.618,-8.9153,232.62
77.239,-8.9323,232.59
77.862,-8.9496,232.55
78.488,-8.9675,232.51
79.121,-8.9841,232.47
79.764,-8.9996,232.43
80.415,-9.0176,232.38
81.079,-9.0383,232.32
81.746,-9.0589,232.25
82.423,-9.0779,232.19
83.112,-9.0943,232.12
83.813,-9.1107,232.05
84.524,-9.1311,231.97
85.243,-9.1517,231.88
85.97,-9.1694,231.8
86.709,-9.1857,231.7
87.466,-9.2052,231.6
88.238,-9.2245,231.49
89.024,-9.2435,231.38
89.826,-9.2604,231.26
90.638,-9.2764,231.14
91.468,-9.2872,231.02
92.308,-9.296,230.9
93.171,-9.3057,230.78
94.025,-9.3173,230.65
94.901,-9.3311,230.52
95.798,-9.348,230.39
96.704,-9.3669,230.26
97.624,-9.3853,230.13
98.556,-9.4012,230.01
99.5,-9.4182,229.89
100.46,-9.4386,229.78
101.42,-9.4598,229.67
102.39,-9.4793,229.57
103.38,-9.4987,229.47
104.37,-9.5195,229.38
105.36,-9.5419,229.29
106.35,-9.5671,229.19
107.34,-9.5975,229.1
108.34,-9.628,229.01
109.35,-9.6586,228.92
110.36,-9.6809,228.83
111.36,-9.7022,228.73
112.37,-9.7223,228.65
113.37,-9.7443,228.56
114.37,-9.7666,228.48
115.37,-9.7909,228.39
116.36,-9.8153,228.31
117.36,-9.8396,228.23
118.35,-9.8663,228.15
119.35,-9.895,228.08
120.34,-9.9219,228
121.33,-9.9523,227.93
122.32,-9.9815,227.86
123.31,-10.008,227.8
124.29,-10.037,227.73
125.27,-10.065,227.68
126.24,-10.09,227.62
127.22,-10.115,227.57
128.19,-10.139,227.53
129.15,-10.159,227.48
130.11,-10.181,227.43
131.06,-10.204,227.38
132.01,-10.23,227.32
132.96,-10.256,227.26
133.91,-10.284,227.21
134.85,-10.312,227.15
135.8,-10.335,227.1
136.72,-10.357,227.04
137.66,-10.38,226.98
138.59,-10.404,226.92
139.52,-10.426,226.85
140.44,-10.447,226.78
141.36,-10.469,226.7
142.29,-10.492,226.62
143.21,-10.511,226.54
144.13,-10.531,226.44
145.06,-10.551,226.35
145.98,-10.567,226.24
146.9,-10.582,226.12
147.83,-10.597,226
148.75,-10.611,225.86
149.66,-10.623,225.72
150.59,-10.633,225.57
151.52,-10.645,225.4
152.43,-10.66,225.23
153.35,-10.673,225.05
154.27,-10.688,224.86
155.19,-10.705,224.65
156.1,-10.721,224.43
157.02,-10.736,224.21
157.94,-10.752,223.97
158.85,-10.773,223.74
159.77,-10.793,223.49
160.69,-10.816,223.26
161.6,-10.837,223.02
162.52,-10.862,222.78
163.44,-10.882,222.55
164.37,-10.9,222.33
165.29,-10.915,222.11
166.21,-10.927,221.9
167.14,-10.938,221.7
168.05,-10.953,221.51
168.97,-10.972,221.32
169.89,-10.993,221.14
170.81,-11.016,220.97
171.74,-11.037,220.81
172.65,-11.056,220.65
173.57,-11.075,220.49
174.47,-11.097,220.34
175.36,-11.119,220.19
176.25,-11.142,220.04
177.12,-11.166,219.9
177.98,-11.19,219.76
178.82,-11.212,219.63
179.64,-11.232,219.51
180.45,-11.247,219.38
181.26,-11.262,219.25
182.07,-11.28,219.13
182.87,-11.3,219.01
183.68,-11.319,218.88
184.48,-11.341,218.76
185.29,-11.361,218.63
186.09,-11.376,218.5
186.88,-11.392,218.36
187.67,-11.404,218.23
188.45,-11.416,218.1
189.24,-11.43,217.97
190.02,-11.445,217.84
190.8,-11.463,217.72
191.58,-11.487,217.6
192.36,-11.504,217.49
193.14,-11.518,217.37
193.91,-11.535,217.27
194.67,-11.554,217.16
195.43,-11.57,217.05
196.2,-11.585,216.95
196.96,-11.598,216.86
197.73,-11.612,216.76
198.48,-11.627,216.67
199.23,-11.638,216.58
199.97,-11.649,216.49
200.7,-11.665,216.4
201.41,-11.682,216.32
202.1,-11.697,216.24
202.77,-11.71,216.15
203.42,-11.726,216.07
204.04,-11.742,216
204.64,-11.757,215.93
205.21,-11.77,215.85
205.75,-11.78,215.78
206.27,-11.791,215.7
206.76,-11.804,215.64
207.24,-11.818,215.58
207.7,-11.832,215.52
208.16,-11.844,215.45
208.61,-11.86,215.38
209.06,-11.874,215.31
209.5,-11.889,215.24
209.95,-11.901,215.17
210.35,-11.912,215.09
210.75,-11.924,215.02
211.13,-11.935,214.94
211.49,-11.945,214.88
211.82,-11.953,214.81
212.14,-11.96,214.74
212.45,-11.966,214.68
212.76,-11.972,214.61
213.06,-11.976,214.53
213.37,-11.981,214.46
213.66,-11.984,214.39
213.96,-11.988,214.31
214.25,-11.991,214.24
214.54,-11.997,214.17
214.82,-12,214.09
215.11,-12.005,214.01
215.4,-12.008,213.92
215.69,-12.012,213.83
215.98,-12.017,213.74
216.27,-12.021,213.63
216.57,-12.025,213.53
216.88,-12.03,213.41
217.18,-12.036,213.29
217.49,-12.042,213.16
217.81,-12.049,213.02
218.13,-12.056,212.86
218.46,-12.064,212.7
218.79,-12.07,212.52
219.13,-12.073,212.33
219.48,-12.078,212.13
219.82,-12.082,211.89
220.17,-12.088,211.64
220.51,-12.089,211.37
220.87,-12.091,211.09
221.21,-12.092,210.78
221.55,-12.091,210.46
221.89,-12.091,210.12
222.22,-12.088,209.74
222.56,-12.087,209.36
222.87,-12.088,208.95
223.18,-12.088,208.54
223.47,-12.085,208.08
223.77,-12.081,207.62
224.05,-12.078,207.15
224.31,-12.076,206.64
224.57,-12.075,206.13
224.81,-12.072,205.59
225.04,-12.066,205.04
225.25,-12.056,204.45
225.44,-12.046,203.87
225.61,-12.034,203.26
225.75,-12.021,202.63
225.89,-12.007,202
225.97,-11.99,201.35
226.04,-11.969,200.7
226.09,-11.952,200.04
226.11,-11.94,199.37
226.11,-11.927,198.7
226.08,-11.914,198
226.04,-11.903,197.31
225.98,-11.896,196.59
225.9,-11.888,195.88
225.81,-11.877,195.16
225.69,-11.862,194.43
225.57,-11.847,193.7
225.43,-11.829,192.96
225.28,-11.809,192.21
225.1,-11.786,191.46
224.92,-11.759,190.71
224.72,-11.729,189.95
224.5,-11.695,189.19
224.27,-11.665,188.43
224.03,-11.636,187.67
223.78,-11.606,186.9
223.51,-11.58,186.12
223.24,-11.559,185.34
222.95,-11.534,184.56
222.66,-11.51,183.77
222.37,-11.489,182.98
222.08,-11.467,182.19
221.78,-11.445,181.39
221.48,-11.424,180.58
221.19,-11.403,179.8
220.89,-11.384,179
220.6,-11.365,178.2
220.31,-11.345,177.4
220.02,-11.325,176.59
219.75,-11.305,175.8
219.48,-11.286,175
219.22,-11.266,174.2
218.97,-11.247,173.41
218.72,-11.228,172.62
218.48,-11.209,171.83
218.25,-11.191,171.07
218.03,-11.172,170.31
217.82,-11.156,169.57
217.61,-11.141,168.84
217.41,-11.127,168.13
217.22,-11.112,167.46
217.03,-11.096,166.79
216.84,-11.081,166.13
216.65,-11.066,165.49
216.47,-11.052,164.88
216.29,-11.037,164.28
216.11,-11.023,163.68
215.94,-11.011,163.12
215.76,-10.998,162.56
215.58,-10.986,162.02
215.39,-10.974,161.48
215.2,-10.96,160.95
215,-10.947,160.43
214.79,-10.933,159.92
214.57,-10.92,159.44
214.34,-10.907,158.98
214.1,-10.893,158.52
213.85,-10.882,158.09
213.57,-10.871,157.66
213.29,-10.86,157.27
212.97,-10.85,156.88
212.66,-10.839,156.53
212.31,-10.826,156.18
211.96,-10.815,155.87
211.58,-10.801,155.56
211.22,-10.792,155.29
210.84,-10.779,155.04
210.43,-10.764,154.81
210.03,-10.747,154.61
209.59,-10.729,154.41
209.16,-10.717,154.25
208.7,-10.702,154.08
208.25,-10.687,153.97
207.76,-10.67,153.86
207.29,-10.652,153.78
206.8,-10.634,153.71
206.28,-10.614,153.65
205.76,-10.595,153.62
205.21,-10.574,153.59
204.68,-10.553,153.57
204.11,-10.533,153.56
203.56,-10.515,153.57
202.98,-10.493,153.58
202.38,-10.469,153.59
201.76,-10.448,153.62
201.14,-10.432,153.65
200.5,-10.415,153.69
199.84,-10.394,153.74
199.18,-10.374,153.8
198.49,-10.353,153.86
197.8,-10.332,153.93
197.09,-10.31,154
196.37,-10.289,154.07
195.64,-10.267,154.14
194.88,-10.245,154.21
194.12,-10.224,154.28
193.35,-10.201,154.35
192.56,-10.179,154.43
191.76,-10.155,154.51
190.95,-10.131,154.59
190.12,-10.108,154.68
189.29,-10.084,154.77
188.44,-10.058,154.85
187.58,-10.032,154.95
186.71,-10.006,155.04
185.82,-9.9798,155.15
184.93,-9.9537,155.25
184.03,-9.9285,155.36
183.12,-9.903,155.48
182.2,-9.8771,155.59
181.27,-9.8498,155.71
180.34,-9.8232,155.83
179.4,-9.7971,155.94
178.46,-9.7706,156.06
177.52,-9.744,156.17
176.57,-9.7165,156.29
175.62,-9.6902,156.4
174.68,-9.6633,156.51
173.73,-9.6374,156.62
172.79,-9.6136,156.74
171.85,-9.5885,156.85
170.9,-9.5628,156.95
169.96,-9.5375,157.07
169.02,-9.5096,157.18
168.08,-9.4808,157.3
167.15,-9.4537,157.41
166.22,-9.4272,157.53
165.28,-9.401,157.64
164.36,-9.3728,157.76
163.43,-9.3456,157.87
162.51,-9.3192,157.99
161.59,-9.2927,158.1
160.66,-9.2662,158.22
159.75,-9.2406,158.33
158.83,-9.2155,158.45
157.91,-9.1905,158.56
156.98,-9.1649,158.68
156.06,-9.1402,158.8
155.14,-9.1159,158.91
154.22,-9.0905,159.03
153.29,-9.0668,159.15
152.37,-9.0429,159.27
151.44,-9.0195,159.4
150.51,-8.9963,159.53
149.57,-8.9743,159.66
148.64,-8.9507,159.79
147.7,-8.9252,159.93
146.76,-8.8978,160.07
145.81,-8.8736,160.21
144.87,-8.848,160.34
143.92,-8.8222,160.48
142.96,-8.7986,160.61
142,-8.7777,160.74
141.03,-8.7563,160.87
140.06,-8.7334,161
139.07,-8.7085,161.12
138.09,-8.6822,161.24
137.09,-8.6574,161.35
136.08,-8.6315,161.45
135.08,-8.6034,161.55
134.06,-8.5743,161.65
133.04,-8.5473,161.75
132.02,-8.5241,161.84
130.99,-8.5028,161.94
129.96,-8.4836,162.03
128.91,-8.4638,162.13
127.86,-8.4415,162.23
126.81,-8.4168,162.33
125.74,-8.39,162.43
124.68,-8.36,162.52
123.62,-8.3291,162.61
122.56,-8.2989,162.71
121.49,-8.2687,162.8
120.43,-8.2391,162.89
119.36,-8.2102,162.99
118.3,-8.1823,163.08
117.23,-8.1547,163.18
116.17,-8.1284,163.28
115.1,-8.1013,163.38
114.04,-8.0723,163.48
112.98,-8.0428,163.57
111.91,-8.015,163.67
110.85,-7.9871,163.77
109.79,-7.9609,163.87
108.72,-7.933,163.97
107.66,-7.9052,164.06
106.6,-7.8768,164.16
105.53,-7.8481,164.25
104.47,-7.8197,164.35
103.41,-7.7909,164.44
102.34,-7.7612,164.54
101.28,-7.7341,164.63
100.22,-7.7076,164.73
99.162,-7.6839,164.83
98.099,-7.6625,164.93
97.03,-7.6434,165.04
95.96,-7.6206,165.16
94.891,-7.5971,165.29
93.819,-7.5711,165.42
92.747,-7.5464,165.55
91.675,-7.5186,165.68
90.6,-7.4895,165.82
89.526,-7.4633,165.96
88.454,-7.4379,166.1
87.377,-7.4141,166.24
86.298,-7.3916,166.38
85.21,-7.3686,166.53
84.123,-7.3455,166.67
83.034,-7.3206,166.82
81.944,-7.2931,166.96
80.841,-7.2611,167.1
79.737,-7.227,167.24
78.633,-7.1911,167.37
77.534,-7.1573,167.5
76.427,-7.1252,167.63
75.31,-7.0978,167.75
74.178,-7.0691,167.87
73.05,-7.0376,167.99
71.918,-7.004,168.1
70.781,-6.9712,168.21
69.641,-6.9384,168.32
68.496,-6.9042,168.42
67.349,-6.8702,168.53
66.194,-6.8352,168.64
65.04,-6.8017,168.74
63.877,-6.7672,168.84
62.71,-6.732,168.93
61.542,-6.6962,169.02
60.376,-6.6593,169.11
59.214,-6.6216,169.2
58.052,-6.5859,169.28
56.892,-6.5513,169.37
55.735,-6.5177,169.45
54.578,-6.4847,169.52
53.424,-6.4518,169.6
52.272,-6.4196,169.68
51.125,-6.3874,169.76
49.976,-6.3545,169.83
48.834,-6.3242,169.9
47.7,-6.2972,169.98
46.564,-6.2725,170.05
45.432,-6.2501,170.12
44.299,-6.2266,170.19
43.174,-6.2022,170.25
42.052,-6.1748,170.32
40.945,-6.1471,170.37
39.839,-6.1175,170.43
38.742,-6.0882,170.48
37.663,-6.0577,170.53
36.592,-6.0267,170.58
35.535,-5.9962,170.63
34.494,-5.9655,170.67
33.463,-5.9356,170.72
32.461,-5.9054,170.76
31.465,-5.8751,170.8
30.488,-5.8456,170.83
29.527,-5.8159,170.86
28.578,-5.7872,170.9
27.65,-5.7602,170.93
26.736,-5.7348,170.96
25.839,-5.7092,170.98
24.96,-5.6851,171.01
24.097,-5.6616,171.03
23.253,-5.6416,171.06
22.418,-5.6199,171.09
21.6,-5.6008,171.13
20.791,-5.5809,171.17
20.021,-5.5635,171.24
19.317,-5.5497,171.34
18.612,-5.5358,171.45
17.907,-5.5219,171.55
17.202,-5.5081,171.66
16.498,-5.4942,171.76
15.794,-5.4804,171.87
15.09,-5.4665,171.97
14.386,-5.4526,172.08
13.683,-5.4387,172.18
12.98,-5.4249,172.28
12.277,-5.411,172.39
11.575,-5.3971,172.49
10.872,-5.3832,172.6
10.17,-5.3693,172.7
9.4421,-5.3557,172.81
8.8382,-5.3406,172.91
8.2515,-5.3271,173
7.6822,-5.3135,173.09
7.1323,-5.3023,173.18
6.6051,-5.2907,173.25
6.0952,-5.2769,173.32
5.6113,-5.2636,173.39
5.1509,-5.2521,173.45
4.7177,-5.2427,173.5
4.3094,-5.2338,173.54
3.9256,-5.2238,173.58
3.5688,-5.2149,173.62
3.2374,-5.2067,173.65
2.9292,-5.2002,173.68
2.6416,-5.1956,173.71
2.3758,-5.192,173.73
2.1306,-5.1886,173.75
1.8996,-5.1861,173.78
1.6795,-5.1839,173.8
1.4658,-5.1818,173.82
1.2586,-5.1797,173.84
1.0569,-5.1786,173.86
0.85962,-5.1776,173.88
0.66309,-5.1753,173.9
0.46522,-5.1699,173.91
0.26676,-5.165,173.93
0.068638,-5.161,173.94
-0.12803,-5.1582,173.96
-0.32479,-5.1549,173.98
-0.52273,-5.1476,173.99
-0.72023,-5.142,174
-0.91751,-5.1361,174.01
-1.1183,-5.1314,174.02
-1.3306,-5.1247,174.02
-1.5594,-5.1203,174.03
-1.8098,-5.1142,174.04
-2.0804,-5.1098,174.06
-2.3696,-5.1043,174.07
-2.6739,-5.0985,174.08
-2.9976,-5.0895,174.09
-3.3397,-5.0812,174.1
-3.7081,-5.0707,174.11
-4.0986,-5.0616,174.12
-4.5129,-5.0548,174.13
-4.9534,-5.0482,174.15
-5.4165,-5.0386,174.17
-5.9043,-5.0262,174.19
-6.4101,-5.0107,174.2
-6.936,-4.9956,174.23
-7.4782,-4.9802,174.26
-8.0342,-4.9634,174.3
-8.6094,-4.9432,174.34
-9.2059,-4.9197,174.36
-9.8247,-4.8955,174.38
-10.464,-4.8686,174.41
-11.125,-4.8412,174.45
-11.803,-4.8137,174.48
-12.494,-4.795,174.5
-13.2,-4.7776,174.51
-13.919,-4.7567,174.53
-14.663,-4.7376,174.54
-15.431,-4.7235,174.57
-16.222,-4.7108,174.59
-17.029,-4.6962,174.61
-17.841,-4.6784,174.63
-18.674,-4.66,174.64
-19.515,-4.6431,174.66
-20.382,-4.6291,174.67
-21.263,-4.6158,174.68
-22.153,-4.5994,174.69
-23.054,-4.5801,174.71
-23.968,-4.5606,174.72
-24.892,-4.5408,174.74
-25.825,-4.5224,174.75
-26.77,-4.5019,174.77
-27.728,-4.4797,174.79
-28.698,-4.4584,174.81
-29.681,-4.4374,174.84
-30.669,-4.4143,174.87
-31.664,-4.3897,174.9
-32.666,-4.366,174.93
-33.671,-4.3432,174.97
-34.686,-4.3211,175
-35.708,-4.2992,175.04
-36.735,-4.276,175.07
-37.765,-4.2567,175.11
-38.804,-4.2346,175.13
-39.844,-4.213,175.17
-40.895,-4.1916,175.2
-41.948,-4.1694,175.22
-43.001,-4.1481,175.25
-44.062,-4.1196,175.29
-45.123,-4.0939,175.32
-46.185,-4.0703,175.35
-47.248,-4.0445,175.38
-48.31,-4.0182,175.41
-49.374,-3.9932,175.44
-50.433,-3.9714,175.47
-51.493,-3.9503,175.5
-52.557,-3.927,175.53
-53.627,-3.8983,175.56
-54.696,-3.8632,175.59
-55.758,-3.8257,175.62
-56.813,-3.7896,175.64
-57.868,-3.7587,175.67
-58.926,-3.7295,175.7
-59.992,-3.7035,175.74
-61.061,-3.6792,175.77
-62.13,-3.6517,175.8
-63.197,-3.6249,175.84
-64.263,-3.601,175.87
-65.328,-3.5782,175.91
-66.394,-3.5583,175.94
-67.466,-3.5373,175.97
-68.538,-3.513,176
-69.613,-3.4881,176.03
-70.681,-3.4606,176.06
-71.749,-3.4347,176.08
-72.82,-3.4122,176.1
-73.896,-3.3908,176.12
-74.977,-3.3675,176.15
-76.058,-3.3447,176.17
-77.134,-3.3187,176.2
-78.209,-3.2935,176.22
-79.287,-3.2715,176.23
-80.367,-3.2509,176.24
-81.447,-3.2306,176.26
-82.528,-3.2082,176.27
-83.609,-3.1869,176.28
-84.692,-3.1685,176.29
-85.773,-3.1533,176.29
-86.853,-3.1388,176.29
-87.937,-3.1268,176.29
-89.025,-3.1162,176.28
-90.118,-3.1023,176.27
-91.211,-3.0832,176.26
-92.303,-3.0649,176.24
-93.393,-3.0437,176.22
-94.484,-3.0246,176.2
-95.573,-3.0107,176.18
-96.659,-2.9976,176.15
-97.757,-2.9832,176.12
-98.854,-2.9687,176.09
-99.949,-2.9506,176.05
-101.05,-2.9303,176
-102.14,-2.9114,175.96
-103.24,-2.8935,175.91
-104.34,-2.8745,175.86
-105.44,-2.8584,175.81
-106.54,-2.8401,175.75
-107.64,-2.824,175.69
-108.74,-2.807,175.64
-109.84,-2.7902,175.58
-110.95,-2.7746,175.52
-112.06,-2.756,175.46
-113.16,-2.7351,175.39
-114.27,-2.7173,175.33
-115.38,-2.7005,175.26
-116.49,-2.6851,175.19
-117.6,-2.6712,175.12
-118.71,-2.6581,175.05
-119.83,-2.6416,174.99
-120.94,-2.6277,174.92
-122.06,-2.6135,174.86
-123.18,-2.6003,174.79
-124.29,-2.5856,174.72
-125.41,-2.5774,174.65
-126.53,-2.5681,174.57
-127.66,-2.5577,174.51
-128.79,-2.5428,174.44
-129.92,-2.5266,174.37
-131.05,-2.5089,174.3
-132.18,-2.492,174.22
-133.31,-2.4763,174.15
-134.44,-2.462,174.07
-135.57,-2.4501,174
-136.71,-2.4378,173.92
-137.85,-2.423,173.85
-138.98,-2.4083,173.77
-140.12,-2.3905,173.71
-141.26,-2.3742,173.63
-142.4,-2.3613,173.57
-143.54,-2.3481,173.49
-144.68,-2.3349,173.42
-145.82,-2.3226,173.34
-146.96,-2.3071,173.26
-148.09,-2.2894,173.19
-149.23,-2.2712,173.12
-150.37,-2.2548,173.04
-151.51,-2.239,172.97
-152.64,-2.2235,172.89
-153.77,-2.2067,172.81
-154.9,-2.1899,172.73
-156.04,-2.1707,172.65
-157.17,-2.1468,172.57
-158.29,-2.1244,172.49
-159.4,-2.1044,172.41
-160.51,-2.0928,172.33
-161.63,-2.0833,172.25
-162.75,-2.0696,172.17
-163.87,-2.0486,172.1
-164.97,-2.0214,172.02
-166.07,-1.9952,171.95
-167.16,-1.9755,171.88
-168.24,-1.9617,171.8
-169.32,-1.9504,171.73
-170.41,-1.9299,171.66
-171.5,-1.9046,171.6
-172.57,-1.8699,171.52
-173.62,-1.8348,171.44
-174.67,-1.8144,171.36
-175.68,-1.8015,171.28
-176.71,-1.7922,171.21
-177.75,-1.7819,171.13
-178.78,-1.7649,171.06
-179.79,-1.7424,170.98
-180.8,-1.7148,170.9
-181.8,-1.6895,170.83
-182.79,-1.6624,170.76
-183.78,-1.6414,170.69
-184.75,-1.6195,170.62
-185.73,-1.5923,170.55
-186.7,-1.5711,170.48
-187.67,-1.5514,170.4
-188.62,-1.5297,170.33
-189.57,-1.5125,170.27
-190.51,-1.5007,170.2
-191.45,-1.4862,170.14
-192.39,-1.4717,170.07
-193.31,-1.4586,170
-194.23,-1.4447,169.93
-195.15,-1.4297,169.86
-196.06,-1.4166,169.78
-196.97,-1.4041,169.7
-197.88,-1.3866,169.63
-198.78,-1.3697,169.55
-199.67,-1.3577,169.46
-200.55,-1.3432,169.37
-201.43,-1.3298,169.28
-202.32,-1.3188,169.18
-203.2,-1.3057,169.06
-204.07,-1.2914,168.95
-204.93,-1.2763,168.83
-205.79,-1.2609,168.7
-206.63,-1.2482,168.57
-207.48,-1.2365,168.43
-208.33,-1.2241,168.29
-209.17,-1.2124,168.15
-210,-1.1983,168.02
-210.82,-1.1825,167.88
-211.65,-1.1651,167.75
-212.46,-1.1521,167.62
-213.26,-1.1357,167.49
-214.04,-1.119,167.37
-214.82,-1.1006,167.25
-215.58,-1.0867,167.16
-216.34,-1.0748,167.07
-217.09,-1.0579,167
-217.83,-1.043,166.95
-218.56,-1.0297,166.91
-219.27,-1.0161,166.87
-219.98,-1.0028,166.84
-220.67,-0.98934,166.82
-221.36,-0.97646,166.82
-222.03,-0.96449,166.83
-222.7,-0.95251,166.84
-223.35,-0.93941,166.87
-223.99,-0.9272,166.91
-224.62,-0.91723,166.96
-225.23,-0.90938,167.02
-225.82,-0.90441,167.09
-226.41,-0.89905,167.16
-226.99,-0.89204,167.24
-227.55,-0.88637,167.33
-228.11,-0.88245,167.42
-228.65,-0.87866,167.51
-229.18,-0.87251,167.61
-229.69,-0.86502,167.71
-230.2,-0.85894,167.82
-230.69,-0.85309,167.92
-231.18,-0.84699,168.02
-231.66,-0.8402,168.11
-232.12,-0.83142,168.19
-232.58,-0.82393,168.27
-233.02,-0.81658,168.35
-233.45,-0.8088,168.41
-233.87,-0.80086,168.46
-234.28,-0.79219,168.5
-234.67,-0.78345,168.53
-235.06,-0.77549,168.55
-235.42,-0.76814,168.55
-235.79,-0.75906,168.55
-236.14,-0.75149,168.53
-236.47,-0.74406,168.48
-236.81,-0.73723,168.43
-237.12,-0.73204,168.36
-237.44,-0.72691,168.28
-237.75,-0.72262,168.2
-238.04,-0.71681,168.1
-238.34,-0.70978,168
-238.62,-0.70241,167.87
-238.91,-0.69528,167.74
-239.17,-0.69003,167.6
-239.42,-0.68654,167.44
-239.68,-0.68217,167.28
-239.92,-0.67124,167.11
-240.17,-0.66465,166.95
-240.39,-0.65965,166.77
-240.62,-0.65096,166.59
-240.84,-0.63824,166.41
-241.05,-0.62328,166.21
-241.27,-0.61053,166.01
-241.48,-0.59961,165.8
-241.7,-0.59348,165.61
-241.92,-0.59087,165.41
-242.13,-0.5857,165.2
-242.34,-0.57662,165
-242.55,-0.56659,164.78
-242.76,-0.55094,164.56
-242.96,-0.53651,164.33
-243.17,-0.52428,164.1
-243.37,-0.5147,163.85
-243.57,-0.50522,163.59
-243.77,-0.49531,163.32
-243.96,-0.48513,163.04
-244.15,-0.47363,162.75
-244.31,-0.46219,162.45
-244.49,-0.45145,162.13
-244.67,-0.43801,161.81
-244.83,-0.42174,161.47
-244.99,-0.40258,161.12
-245.13,-0.38233,160.73
-245.27,-0.36129,160.34
-245.42,-0.34621,159.93
-245.56,-0.33068,159.48
-245.7,-0.31504,159.03
-245.82,-0.30062,158.55
-245.94,-0.28523,158.05
-246.06,-0.26856,157.53
-246.2,-0.24809,156.99
-246.34,-0.2291,156.43
-246.48,-0.20839,155.84
-246.61,-0.19037,155.23
-246.74,-0.16598,154.59
-246.85,-0.1389,153.92
-246.97,-0.10887,153.21
-247.07,-0.085013,152.48
-247.18,-0.055784,151.72
-247.27,-0.025028,150.94
-247.36,0.0066727,150.14
-247.44,0.038657,149.31
-247.52,0.071812,148.45
-247.6,0.1028,147.57
-247.68,0.13446,146.67
-247.76,0.1704,145.75
-247.85,0.20559,144.8
-247.93,0.24206,143.83
-248.02,0.28152,142.84
-248.1,0.32089,141.82
-248.19,0.36296,140.78
-248.28,0.40365,139.72
-248.36,0.44507,138.64
-248.44,0.48568,137.53
-248.52,0.52325,136.39
-248.6,0.55958,135.23
-248.69,0.59858,134.05
-248.77,0.64199,132.87
-248.86,0.68712,131.69
-248.94,0.73341,130.51
-249.02,0.77754,129.34
-249.09,0.81666,128.16
-249.16,0.85645,126.99
-249.22,0.89585,125.81
-249.28,0.93971,124.64
-249.34,0.98657,123.46
-249.4,1.0295,122.29
-249.46,1.0736,121.11
-249.51,1.1161,119.93
-249.57,1.1583,118.75
-249.61,1.2007,117.58
-249.65,1.2439,116.41
-249.7,1.2871,115.24
-249.74,1.332,114.07
-249.78,1.3742,112.91
-249.82,1.4173,111.74
-249.86,1.4592,110.58
-249.9,1.5004,109.42
-249.94,1.5439,108.27
-249.98,1.5877,107.11
-250.01,1.6318,105.96
-250.04,1.6768,104.81
-250.07,1.7188,103.67
-250.1,1.762,102.52
-250.13,1.8042,101.39
-250.15,1.8438,100.25
-250.17,1.8825,99.119
-250.19,1.9223,97.986
-250.21,1.9597,96.855
-250.23,1.9995,95.723
-250.24,2.039,94.599
-250.26,2.078,93.483
-250.28,2.1141,92.369
-250.31,2.1479,91.259
-250.33,2.1791,90.146
-250.36,2.2121,89.037
-250.4,2.2458,87.937
-250.45,2.2789,86.84
-250.5,2.312,85.743
-250.55,2.3487,84.645
-250.6,2.3889,83.547
-250.64,2.4346,82.449
-250.69,2.4827,81.357
-250.73,2.5309,80.272
-250.79,2.5759,79.189
-250.85,2.6175,78.104
-250.91,2.6599,77.013
-250.96,2.7001,75.919
-251.02,2.7422,74.824
-251.07,2.7901,73.727
-251.13,2.8367,72.637
-251.18,2.8875,71.55
-251.24,2.9356,70.465
-251.3,2.9829,69.381
-251.35,3.0278,68.299
-251.41,3.0731,67.221
-251.46,3.1169,66.143
-251.5,3.1609,65.068
-251.55,3.2063,63.992
-251.59,3.2518,62.921
-251.64,3.2969,61.853
-251.67,3.3424,60.787
-251.71,3.3855,59.725
-251.75,3.4267,58.662
-251.78,3.4654,57.602
-251.81,3.507,56.547
-251.85,3.548,55.49
-251.88,3.5889,54.439
-251.91,3.6321,53.387
-251.94,3.6738,52.344
-251.97,3.7155,51.298
-252,3.7563,50.258
-252.03,3.7965,49.22
-252.07,3.838,48.182
-252.1,3.879,47.147
-252.14,3.9213,46.117
-252.19,3.9636,45.093
-252.23,4.0049,44.063
-252.29,4.0463,43.039
-252.34,4.0862,42.019
-252.39,4.1257,41.002
-252.45,4.1642,39.988
-252.51,4.2035,38.973
-252.57,4.241,37.962
-252.63,4.2787,36.956
-252.69,4.3139,35.953
-252.75,4.3528,34.955
-252.81,4.3921,33.955
-252.87,4.4303,32.959
-252.93,4.4681,31.966
-252.98,4.5049,30.978
-253.03,4.5415,29.994
-253.07,4.5774,29.01
-253.1,4.612,28.029
-253.11,4.6463,27.05
-253.12,4.6804,26.074
-253.12,4.717,25.101
-253.1,4.7538,24.13
-253.08,4.7889,23.167
-253.04,4.8234,22.203
-252.99,4.8607,21.241
-252.93,4.8976,20.282
-252.85,4.9332,19.324
-252.75,4.9702,18.375
-252.63,5.0067,17.426
-252.49,5.0421,16.481
-252.32,5.0794,15.535
-252.14,5.115,14.591
-251.94,5.1508,13.65
-251.72,5.1865,12.713
-251.48,5.2196,11.778
-251.21,5.2499,10.846
-250.92,5.2813,9.9177
-250.61,5.3107,8.9897
-250.27,5.3385,8.0644
-249.91,5.3692,7.1458
-249.52,5.4006,6.2264
-249.12,5.4335,5.3148
-248.69,5.4657,4.4114
-248.23,5.5011,3.5104
-247.75,5.5343,2.6169
-247.24,5.5646,1.7327
-246.71,5.5982,0.85357
-246.17,5.6316,-0.017969
-245.6,5.6555,-0.88635
-245.01,5.6778,-1.7555
-244.41,5.6998,-2.6199
-243.78,5.722,-3.4828
-243.15,5.744,-4.342
-242.51,5.7656,-5.2016
-241.86,5.7844,-6.0664
-241.2,5.802,-6.9342
-240.54,5.8164,-7.8052
-239.88,5.8312,-8.6809
-239.21,5.8449,-9.5587
-238.53,5.8595,-10.441
-237.85,5.8731,-11.327
-237.15,5.887,-12.229
-236.48,5.9003,-13.103
-235.81,5.9134,-13.989
-235.13,5.9253,-14.884
-234.46,5.9357,-15.778
-233.8,5.9463,-16.677
-233.15,5.959,-17.58
-232.51,5.9715,-18.482
-231.87,5.9852,-19.388
-231.25,5.9999,-20.298
-230.63,6.0161,-21.212
-230.03,6.0322,-22.128
-229.43,6.0487,-23.052
-228.85,6.067,-23.973
-228.27,6.0867,-24.895
-227.69,6.1065,-25.816
-227.12,6.1239,-26.732
-226.55,6.1424,-27.646
-225.98,6.1612,-28.558
-225.42,6.1779,-29.467
-224.86,6.1948,-30.374
-224.31,6.2131,-31.276
-223.76,6.2301,-32.175
-223.21,6.2474,-33.069
-222.66,6.265,-33.963
-222.11,6.2833,-34.853
-221.57,6.3001,-35.734
-221.04,6.3158,-36.616
-220.5,6.3324,-37.488
-219.97,6.3498,-38.35
-219.45,6.3668,-39.195
-218.95,6.385,-40.02
-218.44,6.4032,-40.822
-217.95,6.4183,-41.6
-217.47,6.4312,-42.35
-217,6.4434,-43.075
-216.54,6.4557,-43.775
-216.08,6.4661,-44.45
-215.63,6.4757,-45.096
-215.2,6.4856,-45.716
-214.78,6.4955,-46.31
-214.37,6.5046,-46.878
-213.97,6.5133,-47.424
-213.57,6.5213,-47.963
-213.2,6.5282,-48.453
-212.83,6.5357,-48.939
-212.47,6.5431,-49.407
-212.11,6.5501,-49.855
-211.76,6.5573,-50.286
-211.4,6.5639,-50.704
-211.05,6.5662,-51.104
-210.7,6.5687,-51.492
-210.35,6.5714,-51.867
-210.01,6.5729,-52.224
-209.66,6.5714,-52.565
-209.33,6.5679,-52.882
-209,6.5655,-53.182
-208.66,6.5633,-53.459
-208.34,6.5616,-53.713
-208.02,6.5545,-53.938
-207.72,6.5479,-54.138
-207.43,6.5419,-54.315
-207.16,6.5362,-54.47
-206.9,6.532,-54.614
-206.64,6.5241,-54.751
-206.38,6.517,-54.881
-206.12,6.5129,-55.004
-205.85,6.5077,-55.112
-205.58,6.5021,-55.209
-205.31,6.4951,-55.295
-205.05,6.4891,-55.377
-204.78,6.482,-55.451
-204.51,6.4711,-55.514
-204.24,6.4605,-55.572
-203.95,6.4514,-55.624
-203.65,6.4423,-55.676
-203.34,6.4294,-55.72
-203.02,6.4159,-55.759
-202.69,6.4022,-55.791
-202.34,6.3917,-55.813
-201.99,6.3801,-55.83
-201.61,6.3665,-55.834
-201.23,6.3516,-55.832
-200.83,6.3359,-55.812
-200.4,6.3208,-55.776
-199.97,6.306,-55.728
-199.5,6.2904,-55.668
-199.02,6.2741,-55.599
-198.51,6.2577,-55.516
-198,6.2418,-55.422
-197.46,6.2268,-55.31
-196.9,6.2127,-55.178
-196.32,6.198,-55.028
-195.72,6.1842,-54.86
-195.1,6.1676,-54.675
-194.47,6.1492,-54.468
-193.81,6.1339,-54.237
-193.14,6.1193,-53.98
-192.47,6.1032,-53.699
-191.78,6.0869,-53.389
-191.09,6.0718,-53.06
-190.39,6.0499,-52.694
-189.68,6.0219,-52.295
-188.96,5.9915,-51.871
-188.23,5.96,-51.42
-187.49,5.929,-50.95
-186.75,5.8986,-50.458
-185.99,5.87,-49.948
-185.23,5.8396,-49.421
-184.45,5.8076,-48.882
-183.65,5.776,-48.337
-182.85,5.7421,-47.788
-182,5.7084,-47.212
-181.2,5.6761,-46.678
-180.36,5.6396,-46.112
-179.5,5.6007,-45.532
-178.63,5.5646,-44.95
-177.75,5.5279,-44.361
-176.85,5.4908,-43.765
-175.94,5.4541,-43.165
-175.01,5.4156,-42.56
-174.08,5.3741,-41.951
-173.13,5.3309,-41.338
-172.16,5.2888,-40.716
-171.18,5.2483,-40.094
-170.2,5.214,-39.478
-169.2,5.1778,-38.864
-168.18,5.1404,-38.252
-167.16,5.104,-37.644
-166.12,5.067,-37.04
-165.08,5.0298,-36.437
-164.04,4.9924,-35.842
-162.99,4.9533,-35.251
-161.94,4.9137,-34.664
-160.87,4.8742,-34.087
-159.8,4.8347,-33.517
-158.73,4.7962,-32.961
-157.66,4.7601,-32.41
-156.58,4.7247,-31.863
-155.5,4.6938,-31.326
-154.42,4.6619,-30.789
-153.35,4.6283,-30.272
-152.28,4.5945,-29.755
-151.21,4.5547,-29.233
-150.14,4.5136,-28.708
-149.07,4.4771,-28.183
-148,4.4418,-27.658
-146.93,4.4059,-27.134
-145.86,4.3689,-26.612
-144.79,4.3298,-26.098
-143.72,4.2877,-25.579
-142.64,4.2414,-25.057
-141.56,4.1935,-24.53
-140.48,4.1467,-24.007
-139.4,4.1009,-23.486
-138.32,4.0551,-22.968
-137.25,4.0077,-22.451
-136.17,3.9605,-21.935
-135.1,3.9125,-21.416
-134.02,3.866,-20.896
-132.95,3.8215,-20.377
-131.88,3.781,-19.866
-130.81,3.7398,-19.358
-129.75,3.696,-18.849
-128.7,3.6512,-18.337
-127.65,3.6056,-17.825
-126.59,3.5598,-17.312
-125.55,3.5153,-16.8
-124.52,3.47,-16.289
-123.48,3.4268,-15.777
-122.45,3.3857,-15.267
-121.41,3.3453,-14.763
-120.38,3.3116,-14.275
-119.36,3.2776,-13.8
-118.33,3.2392,-13.334
-117.29,3.1978,-12.879
-116.24,3.1585,-12.435
-115.19,3.1246,-12.003
-114.14,3.0934,-11.588
-113.1,3.061,-11.188
-112.05,3.0255,-10.789
-110.99,2.992,-10.4
-109.92,2.9596,-10.007
-108.87,2.9285,-9.6174
-107.82,2.8967,-9.2434
-106.77,2.8571,-8.8643
-105.71,2.8159,-8.4923
-104.64,2.7777,-8.1248
-103.58,2.7405,-7.7601
-102.51,2.7047,-7.3942
-101.45,2.6688,-7.0206
-100.38,2.6356,-6.647
-99.323,2.6004,-6.2819
-98.267,2.5632,-5.9277
-97.211,2.5188,-5.5844
-96.134,2.4681,-5.2502
-95.057,2.4178,-4.9243
-93.977,2.3716,-4.6043
-92.897,2.3284,-4.2917
-91.816,2.286,-3.9882
-90.733,2.2435,-3.6959
-89.65,2.2008,-3.4137
-88.56,2.1591,-3.1392
-87.469,2.1179,-2.8711
-86.373,2.0782,-2.6109
-85.276,2.0396,-2.3577
-84.179,2.0032,-2.1131
-83.081,1.9676,-1.8753
-81.984,1.9291,-1.6428
-80.888,1.8911,-1.4131
-79.793,1.8523,-1.185
-78.696,1.8157,-0.95672
-77.569,1.7813,-0.72545
-76.511,1.7534,-0.5132
-75.423,1.7263,-0.30068
-74.338,1.6982,-0.091031
-73.252,1.6701,0.11481
-72.166,1.6419,0.31999
-71.085,1.6172,0.52172
-70.007,1.5911,0.72295
-68.929,1.5647,0.9233
-67.852,1.537,1.1203
-66.773,1.5107,1.3134
-65.701,1.4842,1.5004
-64.625,1.4586,1.6866
-63.556,1.4332,1.8693
-62.49,1.4074,2.048
-61.426,1.3803,2.2254
-60.36,1.3521,2.4024
-59.295,1.3242,2.5775
-58.234,1.2983,2.7541
-57.179,1.2716,2.9223
-56.129,1.2457,3.0917
-55.076,1.2201,3.2576
-54.026,1.191,3.419
-52.989,1.1585,3.5754
-51.949,1.1262,3.732
-50.91,1.0927,3.8886
-49.868,1.0595,4.0403
-48.831,1.0282,4.1859
-47.801,0.99723,4.3287
-46.776,0.96638,4.4643
-45.756,0.93332,4.5965
-44.731,0.89915,4.7277
-43.712,0.86425,4.8569
-42.697,0.82916,4.981
-41.681,0.79349,5.1022
-40.666,0.76027,5.2233
-39.663,0.72779,5.3402
-38.675,0.6972,5.4532
-37.689,0.6665,5.565
-36.712,0.63395,5.6763
-35.745,0.60302,5.7826
-34.786,0.57143,5.8885
-33.842,0.53944,5.992
-32.913,0.50735,6.0922
-31.997,0.47674,6.19
-31.087,0.44812,6.2842
-30.187,0.42094,6.3759
-29.297,0.39812,6.4656
-28.421,0.37937,6.554
-27.554,0.36275,6.6395
-26.721,0.34644,6.7208
-25.9,0.33156,6.8001
-25.1,0.31411,6.8787
-24.32,0.2946,6.9541
-23.559,0.2745,7.0252
-22.816,0.25473,7.0917
-22.089,0.23474,7.1596
-21.38,0.21439,7.2284
-20.688,0.19537,7.2972
-20.017,0.18,7.3626
-19.362,0.16547,7.4262
-18.725,0.14919,7.4909
-18.107,0.13351,7.5514
-17.501,0.12068,7.6065
-16.912,0.10674,7.656
-16.338,0.091106,7.7021
-15.781,0.074886,7.7436
-15.242,0.060135,7.7823
-14.726,0.045025,7.8197
-14.232,0.029348,7.8585
-13.759,0.01303,7.8956
-13.313,-0.0046225,7.9302
-12.895,-0.020601,7.9616
-12.501,-0.035825,7.9914
-12.128,-0.050199,8.022
-11.776,-0.060876,8.048
-11.448,-0.071974,8.0733
-11.139,-0.084146,8.1007
-10.844,-0.096068,8.1295
-10.561,-0.10923,8.1599
-10.287,-0.12317,8.195
-10.024,-0.13537,8.2315
-9.7684,-0.14567,8.269
-9.5182,-0.15595,8.3099
-9.2713,-0.16667,8.3564
-9.0282,-0.1787,8.4128
-8.7893,-0.19081,8.4782
-8.5556,-0.20174,8.5474
-8.337,-0.21073,8.6123
-8.1492,-0.21602,8.6693
-8.0004,-0.2199,8.7116
-7.8976,-0.22233,8.745
-7.8294,-0.22412,8.77
-7.7917,-0.22465,8.7861
-7.7841,-0.22391,8.7907
-7.7993,-0.22486,8.7875
-7.8114,-0.22876,8.7836
-7.8134,-0.23085,8.7852
-7.813,-0.22822,8.7866
-7.8135,-0.22482,8.7872
-7.8114,-0.22416,8.7878
-7.8094,-0.22422,8.7881
-7.8103,-0.22394,8.785
-7.8113,-0.22531,8.7819
-7.8095,-0.22689,8.779
-7.8088,-0.22836,8.7761
-7.8098,-0.22944,8.7736
-7.8091,-0.23149,8.771
-7.8065,-0.23323,8.7687
-7.8059,-0.23447,8.7664
-7.8048,-0.23556,8.763
-7.804,-0.23546,8.7611
-7.8014,-0.23814,8.758
-7.8008,-0.23873,8.7556
-7.7985,-0.23978,8.7529
-7.7969,-0.24023,8.7517
-7.7951,-0.24178,8.7502
-7.7934,-0.24369,8.7485
-7.791,-0.24586,8.7468
-7.7895,-0.24743,8.7452
-7.7883,-0.24863,8.7434
-7.7866,-0.2491,8.7419
-7.7849,-0.24988,8.7405
-7.7833,-0.25165,8.7382
-7.7818,-0.25228,8.7368
-7.7802,-0.25314,8.7348
-7.7789,-0.25424,8.7336
-7.777,-0.25714,8.7319
-7.7758,-0.25775,8.7309
-7.7741,-0.26011,8.7286
-7.773,-0.26144,8.727
-7.7716,-0.263,8.7266
-7.7705,-0.26364,8.7257
-7.7694,-0.26397,8.7244
-7.7686,-0.26449,8.7236
-7.7679,-0.26392,8.7234
-7.7674,-0.26269,8.7227
-7.7669,-0.26125,8.7218
-7.7663,-0.26018,8.7205
-7.7661,-0.2596,8.7191
-7.7658,-0.2586,8.7176
-7.7652,-0.25804,8.7163
-7.7645,-0.2575,8.7153
-7.764,-0.25721,8.7146
-7.7636,-0.25645,8.7138
-7.7633,-0.25668,8.7131
-7.7633,-0.25777,8.7135
-7.7633,-0.25838,8.7128
-7.7632,-0.26021,8.7128
-7.763,-0.26081,8.7126
-7.763,-0.26304,8.7125
-7.763,-0.26402,8.7124
-7.7631,-0.26535,8.7135
-7.7628,-0.26691,8.7133
-7.7623,-0.26824,8.7129
-7.7625,-0.26924,8.7142
-7.7622,-0.26974,8.7163
-7.7593,-0.26908,8.719
-7.7533,-0.26848,8.7221
-7.744,-0.26939,8.727
-7.7317,-0.27128,8.7339
-7.7171,-0.27406,8.7423
-7.7004,-0.27628,8.751
-7.6815,-0.27806,8.7607
-7.6589,-0.27993,8.7708
-7.6271,-0.28241,8.7865
-7.5805,-0.28512,8.8069
-7.513,-0.28964,8.8361
-7.424,-0.29514,8.8731
-7.3109,-0.30143,8.9222
-7.1753,-0.30929,8.9828
-7.0201,-0.31701,9.0548
-6.841,-0.32446,9.1386
-6.6409,-0.33254,9.2366
-6.4211,-0.34347,9.3553
-6.1837,-0.35419,9.4916
-5.9307,-0.36536,9.6442
-5.6697,-0.38021,9.8257
-5.3991,-0.39757,10.03
-5.1207,-0.41745,10.258
-4.8373,-0.4385,10.509
-4.5506,-0.45417,10.782
-4.2607,-0.46598,11.081
-3.9749,-0.4788,11.406
-3.6937,-0.49277,11.754
-3.4145,-0.50854,12.136
-3.1354,-0.52439,12.546
-2.8622,-0.53803,12.993
-2.5991,-0.55098,13.468
-2.3529,-0.55888,13.972
-2.1183,-0.57192,14.512
-1.885,-0.58547,15.083
-1.6618,-0.59495,15.686
-1.4563,-0.60109,16.319
-1.2601,-0.61278,16.975
-1.074,-0.6241,17.661
-0.90455,-0.63386,18.374
-0.76602,-0.64472,19.117
-0.64761,-0.65989,19.883
-0.54815,-0.67498,20.675
-0.46937,-0.69292,21.489
-0.41178,-0.71108,22.323
-0.374,-0.73203,23.185
-0.35311,-0.75545,24.066
-0.34565,-0.78314,24.974
-0.34777,-0.8111,25.9
-0.35619,-0.8396,26.85
-0.36999,-0.86866,27.821
-0.38724,-0.89726,28.818
-0.40574,-0.92667,29.837
-0.42502,-0.95522,30.874
-0.44353,-0.98342,31.935
-0.45936,-1.0123,33.018
-0.47472,-1.0416,34.126
-0.49319,-1.0696,35.252
-0.51263,-1.0957,36.392
-0.53555,-1.1216,37.539
-0.55889,-1.1475,38.686
-0.5843,-1.1741,39.836
-0.60969,-1.201,40.986
-0.63878,-1.2274,42.135
-0.66914,-1.2542,43.283
-0.70352,-1.2856,44.422
-0.73945,-1.3168,45.564
-0.77572,-1.3504,46.707
-0.81494,-1.3833,47.853
-0.85038,-1.4147,48.997
-0.88452,-1.4443,50.132
-0.92309,-1.4743,51.267
-0.95799,-1.5025,52.397
-0.99363,-1.5354,53.522
-1.0267,-1.5704,54.644
-1.0585,-1.6077,55.761
-1.0897,-1.6458,56.884
-1.1212,-1.682,58.009
-1.1534,-1.7134,59.132
-1.185,-1.7397,60.249
-1.2135,-1.7659,61.36
-1.2389,-1.7901,62.464
-1.2703,-1.8221,63.566
-1.3047,-1.8569,64.665
-1.3373,-1.8946,65.763
-1.3748,-1.9352,66.869
-1.4117,-1.9753,67.967
-1.4427,-2.0087,69.062
-1.4722,-2.0394,70.155
-1.5016,-2.072,71.244
-1.5317,-2.1026,72.331
-1.5622,-2.1326,73.416
-1.5936,-2.1629,74.495
-1.6258,-2.1936,75.568
-1.6604,-2.2253,76.637
-1.6981,-2.2578,77.71
-1.7363,-2.2899,78.781
-1.7752,-2.3192,79.852
-1.8157,-2.3465,80.915
-1.8565,-2.3709,81.973
-1.8958,-2.3931,83.032
-1.9367,-2.4177,84.088
-1.9771,-2.4439,85.139
-2.0179,-2.4664,86.185
-2.0602,-2.4901,87.238
-2.1038,-2.5132,88.286
-2.1465,-2.5363,89.329
-2.1878,-2.5591,90.368
-2.2268,-2.5816,91.406
-2.2634,-2.605,92.443
-2.3004,-2.6291,93.477
-2.3361,-2.6522,94.508
-2.3722,-2.6727,95.538
-2.4067,-2.6952,96.565
-2.4378,-2.7208,97.59
-2.4659,-2.7465,98.606
-2.492,-2.7722,99.618
-2.5163,-2.8023,100.63
-2.5402,-2.8381,101.65
-2.5594,-2.8701,102.67
-2.5736,-2.8994,103.69
-2.5821,-2.9258,104.7
-2.5875,-2.9516,105.69
-2.5914,-2.9854,106.68
-2.5954,-3.0239,107.67
-2.6031,-3.0682,108.67
-2.6135,-3.1128,109.68
-2.622,-3.1549,110.69
-2.6322,-3.1919,111.72
-2.6436,-3.2251,112.75
-2.6488,-3.252,113.79
-2.659,-3.2729,114.84
-2.6708,-3.2894,115.9
-2.6812,-3.3058,116.97
-2.6937,-3.3167,118.04
-2.7043,-3.3315,119.12
-2.7214,-3.3532,120.2
-2.7374,-3.3819,121.29
-2.7531,-3.418,122.39
-2.7748,-3.4587,123.51
-2.7969,-3.4985,124.63
-2.8185,-3.5332,125.77
-2.8421,-3.5683,126.9
-2.8686,-3.6061,128.05
-2.8947,-3.6426,129.19
-2.9246,-3.6802,130.35
-2.9553,-3.7166,131.51
-2.9893,-3.7516,132.66
-3.0245,-3.787,133.82
-3.0615,-3.8223,134.97
-3.099,-3.8584,136.12
-3.139,-3.8924,137.26
-3.1812,-3.9267,138.41
-3.2232,-3.9593,139.55
-3.2659,-3.9921,140.69
-3.3084,-4.0255,141.83
-3.349,-4.0576,142.96
-3.3897,-4.0896,144.1
-3.4313,-4.1179,145.23
-3.4775,-4.1426,146.35
-3.5261,-4.1673,147.47
-3.5775,-4.1938,148.58
-3.6245,-4.226,149.68
-3.6715,-4.262,150.78
-3.7148,-4.2968,151.86
-3.7547,-4.3332,152.94
-3.7943,-4.3689,154
-3.8317,-4.4062,155.07
-3.869,-4.4389,156.12
-3.9041,-4.4733,157.17
-3.9381,-4.505,158.21
-3.9695,-4.5374,159.25
-3.9968,-4.5691,160.28
-4.0242,-4.6029,161.3
-4.0539,-4.6388,162.32
-4.0717,-4.6683,163.33
-4.089,-4.7026,164.35
-4.1053,-4.7332,165.36
-4.1226,-4.7615,166.37
-4.1432,-4.7907,167.37
-4.1675,-4.821,168.37
-4.1943,-4.8527,169.38
-4.2189,-4.8865,170.4
-4.243,-4.9214,171.42
-4.2643,-4.9463,172.44
-4.2792,-4.9743,173.47
-4.2943,-4.9999,174.51
-4.3198,-5.0218,175.55
-4.3427,-5.0371,176.6
-4.3662,-5.0467,177.66
-4.3932,-5.0551,178.71
-4.4284,-5.0664,179.76
-4.4619,-5.0804,180.82
-4.5014,-5.1025,181.89
-4.5382,-5.1288,182.97
-4.5774,-5.1611,184.06
-4.6077,-5.1939,185.16
-4.6355,-5.2283,186.26
-4.6696,-5.2641,187.36
-4.7012,-5.2994,188.48
-4.7404,-5.3375,189.6
-4.7751,-5.3701,190.72
-4.8065,-5.4003,191.85
-4.8342,-5.4326,192.97
-4.861,-5.466,194.09
-4.8873,-5.5033,195.21
-4.9132,-5.542,196.33
-4.9445,-5.5835,197.45
-4.9765,-5.6202,198.57
-5.0042,-5.6535,199.67
-5.0322,-5.6885,200.78
-5.0576,-5.7267,201.89
-5.0803,-5.7637,202.99
-5.108,-5.7948,204.09
-5.132,-5.8281,205.18
-5.1623,-5.8585,206.27
-5.1874,-5.8846,207.34
-5.2102,-5.9105,208.39
-5.2297,-5.9353,209.43
-5.2564,-5.9642,210.45
-5.2814,-5.9946,211.45
-5.3064,-6.0282,212.43
-5.3338,-6.0614,213.41
-5.3549,-6.0931,214.37
-5.3765,-6.1258,215.32
-5.3942,-6.1553,216.26
-5.4161,-6.1874,217.21
-5.4369,-6.2199,218.15
-5.4518,-6.2529,219.08
-5.4691,-6.2845,220.01
-5.4832,-6.316,220.94
-5.4955,-6.3475,221.87
-5.5053,-6.3795,222.8
-5.5165,-6.4117,223.72
-5.5293,-6.4426,224.65
-5.545,-6.4752,225.57
-5.5458,-6.5046,226.5
-5.5521,-6.5413,227.42
-5.5636,-6.5799,228.34
-5.5653,-6.6185,229.26
-5.5743,-6.6626,230.19
-5.5987,-6.7127,231.13
-5.6273,-6.7569,232.07
-5.6657,-6.796,233.03
-5.7155,-6.8286,233.99
-5.771,-6.8528,234.96
-5.8268,-6.8692,235.93
-5.8869,-6.8859,236.91
-5.961,-6.9022,237.9
-6.0248,-6.9212,238.9
-6.0767,-6.9433,239.91
-6.127,-6.9631,240.93
-6.1735,-6.9891,241.97
-6.2149,-7.0134,243.01
-6.261,-7.0425,244.06
-6.3115,-7.0754,245.13
-6.3642,-7.1129,246.21
-6.4182,-7.149,247.31
-6.4722,-7.1841,248.42
-6.521,-7.2141,249.54
-6.5685,-7.2413,250.68
-6.6144,-7.2714,251.82
-6.6577,-7.3023,252.97
-6.6992,-7.3398,254.14
-6.7464,-7.3796,255.31
-6.7949,-7.4145,256.49
-6.8374,-7.4444,257.67
-6.8812,-7.4756,258.85
-6.9243,-7.5046,260.03
-6.9672,-7.5342,261.2
-7.0135,-7.5686,262.36
-7.0521,-7.6028,263.52
-7.0936,-7.6432,264.68
-7.131,-7.6875,265.84
-7.1649,-7.7299,267
-7.2014,-7.771,268.16
-7.2432,-7.808,269.31
-7.2848,-7.8415,270.46
-7.3305,-7.8759,271.59
-7.3736,-7.9173,272.73
-7.4172,-7.9596,273.85
-7.4511,-8.0029,274.97
-7.4863,-8.0374,276.08
-7.5235,-8.0722,277.17
-7.5645,-8.103,278.25
-7.6079,-8.1325,279.31
-7.6516,-8.1641,280.36
-7.6954,-8.1968,281.39
-7.7392,-8.2287,282.41
-7.7829,-8.2575,283.41
-7.8278,-8.2833,284.4
-7.872,-8.3061,285.37
-7.9184,-8.3234,286.32
-7.9659,-8.3407,287.25
-8.0122,-8.359,288.19
-8.0557,-8.3778,289.12
-8.0997,-8.3952,290.05
-8.144,-8.4126,290.98
-8.1855,-8.4256,291.91
-8.2295,-8.4446,292.83
-8.2731,-8.4654,293.75
-8.3148,-8.4893,294.67
-8.3526,-8.514,295.59
-8.3897,-8.5439,296.51
-8.4255,-8.5767,297.43
-8.4525,-8.6079,298.37
-8.4692,-8.6376,299.3
-8.4868,-8.6625,300.24
-8.5033,-8.6873,301.18
-8.5175,-8.7096,302.13
-8.5281,-8.729,303.09
-8.5339,-8.7455,304.06
-8.5393,-8.7628,305.03
-8.5388,-8.7753,306.01
-8.5369,-8.7942,307
-8.5253,-8.8145,308.01
-8.5125,-8.8379,309.03
-8.4928,-8.8616,310.06
-8.4709,-8.8898,311.08
-8.4462,-8.9219,312.11
-8.417,-8.9603,313.17
-8.3891,-9.0001,314.23
-8.3519,-9.0323,315.3
-8.3097,-9.0634,316.36
-8.262,-9.099,317.44
-8.2116,-9.1395,318.52
-8.1559,-9.1832,319.61
-8.0955,-9.2261,320.71
-8.0319,-9.263,321.82
-7.9604,-9.2973,322.93
-7.8819,-9.3255,324.06
-7.7983,-9.3531,325.18
-7.7034,-9.3767,326.31
-7.6079,-9.4065,327.45
-7.5137,-9.435,328.58
-7.4192,-9.471,329.74
-7.3226,-9.5077,330.9
-7.2271,-9.546,332.07
-7.1278,-9.5838,333.25
-7.0282,-9.6254,334.44
-6.9304,-9.6746,335.64
-6.8329,-9.7248,336.85
-6.7342,-9.7726,338.05
-6.6342,-9.8177,339.25
-6.5379,-9.8645,340.46
-6.4459,-9.9104,341.66
-6.3533,-9.9507,342.85
-6.2666,-9.9942,344.04
-6.1812,-10.04,345.22
-6.0993,-10.099,346.41
-6.0159,-10.151,347.59
-5.9355,-10.204,348.77
-5.8581,-10.253,349.94
-5.7872,-10.309,351.11
-5.7164,-10.362,352.28
-5.6473,-10.416,353.44
-5.5769,-10.466,354.6
-5.5092,-10.517,355.75
-5.44,-10.567,356.88
-5.3702,-10.618,358.03
-5.3074,-10.663,359.18
-5.251,-10.698,360.32
-5.1948,-10.728,361.44
-5.1442,-10.756,362.56
-5.0985,-10.79,363.67
-5.0483,-10.825,364.78
-5.0001,-10.865,365.88
-4.951,-10.901,366.99
-4.9016,-10.933,368.09
-4.8517,-10.964,369.18
