-1.563693583011627197e-02 -1.279998384416103363e-02 1.265511274337768555e+00
-1.240477431565523148e-02 -2.390136942267417908e-03 1.202369689941406250e+00
-1.941948011517524719e-02 -1.087283995002508163e-02 1.187388539314270020e+00
-1.259919442236423492e-02 -1.373967714607715607e-02 1.200120806694030762e+00
7.814036216586828232e-04 -2.402976155281066895e-02 1.226409316062927246e+00
-2.704043872654438019e-04 -2.372569218277931213e-02 1.241727948188781738e+00
2.260200912132859230e-03 -2.282709255814552307e-02 1.259574770927429199e+00
8.283130824565887451e-03 -2.832408808171749115e-02 1.275854468345642090e+00
1.237107720226049423e-02 -3.353099524974822998e-02 1.286937117576599121e+00
4.814723972231149673e-03 -2.441795356571674347e-02 1.343031287193298340e+00
-3.494165372103452682e-03 -1.333668082952499390e-02 1.379618048667907715e+00
2.888998016715049744e-03 -1.340513862669467926e-02 1.370427846908569336e+00
4.931446164846420288e-04 -1.421001926064491272e-02 1.401780843734741211e+00
-3.888277336955070496e-03 -9.969903156161308289e-03 1.369571805000305176e+00
-5.119252949953079224e-03 -1.060499250888824463e-02 1.355598568916320801e+00
3.877797164022922516e-03 -1.621563360095024109e-02 1.346377968788146973e+00
-1.382987201213836670e-02 -2.038590051233768463e-02 1.357241988182067871e+00
-1.829539798200130463e-02 -1.351403351873159409e-02 1.380742549896240234e+00
-1.795890368521213531e-02 -7.658784277737140656e-03 1.396626234054565430e+00
-1.437555998563766479e-02 -2.121048420667648315e-02 1.374415874481201172e+00
1.118833199143409729e-03 -2.143799327313899994e-02 1.298757910728454590e+00
-7.368277758359909058e-03 -3.952933475375175476e-03 1.273922920227050781e+00
-3.050212934613227844e-02 8.118740282952785492e-03 1.283334851264953613e+00
-2.005942165851593018e-02 -5.616641137748956680e-04 1.314461946487426758e+00
1.720149070024490356e-02 -9.930680505931377411e-03 1.388639926910400391e+00
1.754510030150413513e-02 -3.119534999132156372e-02 1.419081687927246094e+00
1.486629946157336235e-03 -4.620396345853805542e-02 1.454273581504821777e+00
-1.137580443173646927e-02 -3.372630849480628967e-02 1.443967700004577637e+00
-2.536531910300254822e-02 -2.630719915032386780e-02 1.433986902236938477e+00
-2.603705413639545441e-02 -2.606646902859210968e-02 1.426770329475402832e+00
-2.274696528911590576e-02 -2.562494948506355286e-02 1.421822905540466309e+00
-2.149532735347747803e-02 -2.747032046318054199e-02 1.410599946975708008e+00
-1.718981564044952393e-02 -3.388958424329757690e-02 1.407292127609252930e+00
-8.042268455028533936e-03 -4.204100370407104492e-02 1.434715390205383301e+00
-7.503621745854616165e-04 -4.193294420838356018e-02 1.444908976554870605e+00
1.677896245382726192e-03 -3.597577288746833801e-02 1.439678788185119629e+00
1.903980039060115814e-03 -3.748080506920814514e-02 1.440710186958312988e+00
3.095811931416392326e-03 -3.846080601215362549e-02 1.424298286437988281e+00
1.115330308675765991e-02 -4.579176381230354309e-02 1.385083913803100586e+00
1.535923965275287628e-02 -5.334319546818733215e-02 1.344745635986328125e+00
1.117173023521900177e-02 -4.797133058309555054e-02 1.320484757423400879e+00
1.041681692004203796e-02 -3.653025999665260315e-02 1.349937915802001953e+00
1.347266323864459991e-02 -2.140013501048088074e-02 1.336107492446899414e+00
1.476195454597473145e-02 -2.438614144921302795e-02 1.316314101219177246e+00
7.459757849574089050e-03 -3.269608318805694580e-02 1.331151127815246582e+00
6.579011678695678711e-04 -3.738430887460708618e-02 1.345484495162963867e+00
-7.884671911597251892e-03 -4.249212518334388733e-02 1.362970352172851562e+00
-1.279720850288867950e-02 -2.658365666866302490e-02 1.355092525482177734e+00
-1.656191609799861908e-02 -1.693915389478206635e-02 1.329924821853637695e+00
-1.834820583462715149e-02 -1.018619723618030548e-02 1.311790704727172852e+00
-1.866198889911174774e-02 -6.998586002737283707e-03 1.303550601005554199e+00
-1.787460409104824066e-02 -6.557396613061428070e-03 1.328272223472595215e+00
-1.553040742874145508e-02 -8.514210581779479980e-03 1.328712105751037598e+00
-1.353354100137948990e-02 -8.967473171651363373e-03 1.317253232002258301e+00
-1.574691571295261383e-02 -6.881708279252052307e-03 1.322620749473571777e+00
-1.704513467848300934e-02 -3.906131722033023834e-03 1.344027400016784668e+00
-1.573656313121318817e-02 -5.007904954254627228e-03 1.344086408615112305e+00
-1.020576339215040207e-02 -1.117745880037546158e-02 1.328284859657287598e+00
-7.476672530174255371e-03 -1.407654676586389542e-02 1.343485593795776367e+00
-7.613720372319221497e-03 -1.362054608762264252e-02 1.371981024742126465e+00
-3.883958794176578522e-03 -1.328419148921966553e-02 1.388431668281555176e+00
-2.151456661522388458e-03 -1.172778941690921783e-02 1.393309354782104492e+00
-1.989725977182388306e-03 -1.404806133359670639e-02 1.392532944679260254e+00
-5.126685369759798050e-03 -1.687714457511901855e-02 1.394488334655761719e+00
-8.963595144450664520e-03 -2.076541446149349213e-02 1.400107622146606445e+00
-1.156226173043251038e-02 -2.157824300229549408e-02 1.391635537147521973e+00
-1.400800794363021851e-02 -1.975019276142120361e-02 1.375936150550842285e+00
-1.082358881831169128e-02 -1.869598962366580963e-02 1.352811574935913086e+00
-1.187042333185672760e-02 -2.141746692359447479e-02 1.354004263877868652e+00
-7.443191017955541611e-03 -2.245615608990192413e-02 1.337881922721862793e+00
-7.576632313430309296e-03 -1.893954351544380188e-02 1.310645222663879395e+00
-1.034799404442310333e-02 -1.535391993820667267e-02 1.313014030456542969e+00
-1.125896628946065903e-02 -2.113517746329307556e-02 1.302798986434936523e+00
-1.493869349360466003e-02 -2.446183003485202789e-02 1.332774162292480469e+00
-1.629479043185710907e-02 -2.557548135519027710e-02 1.373522281646728516e+00
-1.083734259009361267e-02 -2.591785788536071777e-02 1.403796672821044922e+00
-8.934278041124343872e-03 -3.186438605189323425e-02 1.416396379470825195e+00
-4.065250512212514877e-03 -4.221553727984428406e-02 1.428495287895202637e+00
1.415544655174016953e-03 -4.608688503503799438e-02 1.434460639953613281e+00
2.897540107369422913e-04 -4.369436204433441162e-02 1.400940418243408203e+00
-1.890297513455152512e-03 -3.427248820662498474e-02 1.371625304222106934e+00
-5.570988170802593231e-03 -2.610579133033752441e-02 1.341322541236877441e+00
-3.252924652770161629e-03 -2.296356856822967529e-02 1.283822536468505859e+00
-2.084295963868498802e-03 -2.531852945685386658e-02 1.232387185096740723e+00
8.932495256885886192e-04 -2.672078460454940796e-02 1.228235721588134766e+00
-4.859518259763717651e-03 -2.454483322799205780e-02 1.229541659355163574e+00
-1.213082764297723770e-02 -2.272168919444084167e-02 1.225209832191467285e+00
-1.683001779019832611e-02 -1.039531733840703964e-02 1.207921147346496582e+00
-1.836742460727691650e-02 -6.083717569708824158e-03 1.190058112144470215e+00
-1.919984444975852966e-02 -2.763122320175170898e-04 1.165274739265441895e+00
-1.495207566767930984e-02 -3.841174766421318054e-04 1.177276730537414551e+00
-7.903630845248699188e-03 -6.320198066532611847e-03 1.161791801452636719e+00
-2.887954004108905792e-03 -1.005199365317821503e-02 1.155771255493164062e+00
-1.769703114405274391e-03 -1.407243497669696808e-02 1.186487317085266113e+00
-8.140178397297859192e-05 -1.496862992644309998e-02 1.200046300888061523e+00
-4.095189273357391357e-03 -1.175421569496393204e-02 1.169439554214477539e+00
-9.904817678034305573e-03 -1.138296909630298615e-02 1.126026868820190430e+00
-1.238582096993923187e-02 -1.683337613940238953e-02 1.111454486846923828e+00
-1.214039325714111328e-02 -2.186614461243152618e-02 1.157571196556091309e+00
-7.685463875532150269e-03 -2.282864414155483246e-02 1.179378390312194824e+00
-9.259507060050964355e-04 -2.118554897606372833e-02 1.191995382308959961e+00
-6.940322928130626678e-04 -1.284176390618085861e-02 1.240984082221984863e+00
8.158339187502861023e-04 -1.467650104314088821e-02 1.265470147132873535e+00
-1.898012822493910789e-03 -1.744997501373291016e-02 1.263703584671020508e+00
-3.456407226622104645e-03 -1.770508661866188049e-02 1.249185681343078613e+00
-7.760439068078994751e-03 -1.527576055377721786e-02 1.264027714729309082e+00
-1.044303551316261292e-02 -1.577121391892433167e-02 1.266155123710632324e+00
-5.726687610149383545e-03 -1.831826753914356232e-02 1.300528287887573242e+00
-1.278812717646360397e-02 -1.223447360098361969e-02 1.359233975410461426e+00
-1.608176901936531067e-02 -1.108634285628795624e-02 1.336650133132934570e+00
-5.958081688731908798e-03 -1.105145830661058426e-02 1.293249607086181641e+00
6.422397214919328690e-03 -1.368346996605396271e-02 1.247131466865539551e+00
1.046073064208030701e-02 -1.928399130702018738e-02 1.204382419586181641e+00
5.694421939551830292e-03 -2.220237627625465393e-02 1.191515684127807617e+00
-2.867025788873434067e-03 -1.702040247619152069e-02 1.184818863868713379e+00
-1.713133789598941803e-02 -3.580512851476669312e-02 1.290673971176147461e+00
-4.158709943294525146e-02 -2.335055544972419739e-02 1.359754323959350586e+00
-2.891289815306663513e-02 -1.338409259915351868e-03 1.279382944107055664e+00
-2.175928652286529541e-02 -1.218327507376670837e-02 1.152390360832214355e+00
-8.633798919618129730e-03 -3.542619198560714722e-02 1.213522672653198242e+00
2.382054924964904785e-02 -4.270794335752725601e-03 1.252693772315979004e+00
2.644453942775726318e-02 -1.216643676161766052e-02 1.304479837417602539e+00
1.516685914248228073e-02 -2.429978176951408386e-02 1.299064993858337402e+00
8.840881288051605225e-03 -3.014090843498706818e-02 1.305240035057067871e+00
-7.403260096907615662e-04 -3.336260467767715454e-02 1.320868730545043945e+00
2.753139706328511238e-04 -3.772889450192451477e-02 1.352407097816467285e+00
-1.677589491009712219e-03 -3.779409825801849365e-02 1.368110060691833496e+00
-4.984544357284903526e-04 -3.539333865046501160e-02 1.366169810295104980e+00
1.074052648618817329e-03 -3.134567290544509888e-02 1.343989253044128418e+00
7.329448126256465912e-03 -3.273051232099533081e-02 1.347346901893615723e+00
5.685037001967430115e-03 -3.499808162450790405e-02 1.408319592475891113e+00
5.790743511170148849e-03 -3.360688686370849609e-02 1.420801043510437012e+00
-6.403502775356173515e-04 -2.771430462598800659e-02 1.370113134384155273e+00
-8.705549873411655426e-03 -2.631494961678981781e-02 1.359555363655090332e+00
-7.797856815159320831e-03 -2.940881811082363129e-02 1.363505840301513672e+00
-3.822520375251770020e-03 -3.100543096661567688e-02 1.384298682212829590e+00
-3.771598450839519501e-03 -3.109562583267688751e-02 1.415935635566711426e+00
-6.566614843904972076e-03 -3.211736679077148438e-02 1.424322247505187988e+00
-7.870904169976711273e-03 -3.235246613621711731e-02 1.426213622093200684e+00
-1.022472139447927475e-02 -3.159413859248161316e-02 1.422799348831176758e+00
-1.427403558045625687e-02 -2.864942327141761780e-02 1.423679947853088379e+00
-1.443285495042800903e-02 -2.343731559813022614e-02 1.436838150024414062e+00
-1.824403740465641022e-02 -1.467627659440040588e-02 1.427523493766784668e+00
-2.043621242046356201e-02 -1.421218179166316986e-02 1.407323479652404785e+00
-1.235862541943788528e-02 -2.811773121356964111e-02 1.399838209152221680e+00
3.434557933360338211e-03 -3.654148057103157043e-02 1.377784967422485352e+00
1.916909962892532349e-02 -2.070492878556251526e-02 1.382661223411560059e+00
9.895460680127143860e-03 -2.316785976290702820e-02 1.427633166313171387e+00
7.050894666463136673e-03 -3.014335595071315765e-02 1.464835047721862793e+00
6.267079152166843414e-03 -3.111566230654716492e-02 1.491103649139404297e+00
3.796607255935668945e-03 -2.941972762346267700e-02 1.510015487670898438e+00
-1.682624407112598419e-02 -1.295012049376964569e-02 1.488498687744140625e+00
-9.451446123421192169e-03 -2.040481753647327423e-02 1.411761641502380371e+00
-1.018068287521600723e-04 -2.177570201456546783e-02 1.407064199447631836e+00
-1.831426471471786499e-02 -2.229235135018825531e-02 1.402258276939392090e+00
-8.301286958158016205e-03 -2.190969139337539673e-02 1.408520698547363281e+00
1.286591961979866028e-02 -1.384025160223245621e-02 1.411189079284667969e+00
1.100127864629030228e-02 -2.330168522894382477e-02 1.398936510086059570e+00
1.066946610808372498e-02 -2.468816004693508148e-02 1.387152791023254395e+00
1.245396770536899567e-02 -2.510640025138854980e-02 1.392080307006835938e+00
1.638107746839523315e-02 -3.374076634645462036e-02 1.434230923652648926e+00
1.588019356131553650e-02 -4.048430919647216797e-02 1.452479481697082520e+00
9.922617115080356598e-03 -3.295347467064857483e-02 1.433275103569030762e+00
7.384767755866050720e-03 -2.289528772234916687e-02 1.437717795372009277e+00
1.932264491915702820e-02 -1.923316717147827148e-02 1.453312993049621582e+00
2.200863324105739594e-03 -3.471536189317703247e-02 1.441154718399047852e+00
-5.170666612684726715e-03 -4.037402197718620300e-02 1.431142807006835938e+00
-5.153966601938009262e-03 -2.861696854233741760e-02 1.420906424522399902e+00
-9.272325783967971802e-03 -2.249730750918388367e-02 1.382151365280151367e+00
-8.351795375347137451e-03 -7.839937694370746613e-03 1.368173122406005859e+00
3.131133969873189926e-03 -4.769627470523118973e-03 1.356742739677429199e+00
3.556898795068264008e-03 -3.201086074113845825e-03 1.359487295150756836e+00
-1.632562838494777679e-03 -3.812084905803203583e-04 1.379181504249572754e+00
-5.198999308049678802e-03 -4.518313799053430557e-03 1.398475527763366699e+00
-9.890573099255561829e-03 -9.128531441092491150e-03 1.408097267150878906e+00
-1.117069181054830551e-02 -1.193634513765573502e-02 1.387216806411743164e+00
-6.085116881877183914e-03 -1.558401715010404587e-02 1.398207187652587891e+00
-1.537600532174110413e-03 -1.258155331015586853e-02 1.416726231575012207e+00
4.772184882313013077e-03 -1.190810464322566986e-02 1.406894683837890625e+00
4.592534620314836502e-03 -1.917420513927936554e-02 1.401699662208557129e+00
-1.257867272943258286e-02 -9.808220900595188141e-03 1.411375403404235840e+00
-1.162000279873609543e-02 -8.430603891611099243e-03 1.374791383743286133e+00
-5.149328149855136871e-03 -1.952776685357093811e-02 1.367958903312683105e+00
4.137815907597541809e-03 -2.995083108544349670e-02 1.419745087623596191e+00
6.500730291008949280e-03 -2.813819237053394318e-02 1.424229860305786133e+00
6.571279838681221008e-03 -2.380669303238391876e-02 1.384528279304504395e+00
5.359792150557041168e-03 -1.486077439039945602e-02 1.368572115898132324e+00
2.448941580951213837e-03 -1.739731989800930023e-02 1.392739534378051758e+00
-1.582167111337184906e-03 -1.176967006176710129e-02 1.372916102409362793e+00
-3.546194173395633698e-03 -9.787134826183319092e-03 1.338955879211425781e+00
-3.170488402247428894e-03 -1.500863116234540939e-02 1.364103198051452637e+00
-7.508499547839164734e-04 -1.698078960180282593e-02 1.370730638504028320e+00
2.637645229697227478e-03 -1.463301107287406921e-02 1.370495557785034180e+00
6.668903864920139313e-03 -1.994037628173828125e-02 1.390856742858886719e+00
1.876695826649665833e-02 -1.940668374300003052e-02 1.376951932907104492e+00
1.520408689975738525e-02 -3.641099855303764343e-02 1.418862819671630859e+00
-9.610870853066444397e-03 -2.777791209518909454e-02 1.443085670471191406e+00
-2.252427674829959869e-02 -1.168979424983263016e-02 1.409250617027282715e+00
-1.807158626616001129e-02 -5.278509110212326050e-03 1.370728969573974609e+00
-1.427391450852155685e-02 -5.639565177261829376e-03 1.365344166755676270e+00
-1.324157882481813431e-02 -1.041263900697231293e-02 1.358510971069335938e+00
-1.078829541802406311e-02 -1.482866518199443817e-02 1.339751720428466797e+00
-1.167868543416261673e-02 -1.585372164845466614e-02 1.349163770675659180e+00
-1.686958968639373779e-02 -1.719472371041774750e-02 1.369250655174255371e+00
-2.013832330703735352e-02 -1.788051053881645203e-02 1.383823275566101074e+00
-1.781782880425453186e-02 -1.810177788138389587e-02 1.385545015335083008e+00
-1.182810124009847641e-02 -1.827384158968925476e-02 1.373401284217834473e+00
-1.139191444963216782e-02 -1.673820428550243378e-02 1.375174999237060547e+00
-1.480402611196041107e-02 -2.028556168079376221e-02 1.406075119972229004e+00
-1.437858212739229202e-02 -2.161223813891410828e-02 1.417909860610961914e+00
-1.208901032805442810e-02 -1.488448400050401688e-02 1.430830478668212891e+00
-1.088199578225612640e-02 -1.652810163795948029e-02 1.413393497467041016e+00
-1.151182968169450760e-02 -2.035393007099628448e-02 1.397209525108337402e+00
-1.605485565960407257e-02 -1.847252808511257172e-02 1.372287034988403320e+00
-2.373130805790424347e-02 -1.472334749996662140e-02 1.353801965713500977e+00
-2.846569195389747620e-02 -2.020259760320186615e-02 1.373699188232421875e+00
-1.006803661584854126e-02 -2.651366777718067169e-02 1.386146783828735352e+00
1.514690835028886795e-02 -3.861816227436065674e-02 1.406214237213134766e+00
1.431165635585784912e-02 -2.631838247179985046e-02 1.416619062423706055e+00
-3.215315518900752068e-03 -1.899293251335620880e-02 1.427846670150756836e+00
-5.249145440757274628e-03 -3.399866819381713867e-02 1.426885008811950684e+00
1.678024604916572571e-02 -4.152618348598480225e-02 1.505554795265197754e+00
1.175080239772796631e-02 -2.234407328069210052e-02 1.483067631721496582e+00
3.632220905274152756e-03 -2.325802855193614960e-02 1.459873080253601074e+00
-1.016748324036598206e-02 -2.356241643428802490e-02 1.459067940711975098e+00
-3.177981823682785034e-02 -9.775980375707149506e-03 1.444520831108093262e+00
-2.867491543292999268e-02 -5.869618616998195648e-03 1.477825164794921875e+00
-2.096965722739696503e-02 -1.894912682473659515e-03 1.463053464889526367e+00
-2.027431875467300415e-02 -4.110155627131462097e-03 1.452104926109313965e+00
-7.839925587177276611e-03 -1.840939745306968689e-02 1.443381309509277344e+00
5.382541567087173462e-04 -1.729678176343441010e-02 1.447048068046569824e+00
1.237000059336423874e-02 -9.904945269227027893e-03 1.468729615211486816e+00
7.088489364832639694e-03 -8.970226161181926727e-03 1.476912617683410645e+00
-5.107305012643337250e-03 -1.314950082451105118e-02 1.484736919403076172e+00
8.890340104699134827e-03 -1.407955214381217957e-02 1.460232853889465332e+00
1.195872481912374496e-02 -3.420569747686386108e-02 1.455000996589660645e+00
2.150364965200424194e-02 -1.611876487731933594e-02 1.451153755187988281e+00
3.410208225250244141e-02 -9.529988281428813934e-03 1.455126643180847168e+00
2.447234466671943665e-02 -7.026357576251029968e-03 1.460559368133544922e+00
2.741458266973495483e-02 -1.889726892113685608e-02 1.451926231384277344e+00
2.433964796364307404e-02 -1.044350303709506989e-02 1.421863198280334473e+00
1.820743642747402191e-02 -4.943929612636566162e-03 1.416517019271850586e+00
7.572768256068229675e-03 -8.912103250622749329e-03 1.440709948539733887e+00
3.230076283216476440e-03 -1.325873285531997681e-02 1.452583551406860352e+00
7.179021835327148438e-03 -6.774827837944030762e-03 1.428163051605224609e+00
9.662874974310398102e-03 -1.931471005082130432e-02 1.457210183143615723e+00
1.872365549206733704e-02 -2.089388668537139893e-02 1.472917199134826660e+00
2.073234319686889648e-02 -3.661663271486759186e-03 1.463393449783325195e+00
2.235006354749202728e-02 -2.833733335137367249e-03 1.470660209655761719e+00
-3.819921053946018219e-03 -3.097845241427421570e-02 1.474138021469116211e+00
-9.067918173968791962e-03 -2.809844538569450378e-02 1.413472771644592285e+00
-1.637710258364677429e-02 -7.304688449949026108e-03 1.371427416801452637e+00
-2.029088139533996582e-02 -1.784622296690940857e-02 1.384584784507751465e+00
-2.430706471204757690e-02 -1.715468615293502808e-02 1.349000930786132812e+00
-2.774848975241184235e-02 -1.489912997931241989e-02 1.352833867073059082e+00
-2.503129467368125916e-02 -1.161213405430316925e-02 1.314544916152954102e+00
-2.790362760424613953e-02 -3.826175816357135773e-03 1.299936771392822266e+00
-2.759564295411109924e-02 -8.380748331546783447e-03 1.295811891555786133e+00
-2.192628383636474609e-02 -1.092250179499387741e-02 1.236832141876220703e+00
-2.856049500405788422e-02 -1.602375693619251251e-02 1.253530621528625488e+00
-3.104060515761375427e-02 -1.308560930192470551e-02 1.237780213356018066e+00
-1.878988184034824371e-02 -2.955387346446514130e-02 1.258536100387573242e+00
-2.249714732170104980e-02 -2.549611590802669525e-02 1.279557704925537109e+00
-1.866561360657215118e-02 -1.942456699907779694e-02 1.282627701759338379e+00
-1.344680320471525192e-02 -2.050327882170677185e-02 1.323989272117614746e+00
-3.125343238934874535e-03 -1.405383367091417313e-02 1.287827253341674805e+00
-8.936173282563686371e-03 -1.024127099663019180e-02 1.361924767494201660e+00
-3.077096305787563324e-03 -2.001684345304965973e-02 1.357497930526733398e+00
2.066201344132423401e-02 -2.348223887383937836e-02 1.347257614135742188e+00
6.124888546764850616e-03 -3.106685355305671692e-02 1.358854770660400391e+00
