-9.589508175849914551e-03 7.503777742385864258e-03 -7.945559918880462646e-03
-1.052781194448471069e-02 8.779086172580718994e-03 -9.106170386075973511e-03
-1.158964633941650391e-02 1.080594956874847412e-02 -1.062735542654991150e-02
-1.471178978681564331e-02 1.512182876467704773e-02 -1.230883970856666565e-02
-1.831136643886566162e-02 1.991049945354461670e-02 -1.427120156586170197e-02
-1.682986319065093994e-02 1.996134221553802490e-02 -1.664970442652702332e-02
-9.633019566535949707e-03 1.440296694636344910e-02 -1.234601810574531555e-02
-3.922849893569946289e-03 1.090621948242187500e-02 -1.066143810749053955e-02
-4.945985972881317139e-03 6.799764931201934814e-03 -1.011072844266891479e-02
-8.012332022190093994e-03 -6.507113575935363770e-04 -1.648463308811187744e-03
-9.869001805782318115e-03 -5.096428096294403076e-03 5.719520151615142822e-03
-8.557297289371490479e-03 -4.932530224323272705e-03 6.730169057846069336e-03
-1.441367715597152710e-02 2.180300652980804443e-03 5.817737430334091187e-03
-1.029444485902786255e-02 1.993321627378463745e-02 -7.069602608680725098e-03
-2.342462539672851562e-05 2.822998911142349243e-02 -1.845349557697772980e-02
1.482516527175903320e-04 2.550502866506576538e-02 -2.419389784336090088e-02
-5.487591028213500977e-03 1.536501199007034302e-02 -2.080379799008369446e-02
-4.418037831783294678e-03 4.442058503627777100e-03 -1.443172991275787354e-02
-9.150698781013488770e-03 1.720272004604339600e-03 -8.563820272684097290e-03
-4.152588546276092529e-03 7.681258022785186768e-03 -1.229013130068778992e-02
1.472055912017822266e-03 1.558472961187362671e-02 -1.826507970690727234e-02
3.802582621574401855e-03 2.229002863168716431e-02 -2.389968186616897583e-02
7.908910512924194336e-03 2.276742458343505859e-02 -3.201742470264434814e-02
6.586864590644836426e-03 2.057745680212974548e-02 -2.709770947694778442e-02
-5.886584520339965820e-03 1.842322945594787598e-02 -7.608152925968170166e-03
-1.252976059913635254e-02 4.238091409206390381e-03 3.269925713539123535e-03
-1.640662550926208496e-02 7.289208471775054932e-03 2.803489565849304199e-03
-1.545146107673645020e-02 1.502469927072525024e-02 -5.071125924587249756e-03
-1.040390133857727051e-02 1.894024387001991272e-02 -2.361501753330230713e-02
4.816621541976928711e-03 -2.291083335876464844e-03 -2.543379552662372589e-02
2.066716551780700684e-04 -2.184577286243438721e-03 -2.205654606223106384e-02
-2.306214347481727600e-02 -7.433295249938964844e-04 -7.138833403587341309e-03
-2.815094590187072754e-02 5.753770470619201660e-03 -1.413598656654357910e-04
-2.304883673787117004e-02 6.723619997501373291e-03 4.559468477964401245e-03
-1.714435219764709473e-02 -1.977756619453430176e-03 5.330607295036315918e-03
-1.853360980749130249e-02 -1.816973090171813965e-03 1.724641770124435425e-03
-1.515485718846321106e-02 3.599531948566436768e-03 -9.000100195407867432e-03
-5.091525614261627197e-03 -7.777214050292968750e-04 -1.521942205727100372e-02
2.910196781158447266e-04 -3.672055900096893311e-03 -1.568642444908618927e-02
-1.576133072376251221e-03 -2.696946263313293457e-03 -1.590659655630588531e-02
-4.128836095333099365e-03 -2.114310860633850098e-03 -1.406363025307655334e-02
-1.099201664328575134e-02 2.984479069709777832e-03 -9.871799498796463013e-03
-1.766743138432502747e-02 1.429523155093193054e-02 -1.067809015512466431e-02
-1.976274326443672180e-02 1.832707226276397705e-02 -1.157835125923156738e-02
-1.854031160473823547e-02 1.583445072174072266e-02 -1.158377155661582947e-02
-1.665316894650459290e-02 1.102621853351593018e-02 -1.067185401916503906e-02
-1.282502338290214539e-02 4.892110824584960938e-03 -7.507633417844772339e-03
-9.778346866369247437e-03 -4.169613122940063477e-03 -1.018863171339035034e-03
-7.340885698795318604e-03 -8.597023785114288330e-03 3.386002033948898315e-03
-2.689912915229797363e-03 -4.647642374038696289e-03 -1.606788486242294312e-03
-6.856523454189300537e-03 2.657726407051086426e-03 -4.040338099002838135e-03
-7.346250116825103760e-03 2.769112586975097656e-03 -4.400949925184249878e-03
-1.877859234809875488e-03 -2.483427524566650391e-03 -5.357414484024047852e-03
2.385348081588745117e-03 7.277175784111022949e-03 -1.401122845709323883e-02
4.716113209724426270e-03 1.190747320652008057e-02 -1.893715374171733856e-02
-3.041028976440429688e-04 9.519815444946289062e-03 -1.527893729507923126e-02
-4.160597920417785645e-03 2.446688711643218994e-03 -5.854081362485885620e-03
-8.148830384016036987e-03 -1.675464212894439697e-03 -4.098862409591674805e-04
-1.111381128430366516e-02 -2.937324345111846924e-03 4.032265394926071167e-03
-9.580001235008239746e-03 1.804850995540618896e-03 2.710469067096710205e-03
-1.208586245775222778e-02 6.301723420619964600e-03 -4.764795303344726562e-04
-1.842520385980606079e-02 1.106996834278106689e-02 -3.570970147848129272e-03
-1.898395270109176636e-02 1.347963139414787292e-02 -5.741931498050689697e-03
-1.445508003234863281e-02 6.132021546363830566e-03 -8.804392069578170776e-03
-1.460108160972595215e-02 5.541972815990447998e-03 -1.221817731857299805e-02
-1.780447363853454590e-02 7.867805659770965576e-03 -9.456217288970947266e-03
-1.892666518688201904e-02 9.124867618083953857e-03 -7.228106260299682617e-03
-1.777042448520660400e-02 4.252307116985321045e-03 -4.010438919067382812e-03
-1.372855901718139648e-02 3.373526036739349365e-03 -6.924152374267578125e-03
-1.087363064289093018e-02 3.677211701869964600e-03 -8.026897907257080078e-03
-1.316487789154052734e-02 5.223326385021209717e-03 -6.262332201004028320e-03
-1.416353881359100342e-02 4.473082721233367920e-03 -7.596224546432495117e-03
-1.599577069282531738e-02 5.335859954357147217e-03 -7.915526628494262695e-03
-1.613484323024749756e-02 6.318382918834686279e-03 -8.553326129913330078e-03
-1.162289083003997803e-02 2.680145204067230225e-03 -1.108461618423461914e-02
-8.683800697326660156e-03 1.399479806423187256e-03 -1.140373945236206055e-02
-1.167558133602142334e-02 4.057727754116058350e-03 -6.029665470123291016e-03
-1.275542378425598145e-02 6.509490311145782471e-03 -6.752118468284606934e-03
-1.383200287818908691e-02 9.000234305858612061e-03 -6.025582551956176758e-03
-1.616892963647842407e-02 1.475668698549270630e-02 -7.943809032440185547e-03
-2.184551954269409180e-02 2.068953961133956909e-02 -1.208345592021942139e-02
-2.269020676612854004e-02 1.698360592126846313e-02 -8.972257375717163086e-03
-2.391827106475830078e-02 1.224382966756820679e-02 -4.851490259170532227e-03
-2.046427130699157715e-02 4.245005548000335693e-03 -2.501308917999267578e-03
-1.823547482490539551e-02 -3.107585012912750244e-03 5.246996879577636719e-04
-1.784832775592803955e-02 -5.358912050724029541e-03 3.151863813400268555e-03
-1.941231638193130493e-02 5.368590354919433594e-04 1.075785607099533081e-03
-2.263342589139938354e-02 5.426526069641113281e-03 -1.113839447498321533e-03
-2.314330637454986572e-02 8.424997329711914062e-03 1.550983637571334839e-03
-2.836913615465164185e-02 1.625246554613113403e-02 2.111192792654037476e-03
-2.535837516188621521e-02 1.557081192731857300e-02 4.684560000896453857e-03
-1.707918569445610046e-02 5.121976137161254883e-03 2.372495830059051514e-03
-1.397061347961425781e-02 1.244865357875823975e-03 -1.728687435388565063e-03
-1.463549956679344177e-02 3.971472382545471191e-03 -6.600420922040939331e-03
-1.293295994400978088e-02 5.705520510673522949e-03 -1.333590410649776459e-02
-1.361533999443054199e-02 3.269791603088378906e-03 -1.266554370522499084e-02
-7.796198129653930664e-03 -1.842871308326721191e-03 -1.342948898673057556e-02
-5.144186317920684814e-03 -1.063846051692962646e-03 -1.512056589126586914e-02
-3.186181187629699707e-03 3.882519900798797607e-03 -1.669131964445114136e-02
-7.474008947610855103e-03 1.150658726692199707e-02 -1.365145668387413025e-02
-4.494793713092803955e-03 1.207528263330459595e-02 -1.920167915523052216e-02
-1.051999628543853760e-03 1.975809410214424133e-02 -3.121683374047279358e-02
-7.151238620281219482e-03 1.992389559745788574e-02 -2.082332223653793335e-02
-1.263217628002166748e-02 1.758427545428276062e-02 -1.012724637985229492e-02
-1.020465046167373657e-02 1.161381602287292480e-02 -8.090473711490631104e-04
-1.262687519192695618e-02 9.055666625499725342e-03 5.228444933891296387e-04
-1.612712442874908447e-02 1.271626353263854980e-02 3.376316279172897339e-03
-1.749737933278083801e-02 1.602363958954811096e-02 5.651563405990600586e-04
-1.606591045856475830e-02 1.185277849435806274e-02 1.282602548599243164e-03
-2.630075439810752869e-02 1.895945891737937927e-02 7.907249033451080322e-03
-3.328576311469078064e-02 2.399603277444839478e-02 9.251080453395843506e-03
-3.270136937499046326e-02 2.744107693433761597e-02 5.870260298252105713e-03
-3.132319822907447815e-02 3.394353762269020081e-02 7.315911352634429932e-04
-2.490475401282310486e-02 3.241139650344848633e-02 -3.457188606262207031e-03
-1.724838092923164368e-02 2.765003964304924011e-02 -8.066616952419281006e-03
-1.442551985383033752e-02 2.760980650782585144e-02 -1.090363413095474243e-02
-1.414875686168670654e-02 2.548398077487945557e-02 -1.129280403256416321e-02
-1.740665733814239502e-02 2.855450659990310669e-02 -9.999163448810577393e-03
-2.349741756916046143e-02 3.709144890308380127e-02 -1.119536906480789185e-02
-2.150808274745941162e-02 3.567164018750190735e-02 -9.005259722471237183e-03
-2.068916708230972290e-02 3.696043789386749268e-02 -6.256472319364547729e-03
-2.070429176092147827e-02 3.769278526306152344e-02 -7.064871490001678467e-03
-2.054001763463020325e-02 3.446231409907341003e-02 -8.945509791374206543e-03
-1.794258132576942444e-02 2.125872299075126648e-02 -1.585096120834350586e-03
-1.776345074176788330e-02 7.238417863845825195e-03 6.197016686201095581e-03
-2.134374901652336121e-02 1.164361089468002319e-02 1.048145815730094910e-02
-1.800882071256637573e-02 2.011815458536148071e-02 4.833921790122985840e-03
-8.871033787727355957e-03 1.639766246080398560e-02 -2.733010798692703247e-03
-5.632199347019195557e-03 1.934161782264709473e-02 -4.269957542419433594e-03
-4.422761499881744385e-03 2.535171061754226685e-02 -9.855821728706359863e-03
-9.668387472629547119e-03 2.773652598261833191e-02 -9.868495166301727295e-03
-1.012040674686431885e-02 1.706527918577194214e-02 -4.721932113170623779e-03
-2.963803708553314209e-03 2.166555076837539673e-02 -1.640564948320388794e-02
-1.594668626785278320e-02 2.766783535480499268e-02 -1.448380202054977417e-02
-3.024960309267044067e-02 2.556430548429489136e-02 -6.542012095451354980e-03
-2.676755934953689575e-02 1.665747910737991333e-02 -2.332702279090881348e-04
-2.586466819047927856e-02 5.771942436695098877e-03 5.593955516815185547e-03
-1.384574174880981445e-02 1.030299812555313110e-02 -9.280860424041748047e-03
-9.757891297340393066e-03 1.174981147050857544e-02 -7.264286279678344727e-03
-1.893793046474456787e-02 6.914101541042327881e-03 7.445782423019409180e-03
-1.809131354093551636e-02 9.626083076000213623e-03 7.804170250892639160e-03
-1.008991152048110962e-02 1.291275769472122192e-02 7.108598947525024414e-03
-1.157040894031524658e-02 4.496343433856964111e-03 8.495286107063293457e-03
-1.114436984062194824e-02 -3.789477050304412842e-03 7.561683654785156250e-03
-1.018983125686645508e-02 8.691109716892242432e-03 -2.058774232864379883e-03
-8.818179368972778320e-03 6.648011505603790283e-03 -3.153458237648010254e-03
-9.836256504058837891e-04 1.269049942493438721e-03 -9.084686636924743652e-03
3.364697098731994629e-03 1.100941747426986694e-02 -8.955702185630798340e-03
1.526124775409698486e-03 1.897387206554412842e-02 -8.077293634414672852e-03
-1.096054911613464355e-03 2.106755971908569336e-02 -1.130467653274536133e-02
-4.751354455947875977e-03 1.681304350495338440e-02 -8.516516536474227905e-03
-2.668835222721099854e-03 1.540025323629379272e-02 -1.072608679533004761e-02
-1.867778599262237549e-03 1.535489410161972046e-02 -1.464923471212387085e-02
-2.574063837528228760e-03 1.191668212413787842e-02 -1.481464318931102753e-02
-6.169974803924560547e-03 9.208887815475463867e-03 -1.279091835021972656e-02
-5.669035017490386963e-03 9.032584726810455322e-03 -1.378512941300868988e-02
-6.974518299102783203e-03 1.361543685197830200e-02 -1.608699560165405273e-02
-6.473705172538757324e-03 1.113794744014739990e-02 -1.222373545169830322e-02
-9.440001100301742554e-03 9.056188166141510010e-03 -6.867770105600357056e-03
-9.489059448242187500e-03 3.211632370948791504e-03 -3.876913338899612427e-03
-9.571950882673263550e-03 7.476881146430969238e-04 -1.322552561759948730e-03
-8.232891559600830078e-03 -3.378465771675109863e-04 -1.306671649217605591e-03
-5.551077425479888916e-03 -3.486968576908111572e-03 -2.563528716564178467e-03
-5.490981042385101318e-03 -6.192222237586975098e-03 -2.571940422058105469e-04
-7.480069994926452637e-03 -5.784869194030761719e-03 1.160852611064910889e-03
-6.867177784442901611e-03 -4.406638443470001221e-03 1.538995653390884399e-03
-4.693925380706787109e-03 -6.611272692680358887e-04 -2.127401530742645264e-04
-3.411151468753814697e-03 2.372317016124725342e-03 -2.798080444335937500e-03
-5.678333342075347900e-03 1.178331673145294189e-02 -7.955659180879592896e-03
-4.447691142559051514e-03 2.282181009650230408e-02 -1.716498285531997681e-02
-3.194451332092285156e-03 2.040008455514907837e-02 -1.859074831008911133e-02
-2.139404416084289551e-03 8.610725402832031250e-03 -1.093650609254837036e-02
-9.773895144462585449e-04 1.592785120010375977e-04 -4.608541727066040039e-03
-3.057435154914855957e-03 3.942646086215972900e-03 -9.772814810276031494e-04
-1.520545780658721924e-02 1.363705098628997803e-02 -4.341050982475280762e-03
-1.312997564673423767e-02 5.353175103664398193e-03 8.893683552742004395e-03
-7.203411310911178589e-03 1.185847073793411255e-02 -2.575866878032684326e-03
-1.132386550307273865e-02 2.070855349302291870e-02 -2.266255766153335571e-02
-3.995314240455627441e-03 1.244525611400604248e-02 -3.240791708230972290e-02
-6.245285272598266602e-03 1.497986540198326111e-02 -2.507582120597362518e-02
-8.102837949991226196e-03 1.676183938980102539e-02 -1.433962583541870117e-02
-1.629234477877616882e-02 1.368588581681251526e-02 -7.356885820627212524e-03
-1.698584109544754028e-02 7.166624069213867188e-03 -2.306800335645675659e-03
-9.595755487680435181e-03 1.500688493251800537e-03 -6.702747195959091187e-03
-4.920288920402526855e-03 -6.639257073402404785e-03 -6.301220506429672241e-03
-9.356793016195297241e-03 -9.782306849956512451e-03 -2.753444015979766846e-03
-1.263372600078582764e-02 -2.908751368522644043e-03 6.535202264785766602e-04
-8.296195417642593384e-03 -3.127776086330413818e-03 4.135161638259887695e-03
-8.298065513372421265e-03 6.879337131977081299e-03 7.726512849330902100e-04
-1.524750515818595886e-02 2.583272010087966919e-02 -7.184159010648727417e-03
-1.823692023754119873e-02 2.026217058300971985e-02 -7.661804556846618652e-04
-1.434364542365074158e-02 1.202283799648284912e-02 1.979850232601165771e-03
-8.545845746994018555e-03 1.075603812932968140e-02 -5.192615091800689697e-03
-8.521959185600280762e-03 1.297692209482192993e-02 -9.401515126228332520e-03
-1.024515926837921143e-02 1.035753637552261353e-02 -6.123632192611694336e-03
-1.084779947996139526e-02 1.282505691051483154e-03 -2.278685569763183594e-04
-1.191219687461853027e-02 -7.714696228504180908e-03 5.250871181488037109e-03
-1.329676806926727295e-02 -5.015976727008819580e-03 5.624786019325256348e-03
-1.288449764251708984e-02 4.718802869319915771e-03 2.408653497695922852e-03
-1.334151625633239746e-02 1.300177723169326782e-02 2.392649650573730469e-03
-1.693351566791534424e-02 1.566614210605621338e-02 2.452954649925231934e-03
-1.472010463476181030e-02 2.286776155233383179e-02 -4.136204719543457031e-03
-1.556469500064849854e-02 2.824831008911132812e-02 -9.891122579574584961e-03
-2.145626395940780640e-02 2.828640490770339966e-02 -6.057083606719970703e-03
-2.255255728960037231e-02 1.964791864156723022e-02 1.298233866691589355e-03
-2.498723566532135010e-02 2.130164951086044312e-02 -1.172214746475219727e-03
-2.426971495151519775e-02 1.473858207464218140e-02 -1.050397753715515137e-03
-2.205035835504531860e-02 9.651623666286468506e-03 1.546338200569152832e-03
-1.896714419126510620e-02 4.793979227542877197e-03 9.979456663131713867e-04
-1.125325262546539307e-02 2.178482711315155029e-03 -2.746850252151489258e-03
-6.735578179359436035e-03 -1.682884991168975830e-03 6.918162107467651367e-04
-1.063337177038192749e-02 -2.666853368282318115e-03 6.175726652145385742e-03
-1.881194114685058594e-02 -1.649931073188781738e-04 7.621794939041137695e-03
-2.164675295352935791e-02 -3.286801278591156006e-03 1.099738478660583496e-02
-2.008660137653350830e-02 -1.889511942863464355e-03 1.310056075453758240e-02
-1.500073447823524475e-02 1.986056566238403320e-03 1.102235913276672363e-02
-1.089888438582420349e-02 -5.685187876224517822e-03 1.046743988990783691e-02
-8.453547954559326172e-03 -3.435090184211730957e-04 2.422742545604705811e-03
-1.191894710063934326e-02 1.506580784916877747e-02 -4.754140973091125488e-04
-2.101634070277214050e-02 2.664940431714057922e-02 2.548396587371826172e-04
-2.601480484008789062e-02 2.960113808512687683e-02 -3.896404057741165161e-03
-2.972322702407836914e-02 2.972650155425071716e-02 -5.670137703418731689e-03
-2.501886710524559021e-02 1.955775916576385498e-02 -1.206554472446441650e-03
-2.031802758574485779e-02 7.171131670475006104e-03 4.074107855558395386e-03
-1.327072083950042725e-02 3.445923328399658203e-03 9.738318622112274170e-04
-1.259297877550125122e-02 1.892560347914695740e-02 -4.668705165386199951e-03
-1.371209695935249329e-02 1.582696288824081421e-02 5.682557821273803711e-05
-1.313392445445060730e-02 2.074402570724487305e-02 -5.320277065038681030e-03
-1.368298381567001343e-02 2.972116693854331970e-02 -1.584601961076259613e-02
-1.200861856341362000e-02 2.942568808794021606e-02 -1.236293092370033264e-02
-1.567806676030158997e-02 2.544973790645599365e-02 -7.545717060565948486e-03
-2.144736424088478088e-02 2.115972340106964111e-02 -4.692766815423965454e-03
-2.541788667440414429e-02 1.302747428417205811e-02 4.451829940080642700e-03
-2.664994820952415466e-02 5.682401359081268311e-03 9.741939604282379150e-03
-3.079387545585632324e-02 1.161342859268188477e-02 8.862070739269256592e-03
-3.312257677316665649e-02 1.735240221023559570e-02 5.353856831789016724e-03
-3.445213660597801208e-02 1.362231373786926270e-02 5.207378417253494263e-03
-3.454411774873733521e-02 1.871854811906814575e-02 4.363171756267547607e-03
-3.181234374642372131e-02 1.878712698817253113e-02 1.072619110345840454e-03
-2.814112976193428040e-02 1.880523934960365295e-02 -2.432264387607574463e-03
-2.130146697163581848e-02 1.002723723649978638e-02 -2.706564962863922119e-03
-1.542795076966285706e-02 3.989227116107940674e-03 -3.460556268692016602e-03
-1.008965820074081421e-02 -8.312761783599853516e-04 -6.399292498826980591e-03
-7.573768496513366699e-03 -4.792466759681701660e-03 -9.245514869689941406e-03
-6.601188331842422485e-03 -1.130707561969757080e-03 -1.232625544071197510e-02
-1.452337205410003662e-02 1.010514050722122192e-02 -9.859178215265274048e-03
-1.941296085715293884e-02 1.614653691649436951e-02 -9.912330657243728638e-03
-2.098775655031204224e-02 1.470051333308219910e-02 -8.621316403150558472e-03
-1.975436136126518250e-02 1.322821155190467834e-02 -9.024083614349365234e-03
-1.775109022855758667e-02 1.135855913162231445e-02 -1.089266315102577209e-02
-1.743095740675926208e-02 6.062299013137817383e-03 -8.113130927085876465e-03
-1.231220737099647522e-02 -5.717799067497253418e-04 -5.543213337659835815e-03
-7.987763732671737671e-03 -3.342710435390472412e-03 -6.510786712169647217e-03
-5.806118249893188477e-03 -2.006381750106811523e-03 -8.588887751102447510e-03
-6.233677268028259277e-03 8.875802159309387207e-04 -6.213393062353134155e-03
-1.015390455722808838e-02 9.147562086582183838e-03 -6.726332008838653564e-03
-1.061013340950012207e-02 2.088315039873123169e-02 -1.322250813245773315e-02
-1.998172700405120850e-02 3.628267347812652588e-02 -1.711009442806243896e-02
-1.306833326816558838e-02 4.569147527217864990e-02 -3.015284612774848938e-02
8.165359497070312500e-03 1.498833671212196350e-02 -3.469470888376235962e-03
3.006383776664733887e-04 1.392059028148651123e-02 -1.906960830092430115e-02
1.171991229057312012e-03 6.086379289627075195e-03 -1.401033997535705566e-02
1.426815986633300781e-03 6.726659834384918213e-03 -1.153123378753662109e-02
-4.000663757324218750e-04 7.868304848670959473e-03 -1.014032214879989624e-02
-4.707291722297668457e-03 8.677840232849121094e-03 -9.959276765584945679e-03
-1.003280282020568848e-03 3.927670419216156006e-03 -9.250544011592864990e-03
6.364330649375915527e-03 5.859769880771636963e-03 -3.064662218093872070e-03
1.046560704708099365e-03 -1.214458793401718140e-02 -3.115758299827575684e-04
4.943296313285827637e-03 1.300647854804992676e-04 -1.133307814598083496e-04
-5.254462361335754395e-03 2.001398056745529175e-02 -2.020523324608802795e-02
-1.786164194345474243e-02 2.501719817519187927e-02 -1.950199902057647705e-02
-2.326790988445281982e-02 3.646650910377502441e-02 -2.291064709424972534e-02
-2.226267755031585693e-02 3.840509057044982910e-02 -1.834008842706680298e-02
-1.856050640344619751e-02 3.250857815146446228e-02 -1.857524365186691284e-02
-1.285580545663833618e-02 2.574258297681808472e-02 -1.887257397174835205e-02
-7.429972290992736816e-03 1.597944647073745728e-02 -1.596705615520477295e-02
-7.414579391479492188e-03 1.329442113637924194e-02 -1.369936764240264893e-02
-1.160638034343719482e-02 1.454988867044448853e-02 -1.137344539165496826e-02
-1.470272243022918701e-02 1.584719866514205933e-02 -1.178141310811042786e-02
-1.377270370721817017e-02 1.611268147826194763e-02 -9.565126150846481323e-03
-1.801046729087829590e-02 2.129041776061058044e-02 -8.507389575242996216e-03
-1.802938431501388550e-02 2.150196582078933716e-02 -7.105484604835510254e-03
-9.384356439113616943e-03 2.461243048310279846e-02 -1.316310837864875793e-02
-2.054870128631591797e-04 2.401815354824066162e-02 -1.583398692309856415e-02
3.262594342231750488e-03 2.947927638888359070e-02 -1.930226571857929230e-02
7.274001836776733398e-05 3.804821148514747620e-02 -2.733146771788597107e-02
-6.859030574560165405e-03 4.471336305141448975e-02 -3.092036396265029907e-02
-1.314629986882209778e-02 6.074328720569610596e-02 -4.023167490959167480e-02
-7.487464696168899536e-03 4.267615452408790588e-02 -3.934431821107864380e-03
-2.406416460871696472e-02 4.120891913771629333e-02 -1.190071925520896912e-02
-2.205924689769744873e-02 3.458650037646293640e-02 -8.368179202079772949e-03
-1.862451806664466858e-02 2.766855433583259583e-02 -3.010187298059463501e-03
-1.388637721538543701e-02 1.702521368861198425e-02 1.175314188003540039e-03
-3.884255886077880859e-03 3.551654517650604248e-03 7.007602602243423462e-03
4.965990781784057617e-03 -6.570562720298767090e-03 1.201660558581352234e-02
1.567480713129043579e-02 -1.802015304565429688e-02 1.568053290247917175e-02
2.183777838945388794e-02 -2.450875937938690186e-02 1.733274757862091064e-02
2.394384890794754028e-02 -2.648523449897766113e-02 1.907664537429809570e-02
2.675358951091766357e-02 -2.735524624586105347e-02 2.048572897911071777e-02
2.883420884609222412e-02 -2.809606492519378662e-02 2.179532498121261597e-02
3.007046133279800415e-02 -2.869843691587448120e-02 2.214621007442474365e-02
3.091680258512496948e-02 -2.835542708635330200e-02 2.107693254947662354e-02
3.150641918182373047e-02 -2.742755413055419922e-02 1.913762092590332031e-02
3.209719806909561157e-02 -2.817444503307342529e-02 1.728964596986770630e-02
3.309300541877746582e-02 -3.055976331233978271e-02 1.592584326863288879e-02
3.407548367977142334e-02 -3.264731913805007935e-02 1.576213911175727844e-02
3.334981203079223633e-02 -3.232231736183166504e-02 1.624464616179466248e-02
3.153300285339355469e-02 -2.913450449705123901e-02 1.658880710601806641e-02
3.234434872865676880e-02 -2.885539829730987549e-02 1.626637578010559082e-02
2.915801852941513062e-02 -2.787685394287109375e-02 1.732680201530456543e-02
2.577414363622665405e-02 -2.548392862081527710e-02 1.634096726775169373e-02
2.528437227010726929e-02 -2.540893852710723877e-02 1.417893543839454651e-02
2.736294269561767578e-02 -2.586930245161056519e-02 1.128713786602020264e-02
2.745210379362106323e-02 -2.623420208692550659e-02 1.020797714591026306e-02
2.620408684015274048e-02 -2.464495599269866943e-02 9.574852883815765381e-03
2.437017858028411865e-02 -2.285569906234741211e-02 1.037441939115524292e-02
2.113290131092071533e-02 -2.138298749923706055e-02 1.206577941775321960e-02
1.716123521327972412e-02 -1.875718683004379272e-02 1.508861407637596130e-02
1.710917055606842041e-02 -1.796617358922958374e-02 1.592753082513809204e-02
1.862362772226333618e-02 -2.075118571519851685e-02 1.765210554003715515e-02
2.109238505363464355e-02 -2.420074492692947388e-02 1.981797814369201660e-02
2.425524592399597168e-02 -2.795303612947463989e-02 2.129898965358734131e-02
2.567628026008605957e-02 -2.990175038576126099e-02 1.926235854625701904e-02
2.284720540046691895e-02 -2.835870534181594849e-02 1.728372275829315186e-02
1.863691210746765137e-02 -2.495116740465164185e-02 1.555817574262619019e-02
1.441472768783569336e-02 -2.074686437845230103e-02 1.427660137414932251e-02
1.210206747055053711e-02 -1.975149661302566528e-02 1.456557214260101318e-02
9.083211421966552734e-03 -1.586521416902542114e-02 1.182793080806732178e-02
7.587969303131103516e-03 -1.220489293336868286e-02 7.400453090667724609e-03
4.924118518829345703e-03 -8.520968258380889893e-03 2.569809556007385254e-03
4.479780793190002441e-03 -3.494448959827423096e-03 1.391761004924774170e-03
8.459016680717468262e-03 -3.305889666080474854e-03 3.697812557220458984e-03
1.399074494838714600e-02 -9.460829198360443115e-03 2.007693052291870117e-03
2.304659783840179443e-02 -1.799098402261734009e-02 -1.628908887505531311e-02
3.757590055465698242e-02 -1.997265964746475220e-02 -1.280051097273826599e-02
4.372344911098480225e-02 -2.508724480867385864e-02 -4.619739949703216553e-03
4.140421003103256226e-02 -2.060157805681228638e-02 -9.637437760829925537e-03
4.458993673324584961e-02 -2.670896798372268677e-02 -7.537536323070526123e-03
3.782877326011657715e-02 -2.681008726358413696e-02 -1.403309404850006104e-03
3.661348670721054077e-02 -2.331451326608657837e-02 -1.761829853057861328e-02
1.688811182975769043e-02 -8.368052542209625244e-03 -1.262534037232398987e-02
4.507824778556823730e-03 -3.701947629451751709e-03 -4.162095487117767334e-03
4.478543996810913086e-05 -4.773877561092376709e-03 4.225593060255050659e-03
-1.127049326896667480e-03 -2.961285412311553955e-03 4.935432225465774536e-03
5.074568092823028564e-03 -5.282811820507049561e-03 -1.187574118375778198e-03
8.321732282638549805e-03 -4.301942884922027588e-03 -6.841517984867095947e-03
9.552188217639923096e-03 -1.145265996456146240e-03 -1.018906757235527039e-02
6.247878074645996094e-03 2.990201115608215332e-03 -1.075159385800361633e-02
4.616379737854003906e-04 7.149241864681243896e-03 -8.557457476854324341e-03
-4.500329494476318359e-03 9.138554334640502930e-03 -6.822966039180755615e-03
-5.129814147949218750e-03 7.547229528427124023e-03 -3.673419356346130371e-03
-8.264672011137008667e-03 7.075086236000061035e-03 -3.462173044681549072e-04
-8.639372885227203369e-03 9.122565388679504395e-03 -2.208732068538665771e-03
-9.897377341985702515e-03 1.020438969135284424e-02 -2.571877092123031616e-03
-9.180299937725067139e-03 8.343093097209930420e-03 -5.387924611568450928e-04
1.302957534790039062e-03 8.451968431472778320e-03 -2.142466604709625244e-03
1.342426985502243042e-02 1.116799563169479370e-02 -1.393653824925422668e-02
1.597324013710021973e-02 8.628293871879577637e-03 -1.548331044614315033e-02
9.729333221912384033e-03 2.854548394680023193e-03 -1.055523753166198730e-02
5.975015461444854736e-03 -5.313113331794738770e-03 -8.024930953979492188e-03
6.921321153640747070e-03 -9.167991578578948975e-03 -4.007350653409957886e-03
6.231844425201416016e-03 -8.555226027965545654e-03 -6.439648568630218506e-04
3.581188619136810303e-03 -7.903575897216796875e-03 4.309508949518203735e-03
1.651778817176818848e-03 -8.068293333053588867e-03 5.663882941007614136e-03
1.268602907657623291e-03 -1.170594990253448486e-02 7.032502442598342896e-03
2.713434398174285889e-03 -1.373922079801559448e-02 7.343951612710952759e-03
3.006309270858764648e-05 -7.868871092796325684e-03 1.680221408605575562e-03
-2.204775810241699219e-04 -1.244492828845977783e-03 -5.955059081315994263e-03
-9.269118309020996094e-04 -2.886779606342315674e-03 -4.618518054485321045e-03
7.250532507896423340e-04 -2.239771187305450439e-03 -6.245207041501998901e-03
-1.050211489200592041e-03 1.842938363552093506e-03 -7.721412926912307739e-03
5.932129919528961182e-03 -3.435514867305755615e-03 -3.232371062040328979e-03
1.974496990442276001e-02 -9.225964546203613281e-03 -6.018903106451034546e-03
2.214886248111724854e-02 -1.308908313512802124e-02 -8.804250508546829224e-03
1.688800007104873657e-02 -1.004706323146820068e-02 -1.018417626619338989e-02
1.082939654588699341e-02 -5.123548209667205811e-03 -1.596472784876823425e-02
1.334059983491897583e-02 -2.266719937324523926e-03 -1.420906186103820801e-02
-1.617562398314476013e-02 1.186051219701766968e-02 -2.676129341125488281e-03
-1.992636546492576599e-02 1.434482261538505554e-02 -4.301313310861587524e-03
-1.772598177194595337e-02 1.583752408623695374e-02 -6.189204752445220947e-03
-1.653718203306198120e-02 1.666999235749244690e-02 -5.523517727851867676e-03
-1.531796529889106750e-02 1.597425714135169983e-02 -3.017030656337738037e-03
-1.689969748258590698e-02 1.140722632408142090e-02 8.345134556293487549e-04
-1.782381162047386169e-02 9.187147021293640137e-03 2.501200884580612183e-03
-1.508699357509613037e-02 4.692174494266510010e-03 4.018843173980712891e-04
-1.443964242935180664e-02 -1.391746103763580322e-03 3.421872854232788086e-03
-1.432456076145172119e-02 4.778131842613220215e-04 -2.328753471374511719e-04
-1.162621378898620605e-02 7.285691797733306885e-03 -4.746705293655395508e-03
-7.698878645896911621e-03 6.312586367130279541e-03 -4.816591739654541016e-03
-5.442589521408081055e-03 1.446656882762908936e-03 -1.814939081668853760e-03
-3.576107323169708252e-03 5.504861474037170410e-04 -1.294642686843872070e-03
1.657456159591674805e-04 2.898313105106353760e-03 -3.395289182662963867e-03
3.599420189857482910e-03 4.755161702632904053e-03 -8.363276720046997070e-03
1.112416386604309082e-03 5.789287388324737549e-03 -6.966710090637207031e-03
-1.661755144596099854e-03 5.652569234371185303e-03 -5.097463726997375488e-03
-4.387199878692626953e-03 2.117849886417388916e-03 -1.625940203666687012e-03
-2.403534948825836182e-03 -2.923756837844848633e-04 9.513199329376220703e-04
-4.421077668666839600e-03 -1.457092165946960449e-02 5.042206496000289917e-03
-1.533657312393188477e-03 -3.785677999258041382e-02 2.695504575967788696e-02
1.837734878063201904e-02 -3.017862886190414429e-02 1.549105718731880188e-02
8.441880345344543457e-03 -5.755774676799774170e-03 -1.648731529712677002e-03
1.721344888210296631e-03 4.541352391242980957e-04 -5.569912493228912354e-03
-1.419275999069213867e-03 -2.262264490127563477e-03 -1.629546284675598145e-03
-1.810580492019653320e-03 1.043312251567840576e-03 -4.339911043643951416e-03
-4.244744777679443359e-04 8.315354585647583008e-03 -7.739685475826263428e-03
-2.253450453281402588e-03 1.660651341080665588e-02 -1.189944520592689514e-02
1.322776079177856445e-03 2.332963049411773682e-02 -1.625384949147701263e-02
6.824284791946411133e-03 1.909622550010681152e-02 -1.248414814472198486e-02
1.295355707406997681e-02 3.018975257873535156e-05 3.097049891948699951e-03
-1.068585366010665894e-02 -2.925768494606018066e-04 1.027101650834083557e-02
-2.046407386660575867e-02 1.259411871433258057e-02 1.269195228815078735e-02
-2.256099134683609009e-02 1.297172904014587402e-02 1.587637886404991150e-02
-2.438305690884590149e-02 1.601769402623176575e-02 1.712779328227043152e-02
-1.769706234335899353e-02 1.391336694359779358e-02 1.504760608077049255e-02
-1.036026701331138611e-02 7.920816540718078613e-03 1.063374802470207214e-02
-1.260668039321899414e-03 -1.688078045845031738e-04 3.724262118339538574e-03
4.037924110889434814e-03 -1.255944371223449707e-04 2.116203308105468750e-03
-8.744969964027404785e-04 2.284735441207885742e-03 4.144873470067977905e-03
1.008439809083938599e-02 -1.714209467172622681e-02 -2.884328365325927734e-03
6.035029888153076172e-03 5.201965570449829102e-03 -9.509596973657608032e-03
8.045934140682220459e-03 5.830116569995880127e-03 -1.951429247856140137e-02
7.251001894474029541e-03 -4.167854785919189453e-03 -1.223268732428550720e-02
7.059164345264434814e-03 -7.380492985248565674e-03 -7.858805358409881592e-03
-2.075798809528350830e-03 -2.777606248855590820e-03 -2.320803701877593994e-03
-7.586687803268432617e-03 2.699427306652069092e-03 2.588629722595214844e-03
-1.328408345580101013e-02 4.269413650035858154e-03 -1.023187860846519470e-02
-8.093051612377166748e-03 7.314004004001617432e-03 -1.101207733154296875e-02
-7.960047572851181030e-03 8.545152842998504639e-03 -1.263695582747459412e-02
-1.319221034646034241e-02 1.253526657819747925e-02 -1.700204052031040192e-02
-9.226839989423751831e-03 9.245425462722778320e-03 -1.637968048453330994e-02
-9.475197643041610718e-03 6.300717592239379883e-03 -1.585255004465579987e-02
1.361772418022155762e-03 1.174683868885040283e-02 -1.020924374461174011e-02
-7.430918514728546143e-03 2.032824978232383728e-02 -3.504715859889984131e-03
-1.756426319479942322e-02 2.437337860465049744e-02 -6.200864911079406738e-03
-1.681832969188690186e-02 1.611008867621421814e-02 -3.107089549303054810e-03
-1.395549252629280090e-02 7.996045053005218506e-03 1.201681792736053467e-03
-1.698879152536392212e-02 8.034370839595794678e-03 8.129589259624481201e-04
-1.650895178318023682e-02 7.664412260055541992e-03 2.544265240430831909e-03
-2.255896478891372681e-02 1.041917502880096436e-02 7.422152906656265259e-03
-2.645649388432502747e-02 1.575002074241638184e-02 5.876295268535614014e-03
-2.536393329501152039e-02 1.857138052582740784e-02 -5.382038652896881104e-04
-1.924530789256095886e-02 1.886209845542907715e-02 -3.338165581226348877e-03
-1.319695636630058289e-02 1.657086983323097229e-02 -6.040763109922409058e-03
-8.275449275970458984e-03 1.418535783886909485e-02 -7.769796997308731079e-03
7.246270775794982910e-03 5.962699651718139648e-03 -1.925934478640556335e-02
9.961664676666259766e-03 1.072572171688079834e-02 -2.857222966849803925e-02
7.519260048866271973e-03 1.761330291628837585e-02 -2.783470600843429565e-02
1.103073358535766602e-03 1.583434641361236572e-02 -1.997864991426467896e-02
-1.442432403564453125e-04 1.141137629747390747e-02 -1.677019149065017700e-02
-2.304270863533020020e-03 6.546571850776672363e-03 -1.096011698246002197e-02
-6.739765405654907227e-03 5.673490464687347412e-03 -6.640560925006866455e-03
-1.210461556911468506e-02 5.882613360881805420e-03 -2.227097749710083008e-03
-1.751508563756942749e-02 1.135081052780151367e-02 -8.302703499794006348e-04
-1.758249104022979736e-02 1.680557429790496826e-02 -5.110532045364379883e-03
-1.570449769496917725e-02 1.711001247167587280e-02 -6.157800555229187012e-03
-1.068140566349029541e-02 9.642168879508972168e-03 -6.599389016628265381e-03
1.219063997268676758e-04 -2.143557369709014893e-02 1.715141534805297852e-02
2.453684806823730469e-03 -2.414561063051223755e-02 2.108310908079147339e-02
-1.132349297404289246e-02 -3.386431187391281128e-02 2.286507189273834229e-02
-1.501687616109848022e-02 -2.204399555921554565e-02 3.182893246412277222e-02
-1.773492991924285889e-02 -9.583778679370880127e-03 2.506342530250549316e-02
-1.904070377349853516e-02 -1.080663502216339111e-02 2.226796746253967285e-02
-1.605116575956344604e-02 -7.645286619663238525e-03 3.422781825065612793e-03
-6.977818906307220459e-03 4.376582801342010498e-03 -1.278067380189895630e-02
-1.750677824020385742e-02 2.157840877771377563e-02 -1.803711429238319397e-02
-2.137026190757751465e-02 2.749989181756973267e-02 -1.313557475805282593e-02
-2.293331921100616455e-02 2.889830619096755981e-02 -8.039221167564392090e-03
-2.882661670446395874e-02 2.423452585935592651e-02 -1.457784324884414673e-03
-3.087434172630310059e-02 3.031646460294723511e-02 -2.358675003051757812e-03
-2.757422626018524170e-02 2.466211467981338501e-02 -4.546251147985458374e-03
-1.386114209890365601e-02 2.235440537333488464e-02 -9.816020727157592773e-03
-4.502445459365844727e-03 2.015275508165359497e-02 -1.483201980590820312e-02
-8.801531046628952026e-03 5.516618490219116211e-03 -8.728079497814178467e-03
-4.597678780555725098e-03 5.572587251663208008e-04 -8.540969341993331909e-03
1.076836884021759033e-02 -3.236681222915649414e-03 -5.814496427774429321e-03
7.569409906864166260e-03 -5.577661097049713135e-03 -8.889459073543548584e-03
4.583984613418579102e-03 5.095824599266052246e-04 -1.658980920910835266e-02
7.332935929298400879e-04 1.063255220651626587e-02 -2.448252215981483459e-02
-7.974185049533843994e-03 1.917485147714614868e-02 -2.506604604423046112e-02
-9.576197713613510132e-03 2.439227700233459473e-02 -2.313712984323501587e-02
-2.037075534462928772e-02 2.305037528276443481e-02 -1.858192496001720428e-02
-2.151869237422943115e-03 2.058406174182891846e-02 -2.644114196300506592e-02
-3.590568900108337402e-03 1.691441237926483154e-02 -1.624410971999168396e-02
-1.076698303222656250e-03 1.423183828592300415e-02 -1.275231316685676575e-02
4.430972039699554443e-03 1.013030111789703369e-02 -1.016051694750785828e-02
5.140110850334167480e-03 6.990358233451843262e-03 -9.446125477552413940e-03
-2.111814916133880615e-03 3.721304237842559814e-03 -7.176920771598815918e-03
-4.207894206047058105e-03 2.319335937500000000e-03 -6.190776824951171875e-03
-4.404366016387939453e-03 5.684122443199157715e-03 -5.645342171192169189e-03
-6.988853216171264648e-03 8.815340697765350342e-03 -4.577167332172393799e-03
-6.731957197189331055e-03 7.316969335079193115e-03 -5.890961736440658569e-03
-7.487341761589050293e-03 8.705243468284606934e-03 -8.614137768745422363e-03
8.533149957656860352e-05 1.462028548121452332e-02 -1.417080312967300415e-02
7.886029779911041260e-03 2.165735885500907898e-02 -2.548287622630596161e-02
2.312637865543365479e-03 1.327326148748397827e-02 -1.352796703577041626e-02
-9.140033274888992310e-03 1.009167730808258057e-02 3.443360328674316406e-03
-4.136644303798675537e-03 -1.579122245311737061e-02 9.530100971460342407e-03
-7.218278944492340088e-03 -1.199556887149810791e-02 6.957542151212692261e-03
-1.112451031804084778e-02 1.130849123001098633e-04 2.262908965349197388e-03
-1.532613113522529602e-02 2.849593758583068848e-03 7.129698991775512695e-03
-1.539464294910430908e-02 1.081921160221099854e-03 8.557610213756561279e-03
-9.051851928234100342e-03 1.512996852397918701e-03 2.705488353967666626e-03
-1.056807488203048706e-02 7.218904793262481689e-03 -2.083815634250640869e-04
-7.485724985599517822e-03 9.024083614349365234e-03 -6.792038679122924805e-03
-1.118519902229309082e-02 9.869702160358428955e-03 -8.112385869026184082e-03
-1.264788582921028137e-02 1.672294363379478455e-02 -8.843280375003814697e-04
-3.073334693908691406e-03 2.105463668704032898e-02 -1.881733909249305725e-02
1.353102177381515503e-02 1.855909079313278198e-02 -3.170811384916305542e-02
9.964279830455780029e-03 3.055809810757637024e-02 -4.278658702969551086e-02
1.519672572612762451e-02 1.782235503196716309e-02 -3.896422311663627625e-02
7.374636828899383545e-03 1.766078174114227295e-02 -3.116143867373466492e-02
1.411520689725875854e-02 9.728297591209411621e-03 -2.733943983912467957e-02
2.007722854614257812e-03 2.667436748743057251e-02 -3.695664554834365845e-02
4.324801266193389893e-03 2.371268719434738159e-02 -3.430604934692382812e-02
1.052314788103103638e-02 2.281724661588668823e-02 -3.512198477983474731e-02
9.930513799190521240e-03 2.187245339155197144e-02 -3.419712185859680176e-02
7.801815867424011230e-03 2.154213935136795044e-02 -3.592120110988616943e-02
1.349779963493347168e-02 9.776167571544647217e-03 -2.766791731119155884e-02
1.785132288932800293e-02 7.152609527111053467e-03 -3.001981973648071289e-02
4.850357770919799805e-03 2.137666195631027222e-02 -3.070199489593505859e-02
-9.354971349239349365e-03 2.627139538526535034e-02 -2.376457303762435913e-02
-1.490435004234313965e-02 2.435023337602615356e-02 -1.646673679351806641e-02
-1.271798461675643921e-02 1.801412552595138550e-02 8.006058633327484131e-04
-1.622200757265090942e-02 -5.277402698993682861e-03 1.745120808482170105e-02
-8.597560226917266846e-03 -1.766058802604675293e-02 1.883950829505920410e-02
2.508811652660369873e-03 -2.603791654109954834e-02 2.020832896232604980e-02
6.947830319404602051e-03 -2.786735445261001587e-02 1.269860565662384033e-02
6.533555686473846436e-03 -3.235340863466262817e-02 8.098915219306945801e-03
-6.171241402626037598e-03 -3.724427521228790283e-02 1.096829026937484741e-02
-2.074906229972839355e-02 -2.688616514205932617e-03 7.506176829338073730e-03
-1.321909576654434204e-02 9.067364037036895752e-03 -7.594674825668334961e-03
-5.177885293960571289e-03 1.693760603666305542e-02 -2.794308215379714966e-02
1.079133152961730957e-02 1.441515237092971802e-02 -4.051210731267929077e-02
1.984763145446777344e-02 7.713012397289276123e-03 -3.961208462715148926e-02
1.541814208030700684e-02 1.681136712431907654e-02 -3.846516832709312439e-02
1.121371239423751831e-02 2.170208096504211426e-02 -3.890291601419448853e-02
7.003344595432281494e-03 2.139132842421531677e-02 -3.735470771789550781e-02
1.741319894790649414e-03 2.041709795594215393e-02 -3.152912855148315430e-02
-9.134937077760696411e-03 1.004912704229354858e-02 -1.884103566408157349e-02
-1.044788584113121033e-02 6.650611758232116699e-03 -1.030220836400985718e-02
1.171529293060302734e-03 2.744562923908233643e-03 -3.164920955896377563e-03
3.118209540843963623e-03 7.250227034091949463e-03 6.076376885175704956e-03
-4.237197339534759521e-03 1.090012490749359131e-03 9.302597492933273315e-03
-1.211538538336753845e-02 3.330148756504058838e-03 7.624868303537368774e-03
-1.139292493462562561e-02 5.354821681976318359e-03 -1.213289797306060791e-04
-1.662183552980422974e-02 1.712015271186828613e-02 -1.337976008653640747e-02
-1.002417132258415222e-02 3.187445923686027527e-02 -1.951451599597930908e-02
2.201788127422332764e-03 3.237556666135787964e-02 -3.614742681384086609e-02
9.621426463127136230e-03 3.421142324805259705e-02 -4.017247259616851807e-02
9.625233709812164307e-03 3.382417559623718262e-02 -4.485344886779785156e-02
1.552455127239227295e-03 1.959950476884841919e-02 -2.484385110437870026e-02
-2.160861715674400330e-02 2.621359750628471375e-02 -5.507580935955047607e-04
-1.659189164638519287e-02 2.042433246970176697e-02 -3.932949155569076538e-03
-1.214835047721862793e-02 1.821149885654449463e-02 -5.005016922950744629e-03
-1.319868862628936768e-02 2.110439166426658630e-02 -5.412291735410690308e-03
-7.505398243665695190e-03 2.109642326831817627e-02 -1.011772826313972473e-02
1.871643960475921631e-02 9.967610239982604980e-04 -1.653279736638069153e-02
-2.342440187931060791e-03 -6.901346147060394287e-03 -1.096890866756439209e-02
2.564601600170135498e-03 -1.430505514144897461e-02 -7.282987236976623535e-03
5.794182419776916504e-03 -1.205033063888549805e-02 -1.569461077451705933e-03
9.559370577335357666e-03 -9.306274354457855225e-03 -5.939081311225891113e-03
1.391039043664932251e-02 -8.606635034084320068e-03 -8.716378360986709595e-03
1.477298885583877563e-02 -6.818048655986785889e-03 -1.186903193593025208e-02
1.518011093139648438e-02 -8.323907852172851562e-03 -5.504086613655090332e-03
1.114800572395324707e-02 -8.035838603973388672e-03 -2.821620553731918335e-03
7.844179868698120117e-03 -5.391553044319152832e-03 -9.651418775320053101e-03
4.773780703544616699e-03 -1.127943396568298340e-04 -1.290218159556388855e-02
5.629405379295349121e-03 5.561411380767822266e-04 -1.191594824194908142e-02
3.404892981052398682e-03 1.210838556289672852e-03 -1.405952870845794678e-02
2.147227525711059570e-03 6.401441991329193115e-03 -1.275220513343811035e-02
7.477797567844390869e-03 8.120276033878326416e-03 -2.020808309316635132e-02
1.779611408710479736e-02 1.486801728606224060e-02 -2.608783915638923645e-02
1.748625189065933228e-02 1.751931756734848022e-02 -3.633908927440643311e-02
8.298650383949279785e-03 2.485482022166252136e-02 -3.969586640596389771e-02
5.100287497043609619e-03 2.111227810382843018e-02 -2.878903225064277649e-02
7.267810404300689697e-03 1.146017014980316162e-02 -2.078090421855449677e-02
5.710646510124206543e-03 2.057593315839767456e-02 -3.178060799837112427e-02
2.537384629249572754e-03 2.630303055047988892e-02 -3.114830702543258667e-02
-2.203240990638732910e-03 1.182272285223007202e-02 -1.183326542377471924e-02
-8.686229586601257324e-03 8.394442498683929443e-03 -3.494583070278167725e-03
-9.620651602745056152e-03 1.459868997335433960e-02 -7.124714553356170654e-03
-2.568081021308898926e-03 2.069457620382308960e-02 -1.994066685438156128e-02
-1.081749796867370605e-03 2.045702189207077026e-02 -2.460104227066040039e-02
-2.231508493423461914e-03 2.144601196050643921e-02 -2.447792142629623413e-02
-3.475964069366455078e-03 1.892068237066268921e-02 -1.736833900213241577e-02
-9.297549724578857422e-03 1.258527487516403198e-02 -1.054805517196655273e-02
-1.399570703506469727e-02 1.005347818136215210e-02 -4.796586930751800537e-03
-1.650135219097137451e-02 1.114194840192794800e-02 -2.504173666238784790e-03
-2.185742557048797607e-02 1.335840672254562378e-02 -1.271948218345642090e-03
-1.105533540248870850e-02 8.048601448535919189e-03 -4.300050437450408936e-03
3.228232264518737793e-03 4.165284335613250732e-03 -5.217898637056350708e-03
-9.983018040657043457e-03 7.099740207195281982e-03 9.185310453176498413e-03
-1.725699007511138916e-02 7.083348929882049561e-03 3.268789499998092651e-03
-1.458843052387237549e-02 1.106583327054977417e-02 -3.014519810676574707e-03
-1.259249448776245117e-02 1.085778325796127319e-02 -3.717932850122451782e-03
-1.555199921131134033e-02 8.275456726551055908e-03 -4.510689526796340942e-03
-1.284790039062500000e-02 1.209080964326858521e-02 -3.954626619815826416e-03
-3.898650407791137695e-03 1.723856478929519653e-02 5.231533199548721313e-03
-7.718037813901901245e-03 1.791791617870330811e-02 -4.372883588075637817e-03
-9.883046150207519531e-04 2.407001703977584839e-02 -1.169729977846145630e-02
3.991276025772094727e-03 2.198283001780509949e-02 -1.183429732918739319e-02
1.188769936561584473e-03 1.241278648376464844e-02 -1.174986362457275391e-02
9.869411587715148926e-04 1.142612099647521973e-02 -1.100165396928787231e-02
7.816754281520843506e-03 3.594398498535156250e-03 -7.797058671712875366e-03
9.447835385799407959e-03 4.326872527599334717e-03 -1.542329229414463043e-02
4.278048872947692871e-03 3.839053213596343994e-03 -1.916597411036491394e-02
3.046616911888122559e-04 7.716707885265350342e-03 -1.925598084926605225e-02
9.295642375946044922e-04 6.657838821411132812e-03 -1.484574005007743835e-02
-1.026058197021484375e-02 1.120373606681823730e-02 -1.265913993120193481e-02
-6.579890847206115723e-03 4.834666848182678223e-03 -4.947546869516372681e-03
-5.823984742164611816e-03 2.260252088308334351e-02 -5.175046622753143311e-03
-1.951232552528381348e-04 2.655290067195892334e-02 -7.676828652620315552e-03
-2.378582954406738281e-03 1.407540962100028992e-02 -4.436410963535308838e-03
3.532208502292633057e-03 1.428155973553657532e-02 -1.341684162616729736e-02
-1.145044341683387756e-02 1.095639914274215698e-02 -1.052859798073768616e-02
-4.921153187751770020e-03 2.883176133036613464e-02 -3.311024233698844910e-02
-9.417746216058731079e-03 2.682057023048400879e-02 -2.866838127374649048e-02
-2.447426319122314453e-03 2.819504216313362122e-02 -3.417374193668365479e-02
2.428673207759857178e-03 2.920403331518173218e-02 -3.245344385504722595e-02
-6.255269050598144531e-03 1.449118554592132568e-02 -2.314631268382072449e-02
-2.967357635498046875e-03 6.749197840690612793e-03 -1.448563486337661743e-02
-2.281807363033294678e-03 8.312478661537170410e-03 -4.988357424736022949e-03
-1.975685358047485352e-03 1.202778518199920654e-02 -1.885857433080673218e-03
4.953660070896148682e-03 4.303760826587677002e-03 -5.637835711240768433e-03
1.174904406070709229e-02 -4.351787269115447998e-03 -2.826448529958724976e-03
1.283238828182220459e-02 -1.112443208694458008e-02 -4.716552793979644775e-03
4.655025899410247803e-03 -8.192479610443115234e-03 -7.888201624155044556e-03
-1.828819513320922852e-04 -1.058009266853332520e-02 -8.058667182922363281e-03
7.320046424865722656e-03 -2.108644694089889526e-02 -8.231662213802337646e-04
2.397701144218444824e-03 -1.091530919075012207e-02 1.732751727104187012e-03
-6.112180650234222412e-03 -1.483447849750518799e-03 -6.114877760410308838e-03
-2.566792070865631104e-03 4.093468189239501953e-03 -1.637316681444644928e-02
-1.756511628627777100e-03 5.066588521003723145e-03 -1.607461273670196533e-02
-3.270842134952545166e-03 7.304176688194274902e-04 -7.874049246311187744e-03
9.334161877632141113e-04 -2.252750098705291748e-03 -6.583008915185928345e-03
-1.877903938293457031e-03 3.481358289718627930e-04 -7.479559630155563354e-03
-8.657954633235931396e-03 2.827368676662445068e-03 -4.589058458805084229e-03
-9.098440408706665039e-03 8.109554648399353027e-03 -6.180368363857269287e-04
-9.176049381494522095e-03 8.874520659446716309e-03 -1.408066600561141968e-03
-3.108210861682891846e-03 2.229616045951843262e-03 -5.430202931165695190e-03
-1.083517074584960938e-02 1.367542892694473267e-02 -4.818715155124664307e-03
-2.477446198463439941e-02 2.607209235429763794e-02 -8.512809872627258301e-04
-2.532669901847839355e-02 3.523352742195129395e-02 -9.810432791709899902e-03
-1.472441852092742920e-02 2.822054922580718994e-02 -4.168517887592315674e-03
-1.423297822475433350e-02 1.933931559324264526e-02 -2.129308879375457764e-03
-1.419666409492492676e-02 2.047076076269149780e-02 -1.872390508651733398e-03
-6.721042096614837646e-03 2.639957517385482788e-02 -6.659850478172302246e-03
-5.995273590087890625e-03 1.037966459989547729e-02 -1.288801431655883789e-04
-1.046876609325408936e-02 -3.590293228626251221e-03 8.783191442489624023e-04
-2.393014729022979736e-03 -9.082384407520294189e-03 -3.339048475027084351e-03
5.052536725997924805e-04 6.818406283855438232e-03 -1.015925407409667969e-02
-8.596256375312805176e-03 2.241640537977218628e-02 -1.023461669683456421e-02
-1.237573474645614624e-02 2.079457789659500122e-02 -4.318401217460632324e-03
-1.080137491226196289e-02 2.820927649736404419e-02 -6.994396448135375977e-03
-9.897857904434204102e-03 3.085320442914962769e-02 -4.499830305576324463e-03
-1.941452920436859131e-02 3.127303719520568848e-02 -8.504837751388549805e-05
-1.332309842109680176e-02 3.636531531810760498e-02 -3.459513187408447266e-03
-6.949745118618011475e-03 1.724540442228317261e-02 -4.530802369117736816e-03
-5.546957254409790039e-05 2.495147287845611572e-03 9.769201278686523438e-05
6.784610450267791748e-03 1.424439251422882080e-03 -6.127864122390747070e-03
5.368188023567199707e-03 -4.275925457477569580e-03 -1.135248690843582153e-02
3.816045820713043213e-03 -7.859461009502410889e-03 -7.438220083713531494e-03
4.636973142623901367e-03 -6.303966045379638672e-03 -8.460156619548797607e-03
4.150219261646270752e-03 -6.615988910198211670e-03 -8.195649832487106323e-03
2.939358353614807129e-03 -5.798451602458953857e-03 -1.001733914017677307e-02
-2.686917781829833984e-03 3.792330622673034668e-03 -1.097109913825988770e-02
-4.351586103439331055e-04 1.710641756653785706e-02 -1.515688002109527588e-02
-1.780927926301956177e-02 2.347254753112792969e-02 -7.740907371044158936e-03
-1.943642273545265198e-02 1.861082389950752258e-02 -3.029715269804000854e-03
-1.999335736036300659e-02 2.056667581200599670e-02 -3.962166607379913330e-03
-7.828224450349807739e-03 2.470535412430763245e-02 -1.098975911736488342e-02
-2.551041543483734131e-03 9.055055677890777588e-03 -1.320719532668590546e-02
3.088444471359252930e-03 -5.464658141136169434e-03 -1.039283722639083862e-02
1.568980515003204346e-03 -4.111818969249725342e-03 -1.233752071857452393e-02
-1.328162848949432373e-03 -1.213034242391586304e-02 -7.323835045099258423e-03
1.107654720544815063e-02 -1.972918212413787842e-02 -3.506470471620559692e-03
1.306715607643127441e-02 -1.917306333780288696e-02 -8.741158992052078247e-03
1.068037003278732300e-02 -1.939969509840011597e-02 -9.090129286050796509e-03
7.407858967781066895e-03 -1.636011153459548950e-02 -8.235864341259002686e-03
4.381477832794189453e-03 -9.689934551715850830e-03 -7.970951497554779053e-03
3.971882164478302002e-03 -6.466671824455261230e-03 -7.781974971294403076e-03
3.906942903995513916e-03 -5.726851522922515869e-03 -7.735516875982284546e-03
3.588870167732238770e-03 -5.197271704673767090e-03 -7.531479001045227051e-03
3.435939550399780273e-03 -4.982277750968933105e-03 -7.595960050821304321e-03
3.257364034652709961e-03 -4.741489887237548828e-03 -7.771134376525878906e-03
3.063499927520751953e-03 -4.514023661613464355e-03 -8.028917014598846436e-03
2.900063991546630859e-03 -4.285514354705810547e-03 -8.281491696834564209e-03
2.820320427417755127e-03 -4.128418862819671631e-03 -8.538413792848587036e-03
3.151454031467437744e-03 -5.048267543315887451e-03 -9.032256901264190674e-03
3.904089331626892090e-03 -6.753705441951751709e-03 -1.007749512791633606e-02
4.338420927524566650e-03 -7.723547518253326416e-03 -1.156567409634590149e-02
4.702538251876831055e-03 -8.372351527214050293e-03 -9.928569197654724121e-03
1.318536698818206787e-03 -8.283041417598724365e-03 -8.272945880889892578e-03
4.618190228939056396e-03 -3.951862454414367676e-04 -1.415396668016910553e-02
-2.114847302436828613e-04 2.203096449375152588e-02 -2.016775310039520264e-02
-4.034698009490966797e-03 3.347535803914070129e-02 -2.198999561369419098e-02
-1.696308702230453491e-02 3.783471137285232544e-02 -1.857521757483482361e-02
-1.660756394267082214e-02 3.363570943474769592e-02 -1.315417885780334473e-02
-2.936802804470062256e-03 2.536322176456451416e-02 -1.579161360859870911e-02
-2.402909100055694580e-03 8.489862084388732910e-03 -1.325618848204612732e-02
4.191659390926361084e-03 -7.475510239601135254e-03 -4.832640290260314941e-03
5.206525325775146484e-03 -9.806327521800994873e-03 -3.619305789470672607e-03
4.172302782535552979e-03 -5.615666508674621582e-03 -5.873575806617736816e-03
2.533294260501861572e-03 -8.800104260444641113e-04 -8.460801094770431519e-03
5.299061536788940430e-03 -4.070796072483062744e-03 -9.364105761051177979e-03
4.124149680137634277e-03 -3.037787973880767822e-03 -9.676434099674224854e-03
3.309249877929687500e-03 -2.628974616527557373e-03 -7.770486176013946533e-03
1.071050763130187988e-03 1.490637660026550293e-04 -6.943769752979278564e-03
-5.681663751602172852e-04 4.744246602058410645e-03 -8.704118430614471436e-03
5.153119564056396484e-04 6.766326725482940674e-03 -1.079937070608139038e-02
2.273857593536376953e-03 -1.636527478694915771e-03 -6.436042487621307373e-03
3.845348954200744629e-03 -6.540879607200622559e-03 -7.526293396949768066e-03
1.011721789836883545e-03 -4.459120333194732666e-03 -9.519927203655242920e-03
-5.364418029785156250e-04 -5.160436034202575684e-03 -7.297411561012268066e-03
1.455366611480712891e-03 -6.733596324920654297e-03 -6.909616291522979736e-03
1.664854586124420166e-03 -6.087087094783782959e-03 -8.594393730163574219e-03
3.144919872283935547e-03 -6.137065589427947998e-03 -9.335540235042572021e-03
-9.383186697959899902e-04 -2.640075981616973877e-03 -1.050113886594772339e-02
-3.226399421691894531e-03 4.808865487575531006e-03 -1.177179068326950073e-02
-2.671368420124053955e-03 1.059382408857345581e-02 -1.354892551898956299e-02
-4.406884312629699707e-03 2.349989116191864014e-02 -1.644739508628845215e-02
-1.229007542133331299e-02 3.253136202692985535e-02 -1.709293574094772339e-02
-1.489573717117309570e-02 3.413854911923408508e-02 -1.685960590839385986e-02
-1.409497857093811035e-02 3.270283341407775879e-02 -1.389851421117782593e-02
-1.429617404937744141e-02 3.056346625089645386e-02 -1.322263479232788086e-02
-1.109112799167633057e-02 2.740779519081115723e-02 -1.570256799459457397e-02
-1.021905615925788879e-02 2.639547735452651978e-02 -1.541750133037567139e-02
-1.098855957388877869e-02 2.530216053128242493e-02 -1.095698028802871704e-02
-1.269328966736793518e-02 2.505448833107948303e-02 -8.525840938091278076e-03
-9.514205157756805420e-03 2.532245963811874390e-02 -7.456358522176742554e-03
-9.152591228485107422e-03 2.826804667711257935e-02 -7.799450308084487915e-03
-1.095183193683624268e-02 2.838207036256790161e-02 -5.185686051845550537e-03
-9.824626147747039795e-03 2.692628279328346252e-02 -7.884971797466278076e-03
-9.679201990365982056e-03 2.201514691114425659e-02 -1.207465678453445435e-02
-1.312120631337165833e-02 1.225531846284866333e-02 -1.774139329791069031e-02
-1.732217520475387573e-02 1.714225858449935913e-02 -1.721372827887535095e-02
-1.578995957970619202e-02 2.432686090469360352e-02 -2.123776637017726898e-02
6.135106086730957031e-04 1.800296828150749207e-02 -2.674372680485248566e-02
3.751434385776519775e-03 6.779722869396209717e-03 -2.037192322313785553e-02
-5.264878273010253906e-03 1.792527735233306885e-03 -5.271662026643753052e-03
-9.874038398265838623e-03 -1.613356918096542358e-02 5.863666534423828125e-03
-1.653807610273361206e-02 -6.004571914672851562e-03 5.905855447053909302e-03
-1.845667511224746704e-02 1.322935149073600769e-02 -3.937084227800369263e-03
-1.551669836044311523e-02 1.049046963453292847e-02 -5.843389779329299927e-03
-9.513821452856063843e-03 1.170080900192260742e-02 -1.490761898458003998e-02
-4.896737635135650635e-03 1.643438637256622314e-02 -1.286460831761360168e-02
-1.068137958645820618e-02 8.529871702194213867e-04 2.832114696502685547e-04
-7.391173392534255981e-03 1.547773927450180054e-02 -1.635505259037017822e-02
-3.700084984302520752e-03 1.125777512788772583e-02 -2.454085461795330048e-02
4.383854568004608154e-03 9.460046887397766113e-03 -2.320797182619571686e-02
-3.933034837245941162e-03 1.047651469707489014e-02 -1.421599835157394409e-02
-1.188797503709793091e-02 1.016890257596969604e-02 -7.182776927947998047e-03
-1.371471583843231201e-02 2.284549176692962646e-03 -6.511323153972625732e-04
-2.726480364799499512e-03 4.125460982322692871e-04 1.817148178815841675e-03
5.178757011890411377e-03 -7.438287138938903809e-04 -6.941109895706176758e-04
6.285034120082855225e-03 -2.894677221775054932e-03 -6.156794726848602295e-03
2.331577241420745850e-03 -4.100874066352844238e-04 -1.569142937660217285e-02
-6.220862269401550293e-03 6.637483835220336914e-03 -1.311919093132019043e-02
7.067464292049407959e-03 9.451851248741149902e-03 -2.261717244982719421e-02
4.294410347938537598e-03 1.145906001329421997e-02 -2.666690200567245483e-02
-7.687762379646301270e-03 2.385008335113525391e-02 -2.354903705418109894e-02
-7.254794239997863770e-03 1.801174134016036987e-02 -1.574163138866424561e-02
-8.729197084903717041e-03 1.195171475410461426e-02 -1.173147931694984436e-02
-1.242522522807121277e-02 1.104190200567245483e-02 -1.154806092381477356e-02
-4.548661410808563232e-03 2.160856500267982483e-02 -2.141441404819488525e-02
1.958474516868591309e-03 1.514901965856552124e-02 -2.588659338653087616e-02
1.393392682075500488e-02 1.869710534811019897e-02 -4.053697735071182251e-02
9.479500353336334229e-03 1.597343012690544128e-02 -3.500753641128540039e-02
2.750895917415618896e-03 8.497603237628936768e-03 -2.104989439249038696e-02
2.103358507156372070e-03 7.007159292697906494e-03 -7.832422852516174316e-03
-2.571702003479003906e-03 1.244970411062240601e-02 -6.503984332084655762e-03
4.860013723373413086e-04 1.548459380865097046e-02 -1.901312172412872314e-02
9.966619312763214111e-03 1.038005203008651733e-02 -3.155415505170822144e-02
-4.972666501998901367e-04 1.505758613348007202e-02 -2.547334134578704834e-02
-2.416558563709259033e-03 8.376166224479675293e-04 -1.639489829540252686e-02
-5.041584372520446777e-04 1.494500786066055298e-02 -2.438176423311233521e-02
1.226343214511871338e-03 2.079347521066665649e-02 -2.909173816442489624e-02
-8.187599480152130127e-03 2.687969058752059937e-02 -2.501673996448516846e-02
-1.258493959903717041e-02 2.128600329160690308e-02 -1.433062925934791565e-02
-6.100729107856750488e-03 1.004569977521896362e-02 -7.944684475660324097e-03
-8.246675133705139160e-03 1.211722940206527710e-02 -5.936305969953536987e-03
-6.012156605720520020e-03 2.267052978277206421e-02 -1.553016155958175659e-02
-3.196388483047485352e-03 2.331552654504776001e-02 -2.233448624610900879e-02
-7.981628179550170898e-03 2.774260193109512329e-02 -2.014011889696121216e-02
-8.177012205123901367e-03 2.765517681837081909e-02 -2.080535143613815308e-02
-1.260229945182800293e-02 3.300476819276809692e-02 -2.297934144735336304e-02
-1.306916773319244385e-02 3.042479604482650757e-02 -1.900497823953628540e-02
-1.270338892936706543e-02 3.949647396802902222e-02 -2.353382110595703125e-02
-6.555110216140747070e-03 3.228292614221572876e-02 -2.115757018327713013e-02
-6.124690175056457520e-03 2.747211605310440063e-02 -1.694867759943008423e-02
-1.396811753511428833e-02 3.446809574961662292e-02 -1.613076962530612946e-02
-1.398943737149238586e-02 3.158710896968841553e-02 -1.602871716022491455e-02
-4.302173852920532227e-03 2.641406655311584473e-02 -1.653123274445533752e-02
-5.449488759040832520e-03 2.218416333198547363e-02 -1.472984813153743744e-02
-1.936836540699005127e-02 3.026864677667617798e-02 -7.684323936700820923e-03
-1.458371430635452271e-02 1.866199076175689697e-02 -7.366694509983062744e-03
-2.103545144200325012e-02 7.308498024940490723e-04 2.930305898189544678e-03
-1.780438795685768127e-02 -2.794720232486724854e-03 4.329167306423187256e-03
-1.089464500546455383e-02 4.651956260204315186e-03 -4.422806203365325928e-03
-3.932125866413116455e-03 2.076047286391258240e-02 -1.849676854908466339e-02
-1.032852753996849060e-02 2.843091264367103577e-02 -2.108648605644702911e-02
-4.302173852920532227e-03 2.703383192420005798e-02 -2.274307422339916229e-02
-1.031601801514625549e-02 2.918329834938049316e-02 -1.799993962049484253e-02
-7.142789661884307861e-03 2.426759153604507446e-02 -9.880777448415756226e-03
-2.780437469482421875e-03 1.051237434148788452e-02 -1.083548367023468018e-02
-1.738039404153823853e-02 9.671300649642944336e-03 2.232436090707778931e-03
-1.230900362133979797e-02 1.872047781944274902e-03 9.337767958641052246e-03
-1.713615655899047852e-02 -2.265639603137969971e-03 6.317283958196640015e-03
-2.052389085292816162e-03 -1.662030816078186035e-03 1.916028559207916260e-04
-7.555119693279266357e-03 1.984490826725959778e-02 -1.320119015872478485e-02
-1.513384282588958740e-03 1.941045373678207397e-02 -2.184658683836460114e-02
6.150782108306884766e-03 1.202850788831710815e-02 -2.658251300454139709e-02
4.863739013671875000e-03 1.330121979117393494e-02 -2.483193762600421906e-02
6.324723362922668457e-04 1.573546975851058960e-02 -2.132898010313510895e-02
-5.618780851364135742e-03 1.579209044575691223e-02 -2.020937763154506683e-02
-1.334407553076744080e-02 2.338074520230293274e-02 -2.280787751078605652e-02
-7.966183125972747803e-03 2.260196954011917114e-02 -2.555811963975429535e-02
3.621667623519897461e-03 1.602778211236000061e-02 -2.847466990351676941e-02
5.256563425064086914e-03 6.302803754806518555e-03 -2.039923705160617828e-02
-9.039342403411865234e-04 1.906137913465499878e-02 -2.506069280207157135e-02
-1.428073272109031677e-02 3.182658180594444275e-02 -2.217115648090839386e-02
-1.515375077724456787e-02 3.033318743109703064e-02 -1.973655819892883301e-02
-1.684263721108436584e-02 3.383611515164375305e-02 -1.749193109571933746e-02
-9.589355438947677612e-03 3.115305304527282715e-02 -2.322183363139629364e-02
5.913987755775451660e-03 9.271621704101562500e-03 -2.674783393740653992e-02
7.920198142528533936e-03 9.073704481124877930e-03 -2.610257826745510101e-02
-3.646396100521087646e-03 2.243610844016075134e-02 -2.195937559008598328e-02
-2.432741224765777588e-03 1.917897909879684448e-02 -1.645321212708950043e-02
-4.414513707160949707e-03 1.698231697082519531e-02 -1.457608863711357117e-02
-5.228251218795776367e-03 1.333126798272132874e-02 -8.769746869802474976e-03
-3.214105963706970215e-03 9.080342948436737061e-03 -5.228109657764434814e-03
-1.073859632015228271e-03 1.023044437170028687e-02 -1.068886741995811462e-02
2.335086464881896973e-03 1.390365511178970337e-02 -2.735990285873413086e-02
8.204162120819091797e-03 5.018018186092376709e-03 -2.954295277595520020e-02
1.003506779670715332e-02 4.542388021945953369e-03 -2.945578098297119141e-02
1.263901591300964355e-03 1.555459946393966675e-02 -2.517884969711303711e-02
3.176234662532806396e-03 1.886915415525436401e-02 -2.092413604259490967e-02
2.553641796112060547e-03 1.306160539388656616e-02 -1.869586110115051270e-02
-6.564393639564514160e-03 2.115494757890701294e-02 -1.892212778329849243e-02
-5.952060222625732422e-03 2.110681682825088501e-02 -1.862869411706924438e-02
-6.801873445510864258e-03 1.952301710844039917e-02 -1.570600271224975586e-02
-1.111996173858642578e-02 1.609715074300765991e-02 -1.097309961915016174e-02
-3.018684685230255127e-03 9.819902479648590088e-03 -1.037682592868804932e-02
4.801228642463684082e-03 8.288122713565826416e-03 -1.714785397052764893e-02
4.255324602127075195e-04 1.047892123460769653e-02 -1.482076570391654968e-02
-4.656657576560974121e-03 1.069932430982589722e-02 -1.491103321313858032e-02
-6.347373127937316895e-04 1.191753894090652466e-02 -1.929647475481033325e-02
-1.720190048217773438e-04 1.051373034715652466e-02 -1.363698393106460571e-02
-8.913129568099975586e-03 2.351471036672592163e-02 -1.739191636443138123e-02
-5.814880132675170898e-03 1.595699042081832886e-02 -1.252964511513710022e-02
-9.860500693321228027e-03 1.636853069067001343e-02 -7.962502539157867432e-03
-1.196295022964477539e-02 2.223943918943405151e-02 -8.857484906911849976e-03
-1.581445336341857910e-03 1.726347953081130981e-02 -1.981242001056671143e-02
8.572600781917572021e-03 1.483403146266937256e-03 -1.981203258037567139e-02
1.142589747905731201e-02 9.851939976215362549e-03 -2.400932088494300842e-02
1.467831432819366455e-02 3.749258816242218018e-03 -2.111773565411567688e-02
9.346663951873779297e-03 5.657754838466644287e-03 -1.656139828264713287e-02
-1.828350126743316650e-03 1.445153355598449707e-02 -1.192485541105270386e-02
8.433312177658081055e-05 1.415807008743286133e-02 -1.418696343898773193e-02
5.438022315502166748e-03 1.230944693088531494e-02 -1.588946022093296051e-02
9.301237761974334717e-03 -4.063755273818969727e-03 -1.603947021067142487e-02
9.482778608798980713e-03 -8.055269718170166016e-03 -7.137335836887359619e-03
9.199984371662139893e-03 5.678683519363403320e-04 -1.333329267799854279e-02
3.779992461204528809e-03 1.859531924128532410e-02 -2.306330017745494843e-02
-5.230836570262908936e-03 2.194399014115333557e-02 -2.157266065478324890e-02
-1.171680167317390442e-02 2.071895077824592590e-02 -1.334010064601898193e-02
-1.251799613237380981e-02 2.060890570282936096e-02 -1.001571118831634521e-02
-1.364930346608161926e-02 2.842044085264205933e-02 -1.275783032178878784e-02
-1.457084342837333679e-02 3.194707632064819336e-02 -1.692723482847213745e-02
-1.019102334976196289e-02 3.334875777363777161e-02 -1.750346273183822632e-02
-3.942959010601043701e-03 2.652220055460929871e-02 -1.824189536273479462e-02
-2.831585705280303955e-03 1.248950511217117310e-02 -1.406521536409854889e-02
-3.371529281139373779e-03 1.029221713542938232e-02 -1.057253405451774597e-02
-1.001592725515365601e-02 1.985320076346397400e-02 -6.371576339006423950e-03
-9.810820221900939941e-03 2.108895033597946167e-02 -1.098013296723365784e-02
-1.353210583329200745e-02 1.662816107273101807e-02 -5.291726440191268921e-03
-4.851296544075012207e-04 1.687742769718170166e-03 -5.819238722324371338e-04
5.962811410427093506e-03 -4.628524184226989746e-03 6.384290754795074463e-04
1.088551431894302368e-02 -1.056407392024993896e-02 -1.111134886741638184e-03
6.850935518741607666e-03 -1.700945198535919189e-02 2.151899039745330811e-03
5.760498344898223877e-03 -1.491198688745498657e-02 3.267899155616760254e-03
9.118206799030303955e-03 -1.553236693143844604e-02 3.303542733192443848e-03
1.446195691823959351e-02 -2.141542732715606689e-02 3.986719995737075806e-03
1.642393320798873901e-02 -2.493789792060852051e-02 5.472604185342788696e-03
1.787081360816955566e-02 -2.798851579427719116e-02 6.522633135318756104e-03
2.165383100509643555e-02 -3.087671846151351929e-02 5.361221730709075928e-03
1.714232563972473145e-02 -2.685340493917465210e-02 5.854435265064239502e-03
1.164029538631439209e-02 -2.378974854946136475e-02 4.590600728988647461e-03
9.876459836959838867e-03 -2.461227029561996460e-02 6.809495389461517334e-03
2.110756933689117432e-03 -1.809506118297576904e-02 5.966775119304656982e-03
-2.569444477558135986e-03 9.648919105529785156e-03 -9.438503533601760864e-03
-1.393180340528488159e-02 1.619162783026695251e-02 -4.178017377853393555e-03
-5.865737795829772949e-03 2.314079180359840393e-02 -1.795744895935058594e-02
-6.285686045885086060e-03 3.303047642111778259e-02 -2.840440720319747925e-02
-4.124931991100311279e-03 3.468428179621696472e-02 -2.987261489033699036e-02
-2.478800714015960693e-03 3.047120198607444763e-02 -2.811790630221366882e-02
6.541758775711059570e-04 2.798499912023544312e-02 -3.132329881191253662e-02
-3.111138939857482910e-04 3.048130124807357788e-02 -3.270716220140457153e-02
6.990149617195129395e-03 2.478571981191635132e-02 -2.164308726787567139e-02
2.351887524127960205e-03 1.096694916486740112e-02 -1.828419044613838196e-02
1.907728612422943115e-03 7.052473723888397217e-03 -2.210224792361259460e-02
2.230480313301086426e-03 4.040397703647613525e-03 -1.976181194186210632e-02
-4.013061523437500000e-03 5.837194621562957764e-03 -2.016083896160125732e-02
-6.880894303321838379e-03 7.359437644481658936e-03 -2.078523114323616028e-02
-8.499339222908020020e-03 1.133739203214645386e-02 -1.082773879170417786e-02
-1.429628580808639526e-02 2.219384163618087769e-02 -1.052271947264671326e-02
-1.171430945396423340e-02 8.307881653308868408e-03 -2.266690135002136230e-04
-1.655548065900802612e-02 3.486350178718566895e-03 6.706990301609039307e-03
-2.038243412971496582e-02 1.139418780803680420e-02 4.917033016681671143e-03
-1.953896880149841309e-02 3.033080697059631348e-02 -1.732029020786285400e-03
-2.148042619228363037e-02 2.790172398090362549e-02 3.008224070072174072e-03
-3.465523570775985718e-02 2.646091580390930176e-02 8.357591927051544189e-03
-3.012681007385253906e-02 2.153766900300979614e-02 2.734899520874023438e-03
-2.159317582845687866e-02 2.063941955566406250e-02 -4.376448690891265869e-03
-9.157627820968627930e-03 2.007551491260528564e-02 -1.058918237686157227e-02
-2.302452921867370605e-03 8.616067469120025635e-03 -6.899118423461914062e-03
-9.100481867790222168e-03 6.461940705776214600e-03 -2.481713891029357910e-03
-1.496136188507080078e-02 1.547908037900924683e-02 -6.448924541473388672e-03
-2.000962197780609131e-02 1.514565572142601013e-02 -4.863318055868148804e-03
-1.801455765962600708e-02 7.669322192668914795e-03 -2.857483923435211182e-03
-1.725876703858375549e-02 2.688281238079071045e-03 -8.261650800704956055e-04
-1.404392719268798828e-02 3.451578319072723389e-03 -2.547163516283035278e-03
-1.044012606143951416e-02 5.159921944141387939e-03 -5.178127437829971313e-03
-1.164968684315681458e-02 3.674030303955078125e-03 -4.402533173561096191e-03
-1.336717605590820312e-02 3.499090671539306641e-03 -5.131244659423828125e-03
-1.014964655041694641e-02 3.706589341163635254e-03 -6.056699901819229126e-03
-6.679441779851913452e-03 6.605066359043121338e-03 -9.299479424953460693e-03
-5.057804286479949951e-03 9.849138557910919189e-03 -1.038955152034759521e-02
-2.521499991416931152e-03 1.106448471546173096e-02 -1.212159916758537292e-02
-2.975977957248687744e-03 8.695147931575775146e-03 -1.090733706951141357e-02
-6.841536611318588257e-03 5.055181682109832764e-03 -5.155835300683975220e-03
-1.000338792800903320e-02 3.197625279426574707e-03 -7.357671856880187988e-04
-8.917320519685745239e-03 -3.036811947822570801e-03 1.706875860691070557e-03
-9.508047252893447876e-03 -3.334172070026397705e-03 1.830343157052993774e-03
-1.300274580717086792e-02 -3.968700766563415527e-03 2.370510250329971313e-03
-1.382219046354293823e-02 -3.821507096290588379e-03 2.137277275323867798e-03
-1.602483913302421570e-02 -3.041312098503112793e-03 6.512653082609176636e-03
-1.748220622539520264e-02 -1.760601997375488281e-03 7.681865245103836060e-03
-1.422035321593284607e-02 -3.169342875480651855e-03 5.556486546993255615e-03
-4.689477384090423584e-03 -6.796769797801971436e-03 5.673095583915710449e-04
-3.808923065662384033e-03 -3.731340169906616211e-03 -4.568796604871749878e-03
-5.577564239501953125e-03 -2.719186246395111084e-03 -4.565451294183731079e-03
-1.234865188598632812e-02 -1.085445284843444824e-03 7.526129484176635742e-04
-1.755742356181144714e-02 -5.263090133666992188e-04 5.860868841409683228e-03
-1.832904294133186340e-02 -1.039274036884307861e-03 7.069632411003112793e-03
-1.675246283411979675e-02 -3.175169229507446289e-03 8.169028908014297485e-03
-1.711277291178703308e-02 -1.130908727645874023e-03 6.245166063308715820e-03
-1.660055294632911682e-02 -3.001287579536437988e-03 6.292074918746948242e-03
-1.494134590029716492e-02 -5.959950387477874756e-03 7.929611951112747192e-03
-1.797169819474220276e-02 -5.565397441387176514e-03 1.079823076725006104e-02
-2.195125073194503784e-02 -5.550011992454528809e-03 1.448053494095802307e-02
-1.908095553517341614e-02 -3.870621323585510254e-03 1.200143992900848389e-02
-1.606451719999313354e-02 2.711117267608642578e-04 7.787413895130157471e-03
-1.592237129807472229e-02 1.351706683635711670e-03 7.700745016336441040e-03
-1.833921670913696289e-02 -4.006922245025634766e-05 1.055432111024856567e-02
-1.744735613465309143e-02 2.501621842384338379e-03 7.661737501621246338e-03
-1.733113825321197510e-02 5.755506455898284912e-03 3.779336810111999512e-03
-2.008725330233573914e-02 7.006481289863586426e-03 3.758102655410766602e-03
-2.158436924219131470e-02 3.602653741836547852e-03 7.889200001955032349e-03
-2.104426547884941101e-02 -1.970626413822174072e-03 1.084583997726440430e-02
-2.271016687154769897e-02 -4.775680601596832275e-03 1.416893303394317627e-02
-2.178319543600082397e-02 -9.299047291278839111e-03 1.840372383594512939e-02
-1.895432174205780029e-02 -1.341547816991806030e-02 2.069996297359466553e-02
-1.573774963617324829e-02 -1.549703627824783325e-02 1.896789669990539551e-02
-1.167438924312591553e-02 -1.489842683076858521e-02 1.676790416240692139e-02
-7.163807749748229980e-03 -9.470917284488677979e-03 1.244126260280609131e-02
-8.325964212417602539e-03 -6.780512630939483643e-03 1.185968518257141113e-02
-1.052364706993103027e-02 -5.321614444255828857e-03 1.493044197559356689e-02
-1.411904394626617432e-02 -2.355881035327911377e-03 1.506458222866058350e-02
-1.897007226943969727e-02 4.713796079158782959e-03 1.084630191326141357e-02
-1.780501008033752441e-02 8.920408785343170166e-03 8.468151092529296875e-03
-1.509734988212585449e-02 9.756274521350860596e-03 5.752503871917724609e-03
-1.175132393836975098e-02 5.016751587390899658e-03 4.313632845878601074e-03
-1.119723170995712280e-02 3.341086208820343018e-03 3.640756011009216309e-03
-1.478654146194458008e-02 6.776817142963409424e-03 1.900583505630493164e-03
-1.282213628292083740e-02 6.758488714694976807e-03 4.153847694396972656e-04
-9.844362735748291016e-03 5.920805037021636963e-03 -3.474026918411254883e-03
-9.753197431564331055e-03 5.181364715099334717e-03 -2.257183194160461426e-03
-1.080313324928283691e-02 1.516647636890411377e-03 -1.106739044189453125e-03
-1.122906804084777832e-02 -2.901621162891387939e-03 1.157045364379882812e-03
-1.323538273572921753e-02 -3.045223653316497803e-03 2.522245049476623535e-03
-1.474130153656005859e-02 -4.741407930850982666e-03 5.122154951095581055e-03
-1.587679609656333923e-02 -4.775322973728179932e-03 7.490150630474090576e-03
-1.621930673718452454e-02 -2.419225871562957764e-03 8.777659386396408081e-03
-1.410481333732604980e-02 -1.559481024742126465e-03 8.128531277179718018e-03
-1.383921131491661072e-02 -2.337984740734100342e-03 8.434195071458816528e-03
-1.473418250679969788e-02 -1.362457871437072754e-03 9.631358087062835693e-03
-1.541426405310630798e-02 1.485049724578857422e-04 1.083268225193023682e-02
-1.401995122432708740e-02 1.043096184730529785e-03 9.811874479055404663e-03
-1.457010954618453979e-02 1.750148832798004150e-03 1.027226448059082031e-02
-1.434752345085144043e-02 1.067370176315307617e-04 1.058102771639823914e-02
-1.434054970741271973e-02 -2.509951591491699219e-03 1.049800217151641846e-02
-1.502052322030067444e-02 -3.401346504688262939e-03 1.087498664855957031e-02
-1.366626471281051636e-02 -5.395255982875823975e-03 1.021834090352058411e-02
-1.184757053852081299e-02 -4.757627844810485840e-03 8.943974971771240234e-03
-1.204079389572143555e-02 -2.239130437374114990e-03 1.002993434667587280e-02
-1.466855406761169434e-02 -1.551665365695953369e-03 1.411272957921028137e-02
-1.669267192482948303e-02 -1.227259635925292969e-03 1.593309640884399414e-02
-1.546654477715492249e-02 1.696385443210601807e-03 1.368927955627441406e-02
-1.689677312970161438e-02 3.155909478664398193e-03 1.509994268417358398e-02
-1.628861203789710999e-02 4.052564501762390137e-03 1.368584111332893372e-02
-1.666897907853126526e-02 8.026413619518280029e-03 1.136610656976699829e-02
-1.994657889008522034e-02 1.045392453670501709e-02 1.037248969078063965e-02
-2.032643184065818787e-02 9.504579007625579834e-03 9.692039340734481812e-03
-1.818276941776275635e-02 1.025995612144470215e-02 7.022228091955184937e-03
-1.600693166255950928e-02 1.310043036937713623e-02 3.526784479618072510e-03
-1.532536000013351440e-02 1.647825539112091064e-02 2.055168151855468750e-04
-1.324163749814033508e-02 1.791942864656448364e-02 -1.962129026651382446e-03
-1.185825839638710022e-02 1.729459688067436218e-02 -7.022880017757415771e-04
-1.169816032052040100e-02 1.661717891693115234e-02 2.782415598630905151e-03
-1.147848740220069885e-02 1.901788637042045593e-02 2.910640090703964233e-03
-1.138171553611755371e-02 1.715478301048278809e-02 2.667348831892013550e-03
-1.044346392154693604e-02 1.316074654459953308e-02 2.094160765409469604e-03
-7.820148020982742310e-03 9.891480207443237305e-03 1.099277287721633911e-03
-5.904465913772583008e-03 8.825883269309997559e-03 -1.112885773181915283e-03
-4.599414765834808350e-03 7.446207106113433838e-03 -2.034131437540054321e-03
-3.287114202976226807e-03 6.784856319427490234e-03 -4.411228001117706299e-03
-1.334443688392639160e-03 6.211183965206146240e-03 -8.375242352485656738e-03
1.598812639713287354e-03 3.796078264713287354e-03 -1.060214266180992126e-02
3.841310739517211914e-03 -1.648589968681335449e-04 -1.017393916845321655e-02
4.032082855701446533e-03 -3.925830125808715820e-03 -6.556048989295959473e-03
2.023130655288696289e-03 -1.193284988403320312e-03 -6.759047508239746094e-03
-7.076412439346313477e-04 2.482093870639801025e-03 -5.202211439609527588e-03
-1.993171870708465576e-03 4.666879773139953613e-03 -4.021573811769485474e-03
1.852631568908691406e-03 8.410178124904632568e-03 -5.807504057884216309e-03
6.770804524421691895e-03 7.892169058322906494e-03 -1.029352098703384399e-02
1.579336822032928467e-03 2.459265291690826416e-03 -1.379835978150367737e-02
-1.655668020248413086e-04 -1.367382705211639404e-03 -4.811994731426239014e-03
-4.345878958702087402e-03 8.246153593063354492e-04 -2.735465764999389648e-03
-6.966561079025268555e-03 4.241079092025756836e-03 -4.049785435199737549e-03
-2.361238002777099609e-03 -5.557589232921600342e-03 1.041378825902938843e-02
7.521033287048339844e-03 -4.925377666950225830e-03 1.116587221622467041e-02
1.189371943473815918e-02 -7.408604025840759277e-03 -1.722190529108047485e-03
1.004050672054290771e-02 3.137424588203430176e-03 -9.302802383899688721e-03
1.441717892885208130e-02 -1.281833648681640625e-02 -5.841232836246490479e-03
1.856046915054321289e-02 -1.668816804885864258e-02 -3.151442855596542358e-03
2.017088234424591064e-02 -2.127198129892349243e-02 4.234053194522857666e-04
2.046060562133789062e-02 -2.542579919099807739e-02 2.104826271533966064e-03
2.203172445297241211e-02 -2.903378009796142578e-02 1.688793301582336426e-03
2.375531196594238281e-02 -3.238973766565322876e-02 1.629211008548736572e-03
2.525535225868225098e-02 -3.463863581418991089e-02 1.450046896934509277e-03
2.639900892972946167e-02 -3.601451963186264038e-02 1.101668924093246460e-03
2.758583426475524902e-02 -3.839487582445144653e-02 1.796469092369079590e-03
2.866234630346298218e-02 -4.030725359916687012e-02 2.816535532474517822e-03
2.944543957710266113e-02 -4.095262289047241211e-02 2.920895814895629883e-03
2.987659722566604614e-02 -4.060992598533630371e-02 2.035275101661682129e-03
3.013467043638229370e-02 -4.156716912984848022e-02 2.588957548141479492e-03
2.981397509574890137e-02 -4.058772325515747070e-02 1.350916922092437744e-03
2.876690030097961426e-02 -3.802057355642318726e-02 7.399916648864746094e-05
2.665365487337112427e-02 -3.310582041740417480e-02 -1.798797398805618286e-03
2.337984740734100342e-02 -2.591083198785781860e-02 -5.186080932617187500e-03
1.921597123146057129e-02 -2.172578126192092896e-02 -7.058620452880859375e-03
1.623108983039855957e-02 -1.908284425735473633e-02 -8.033655583858489990e-03
1.580669730901718140e-02 -1.630061119794845581e-02 -9.841501712799072266e-03
1.464170217514038086e-02 -1.244725286960601807e-02 -1.040272414684295654e-02
1.040279865264892578e-02 -7.333353161811828613e-03 -1.043191179633140564e-02
7.477261126041412354e-03 -2.753242850303649902e-03 -1.043452322483062744e-02
3.712579607963562012e-03 2.438649535179138184e-03 -1.139987632632255554e-02
-2.237230539321899414e-03 8.645161986351013184e-03 -1.257057860493659973e-02
-1.637802645564079285e-02 1.634809374809265137e-02 -1.467680558562278748e-02
-1.807770133018493652e-02 -4.538461565971374512e-03 -2.681188285350799561e-03
-9.802691638469696045e-03 -1.044528931379318237e-02 2.212351560592651367e-02
-1.123526692390441895e-02 -4.275888204574584961e-04 1.571428403258323669e-02
-1.011844724416732788e-02 -9.261757135391235352e-03 -1.825451850891113281e-03
-9.866226464509963989e-03 -6.058707833290100098e-03 -3.409508615732192993e-03
-1.889371126890182495e-02 -3.197818994522094727e-03 2.001099288463592529e-03
-2.245735377073287964e-02 -8.742734789848327637e-04 3.634601831436157227e-03
-2.084807306528091431e-02 -1.873917877674102783e-03 2.377487719058990479e-03
-1.418555900454521179e-02 -1.042442768812179565e-02 5.352631211280822754e-03
-6.688661873340606689e-03 -1.540557295083999634e-02 6.424587219953536987e-03
-6.708476692438125610e-03 -1.346985995769500732e-02 5.722515285015106201e-03
-8.729767054319381714e-03 -1.488237082958221436e-02 7.560651749372482300e-03
-9.243458509445190430e-03 -1.665315777063369751e-02 9.453035891056060791e-03
-1.047701016068458557e-02 -1.151125878095626831e-02 6.728898733854293823e-03
-1.267539337277412415e-02 -2.859190106391906738e-03 1.723058521747589111e-04
-1.119983568787574768e-02 1.104705035686492920e-03 -6.931539624929428101e-03
-9.534135460853576660e-03 4.910103976726531982e-03 -1.286070793867111206e-02
-6.909284740686416626e-03 7.725276052951812744e-03 -1.659445278346538544e-02
-6.895035505294799805e-03 9.144037961959838867e-03 -1.556049101054668427e-02
-1.095303148031234741e-02 9.007230401039123535e-03 -1.217921823263168335e-02
-8.505456149578094482e-03 6.226271390914916992e-03 -1.037045940756797791e-02
-5.513250827789306641e-03 2.314351499080657959e-03 -9.092733263969421387e-03
-6.383646279573440552e-03 9.968131780624389648e-04 -8.448842912912368774e-03
-8.323952555656433105e-03 4.060804843902587891e-03 -9.520057588815689087e-03
-1.019255816936492920e-02 7.381848990917205811e-03 -9.950362145900726318e-03
-1.012298464775085449e-02 7.611759006977081299e-03 -1.059934869408607483e-02
-5.572803318500518799e-03 5.972616374492645264e-03 -1.302138715982437134e-02
-2.075046300888061523e-03 5.025103688240051270e-03 -1.349474303424358368e-02
-1.159511506557464600e-03 3.355354070663452148e-03 -1.177029311656951904e-02
-1.865498721599578857e-03 1.752354204654693604e-03 -1.028105616569519043e-02
-1.843936741352081299e-03 1.689411699771881104e-03 -1.081104576587677002e-02
-1.867048442363739014e-03 1.801051199436187744e-03 -1.100172847509384155e-02
-2.059027552604675293e-03 1.854978501796722412e-03 -1.081570237874984741e-02
-2.341441810131072998e-03 3.533951938152313232e-03 -1.167974621057510376e-02
-3.529205918312072754e-03 6.533920764923095703e-03 -1.307287067174911499e-02
-4.056282341480255127e-03 7.286779582500457764e-03 -1.335433870553970337e-02
-3.846690058708190918e-03 6.938301026821136475e-03 -1.321763545274734497e-02
-3.724314272403717041e-03 6.677977740764617920e-03 -1.320144534111022949e-02
-3.630526363849639893e-03 6.323404610157012939e-03 -1.320867240428924561e-02
-3.486379981040954590e-03 5.788557231426239014e-03 -1.315207779407501221e-02
