3.532789647579193115e-03 2.835839241743087769e-02 -3.103391826152801514e-02
1.570411026477813721e-02 2.135909348726272583e-02 -3.649994730949401855e-02
1.750261336565017700e-02 1.551180332899093628e-02 -3.009689599275588989e-02
1.574283093214035034e-02 1.303567737340927124e-02 -2.757110446691513062e-02
4.877403378486633301e-03 8.163608610630035400e-03 -2.259011194109916687e-02
-3.768891096115112305e-03 3.644905984401702881e-03 -7.668755948543548584e-03
-6.039872765541076660e-03 5.255393683910369873e-03 -6.110049784183502197e-03
-4.766002297401428223e-03 2.218656241893768311e-03 -4.282347857952117920e-03
-1.594418287277221680e-02 -8.600644767284393311e-03 6.269991397857666016e-03
-1.522231101989746094e-02 -1.252482086420059204e-02 9.985093027353286743e-03
-2.640597522258758545e-03 5.256347358226776123e-03 -3.294534981250762939e-03
-2.002455294132232666e-03 1.712708920240402222e-02 -1.689895987510681152e-02
-1.088388264179229736e-02 3.182987123727798462e-02 -2.470235526561737061e-02
-1.210048794746398926e-02 3.017585724592208862e-02 -2.855258435010910034e-02
-1.257479935884475708e-02 2.187547832727432251e-02 -1.860152184963226318e-02
-2.491313964128494263e-02 1.902724802494049072e-02 2.291835844516754150e-04
-1.805818825960159302e-02 2.214592695236206055e-02 -8.500367403030395508e-04
-1.234377920627593994e-02 1.758415251970291138e-02 -3.687482327222824097e-03
-7.536336779594421387e-03 1.015445590019226074e-02 -1.373484730720520020e-03
5.759254097938537598e-03 -1.868953555822372437e-02 1.162278279662132263e-02
1.079990714788436890e-02 -2.526437491178512573e-02 1.091402024030685425e-02
2.246513962745666504e-03 -1.821703463792800903e-02 5.665887147188186646e-03
-5.752272903919219971e-03 -3.493204712867736816e-03 2.245415002107620239e-03
-1.377120614051818848e-03 3.728650510311126709e-03 -2.768810838460922241e-03
-7.258743047714233398e-03 9.002000093460083008e-03 -2.398800104856491089e-03
-1.818268746137619019e-02 4.459947347640991211e-03 1.444224268198013306e-02
-1.154020428657531738e-02 -6.812252104282379150e-03 1.492308080196380615e-02
-1.282808184623718262e-02 -8.306130766868591309e-04 3.991752862930297852e-03
-1.149932667613029480e-02 3.492504358291625977e-03 4.165917634963989258e-04
-1.317371055483818054e-02 2.072212100028991699e-02 -1.147596910595893860e-02
-8.984375745058059692e-03 1.274599134922027588e-02 -1.100156828761100769e-02
-6.565563380718231201e-03 9.811364114284515381e-03 -1.150655373930931091e-02
-5.545914173126220703e-03 9.066097438335418701e-03 -9.207505732774734497e-03
-9.993076324462890625e-03 7.685407996177673340e-03 -5.172330886125564575e-03
-1.364577561616897583e-02 1.131036132574081421e-02 -5.562044680118560791e-03
-1.503534615039825439e-02 1.987144723534584045e-02 -9.884838014841079712e-03
-1.077101752161979675e-02 1.747496798634529114e-02 -9.301319718360900879e-03
-1.314149051904678345e-02 1.194243878126144409e-02 -8.510276675224304199e-04
-1.841227337718009949e-02 1.740165427327156067e-02 -1.650337129831314087e-03
-1.747274771332740784e-02 1.634427532553672791e-02 -4.890050739049911499e-03
-2.002992853522300720e-02 1.961629837751388550e-02 -2.428490668535232544e-03
1.284912228584289551e-02 3.528647124767303467e-03 -2.363849617540836334e-02
1.426253467798233032e-02 4.984371364116668701e-03 -1.855742931365966797e-02
4.817187786102294922e-03 1.224532723426818848e-02 -1.785652898252010345e-02
-2.985738217830657959e-03 1.847056671977043152e-02 -1.673451252281665802e-02
-4.947558045387268066e-04 3.014623373746871948e-02 -2.666584216058254242e-02
3.032311797142028809e-03 3.008576110005378723e-02 -3.268478438258171082e-02
-2.127893269062042236e-03 2.957592532038688660e-02 -3.367895632982254028e-02
-4.605613648891448975e-03 2.075916901230812073e-02 -2.761821821331977844e-02
-3.466762602329254150e-03 1.966075971722602844e-02 -2.373751066625118256e-02
-5.544953048229217529e-03 3.233052045106887817e-02 -2.960389852523803711e-02
-6.070531904697418213e-03 1.835511252284049988e-02 -1.999426446855068207e-02
-3.169402480125427246e-03 1.712378859519958496e-02 -2.328888885676860809e-02
3.361329436302185059e-03 2.580983191728591919e-02 -3.262853994965553284e-02
3.011673688888549805e-04 2.312402427196502686e-02 -2.342321537435054779e-02
-6.793867796659469604e-03 1.149442046880722046e-02 -1.421226747334003448e-02
1.346915960311889648e-04 1.625364646315574646e-02 -1.708508841693401337e-02
-3.357850015163421631e-03 1.512629911303520203e-02 -1.581488177180290222e-02
-3.988340497016906738e-03 1.625401526689529419e-02 -1.667088456451892853e-02
-8.294980973005294800e-03 2.291716635227203369e-02 -2.199395559728145599e-02
-6.795700639486312866e-03 1.844250783324241638e-02 -2.612960897386074066e-02
-1.603394746780395508e-03 1.607130095362663269e-02 -2.093601785600185394e-02
-3.323674201965332031e-03 1.727950200438499451e-02 -1.684457063674926758e-02
-1.623354107141494751e-02 5.220398306846618652e-03 -6.230052560567855835e-03
-4.031062126159667969e-03 6.882674992084503174e-03 -1.011105254292488098e-02
-3.008276224136352539e-03 -2.996347844600677490e-03 -1.212794333696365356e-02
-1.061300933361053467e-02 7.378153502941131592e-03 -1.193078607320785522e-02
-1.164533197879791260e-02 7.489882409572601318e-03 -8.620321750640869141e-06
-1.224538683891296387e-02 2.678357064723968506e-03 5.289595574140548706e-03
-1.249133050441741943e-02 4.574842751026153564e-03 -1.419037580490112305e-03
-1.218685507774353027e-02 5.242951214313507080e-03 -6.780240684747695923e-03
-1.273381710052490234e-02 8.446641266345977783e-03 -1.306474208831787109e-02
-1.159712672233581543e-02 1.222934573888778687e-02 -8.806027472019195557e-03
-1.283917576074600220e-02 1.135525107383728027e-02 -1.013181731104850769e-02
-1.529370248317718506e-02 1.492407172918319702e-02 -5.286183208227157593e-03
-2.349205315113067627e-02 2.043589204549789429e-02 -1.958340406417846680e-03
-2.605028450489044189e-02 2.968383580446243286e-02 -3.555409610271453857e-03
-2.686733752489089966e-02 2.155352383852005005e-02 -3.271941095590591431e-03
-1.609788835048675537e-02 9.193867444992065430e-03 1.087076961994171143e-03
-1.386322826147079468e-02 6.244204938411712646e-03 -1.301024109125137329e-03
-9.951956570148468018e-03 -1.122973859310150146e-03 -1.997783780097961426e-03
-8.418373763561248779e-03 4.763677716255187988e-03 -4.293277859687805176e-03
-3.487229347229003906e-03 6.231941282749176025e-03 -7.976237684488296509e-03
-3.315493464469909668e-03 3.022052347660064697e-03 -7.387839257717132568e-03
-5.254983901977539062e-03 2.215109765529632568e-03 -6.549112498760223389e-03
-5.279690027236938477e-03 -6.854832172393798828e-04 -4.204638302326202393e-03
-4.863791167736053467e-03 -3.244936466217041016e-03 -2.687152475118637085e-03
-6.279230117797851562e-03 -2.051390707492828369e-03 -2.803131937980651855e-03
-7.823579013347625732e-03 -1.041814684867858887e-04 -2.991113811731338501e-03
-1.000503823161125183e-02 1.720927655696868896e-03 -2.213712781667709351e-03
-1.102900132536888123e-02 3.602728247642517090e-03 -1.634139567613601685e-03
-1.155479997396469116e-02 5.255997180938720703e-03 4.515834152698516846e-04
-1.026713475584983826e-02 4.689402878284454346e-03 1.397881656885147095e-03
-9.913913905620574951e-03 3.117732703685760498e-03 3.341183066368103027e-03
-9.588360786437988281e-03 1.582771539688110352e-03 6.581798195838928223e-03
-1.120463386178016663e-02 5.283206701278686523e-04 8.703604340553283691e-03
-1.248880475759506226e-02 2.809315919876098633e-04 9.744308888912200928e-03
-1.052586361765861511e-02 -1.480460166931152344e-03 9.759202599525451660e-03
-8.958555757999420166e-03 -3.083199262619018555e-03 1.002291962504386902e-02
-4.723526537418365479e-03 -4.622615873813629150e-03 7.026601582765579224e-03
-1.593515276908874512e-03 -5.428329110145568848e-03 5.242522805929183960e-03
2.836793661117553711e-03 -6.042145192623138428e-03 2.682954072952270508e-03
2.283170819282531738e-03 -2.983063459396362305e-03 -8.708573877811431885e-04
-3.355011343955993652e-03 2.324759960174560547e-03 -8.174404501914978027e-04
-3.627687692642211914e-03 1.712456345558166504e-03 6.994269788265228271e-04
-1.625716686248779297e-03 -2.373754978179931641e-05 5.566589534282684326e-04
-2.687595784664154053e-03 7.591620087623596191e-04 -1.831836998462677002e-04
-4.316039383411407471e-03 3.265067934989929199e-04 -3.196671605110168457e-04
-3.602594137191772461e-03 -2.158403396606445312e-03 -8.844919502735137939e-04
-3.910131752490997314e-03 -3.058336675167083740e-03 -4.392005503177642822e-04
3.726258873939514160e-04 -2.365179359912872314e-03 -4.728492349386215210e-03
4.019215703010559082e-03 -6.528154015541076660e-03 -3.816947340965270996e-03
5.860321223735809326e-03 -1.009488850831985474e-02 -7.949322462081909180e-04
8.632533252239227295e-03 -1.351330429315567017e-02 -1.363296061754226685e-03
1.309377700090408325e-02 -1.473960280418395996e-02 -3.810305148363113403e-03
1.558981835842132568e-02 -1.419416069984436035e-02 -3.252193331718444824e-03
3.125734627246856689e-03 -1.061847060918807983e-02 6.806477904319763184e-04
-2.944447100162506104e-03 -6.385594606399536133e-04 -2.220604568719863892e-03
2.963811159133911133e-03 -5.777142941951751709e-03 -3.198835998773574829e-03
1.486375927925109863e-03 1.463741064071655273e-03 -1.227738708257675171e-02
3.760829567909240723e-03 2.929158508777618408e-03 -1.232415437698364258e-02
1.045465469360351562e-03 1.969821751117706299e-03 -1.177624240517616272e-02
-2.920605242252349854e-03 2.058200538158416748e-03 -1.168226078152656555e-02
-5.006022751331329346e-03 7.051445543766021729e-03 -1.316903159022331238e-02
-3.898546099662780762e-03 1.129475980997085571e-02 -1.407207176089286804e-02
-3.174193203449249268e-03 6.328292191028594971e-03 -8.447445929050445557e-03
-5.524307489395141602e-04 3.416210412979125977e-03 -8.809190243482589722e-03
2.933815121650695801e-03 2.454876899719238281e-03 -1.209622621536254883e-02
-1.305922865867614746e-03 4.931025207042694092e-03 -1.212199032306671143e-02
-4.475265741348266602e-03 6.249584257602691650e-03 -1.025793701410293579e-02
-2.244576811790466309e-03 8.377276360988616943e-03 -1.217085868120193481e-02
-5.325704813003540039e-03 1.371369510889053345e-02 -1.546924933791160583e-02
-7.319837808609008789e-03 1.067392528057098389e-02 -1.331457868218421936e-02
-9.750753641128540039e-03 9.321793913841247559e-03 -9.850643575191497803e-03
-1.557066291570663452e-02 1.212730258703231812e-02 -9.096555411815643311e-03
-1.385910809040069580e-02 1.066403090953826904e-02 -7.048845291137695312e-03
-1.229991763830184937e-02 4.202716052532196045e-03 -2.105459570884704590e-04
-1.239415258169174194e-02 3.149725496768951416e-03 9.625405073165893555e-04
-1.486030966043472290e-02 4.029370844364166260e-03 -8.795410394668579102e-05
-1.648173481225967407e-02 4.545919597148895264e-03 -2.333253622055053711e-03
-1.809212565422058105e-02 1.438611000776290894e-02 -6.134603172540664673e-03
-1.530680805444717407e-02 1.935302466154098511e-02 -4.083320498466491699e-03
-1.333826780319213867e-02 1.893229037523269653e-02 -8.931931108236312866e-03
-2.418813109397888184e-02 2.190705388784408569e-02 -6.267953664064407349e-03
-3.088942170143127441e-02 1.817480474710464478e-02 3.648530691862106323e-03
-3.302879631519317627e-02 1.705816388130187988e-02 6.074048578739166260e-03
-3.117088973522186279e-02 1.667016744613647461e-02 6.959408521652221680e-03
-3.097997605800628662e-02 1.671813428401947021e-02 8.433036506175994873e-03
-2.795817703008651733e-02 1.490467786788940430e-02 7.699131965637207031e-03
-2.478808909654617310e-02 6.697431206703186035e-03 1.522901654243469238e-02
-2.250225841999053955e-02 3.614909946918487549e-03 1.428029313683509827e-02
-1.754990220069885254e-02 1.202982664108276367e-02 -4.154130816459655762e-03
-1.990410313010215759e-02 1.911979168653488159e-02 -6.016254425048828125e-03
-2.577901631593704224e-02 2.569625526666641235e-02 -7.661774754524230957e-03
-2.345383539795875549e-02 2.254034206271171570e-02 -1.502338796854019165e-03
-2.318915724754333496e-02 2.173256129026412964e-02 9.812857955694198608e-03
-2.230406925082206726e-02 2.497553452849388123e-02 -5.586273968219757080e-03
-2.028182148933410645e-03 6.026796996593475342e-03 -5.160495638847351074e-03
-2.341262996196746826e-02 3.023882582783699036e-02 -8.918613195419311523e-03
-1.985779032111167908e-02 2.603436633944511414e-02 -1.134668663144111633e-02
-1.917701214551925659e-02 1.392009109258651733e-02 -4.130423069000244141e-03
-2.362526208162307739e-02 1.116608828306198120e-02 3.767423331737518311e-04
-1.189913228154182434e-02 6.349854171276092529e-03 2.946540713310241699e-03
3.608562052249908447e-03 4.576854407787322998e-03 -6.670609116554260254e-03
5.299687385559082031e-03 1.202880591154098511e-02 -1.614061184227466583e-02
2.073161303997039795e-03 2.699713781476020813e-02 -2.201505005359649658e-02
1.006960868835449219e-03 3.030986711382865906e-02 -2.413405291736125946e-02
-6.422728300094604492e-03 3.263170644640922546e-02 -2.493318915367126465e-02
-1.511734351515769958e-02 4.212601110339164734e-02 -2.431874722242355347e-02
-1.634322479367256165e-02 3.616821020841598511e-02 -1.654182001948356628e-02
-1.665098220109939575e-02 2.745228260755538940e-02 -9.437609463930130005e-03
-4.758693277835845947e-03 1.457437500357627869e-02 -5.115505307912826538e-03
-8.309468626976013184e-03 1.845054328441619873e-03 2.282846719026565552e-03
-1.426488533616065979e-02 5.183175206184387207e-03 3.854088485240936279e-03
-2.512266486883163452e-02 2.305822819471359253e-02 -2.662148326635360718e-03
-1.743511483073234558e-02 2.812479808926582336e-02 -1.174250245094299316e-02
-1.263550296425819397e-02 2.595348656177520752e-02 -1.422999799251556396e-02
-5.606971681118011475e-03 2.736681699752807617e-02 -2.496470697224140167e-02
5.310662090778350830e-03 2.107852697372436523e-02 -3.157632425427436829e-02
1.596218347549438477e-02 2.016237378120422363e-02 -3.922246024012565613e-02
1.994882524013519287e-02 1.947763934731483459e-02 -3.892613202333450317e-02
2.172934263944625854e-02 1.935913413763046265e-02 -4.015134274959564209e-02
2.062369138002395630e-02 1.930624991655349731e-02 -4.018151760101318359e-02
1.881368458271026611e-02 1.954312250018119812e-02 -3.899240866303443909e-02
1.425885409116744995e-02 2.237125486135482788e-02 -3.484768420457839966e-02
5.832396447658538818e-03 1.748988404870033264e-02 -2.260688319802284241e-02
-8.183989673852920532e-03 1.073745638132095337e-02 -5.268894135951995850e-03
-1.271279901266098022e-02 7.422216236591339111e-03 9.289421141147613525e-04
-1.617430150508880615e-02 8.202299475669860840e-03 2.660833299160003662e-03
-1.598657667636871338e-02 1.735852658748626709e-02 -3.980714827775955200e-03
-6.496202200651168823e-03 2.080426365137100220e-02 -1.558191329240798950e-02
-4.119627177715301514e-03 1.634713262319564819e-02 -1.827809773385524750e-02
-6.124868988990783691e-03 1.171471923589706421e-02 -1.419616490602493286e-02
-1.145161688327789307e-02 1.190183311700820923e-02 -1.078093796968460083e-02
-1.477165520191192627e-02 1.195191591978073120e-02 -6.030913442373275757e-03
-1.466645300388336182e-02 1.097714155912399292e-02 -5.127068608999252319e-03
-1.145727932453155518e-02 1.163404434919357300e-02 -1.757568866014480591e-02
1.772753894329071045e-03 1.975696533918380737e-02 -3.171662241220474243e-02
-9.986162185668945312e-04 3.090333193540573120e-02 -3.895369917154312134e-02
-7.924571633338928223e-03 3.435374051332473755e-02 -3.395317494869232178e-02
-4.898801445960998535e-03 3.332255035638809204e-02 -3.266130015254020691e-02
-5.873605608940124512e-03 2.989576011896133423e-02 -2.930727601051330566e-02
-8.606947958469390869e-03 2.563717216253280640e-02 -2.239543572068214417e-02
-5.016885697841644287e-03 2.419523149728775024e-02 -1.975993812084197998e-02
-5.669951438903808594e-03 2.730979770421981812e-02 -1.925750449299812317e-02
-9.707510471343994141e-04 2.536544948816299438e-02 -1.814015209674835205e-02
-1.544952392578125000e-04 2.720675617456436157e-02 -1.830211281776428223e-02
-2.835363149642944336e-03 2.601934224367141724e-02 -2.220793068408966064e-02
-7.130250334739685059e-03 2.690871804952621460e-02 -2.417758852243423462e-02
-9.580858051776885986e-03 2.625686675310134888e-02 -2.431092411279678345e-02
-4.147887229919433594e-03 2.676432579755783081e-02 -3.013051301240921021e-02
-7.646366953849792480e-03 2.720611542463302612e-02 -2.612505108118057251e-02
-1.668637245893478394e-02 3.107482939958572388e-02 -1.943793147802352905e-02
-1.171711087226867676e-02 2.312348037958145142e-02 -7.517833262681961060e-03
-1.824905350804328918e-02 1.520701870322227478e-02 -3.085076808929443359e-03
-1.845687255263328552e-02 1.716601848602294922e-02 -1.052740961313247681e-02
-4.120126366615295410e-03 1.180930435657501221e-02 -1.586706005036830902e-02
-2.462588250637054443e-03 7.240466773509979248e-03 -1.182457432150840759e-02
-4.094667732715606689e-03 1.162249594926834106e-02 -2.198100648820400238e-02
6.465889513492584229e-03 8.967831730842590332e-03 -3.119365870952606201e-02
7.028095424175262451e-03 2.174387872219085693e-02 -3.762320056557655334e-02
1.153428107500076294e-02 1.915664225816726685e-02 -4.134215787053108215e-02
6.875909864902496338e-03 4.971534013748168945e-03 -2.280472964048385620e-02
1.173624396324157715e-02 8.134931325912475586e-03 -2.631594054400920868e-02
9.243473410606384277e-03 3.500953316688537598e-03 -2.245466224849224091e-02
5.283161997795104980e-03 -8.584581315517425537e-03 -9.600937366485595703e-03
-3.159217536449432373e-03 6.791353225708007812e-04 -1.021373271942138672e-02
-4.534147679805755615e-03 6.132923066616058350e-03 -1.025874912738800049e-02
-1.351714134216308594e-03 5.765020847320556641e-03 -1.317847892642021179e-02
2.543009817600250244e-03 6.727322936058044434e-03 -2.176749147474765778e-02
3.169789910316467285e-03 1.059241592884063721e-03 -1.790694147348403931e-02
4.547983407974243164e-04 3.062717616558074951e-03 -1.336339302361011505e-02
4.268430173397064209e-03 3.228522837162017822e-03 -1.550244912505149841e-02
7.388770580291748047e-03 5.061462521553039551e-03 -1.837471872568130493e-02
6.761319935321807861e-03 2.862922847270965576e-03 -1.619629748165607452e-02
8.649818599224090576e-03 1.149445772171020508e-03 -1.908708736300468445e-02
9.787894785404205322e-03 7.674083113670349121e-03 -2.871401235461235046e-02
7.486946880817413330e-03 1.544656977057456970e-02 -3.363477438688278198e-02
5.390129983425140381e-03 1.744440943002700806e-02 -3.169049322605133057e-02
8.424498140811920166e-03 1.322722062468528748e-02 -3.085068613290786743e-02
8.048750460147857666e-03 1.069851964712142944e-02 -3.069635480642318726e-02
7.740408182144165039e-03 1.222977787256240845e-02 -3.446146845817565918e-02
5.537517368793487549e-03 1.698230206966400146e-02 -3.660764917731285095e-02
3.697037696838378906e-03 2.003959566354751587e-02 -3.645341843366622925e-02
9.134642779827117920e-03 1.272982358932495117e-02 -3.041128814220428467e-02
1.141496747732162476e-02 9.470544755458831787e-03 -2.719485200941562653e-02
9.233079850673675537e-03 1.307646185159683228e-02 -3.148299828171730042e-02
8.679196238517761230e-03 1.649193838238716125e-02 -3.345835581421852112e-02
1.029640436172485352e-02 1.546799391508102417e-02 -2.837777324020862579e-02
1.425264030694961548e-02 9.973362088203430176e-03 -1.926154643297195435e-02
1.808318495750427246e-02 8.068710565567016602e-03 -2.026912569999694824e-02
1.937758922576904297e-02 1.076865941286087036e-02 -3.060264512896537781e-02
1.618441194295883179e-02 1.205824315547943115e-02 -3.332779929041862488e-02
1.328320056200027466e-02 1.069363206624984741e-02 -2.264662832021713257e-02
1.294613629579544067e-02 3.414556384086608887e-03 -1.361661776900291443e-02
1.693856716156005859e-02 1.847162842750549316e-03 -1.925353519618511200e-02
1.094905287027359009e-02 4.662804305553436279e-03 -2.266662940382957458e-02
4.172690212726593018e-03 1.144669204950332642e-02 -2.673144266009330750e-02
6.118819117546081543e-03 2.018965035676956177e-02 -3.690666705369949341e-02
8.132919669151306152e-03 3.204145282506942749e-02 -4.509256780147552490e-02
1.268386840820312500e-04 2.223850041627883911e-02 -2.499988675117492676e-02
-1.370141655206680298e-02 2.514084428548812866e-02 -1.088299602270126343e-02
-1.578320562839508057e-02 2.571987360715866089e-02 -1.090307533740997314e-02
-5.324460566043853760e-03 2.868867665529251099e-02 -2.957542240619659424e-02
-3.000348806381225586e-03 3.018151968717575073e-02 -3.400164097547531128e-02
-2.609889954328536987e-02 3.032515197992324829e-02 -1.175387948751449585e-02
-1.738356053829193115e-02 -6.349883973598480225e-03 9.283807128667831421e-03
-2.024825662374496460e-02 -8.565127849578857422e-03 1.384761184453964233e-02
-2.110161632299423218e-02 8.322820067405700684e-03 9.771719574928283691e-03
-2.169887721538543701e-02 8.725471794605255127e-03 1.039229333400726318e-02
-2.569483965635299683e-02 9.866036474704742432e-03 1.355853676795959473e-02
-2.862267196178436279e-02 2.750355750322341919e-02 2.847969532012939453e-03
-2.846683561801910400e-02 2.619746327400207520e-02 2.198226749897003174e-03
-2.296114712953567505e-02 1.971270889043807983e-02 3.954783082008361816e-03
-2.160479128360748291e-02 1.734618470072746277e-02 5.548514425754547119e-03
-2.743116766214370728e-02 2.332059293985366821e-02 6.305828690528869629e-03
-3.493590652942657471e-02 3.349152952432632446e-02 6.827712059020996094e-03
-3.363429009914398193e-02 2.982224524021148682e-02 9.781092405319213867e-03
-2.312343195080757141e-02 1.021376997232437134e-02 1.477774605154991150e-02
-1.780138909816741943e-02 4.865340888500213623e-03 1.272098720073699951e-02
-1.615902781486511230e-02 3.781072795391082764e-03 7.607467472553253174e-03
-1.124208420515060425e-02 -4.388608038425445557e-03 5.789257586002349854e-03
-1.006142795085906982e-02 -6.257101893424987793e-03 5.773618817329406738e-03
-6.750643253326416016e-03 -2.941191196441650391e-03 3.982082009315490723e-03
-4.971973598003387451e-03 -1.542210578918457031e-03 2.836886793375015259e-03
6.764315068721771240e-03 -1.142728328704833984e-02 6.689000874757766724e-03
1.488392800092697144e-02 -2.308874577283859253e-02 5.287531763315200806e-03
1.388917118310928345e-02 -1.513446122407913208e-02 -6.773900240659713745e-03
7.663995027542114258e-03 1.232214272022247314e-03 -1.403901912271976471e-02
4.953853785991668701e-03 1.054633408784866333e-02 -1.732364296913146973e-02
7.424093782901763916e-03 1.049229502677917480e-02 -1.497435383498668671e-02
9.342581033706665039e-03 -3.902114927768707275e-03 -8.698403835296630859e-03
1.025335490703582764e-02 -1.012209057807922363e-02 -4.258774220943450928e-03
1.304212212562561035e-02 -1.588305830955505371e-02 -1.024380326271057129e-04
7.756330072879791260e-03 -2.810871601104736328e-02 1.600008830428123474e-02
1.434437185525894165e-02 -3.891935944557189941e-02 2.180922031402587891e-02
2.028838545083999634e-02 -3.655694425106048584e-02 1.396321877837181091e-02
1.714859902858734131e-02 -3.233972191810607910e-02 1.198225468397140503e-02
8.668445050716400146e-03 -1.847832649946212769e-02 1.034030690789222717e-02
1.056847721338272095e-02 -1.062135398387908936e-02 2.223551273345947266e-04
1.264221221208572388e-02 -1.136928796768188477e-02 -4.556246101856231689e-03
8.484639227390289307e-03 -7.115572690963745117e-03 -4.900917410850524902e-03
5.553930997848510742e-03 -1.402972638607025146e-02 9.387210011482238770e-04
8.085608482360839844e-03 -1.659859716892242432e-02 1.169584691524505615e-03
1.107995957136154175e-02 -2.150714397430419922e-02 6.929691880941390991e-03
3.889091312885284424e-03 -1.280800998210906982e-02 3.774721175432205200e-03
-3.886044025421142578e-03 1.063972711563110352e-02 -1.055005565285682678e-02
-3.763630986213684082e-03 5.034178495407104492e-03 -1.100745424628257751e-02
-6.656482815742492676e-03 3.766261041164398193e-03 -6.733410060405731201e-03
-4.638157784938812256e-03 1.058081537485122681e-02 -9.237676858901977539e-03
-1.684106886386871338e-03 8.777961134910583496e-03 -6.882708519697189331e-03
-2.224124968051910400e-03 5.972102284431457520e-03 -1.081066578626632690e-02
-5.054824054241180420e-03 1.510098576545715332e-03 -9.801212698221206665e-03
-2.399221062660217285e-03 -2.174653112888336182e-03 -1.342013292014598846e-02
1.542845368385314941e-02 -1.390472054481506348e-02 -1.769389957189559937e-03
1.355034112930297852e-02 -1.700905710458755493e-02 2.347562462091445923e-03
-2.236515283584594727e-04 -3.624213486909866333e-02 1.291547343134880066e-02
-1.918591558933258057e-03 -3.415048122406005859e-02 3.466859459877014160e-03
1.280976086854934692e-02 -3.988253325223922729e-02 7.679823786020278931e-03
2.419085800647735596e-02 -1.470014452934265137e-02 -1.106610521674156189e-02
-5.052022635936737061e-03 6.210304796695709229e-03 -2.438339591026306152e-02
-8.265368640422821045e-03 3.208890557289123535e-04 -2.360176295042037964e-02
-8.121758699417114258e-03 1.902736723423004150e-03 -2.595072984695434570e-02
-4.043355584144592285e-03 3.014869987964630127e-03 -2.511203289031982422e-02
-6.070017814636230469e-03 9.123586118221282959e-03 -2.302119135856628418e-02
-1.198875904083251953e-02 1.238483935594558716e-02 -2.054142951965332031e-02
-1.441282778978347778e-02 1.257119327783584595e-02 -1.759517192840576172e-02
-1.865097880363464355e-02 6.935805082321166992e-03 -1.253159344196319580e-02
-2.051992714405059814e-02 2.552859485149383545e-03 -3.420129418373107910e-03
-2.116885781288146973e-02 2.409294247627258301e-04 3.572531044483184814e-03
-2.254502475261688232e-02 2.505354583263397217e-03 4.566676914691925049e-03
-2.289117872714996338e-02 2.674810588359832764e-03 4.429750144481658936e-03
-2.346985042095184326e-02 2.966828644275665283e-03 2.529017627239227295e-03
-2.399629354476928711e-02 6.452627480030059814e-03 6.997510790824890137e-04
-2.025445550680160522e-02 9.652972221374511719e-03 -3.923736512660980225e-03
-1.425958424806594849e-02 1.492059603333473206e-02 -8.662588894367218018e-03
-8.648902177810668945e-03 1.248820871114730835e-02 -7.729209959506988525e-03
-4.571795463562011719e-03 3.322444856166839600e-03 -1.082127913832664490e-02
-4.474699497222900391e-03 2.097763121128082275e-03 -1.423713937401771545e-02
-9.365588426589965820e-03 7.350943982601165771e-03 -8.610129356384277344e-03
-2.327083796262741089e-02 1.093432307243347168e-02 9.329363703727722168e-03
-2.390260994434356689e-02 4.270121455192565918e-03 1.257368177175521851e-02
-1.923030987381935120e-02 7.727324962615966797e-03 9.123466908931732178e-03
-1.514703407883644104e-02 6.834775209426879883e-03 1.287869364023208618e-02
-1.442020758986473083e-02 2.533435821533203125e-03 9.740564972162246704e-03
-1.456531137228012085e-02 2.359680831432342529e-03 1.029686629772186279e-02
-1.144701242446899414e-02 4.170022904872894287e-03 1.031600683927536011e-02
-8.838564157485961914e-03 1.704148948192596436e-03 1.266359537839889526e-02
-6.588384509086608887e-03 3.068797290325164795e-03 1.100478321313858032e-02
-7.520183920860290527e-03 5.289174616336822510e-03 4.927918314933776855e-03
-1.026567816734313965e-02 3.653816878795623779e-03 3.546122461557388306e-03
-1.027419418096542358e-02 -2.585470676422119141e-03 4.353377968072891235e-03
-1.099763810634613037e-02 1.202069222927093506e-03 -3.683120012283325195e-04
-1.056106388568878174e-02 5.504392087459564209e-03 -3.138110041618347168e-03
-1.111939921975135803e-02 1.075626164674758911e-02 -5.788441747426986694e-03
-8.545789867639541626e-03 1.387592405080795288e-02 -8.055236190557479858e-03
-8.401192724704742432e-03 1.606962829828262329e-02 -1.125704124569892883e-02
-1.310518011450767517e-02 2.110802382230758667e-02 -1.051564142107963562e-02
-1.368046551942825317e-02 9.188048541545867920e-03 4.819408059120178223e-03
-1.523859798908233643e-02 1.218241453170776367e-02 2.814892679452896118e-03
-1.236435770988464355e-02 1.619913801550865173e-02 -6.449058651924133301e-03
-1.294919103384017944e-02 8.541718125343322754e-03 -5.622733384370803833e-03
-1.184649020433425903e-02 6.186351180076599121e-03 -2.257574349641799927e-03
-1.724275574088096619e-02 1.684792712330818176e-02 -7.055938243865966797e-03
-2.027093619108200073e-02 1.044232398271560669e-02 1.073479279875755310e-02
-1.813550293445587158e-02 1.046685874462127686e-02 4.020515829324722290e-03
-1.990377530455589294e-02 1.459134370088577271e-02 5.785703659057617188e-03
-1.455393806099891663e-02 1.196376979351043701e-02 -1.262195408344268799e-03
-1.406864821910858154e-02 1.826530694961547852e-02 -6.798058748245239258e-03
-1.030251383781433105e-02 1.131067425012588501e-02 -4.081487655639648438e-03
-9.931769222021102905e-03 7.375337183475494385e-03 -3.096152096986770630e-03
-1.164271309971809387e-02 6.813548505306243896e-03 -1.415289938449859619e-03
-9.322151541709899902e-03 2.900123596191406250e-03 -6.287358701229095459e-04
-1.171979680657386780e-02 3.464356064796447754e-03 4.860814660787582397e-03
-1.723210513591766357e-02 7.125198841094970703e-03 1.266802847385406494e-02
-1.636763662099838257e-02 5.021683871746063232e-03 6.418772041797637939e-03
-1.844207942485809326e-02 7.243335247039794922e-03 4.937790334224700928e-03
-1.875831931829452515e-02 9.605199098587036133e-03 4.147857427597045898e-03
-1.879872754216194153e-02 1.002397388219833374e-02 5.609579384326934814e-03
-2.100371569395065308e-02 1.280203461647033691e-02 5.185935646295547485e-03
-2.170361950993537903e-02 1.381771266460418701e-02 5.761761218309402466e-03
-2.583362162113189697e-02 1.415289565920829773e-02 8.969262242317199707e-03
-2.841505408287048340e-02 1.414266601204872131e-02 1.236116141080856323e-02
-2.640488371253013611e-02 1.867912337183952332e-02 -3.281306475400924683e-03
-1.498840749263763428e-02 1.244679093360900879e-03 1.335680484771728516e-03
-1.204588264226913452e-02 -1.117713749408721924e-03 2.379428595304489136e-03
-8.891902863979339600e-03 -3.617189824581146240e-03 8.987847715616226196e-03
-1.267731189727783203e-02 6.106123328208923340e-04 6.516873836517333984e-04
-1.888830959796905518e-02 7.713817059993743896e-03 5.291432142257690430e-03
-2.486921846866607666e-02 1.444783061742782593e-02 4.814788699150085449e-03
-2.502682805061340332e-02 1.664873957633972168e-02 1.690766215324401855e-02
-1.748565584421157837e-02 1.622518151998519897e-02 2.487570047378540039e-03
-1.244247704744338989e-02 1.000498235225677490e-02 -5.817078053951263428e-04
-1.390743255615234375e-02 6.956525146961212158e-03 2.994522452354431152e-03
-1.978662610054016113e-02 6.050445139408111572e-03 8.424412459135055542e-03
-2.165337651968002319e-02 5.841545760631561279e-03 9.995233267545700073e-03
-1.961688697338104248e-02 1.151636987924575806e-02 -2.923663705587387085e-03
-9.064175188541412354e-03 1.358873397111892700e-02 -9.308241307735443115e-03
-2.146683633327484131e-03 1.237673312425613403e-02 -2.060464769601821899e-02
-5.311116576194763184e-03 6.103016436100006104e-03 -7.520526647567749023e-03
-2.798669040203094482e-03 -4.456363618373870850e-03 2.258203178644180298e-02
-3.728397190570831299e-03 -2.376027405261993408e-03 2.260977774858474731e-02
-6.811641156673431396e-03 -1.579366624355316162e-03 1.757171005010604858e-02
-1.073440909385681152e-02 -1.208193600177764893e-03 2.237499505281448364e-02
-6.483361124992370605e-03 7.298395037651062012e-03 1.064108684659004211e-02
-1.175659149885177612e-02 1.046494394540786743e-02 4.678625613451004028e-03
-9.167689830064773560e-03 1.089729368686676025e-02 -8.876875042915344238e-03
-5.563713610172271729e-03 1.772458106279373169e-02 -1.120343804359436035e-03
-3.365278244018554688e-03 1.423553004860877991e-02 -4.828650504350662231e-03
-5.190193653106689453e-03 1.392359286546707153e-02 -6.473150104284286499e-03
-1.049152016639709473e-02 1.399395987391471863e-02 -2.390872687101364136e-03
-1.027980819344520569e-02 1.219639927148818970e-02 -2.424046397209167480e-05
4.455626010894775391e-03 8.478641510009765625e-03 -2.819553017616271973e-03
1.110978424549102783e-03 3.460906445980072021e-03 -9.064510464668273926e-03
3.924854099750518799e-03 1.242346316576004028e-02 -5.433637648820877075e-03
7.342398166656494141e-04 1.183728128671646118e-02 -2.915255725383758545e-03
-6.377801299095153809e-03 4.366151988506317139e-03 -3.430817276239395142e-03
-1.174221932888031006e-02 -1.250490546226501465e-03 9.336221963167190552e-03
-1.108461245894432068e-02 -9.422622621059417725e-03 2.529928833246231079e-02
-9.708188474178314209e-03 2.199880778789520264e-03 1.294460147619247437e-02
-7.696099579334259033e-03 3.917001187801361084e-03 2.854317426681518555e-03
-9.036835283041000366e-03 -2.602517604827880859e-03 1.442244276404380798e-02
-1.137368753552436829e-02 -4.925854504108428955e-03 1.503564044833183289e-02
-4.842594265937805176e-03 4.483349621295928955e-03 -1.957148313522338867e-03
-7.718447595834732056e-03 1.039826869964599609e-02 -4.080556333065032959e-03
-8.769355714321136475e-03 1.184330880641937256e-02 -6.328936666250228882e-03
-1.150245591998100281e-02 1.425996422767639160e-02 -6.186731159687042236e-03
-1.506118103861808777e-02 1.797615736722946167e-02 -4.611149430274963379e-03
-2.245314791798591614e-02 2.538361772894859314e-02 2.338506281375885010e-03
-2.191034704446792603e-02 2.590988576412200928e-02 3.307595849037170410e-03
-2.011605724692344666e-02 1.568342745304107666e-02 3.303948789834976196e-03
-1.987565681338310242e-02 8.838929235935211182e-03 5.038402974605560303e-03
-1.841686666011810303e-02 4.586324095726013184e-03 6.161328405141830444e-03
-1.386599242687225342e-02 4.763387143611907959e-03 1.805339008569717407e-03
-1.318889111280441284e-02 8.406393229961395264e-03 -1.326046884059906006e-03
-1.445680484175682068e-02 1.433715224266052246e-02 -4.419833421707153320e-03
-1.691975817084312439e-02 1.654182747006416321e-02 -2.138357609510421753e-03
-1.751313731074333191e-02 1.644132286310195923e-02 -9.184256196022033691e-04
-7.699966430664062500e-03 9.088724851608276367e-03 4.044502973556518555e-03
-1.907110214233398438e-03 2.020291984081268311e-03 4.753783345222473145e-03
-5.281277000904083252e-03 -4.099197685718536377e-03 7.308315485715866089e-03
-4.045069217681884766e-04 -7.978186011314392090e-03 2.356823533773422241e-03
-8.287180215120315552e-03 -8.357435464859008789e-03 1.184947788715362549e-02
-4.936069250106811523e-03 -8.312366902828216553e-03 1.917392015457153320e-02
-1.058017462491989136e-02 -2.403743565082550049e-03 1.644149422645568848e-02
-8.962694555521011353e-03 -4.334479570388793945e-03 1.639843732118606567e-02
-7.083553820848464966e-03 -6.169840693473815918e-03 1.576548069715499878e-02
-1.287623867392539978e-02 1.557573676109313965e-03 1.312280818819999695e-02
-1.387929916381835938e-02 2.850912511348724365e-03 1.156390458345413208e-02
-1.542299985885620117e-02 2.696037292480468750e-03 1.510495692491531372e-02
-1.568084210157394409e-02 2.100229263305664062e-03 1.448804140090942383e-02
-1.589253544807434082e-02 3.354929387569427490e-03 1.231893897056579590e-02
-1.606884598731994629e-02 1.446492969989776611e-03 1.326509565114974976e-02
-1.740274578332901001e-02 3.590285778045654297e-03 1.407112926244735718e-02
-1.551064848899841309e-02 3.387115895748138428e-03 1.647127419710159302e-02
-1.174571365118026733e-02 -5.749613046646118164e-03 1.509267091751098633e-02
-1.143549382686614990e-02 -8.615754544734954834e-03 1.230238005518913269e-02
-1.177278161048889160e-02 -4.073143005371093750e-03 8.480671793222427368e-03
-1.290311664342880249e-02 3.013387322425842285e-04 2.241030335426330566e-03
-1.409751921892166138e-02 7.923416793346405029e-03 -6.190426647663116455e-03
-1.018041372299194336e-02 1.235827058553695679e-02 -1.252734288573265076e-02
-1.080042868852615356e-02 1.313029974699020386e-02 -1.298613101243972778e-02
-9.175665676593780518e-03 1.221190392971038818e-02 -1.389855891466140747e-02
-8.807487785816192627e-03 1.066821813583374023e-02 -1.051050052046775818e-02
-9.673155844211578369e-03 1.124905049800872803e-02 -5.416285246610641479e-03
-9.105533361434936523e-03 1.242005079984664917e-02 -8.908532559871673584e-03
-7.424443960189819336e-03 1.116269081830978394e-02 -1.466906815767288208e-02
-8.317604660987854004e-03 9.901225566864013672e-03 -1.468594744801521301e-02
-1.343445479869842529e-02 5.993209779262542725e-03 -4.082288593053817749e-03
-1.220860332250595093e-02 -5.200952291488647461e-04 6.007459014654159546e-03
-1.246925815939903259e-02 -2.304397523403167725e-03 9.984876960515975952e-03
-1.220729202032089233e-02 3.294669091701507568e-03 2.410411834716796875e-03
-1.535242795944213867e-02 9.044528007507324219e-03 2.249345183372497559e-03
-1.976905390620231628e-02 1.031118631362915039e-02 1.021875441074371338e-02
-2.231876924633979797e-02 1.012581586837768555e-02 8.100550621747970581e-03
-1.544263213872909546e-02 2.754345536231994629e-03 9.717412292957305908e-03
-1.273024827241897583e-02 3.002837300300598145e-03 8.471060544252395630e-03
-1.279756426811218262e-02 -6.252966821193695068e-03 2.098993957042694092e-02
-1.627355813980102539e-02 -1.216239482164382935e-02 3.520040214061737061e-02
-2.243451401591300964e-02 -1.623547822237014771e-02 2.778625488281250000e-02
-1.903085783123970032e-02 -1.158255338668823242e-02 2.965223044157028198e-02
-1.075803861021995544e-02 -1.513567566871643066e-02 3.104402869939804077e-02
-1.096282899379730225e-02 -7.412903010845184326e-03 1.398171111941337585e-02
-6.636101752519607544e-03 -1.443035900592803955e-03 2.634398639202117920e-03
-5.778178572654724121e-03 2.997368574142456055e-03 4.830103367567062378e-03
-4.536658525466918945e-03 3.876842558383941650e-03 6.123200058937072754e-03
2.331823110580444336e-03 6.660893559455871582e-04 1.808561384677886963e-03
-3.897354006767272949e-03 8.119687438011169434e-03 2.827115356922149658e-03
5.258172750473022461e-04 8.151635527610778809e-03 -7.697574794292449951e-03
-1.889988780021667480e-03 5.741618573665618896e-03 2.120207995176315308e-03
-6.101980805397033691e-03 8.174620568752288818e-03 2.110280096530914307e-03
-9.296078234910964966e-03 -1.303992420434951782e-02 2.226061373949050903e-02
-1.265559345483779907e-02 -1.092753559350967407e-02 2.725603431463241577e-02
-1.593302190303802490e-02 -1.072061806917190552e-02 2.687653154134750366e-02
-1.129064336419105530e-02 -6.841346621513366699e-03 2.346211671829223633e-02
-4.404179751873016357e-03 -6.385073065757751465e-03 2.128206938505172729e-02
4.576995968818664551e-03 -2.251453697681427002e-02 1.924655586481094360e-02
3.381371498107910156e-04 -9.300433099269866943e-03 3.922987729310989380e-03
-3.825128078460693359e-05 3.638356924057006836e-03 2.015028148889541626e-03
2.028502523899078369e-03 2.655312418937683105e-03 6.144307553768157959e-04
-6.297644227743148804e-03 -1.465064287185668945e-02 1.575596630573272705e-02
-1.093561202287673950e-02 2.073436975479125977e-03 -5.077157169580459595e-03
-1.440944522619247437e-02 1.311782374978065491e-02 -9.977556765079498291e-03
-1.843581721186637878e-02 2.795226871967315674e-03 -3.914158791303634644e-03
-2.261471375823020935e-02 -2.355873584747314453e-05 2.303011715412139893e-03
-2.257636934518814087e-02 -1.577809453010559082e-04 5.044557154178619385e-03
-1.967893913388252258e-02 -5.835071206092834473e-04 3.031339496374130249e-03
-1.750292256474494934e-02 2.102814614772796631e-03 1.654870808124542236e-03
-1.468524336814880371e-02 -4.109591245651245117e-04 -8.393190801143646240e-04
-1.401641964912414551e-02 -4.157423973083496094e-04 -5.372703075408935547e-03
-1.030587777495384216e-02 1.482479274272918701e-03 -1.146779954433441162e-02
-1.198698207736015320e-02 4.026733338832855225e-03 -1.066810637712478638e-02
-1.578661799430847168e-02 3.556720912456512451e-03 -6.075948476791381836e-03
-1.392456889152526855e-02 4.481874406337738037e-03 -7.495939731597900391e-03
-9.834408760070800781e-03 4.397235810756683350e-03 -9.917497634887695312e-03
-9.495005011558532715e-03 5.078606307506561279e-03 -7.792085409164428711e-03
-1.010160148143768311e-02 4.965968430042266846e-03 -5.452126264572143555e-03
-9.962871670722961426e-03 4.989482462406158447e-03 -7.737323641777038574e-03
-7.670372724533081055e-03 -1.887902617454528809e-04 -8.005753159523010254e-03
-2.697907388210296631e-03 1.386992633342742920e-03 -1.070064306259155273e-02
-5.244016647338867188e-03 4.236228764057159424e-03 -8.505970239639282227e-03
-6.568059325218200684e-03 6.788842380046844482e-03 -8.303567767143249512e-03
-2.920061349868774414e-03 6.913922727108001709e-03 -7.373973727226257324e-03
-1.528590917587280273e-03 8.607752621173858643e-03 -6.244406104087829590e-03
3.667175769805908203e-05 9.826466441154479980e-03 -5.107574164867401123e-03
-4.653491079807281494e-03 1.613960042595863342e-02 -2.671070396900177002e-03
-7.936716079711914062e-03 2.108126506209373474e-02 -6.709970533847808838e-03
-3.396220505237579346e-03 1.188115775585174561e-02 -2.227012813091278076e-02
-9.417280554771423340e-03 2.042002975940704346e-03 1.227669417858123779e-04
-1.257766038179397583e-02 5.047820508480072021e-03 9.159859269857406616e-03
1.286841928958892822e-03 2.944000065326690674e-03 -7.347919046878814697e-03
-8.953303098678588867e-03 1.538482680916786194e-02 -7.748760282993316650e-03
-6.618797779083251953e-03 7.367588579654693604e-03 -7.366202771663665771e-03
-4.170030355453491211e-03 4.089951515197753906e-03 -5.047947168350219727e-03
-2.076059579849243164e-03 5.019724369049072266e-03 -3.896147012710571289e-03
-4.587963223457336426e-03 9.083718061447143555e-03 -3.478940576314926147e-03
-5.845643579959869385e-03 1.024182140827178955e-02 -2.832893282175064087e-03
-7.144991308450698853e-03 7.096849381923675537e-03 2.374388277530670166e-03
-1.024020090699195862e-02 1.007914543151855469e-02 3.191005438566207886e-03
-1.393683627247810364e-02 9.815409779548645020e-03 4.637382924556732178e-03
-1.105719804763793945e-02 4.246458411216735840e-03 4.721928387880325317e-03
-1.422088220715522766e-02 2.135947346687316895e-03 9.637512266635894775e-03
-1.308349147439002991e-02 1.679964363574981689e-03 1.072619110345840454e-02
-9.655341506004333496e-03 -1.049473881721496582e-03 1.196413487195968628e-02
-7.839914411306381226e-03 -6.719641387462615967e-03 1.793424412608146667e-02
-1.011314988136291504e-02 -3.872685134410858154e-03 2.024000883102416992e-02
-1.293965056538581848e-02 -7.890462875366210938e-04 1.988839358091354370e-02
-4.737593233585357666e-03 -5.264066159725189209e-03 1.117985695600509644e-02
-5.455732345581054688e-03 -3.313280642032623291e-03 4.590693861246109009e-03
-6.619051098823547363e-03 4.283182322978973389e-03 3.485504537820816040e-03
-4.102863371372222900e-03 -3.202565014362335205e-03 6.527230143547058105e-04
-1.080764457583427429e-02 9.293630719184875488e-04 3.043513745069503784e-03
-6.202608346939086914e-03 3.632768988609313965e-03 -3.370437771081924438e-03
-8.982114493846893311e-03 6.046816706657409668e-03 -3.678508102893829346e-03
-9.751599282026290894e-03 9.731970727443695068e-03 -4.747055470943450928e-03
-1.342927291989326477e-02 1.922465860843658447e-02 -4.145305603742599487e-03
-1.941794529557228088e-02 2.502796798944473267e-02 -5.134463310241699219e-03
-1.363049447536468506e-02 2.140496671199798584e-02 -8.392397314310073853e-03
-8.653569966554641724e-03 1.834089308977127075e-02 -1.444689556956291199e-02
-7.527131587266921997e-03 1.903026178479194641e-02 -2.042919583618640900e-02
-7.881775498390197754e-03 1.934664696455001831e-02 -1.566747575998306274e-02
-1.072795689105987549e-02 1.797521486878395081e-02 -1.687054894864559174e-02
-9.604945778846740723e-03 1.559057086706161499e-02 -1.266039535403251648e-02
-1.073297485709190369e-02 8.908845484256744385e-03 -2.299621701240539551e-05
-1.162952929735183716e-02 7.610574364662170410e-03 3.200110048055648804e-03
-6.734386086463928223e-03 -1.074204593896865845e-02 9.320534765720367432e-03
-4.683852195739746094e-03 -1.101195812225341797e-02 6.355412304401397705e-03
-5.516171455383300781e-03 -1.236917078495025635e-02 8.749481290578842163e-03
-1.818436011672019958e-02 7.098495960235595703e-03 6.237953901290893555e-03
-1.863452419638633728e-02 4.740089178085327148e-03 9.494211524724960327e-03
-1.797192916274070740e-02 3.384493291378021240e-03 9.382821619510650635e-03
-1.154285296797752380e-02 7.473565638065338135e-03 -6.932843476533889771e-03
-1.251564174890518188e-02 1.169388741254806519e-02 -8.193626999855041504e-04
-7.171321660280227661e-03 4.958823323249816895e-03 -3.473833203315734863e-05
-7.677897810935974121e-03 2.012841403484344482e-03 5.980849266052246094e-03
-1.016771793365478516e-02 5.237251520156860352e-03 5.801413208246231079e-03
-9.378515183925628662e-03 5.684107542037963867e-03 4.954732954502105713e-03
-4.936441779136657715e-03 -5.169160664081573486e-03 -3.366265445947647095e-03
-1.190932095050811768e-02 -2.635933458805084229e-03 1.731490716338157654e-02
-1.811338961124420166e-02 9.698182344436645508e-03 6.877027451992034912e-03
-1.300550997257232666e-02 4.263028502464294434e-03 8.077360689640045166e-03
-6.847821176052093506e-03 -8.342653512954711914e-03 9.156480431556701660e-03
-6.995528936386108398e-03 -3.969252109527587891e-03 1.145634055137634277e-02
-7.282584905624389648e-03 -2.654530107975006104e-03 1.146975904703140259e-02
-9.893469512462615967e-03 3.155730664730072021e-03 9.227171540260314941e-03
-1.099895685911178589e-02 7.724903523921966553e-03 5.394801497459411621e-03
-7.410466670989990234e-03 4.567600786685943604e-03 5.874618887901306152e-03
-6.110750138759613037e-03 6.601512432098388672e-04 6.088465452194213867e-03
-8.568897843360900879e-03 1.095399260520935059e-03 6.000816822052001953e-03
-1.359332352876663208e-02 8.875630795955657959e-03 2.893336117267608643e-03
-1.638293266296386719e-02 1.064752042293548584e-02 3.076449036598205566e-03
-1.336290687322616577e-02 1.658745110034942627e-03 4.630587995052337646e-03
-1.181353628635406494e-02 3.017604351043701172e-03 3.020301461219787598e-03
-1.363421976566314697e-02 1.036973297595977783e-02 1.254066824913024902e-03
-1.113190501928329468e-02 1.201621443033218384e-02 1.546777784824371338e-03
-1.048702001571655273e-02 1.589033752679824829e-02 -1.068189740180969238e-03
-1.346305757761001587e-02 1.569741219282150269e-02 -5.389153957366943359e-04
-1.678024232387542725e-02 1.607476919889450073e-02 1.231290400028228760e-03
-1.876415684819221497e-02 1.807579025626182556e-02 -2.395659685134887695e-04
-1.573488861322402954e-02 1.787761971354484558e-02 -2.011876553297042847e-03
-1.286222413182258606e-02 1.178371906280517578e-02 2.104364335536956787e-03
-1.094282418489456177e-02 7.401548326015472412e-03 3.573156893253326416e-03
-6.837252527475357056e-03 8.131280541419982910e-03 -8.316338062286376953e-04
-5.937207490205764771e-03 9.742341935634613037e-03 -7.414370775222778320e-04
-7.235307246446609497e-03 1.286990940570831299e-02 -2.041805535554885864e-03
-7.317136973142623901e-03 1.411952450871467590e-02 -3.182359039783477783e-03
-9.308278560638427734e-03 1.143851131200790405e-02 -7.190220057964324951e-04
-1.321939006447792053e-02 1.595637574791908264e-02 -1.556791365146636963e-03
-1.021826267242431641e-02 1.265244930982589722e-02 -1.012091338634490967e-02
-8.340116590261459351e-03 1.649634167551994324e-02 -1.375538110733032227e-02
-7.969219237565994263e-03 5.346395075321197510e-03 -9.346120059490203857e-04
-5.956184118986129761e-03 6.995946168899536133e-03 2.093963325023651123e-03
-1.219464838504791260e-02 1.144830882549285889e-02 -1.212988048791885376e-03
-1.405138149857521057e-02 1.113729178905487061e-02 -6.310008466243743896e-04
-1.495792716741561890e-02 7.811613380908966064e-03 3.052417188882827759e-03
-1.515800878405570984e-02 4.409134387969970703e-03 1.071668043732643127e-02
-1.200709119439125061e-02 1.102693378925323486e-03 1.275386288762092590e-02
-5.932413041591644287e-03 -3.489926457405090332e-04 1.107693091034889221e-02
-6.192307919263839722e-03 4.208564758300781250e-03 6.440870463848114014e-03
-4.241921007633209229e-03 5.012698471546173096e-03 2.187840640544891357e-03
-6.573047488927841187e-03 9.029507637023925781e-03 3.326203674077987671e-03
1.537621021270751953e-03 3.832131624221801758e-04 4.502259194850921631e-03
-8.161231875419616699e-03 -8.693911135196685791e-03 3.812480717897415161e-03
-3.917686641216278076e-03 -1.408105343580245972e-02 8.844252675771713257e-03
-7.418394088745117188e-04 -1.029986143112182617e-02 8.520085364580154419e-03
-5.690306425094604492e-03 -3.361456096172332764e-03 5.055665969848632812e-04
-2.792276442050933838e-03 8.554577827453613281e-03 1.327615231275558472e-03
-7.319200783967971802e-03 1.076453924179077148e-02 9.521469473838806152e-04
-1.652707159519195557e-02 1.684448122978210449e-02 3.941271454095840454e-03
-1.803300902247428894e-02 1.676305755972862244e-02 1.488883048295974731e-03
-1.935673505067825317e-02 1.374873146414756775e-02 3.420118242502212524e-03
-2.103614062070846558e-02 8.676193654537200928e-03 1.018941029906272888e-02
-1.624681800603866577e-02 -4.248693585395812988e-04 1.249466463923454285e-02
-9.423919022083282471e-03 1.001007854938507080e-03 7.140036672353744507e-03
-6.041355431079864502e-03 2.790227532386779785e-03 4.560153931379318237e-03
-7.808346301317214966e-03 6.235711276531219482e-03 2.445954829454421997e-03
-1.102697849273681641e-02 1.341203600168228149e-02 -2.222415059804916382e-03
-7.733330130577087402e-04 1.997369900345802307e-02 -9.714927524328231812e-03
-5.621604621410369873e-03 3.141611814498901367e-04 6.291192024946212769e-03
-8.329633623361587524e-03 -1.361785829067230225e-02 2.150495350360870361e-02
-1.308494061231613159e-02 -7.362015545368194580e-03 2.438481152057647705e-02
-1.503423601388931274e-02 -8.994348347187042236e-03 1.343192160129547119e-02
-1.060586422681808472e-02 -4.950560629367828369e-03 1.111280918121337891e-02
-6.899312138557434082e-03 -6.466120481491088867e-03 4.219129681587219238e-03
-3.772288560867309570e-03 -1.843459904193878174e-03 2.493895590305328369e-03
-4.724338650703430176e-03 -7.078871130943298340e-04 3.341160714626312256e-03
-6.152883172035217285e-03 2.921707928180694580e-03 3.954596817493438721e-03
-7.620505988597869873e-03 4.951782524585723877e-03 2.906963229179382324e-03
-1.078304648399353027e-02 8.371002972126007080e-03 2.789705991744995117e-03
-1.663304120302200317e-02 1.093900203704833984e-02 7.228843867778778076e-03
-1.966226100921630859e-02 1.319302245974540710e-02 6.895743310451507568e-03
-1.929275691509246826e-02 1.476031169295310974e-02 2.799630165100097656e-03
-1.892742514610290527e-02 1.192947477102279663e-02 3.222189843654632568e-03
-1.908016204833984375e-02 6.811596453189849854e-03 8.140735328197479248e-03
-1.734347641468048096e-02 4.562564194202423096e-03 1.066340506076812744e-02
-1.322625577449798584e-02 9.299799799919128418e-03 1.117996126413345337e-02
-1.634953916072845459e-02 -8.746758103370666504e-04 2.763811498880386353e-03
-8.665025234222412109e-03 -6.173580884933471680e-03 1.623872295022010803e-02
-4.966437816619873047e-03 -2.235852181911468506e-03 3.686118870973587036e-03
4.749417304992675781e-03 -6.532892584800720215e-03 1.035980880260467529e-03
-2.986878156661987305e-03 -1.240635663270950317e-02 1.208569854497909546e-02
-4.105806350708007812e-03 -5.078606307506561279e-03 -6.460137665271759033e-04
-7.349744439125061035e-03 1.420163735747337341e-02 8.771084249019622803e-04
-1.392053812742233276e-02 1.408112794160842896e-02 -2.951674163341522217e-03
-1.123757660388946533e-02 9.169846773147583008e-03 -3.048721700906753540e-03
-8.358679711818695068e-03 3.463625907897949219e-03 -1.586887985467910767e-03
-1.286290958523750305e-02 2.182252705097198486e-03 -4.471987485885620117e-04
-1.472910866141319275e-02 2.675794064998626709e-03 1.004874706268310547e-03
-1.440122723579406738e-02 3.359630703926086426e-03 -7.528550922870635986e-04
-1.127809658646583557e-02 3.144748508930206299e-03 -2.573020756244659424e-03
-1.185839250683784485e-02 1.587510108947753906e-03 3.516301512718200684e-05
-1.290140673518180847e-02 1.682698726654052734e-03 1.433420926332473755e-03
-9.758722037076950073e-03 1.588709652423858643e-03 -1.012332737445831299e-03
-9.319636970758438110e-03 7.050558924674987793e-04 -9.675472974777221680e-04
-1.220927014946937561e-02 -3.042660653591156006e-03 8.333548903465270996e-04
-1.440222933888435364e-02 1.344203948974609375e-03 -3.182999789714813232e-04
-1.352500542998313904e-02 6.403192877769470215e-03 -2.632357180118560791e-03
-1.502858847379684448e-02 1.391058415174484253e-02 -8.131090551614761353e-03
-1.835974678397178650e-02 1.916619017720222473e-02 -1.190679520368576050e-02
-2.105503901839256287e-02 2.186622470617294312e-02 -1.495371200144290924e-02
-2.923604846000671387e-02 3.018329665064811707e-02 -1.389072835445404053e-02
-3.254267573356628418e-02 3.154620900750160217e-02 -1.215157657861709595e-02
-2.953064441680908203e-02 2.137058973312377930e-02 3.962889313697814941e-04
-2.705318108201026917e-02 1.665163040161132812e-02 7.758647203445434570e-03
-2.930482849478721619e-02 1.269555091857910156e-02 9.627047926187515259e-03
-2.259581163525581360e-02 1.510253176093101501e-02 3.556877374649047852e-03
-1.993456110358238220e-02 2.283742278814315796e-02 2.847988158464431763e-03
-2.077499777078628540e-02 2.643024176359176636e-02 -6.245523691177368164e-04
-1.565087959170341492e-02 9.106151759624481201e-03 4.369281232357025146e-03
-2.191818878054618835e-02 1.114115118980407715e-02 9.553097188472747803e-04
-2.379340305924415588e-02 3.467321395874023438e-03 2.371966838836669922e-04
-1.648624241352081299e-02 2.160099893808364868e-02 -9.328186511993408203e-03
-1.478601619601249695e-02 3.093975782394409180e-02 -1.396337710320949554e-02
-1.489422470331192017e-02 3.560920059680938721e-02 -1.649877242743968964e-02
-1.372533291578292847e-02 3.554677963256835938e-02 -2.457240596413612366e-02
-1.617581024765968323e-02 2.678889781236648560e-02 -9.428326040506362915e-03
-2.865250408649444580e-02 2.817067876458168030e-02 5.015622824430465698e-03
-3.068009763956069946e-02 3.143414855003356934e-02 -3.345917910337448120e-03
-1.889375224709510803e-02 3.131147101521492004e-02 -1.098846644163131714e-02
-4.505671560764312744e-03 2.406822144985198975e-02 -1.207587495446205139e-02
-3.854155540466308594e-03 9.200081229209899902e-03 -4.956975579261779785e-03
-5.957923829555511475e-03 -3.916762769222259521e-03 9.650103747844696045e-04
-7.252674549818038940e-03 2.565748989582061768e-03 -4.512969404458999634e-03
-1.346375420689582825e-02 9.896531701087951660e-03 -8.906386792659759521e-03
-1.653201133012771606e-02 1.280073076486587524e-02 -6.202101707458496094e-03
-2.047795057296752930e-02 2.113055437803268433e-02 -9.259924292564392090e-03
-2.429014444351196289e-02 2.847303450107574463e-02 -6.910458207130432129e-03
-2.036787569522857666e-02 2.294690907001495361e-02 1.279190182685852051e-03
-1.257526874542236328e-02 1.674585789442062378e-02 8.131228387355804443e-03
-8.976213634014129639e-03 2.684963494539260864e-02 -1.089885830879211426e-02
-1.830082386732101440e-02 1.312743872404098511e-02 5.327783524990081787e-03
-1.130044460296630859e-02 7.110871374607086182e-03 1.247990876436233521e-03
-2.086646854877471924e-02 1.885847002267837524e-02 -8.682474493980407715e-03
-3.060385584831237793e-03 1.337977498769760132e-02 -1.882678829133510590e-02
-2.242431044578552246e-03 2.959899604320526123e-03 -1.184846833348274231e-02
-7.276043295860290527e-03 -2.598114311695098877e-03 -1.086171343922615051e-02
-1.307047903537750244e-02 -3.451831638813018799e-03 -3.010522574186325073e-03
-1.541116833686828613e-02 1.366578787565231323e-02 -9.745903313159942627e-03
-1.537437736988067627e-02 2.971418946981430054e-02 -2.315209805965423584e-02
-1.447062194347381592e-02 3.626862913370132446e-02 -2.965398132801055908e-02
-1.911506056785583496e-03 3.266914933919906616e-02 -3.825214505195617676e-02
1.356777548789978027e-02 1.292917877435684204e-02 -4.398629814386367798e-02
1.794355362653732300e-02 6.283693015575408936e-03 -3.703580051660537720e-02
1.365836709737777710e-02 1.349227875471115112e-02 -3.036838769912719727e-02
-3.737807273864746094e-04 9.671218693256378174e-03 -2.103655785322189331e-02
-4.675209522247314453e-03 1.896136254072189331e-02 -2.216230332851409912e-02
4.494711756706237793e-04 2.800068631768226624e-02 -3.080969862639904022e-02
6.462655961513519287e-03 2.973992004990577698e-02 -4.045880958437919617e-02
5.100548267364501953e-03 2.360663190484046936e-02 -4.123829677700996399e-02
-5.032546818256378174e-03 2.666394785046577454e-02 -3.645836561918258667e-02
-1.337276026606559753e-02 2.500656619668006897e-02 -2.865396812558174133e-02
-6.060004234313964844e-03 1.252739131450653076e-02 -1.419710926711559296e-02
-6.869707256555557251e-03 6.857268512248992920e-03 -2.388976514339447021e-03
-1.373084262013435364e-02 1.637414097785949707e-03 -4.403751343488693237e-03
-1.528254523873329163e-02 1.684203743934631348e-04 1.617915928363800049e-03
-1.127078011631965637e-02 5.809515714645385742e-04 -7.224641740322113037e-04
-7.431402802467346191e-03 9.959638118743896484e-04 -8.797392249107360840e-03
4.962407052516937256e-03 2.291110157966613770e-02 -2.842389978468418121e-02
2.557314932346343994e-03 3.388562798500061035e-02 -4.137006402015686035e-02
-2.120062708854675293e-04 2.868157252669334412e-02 -3.648739308118820190e-02
2.360604703426361084e-03 1.235168427228927612e-02 -2.259177342057228088e-02
4.282221198081970215e-04 5.483627319335937500e-04 -1.264230906963348389e-02
-1.594312489032745361e-03 -1.301161944866180420e-03 -7.565651088953018188e-03
-4.507355391979217529e-03 -8.780360221862792969e-04 -6.616096943616867065e-03
-1.131720840930938721e-03 6.866604089736938477e-04 -1.200883463025093079e-02
9.176708757877349854e-03 4.206016659736633301e-03 -2.076360769569873810e-02
3.879778087139129639e-03 1.084085553884506226e-02 -2.289395593106746674e-02
-5.087934434413909912e-03 2.052396163344383240e-02 -2.386542409658432007e-02
-5.452074110507965088e-03 2.501673251390457153e-02 -2.541718818247318268e-02
8.438199758529663086e-03 2.205178886651992798e-02 -3.070650249719619751e-02
1.454214006662368774e-02 1.257900148630142212e-02 -2.764707989990711212e-02
1.493842154741287231e-02 9.794272482395172119e-03 -2.719270251691341400e-02
1.065595448017120361e-02 1.272467523813247681e-02 -2.827874571084976196e-02
8.521623909473419189e-03 1.515683159232139587e-02 -3.436001762747764587e-02
8.677177131175994873e-03 2.302548289299011230e-02 -4.512885957956314087e-02
8.758261799812316895e-03 2.071258798241615295e-02 -4.502624273300170898e-02
-4.163607954978942871e-04 2.244952321052551270e-02 -3.517608717083930969e-02
-1.996770501136779785e-03 1.528966799378395081e-02 -2.458499185740947723e-02
1.983523368835449219e-03 1.408289745450019836e-02 -1.669947430491447449e-02
-2.593740820884704590e-03 1.102338731288909912e-02 -1.410888321697711945e-02
-5.570046603679656982e-03 1.437174901366233826e-02 -1.386827416718006134e-02
-5.069792270660400391e-03 1.912697404623031616e-02 -1.849628239870071411e-02
6.177224218845367432e-03 2.177144587039947510e-02 -3.145501762628555298e-02
6.179653108119964600e-03 1.306989043951034546e-02 -3.181777149438858032e-02
2.813741564750671387e-03 1.342619955539703369e-02 -2.772508189082145691e-02
-5.258888006210327148e-03 1.482651010155677795e-02 -2.357878349721431732e-02
-9.127654135227203369e-03 1.964306831359863281e-02 -1.869881339371204376e-02
-1.368577778339385986e-02 1.424798741936683655e-02 -4.427108913660049438e-03
-1.419310271739959717e-02 5.794949829578399658e-03 2.851821482181549072e-04
-1.375526189804077148e-02 2.853743731975555420e-03 -3.000427037477493286e-03
-1.474148035049438477e-02 1.070230454206466675e-02 -1.021391153335571289e-02
-8.186876773834228516e-03 2.051084488630294800e-02 -2.283185720443725586e-02
-2.033360302448272705e-03 1.193802803754806519e-02 -2.249605208635330200e-02
-1.108044385910034180e-02 1.377562433481216431e-02 -1.355963572859764099e-02
-1.014271378517150879e-02 8.923090994358062744e-03 -6.165578961372375488e-03
-8.852936327457427979e-03 9.138323366641998291e-03 1.439042389392852783e-03
-1.478204131126403809e-02 3.695897758007049561e-03 1.354560256004333496e-03
-7.514119148254394531e-03 4.405133426189422607e-03 -4.220772534608840942e-03
-2.592206001281738281e-03 -1.142553985118865967e-03 -5.428068339824676514e-03
-5.560129880905151367e-03 1.122720539569854736e-03 -2.048820257186889648e-03
-3.725469112396240234e-03 -3.278926014900207520e-04 -7.040068507194519043e-03
6.367698311805725098e-03 -4.280768334865570068e-03 5.409829318523406982e-03
8.000202476978302002e-03 -1.441480964422225952e-02 -3.096222877502441406e-03
6.261467933654785156e-04 -2.068676054477691650e-03 -8.281648159027099609e-03
4.200145602226257324e-03 3.894828259944915771e-03 -1.256341114640235901e-02
3.232963383197784424e-03 3.357164561748504639e-03 -1.390970125794410706e-02
2.126693725585937500e-03 4.129864275455474854e-03 -1.252634450793266296e-02
1.501768827438354492e-03 -1.467242836952209473e-04 -9.050410240888595581e-03
1.032292842864990234e-03 1.553468406200408936e-03 -1.151551678776741028e-02
1.260071992874145508e-03 9.429864585399627686e-03 -1.477049291133880615e-02
3.990635275840759277e-03 1.417511329054832458e-02 -2.518455870449542999e-02
4.314884543418884277e-03 1.350113376975059509e-02 -2.952725812792778015e-02
-8.953519165515899658e-03 2.898427844047546387e-02 -3.121966123580932617e-02
-1.619650423526763916e-02 2.349927276372909546e-02 -2.207663841545581818e-02
-5.046173930168151855e-03 1.707349717617034912e-02 -2.088456787168979645e-02
9.002171456813812256e-03 2.020574733614921570e-02 -2.723269537091255188e-02
5.775377154350280762e-03 1.742463558912277222e-02 -2.059692330658435822e-02
5.904890596866607666e-03 1.452311873435974121e-02 -2.131454274058341980e-02
2.423778176307678223e-03 2.108091488480567932e-02 -2.748331986367702484e-02
-1.469887793064117432e-03 1.560160145163536072e-02 -1.890295557677745819e-02
-7.124003022909164429e-03 5.664661526679992676e-03 -1.581881195306777954e-03
-9.681034833192825317e-03 -3.418013453483581543e-03 -1.260519027709960938e-03
-9.645581245422363281e-03 -6.755314767360687256e-03 5.164407193660736084e-03
-4.001915454864501953e-03 -4.409857094287872314e-03 8.202828466892242432e-04
-1.255929470062255859e-03 7.549844682216644287e-03 -8.033350110054016113e-03
-4.373751580715179443e-03 1.498753577470779419e-02 -1.406855322420597076e-02
-4.857622087001800537e-03 8.944213390350341797e-03 -1.121655479073524475e-02
-6.774868816137313843e-03 1.344414800405502319e-02 -1.712713018059730530e-02
-8.954312652349472046e-03 9.434290230274200439e-03 -1.018042117357254028e-02
-1.563771814107894897e-02 -7.326886057853698730e-03 7.114969193935394287e-04
-1.813391596078872681e-02 -9.063884615898132324e-03 6.627153605222702026e-03
-2.209176868200302124e-02 -7.513128221035003662e-03 3.745630383491516113e-03
-8.610926568508148193e-03 1.924693956971168518e-02 -1.341080106794834137e-02
-8.754432201385498047e-03 2.387589588761329651e-02 -2.688881568610668182e-02
-1.417781785130500793e-02 2.984025329351425171e-02 -2.974551171064376831e-02
-1.785563677549362183e-02 3.099865466356277466e-02 -2.460060268640518188e-02
-1.538221165537834167e-02 2.691375464200973511e-02 -2.029217779636383057e-02
-7.870145142078399658e-03 2.492714673280715942e-02 -2.190372720360755920e-02
-2.170786261558532715e-03 1.840565353631973267e-02 -1.614997163414955139e-02
1.646168529987335205e-03 2.114719897508621216e-02 -1.898647472262382507e-02
3.199487924575805664e-03 2.463846653699874878e-02 -2.485401555895805359e-02
-8.713535964488983154e-03 2.991643175482749939e-02 -3.408955782651901245e-02
-7.009647786617279053e-03 2.061938121914863586e-02 -2.300813980400562286e-02
-6.472781300544738770e-03 1.754321530461311340e-02 -1.382430642843246460e-02
-4.467040300369262695e-03 2.473316341638565063e-02 -2.246032282710075378e-02
-6.930679082870483398e-04 2.891638875007629395e-02 -2.611029148101806641e-02
8.571945130825042725e-03 1.797668635845184326e-02 -2.508909441530704498e-02
1.307214796543121338e-02 1.405226439237594604e-02 -2.541099674999713898e-02
1.235526800155639648e-02 1.457135006785392761e-02 -2.762145362794399261e-02
3.972865641117095947e-03 1.895685493946075439e-02 -2.887246012687683105e-02
-3.782846033573150635e-03 2.869337052106857300e-02 -2.969783172011375427e-02
-9.287457913160324097e-03 1.786701381206512451e-02 -7.128458470106124878e-03
-6.828211247920989990e-03 2.069250494241714478e-02 -1.621641218662261963e-02
-1.190610229969024658e-03 2.305961400270462036e-02 -2.941908687353134155e-02
4.310071468353271484e-03 2.853486686944961548e-02 -3.125327080488204956e-02
1.512723416090011597e-02 2.103186398744583130e-02 -3.607487305998802185e-02
1.654201745986938477e-02 1.273062080144882202e-02 -2.784395217895507812e-02
1.095986366271972656e-02 8.644424378871917725e-03 -2.552071213722229004e-02
-2.394616603851318359e-05 5.675904452800750732e-03 -1.863592118024826050e-02
-5.353614687919616699e-03 6.884567439556121826e-03 -1.005128026008605957e-02
-4.991009831428527832e-03 2.310939133167266846e-03 -3.654100000858306885e-03
-1.067985594272613525e-02 -5.139224231243133545e-03 4.033468663692474365e-03
-9.325236082077026367e-03 -1.535363495349884033e-03 2.506777644157409668e-03
-3.831826150417327881e-03 1.574134081602096558e-02 -1.399504393339157104e-02
-7.027059793472290039e-03 2.492194622755050659e-02 -2.294226735830307007e-02
-1.425516605377197266e-02 3.546725958585739136e-02 -2.892334759235382080e-02
-1.104915142059326172e-02 2.229887992143630981e-02 -2.206054329872131348e-02
-2.429722994565963745e-02 1.628644019365310669e-02 2.172999083995819092e-03
-2.013317495584487915e-02 2.274267375469207764e-02 1.095857471227645874e-03
-1.239916682243347168e-02 1.674155145883560181e-02 -3.060325980186462402e-03
-5.654484033584594727e-03 1.048810780048370361e-03 3.031250089406967163e-03
1.153679192066192627e-02 -2.138716727495193481e-02 1.242998987436294556e-02
1.340027898550033569e-02 -2.303106337785720825e-02 6.413497030735015869e-03
-1.608505845069885254e-03 -7.252924144268035889e-03 1.035429537296295166e-03
-1.296669244766235352e-03 2.471998333930969238e-03 -3.572002053260803223e-03
-4.116132855415344238e-03 6.667792797088623047e-03 -4.611041396856307983e-03
-1.588407531380653381e-02 2.005767449736595154e-02 -3.567267209291458130e-03
-6.757996976375579834e-03 -9.991444647312164307e-03 1.835930347442626953e-02
-1.172545552253723145e-02 -4.455067217350006104e-03 7.688552141189575195e-03
-9.620904922485351562e-03 8.428916335105895996e-03 -8.725188672542572021e-04
-6.926778703927993774e-03 1.895531639456748962e-02 -1.083679497241973877e-02
-4.817292094230651855e-03 1.226307451725006104e-02 -1.150823757052421570e-02
-6.152249872684478760e-03 1.086514443159103394e-02 -1.059962064027786255e-02
-1.992397010326385498e-03 7.705621421337127686e-03 -7.333543151617050171e-03
-8.772492408752441406e-03 5.273103713989257812e-03 -5.478449165821075439e-04
-1.359859108924865723e-02 1.757768914103507996e-02 -2.575915306806564331e-03
-1.201070472598075867e-02 1.672330498695373535e-02 -4.560716450214385986e-03
-1.145222783088684082e-02 7.412768900394439697e-03 -2.858370542526245117e-03
-1.266449689865112305e-02 6.166122853755950928e-03 -2.572655677795410156e-03
-1.184508949518203735e-02 5.190692842006683350e-03 -6.206918507814407349e-03
-1.664920896291732788e-02 1.845344156026840210e-02 -6.038185209035873413e-03
1.926469802856445312e-02 -2.090349793434143066e-03 -2.107496000826358795e-02
1.004822552204132080e-02 3.202550113201141357e-03 -1.243578270077705383e-02
4.194706678390502930e-03 8.399643003940582275e-03 -1.228785142302513123e-02
-3.871187567710876465e-03 2.060320600867271423e-02 -1.687736995518207550e-02
-3.131307661533355713e-03 2.891606464982032776e-02 -2.792952023446559906e-02
-5.618110299110412598e-03 2.957691624760627747e-02 -3.036951273679733276e-02
-6.755739450454711914e-03 2.640273422002792358e-02 -2.944131195545196533e-02
-3.703288733959197998e-03 1.295658200979232788e-02 -2.132938429713249207e-02
-9.870257228612899780e-03 2.667150273919105530e-02 -1.964099705219268799e-02
-1.201235502958297729e-02 3.353199735283851624e-02 -2.228676714003086090e-02
2.647705376148223877e-03 2.835671976208686829e-02 -3.185603767633438110e-02
-1.265034079551696777e-03 3.315632790327072144e-02 -3.599142283201217651e-02
-2.077780663967132568e-03 2.836477011442184448e-02 -2.618390507996082306e-02
-4.834018647670745850e-03 1.182077080011367798e-02 -1.333829015493392944e-02
-5.825757980346679688e-04 1.222135126590728760e-02 -1.581793464720249176e-02
-2.517759799957275391e-03 1.496350392699241638e-02 -1.533783972263336182e-02
-5.239993333816528320e-03 1.748680695891380310e-02 -1.761840097606182098e-02
-7.772456854581832886e-03 1.940661296248435974e-02 -2.236192487180233002e-02
-1.975633203983306885e-03 1.301689445972442627e-02 -2.428454346954822540e-02
-1.550920307636260986e-03 1.643650978803634644e-02 -1.861746422946453094e-02
-1.065875217318534851e-02 9.695999324321746826e-03 -1.423054561018943787e-02
-1.032757759094238281e-02 8.795134723186492920e-03 -8.133649826049804688e-03
-6.199069321155548096e-03 9.627453982830047607e-03 -1.155848801136016846e-02
-5.139105021953582764e-03 1.234859228134155273e-03 -1.175554841756820679e-02
-9.402398020029067993e-03 6.015099585056304932e-03 -8.460387587547302246e-03
-9.447552263736724854e-03 6.403528153896331787e-03 -2.366803586483001709e-03
-1.181554794311523438e-02 4.618443548679351807e-03 3.789816051721572876e-03
-1.187126338481903076e-02 5.118526518344879150e-03 -3.450818359851837158e-03
-1.188811659812927246e-02 6.771795451641082764e-03 -6.774768233299255371e-03
-1.261672377586364746e-02 5.126886069774627686e-03 -1.089101657271385193e-02
-7.435858249664306641e-03 7.132582366466522217e-03 -1.070374995470046997e-02
-9.943127632141113281e-03 7.295288145542144775e-03 9.034313261508941650e-04
-1.879376173019409180e-02 1.588479429483413696e-02 -4.618432372808456421e-03
-2.367095649242401123e-02 2.129232138395309448e-02 -2.689611166715621948e-03
-1.794270426034927368e-02 2.978695183992385864e-02 -1.634881645441055298e-02
-2.181604504585266113e-02 2.312100678682327271e-02 -5.500551313161849976e-03
-2.358706295490264893e-02 1.724838465452194214e-02 -2.354510128498077393e-03
-2.076961100101470947e-02 1.686448603868484497e-02 -6.346009671688079834e-03
-1.858110725879669189e-02 1.504384726285934448e-02 -7.310666143894195557e-03
-1.892948150634765625e-02 6.691746413707733154e-03 -6.607435643672943115e-03
-1.665864139795303345e-02 3.496907651424407959e-03 -6.093252450227737427e-03
-1.291003823280334473e-02 1.608245074748992920e-03 -3.435362130403518677e-03
-9.106278419494628906e-03 4.168167710304260254e-03 -4.087530076503753662e-03
-1.148506999015808105e-04 -2.858914434909820557e-03 -1.555588096380233765e-03
-1.648202538490295410e-03 -2.120994031429290771e-03 1.016415655612945557e-03
-1.639783382415771484e-03 -5.248390138149261475e-03 2.311322838068008423e-03
-1.859933137893676758e-03 -6.855621933937072754e-03 3.496907651424407959e-03
-2.667881548404693604e-03 -5.545966327190399170e-03 4.173502326011657715e-03
-2.140864729881286621e-03 -5.843028426170349121e-03 3.290716558694839478e-03
-1.013875007629394531e-03 -4.706040024757385254e-03 6.439127027988433838e-04
-1.512251794338226318e-03 -3.033973276615142822e-03 -1.030329614877700806e-03
8.309632539749145508e-05 -4.202537238597869873e-03 -1.570165157318115234e-03
8.406341075897216797e-04 -3.855668008327484131e-03 -2.533935010433197021e-03
-1.438178122043609619e-03 -1.208633184432983398e-03 -3.536328673362731934e-03
-1.135990023612976074e-03 -1.791246235370635986e-03 -3.055047243833541870e-03
1.258291304111480713e-03 -3.927148878574371338e-03 -1.988153904676437378e-03
1.764245331287384033e-03 -4.974216222763061523e-03 -8.308701217174530029e-04
3.068335354328155518e-03 -7.530912756919860840e-03 3.429014235734939575e-03
2.966813743114471436e-03 -8.995383977890014648e-03 5.380295217037200928e-03
2.689421176910400391e-03 -7.617734372615814209e-03 4.977084696292877197e-03
4.570007324218750000e-03 -7.037863135337829590e-03 2.726655453443527222e-03
3.734402358531951904e-03 -3.364250063896179199e-03 -1.807622611522674561e-04
1.102566719055175781e-03 1.696355640888214111e-03 -2.765443176031112671e-03
-3.619730472564697266e-03 7.988035678863525391e-03 -4.596479237079620361e-03
-3.517024219036102295e-03 6.298765540122985840e-03 -3.261547535657882690e-03
2.306587994098663330e-03 -6.799548864364624023e-04 -4.021331667900085449e-03
4.565522074699401855e-03 -3.044903278350830078e-04 -8.404485881328582764e-03
-1.036971807479858398e-03 5.645021796226501465e-03 -1.082982867956161499e-02
-3.811761736869812012e-03 7.653281092643737793e-03 -1.277519762516021729e-02
-2.988025546073913574e-03 7.060676813125610352e-03 -1.477512903511524200e-02
-4.931464791297912598e-04 6.140157580375671387e-03 -1.377454586327075958e-02
2.880603075027465820e-03 -5.183368921279907227e-04 -1.072658598423004150e-02
3.022007644176483154e-03 -7.220603525638580322e-03 -8.268494158983230591e-03
1.685738563537597656e-03 -9.856380522251129150e-03 -4.576511681079864502e-03
9.828090667724609375e-03 -1.256705820560455322e-02 -3.149159252643585205e-03
1.089129596948623657e-02 -1.028153300285339355e-02 -5.253937095403671265e-03
1.085145026445388794e-02 -9.263962507247924805e-03 -3.668930381536483765e-03
-6.958693265914916992e-04 -6.434455513954162598e-03 -2.042789012193679810e-03
2.816863358020782471e-03 -8.417926728725433350e-03 -1.504927873611450195e-03
5.098134279251098633e-03 -1.628644764423370361e-03 -9.290441870689392090e-03
1.643918454647064209e-03 4.543252289295196533e-03 -1.257926225662231445e-02
6.019920110702514648e-04 4.900850355625152588e-03 -1.227424293756484985e-02
-5.119644105434417725e-03 2.184189856052398682e-03 -9.777572005987167358e-03
-4.643708467483520508e-03 6.673544645309448242e-03 -1.176648214459419250e-02
-3.876946866512298584e-03 1.120282709598541260e-02 -1.123276352882385254e-02
-4.951365292072296143e-03 5.924433469772338867e-03 -6.416454911231994629e-03
-1.942783594131469727e-03 2.275370061397552490e-03 -7.244605571031570435e-03
-2.113252878189086914e-03 2.858623862266540527e-03 -9.651541709899902344e-03
-7.214430719614028931e-03 4.309080541133880615e-03 -8.239556103944778442e-03
-9.149581193923950195e-03 5.893751978874206543e-03 -7.089793682098388672e-03
-1.098129153251647949e-02 9.134359657764434814e-03 -9.077873080968856812e-03
-1.469093561172485352e-02 6.821639835834503174e-03 -8.459676057100296021e-03
-1.326243579387664795e-02 7.211208343505859375e-03 -7.213734090328216553e-03
-1.564113795757293701e-02 1.061116158962249756e-02 -7.738221436738967896e-03
-1.428296416997909546e-02 9.930707514286041260e-03 -9.251683950424194336e-03
-1.007942855358123779e-02 3.311909735202789307e-03 -2.517506480216979980e-03
-1.411765068769454956e-02 2.589821815490722656e-04 1.564875245094299316e-03
-1.930589228868484497e-02 7.342763245105743408e-03 2.114959061145782471e-04
-1.952899247407913208e-02 1.832984387874603271e-02 -2.538420259952545166e-03
-9.272649884223937988e-03 1.634985953569412231e-02 -3.820262849330902100e-03
-1.216685026884078979e-02 1.761858910322189331e-02 -1.051890105009078979e-02
-2.830499410629272461e-02 1.920200139284133911e-02 1.570571213960647583e-03
-2.992032468318939209e-02 1.637948304414749146e-02 4.544232040643692017e-03
-2.876222133636474609e-02 1.686500012874603271e-02 4.858653992414474487e-03
-2.976211905479431152e-02 1.809197664260864258e-02 5.527019500732421875e-03
-2.623647451400756836e-02 1.449120044708251953e-02 8.110493421554565430e-03
-2.309431135654449463e-02 6.186895072460174561e-03 1.363175362348556519e-02
-2.323309332132339478e-02 5.209185183048248291e-03 1.149789988994598389e-02
-2.224440127611160278e-02 1.794758439064025879e-02 -4.551652818918228149e-03
-2.584032714366912842e-02 2.578762173652648926e-02 -7.368188351392745972e-03
-2.140362560749053955e-02 2.447313070297241211e-02 -1.056297123432159424e-02
-2.347670495510101318e-02 2.169211581349372864e-02 -5.352672189474105835e-03
-2.139152213931083679e-02 2.282821014523506165e-02 -7.160492241382598877e-03
-2.118192613124847412e-03 4.349641501903533936e-03 -6.536711007356643677e-03
-1.989703252911567688e-02 2.778970077633857727e-02 -1.076670736074447632e-02
-2.400624752044677734e-02 2.643856778740882874e-02 -9.725686162710189819e-03
-2.303776890039443970e-02 1.044015586376190186e-02 1.252125948667526245e-03
-2.186954021453857422e-02 7.954783737659454346e-03 6.286650896072387695e-04
-7.846958935260772705e-03 8.879333734512329102e-03 -1.024398952722549438e-03
4.272483289241790771e-03 1.175403594970703125e-02 -1.401723548769950867e-02
6.827414035797119141e-04 2.594828605651855469e-02 -2.005261741578578949e-02
9.621903300285339355e-04 2.885930612683296204e-02 -2.277838438749313354e-02
-8.094944059848785400e-03 3.545494005084037781e-02 -2.447263151407241821e-02
-1.559818536043167114e-02 4.384523257613182068e-02 -2.285879291594028473e-02
-1.934045180678367615e-02 3.638523444533348083e-02 -1.484363153576850891e-02
-5.601517856121063232e-03 2.276513352990150452e-02 -8.933834731578826904e-03
-7.976029068231582642e-03 5.338884890079498291e-03 1.395914703607559204e-03
-1.387710869312286377e-02 2.855509519577026367e-03 4.710704088211059570e-03
-2.764504775404930115e-02 2.394988387823104858e-02 -2.193190157413482666e-03
-1.977566257119178772e-02 3.136933967471122742e-02 -1.160492375493049622e-02
-1.046954840421676636e-02 2.689630910754203796e-02 -1.885558292269706726e-02
-1.189455389976501465e-03 2.637993916869163513e-02 -2.865722030401229858e-02
1.380194723606109619e-02 2.192647755146026611e-02 -3.879417479038238525e-02
1.688621938228607178e-02 2.100679278373718262e-02 -3.707674890756607056e-02
1.930283010005950928e-02 2.031376957893371582e-02 -3.936681896448135376e-02
1.834716647863388062e-02 2.022604644298553467e-02 -3.805659711360931396e-02
1.645703613758087158e-02 2.161652222275733948e-02 -3.615270555019378662e-02
7.160224020481109619e-03 1.907220482826232910e-02 -2.337703853845596313e-02
-9.148385375738143921e-03 1.068345457315444946e-02 -3.950584679841995239e-03
-1.334827765822410583e-02 7.439762353897094727e-03 1.696515828371047974e-03
-1.370196044445037842e-02 1.489783450961112976e-02 -3.692198544740676880e-03
-8.232828229665756226e-03 1.974657922983169556e-02 -1.497331820428371429e-02
-3.416776657104492188e-03 1.838364452123641968e-02 -2.054998651146888733e-02
-5.107156932353973389e-03 1.468554139137268066e-02 -1.795899495482444763e-02
-1.097114384174346924e-02 1.467070356011390686e-02 -1.475731097161769867e-02
-1.394182443618774414e-02 1.480960473418235779e-02 -8.516337722539901733e-03
-6.708469241857528687e-03 1.571059972047805786e-02 -2.122035808861255646e-02
2.971477806568145752e-03 2.124784141778945923e-02 -3.132908791303634644e-02
-9.277313947677612305e-04 3.177051618695259094e-02 -3.731672093272209167e-02
-4.957415163516998291e-03 3.141738101840019226e-02 -3.375495597720146179e-02
-4.145711660385131836e-03 3.112967312335968018e-02 -3.338631242513656616e-02
-7.686380296945571899e-03 2.999152615666389465e-02 -3.092177025973796844e-02
-4.041194915771484375e-03 2.609769254922866821e-02 -2.728090249001979828e-02
-1.168318092823028564e-03 2.861841768026351929e-02 -2.714571356773376465e-02
1.132778823375701904e-03 2.890854328870773315e-02 -2.606198564171791077e-02
-5.832165479660034180e-04 2.579317241907119751e-02 -2.241383492946624756e-02
-4.978820681571960449e-03 2.355264872312545776e-02 -1.754781603813171387e-02
-7.078617811203002930e-03 2.240239828824996948e-02 -1.552568376064300537e-02
-8.137404918670654297e-03 2.931330353021621704e-02 -2.200117707252502441e-02
-1.055947691202163696e-02 2.848044782876968384e-02 -2.394817769527435303e-02
-1.081628352403640747e-02 3.187181800603866577e-02 -2.610964328050613403e-02
-9.381398558616638184e-03 2.687429636716842651e-02 -1.928260922431945801e-02
-1.178939640522003174e-02 1.279481500387191772e-02 -7.840633392333984375e-03
-1.341933012008666992e-02 3.668777644634246826e-03 -4.095271229743957520e-03
-1.017183065414428711e-02 4.162333905696868896e-03 -1.149408519268035889e-03
-4.657864570617675781e-03 7.263533771038055420e-03 -1.002052798867225647e-02
-8.057951927185058594e-04 1.123588532209396362e-02 -2.427941188216209412e-02
3.495186567306518555e-03 -2.645477652549743652e-04 -1.865588128566741943e-02
8.009701967239379883e-03 1.036327332258224487e-02 -3.111183643341064453e-02
1.401737332344055176e-02 2.363284677267074585e-02 -4.372226446866989136e-02
7.002487778663635254e-03 1.080607622861862183e-02 -2.995695918798446655e-02
1.114003360271453857e-02 5.571685731410980225e-03 -2.393073588609695435e-02
7.525563240051269531e-03 4.884980618953704834e-03 -2.557259052991867065e-02
6.158366799354553223e-03 -8.850954473018646240e-03 -7.773540914058685303e-03
-2.697020769119262695e-03 -6.174929440021514893e-03 -1.897569745779037476e-03
-5.253918468952178955e-03 6.105355918407440186e-03 -1.149788498878479004e-02
-1.734048128128051758e-04 4.809491336345672607e-03 -1.350381784141063690e-02
4.561960697174072266e-03 1.805581152439117432e-03 -1.761938072741031647e-02
3.516159951686859131e-03 -2.128526568412780762e-03 -1.371648348867893219e-02
1.951828598976135254e-04 1.730494201183319092e-03 -1.219583302736282349e-02
3.567121922969818115e-03 1.309022307395935059e-03 -1.280907168984413147e-02
7.061667740345001221e-03 2.623938024044036865e-03 -1.499040424823760986e-02
7.418818771839141846e-03 6.320327520370483398e-04 -1.307470723986625671e-02
7.632173597812652588e-03 -3.494255244731903076e-03 -1.198013126850128174e-02
8.968181908130645752e-03 4.072397947311401367e-03 -2.321358583867549896e-02
6.477132439613342285e-03 1.055289059877395630e-02 -2.884844318032264709e-02
5.182817578315734863e-03 1.174957305192947388e-02 -2.751180529594421387e-02
8.440449833869934082e-03 7.080778479576110840e-03 -2.513269148766994476e-02
7.830791175365447998e-03 3.889642655849456787e-03 -2.407999895513057709e-02
6.149411201477050781e-03 9.357631206512451172e-03 -2.794139087200164795e-02
7.216915488243103027e-03 1.143571734428405762e-02 -2.989546768367290497e-02
7.043749094009399414e-03 1.173716783523559570e-02 -2.861229702830314636e-02
1.019777357578277588e-02 5.272775888442993164e-03 -2.013789676129817963e-02
1.096245646476745605e-02 2.290166914463043213e-03 -1.751880533993244171e-02
1.093622297048568726e-02 6.006762385368347168e-03 -1.918181590735912323e-02
1.133369654417037964e-02 8.159726858139038086e-03 -1.788391545414924622e-02
1.224676519632339478e-02 2.395056188106536865e-03 -9.255055338144302368e-03
1.784316450357437134e-02 -3.004260361194610596e-03 -1.048572361469268799e-02
1.475855708122253418e-02 2.142697572708129883e-03 -1.709707081317901611e-02
1.157177239656448364e-02 6.151847541332244873e-03 -2.132339589297771454e-02
1.096076518297195435e-02 2.942256629467010498e-03 -1.885380223393440247e-02
8.002832531929016113e-03 4.922941327095031738e-03 -2.074821107089519501e-02
3.830738365650177002e-03 1.067355275154113770e-02 -2.570962347090244293e-02
3.026165068149566650e-03 1.673409715294837952e-02 -3.156413882970809937e-02
1.862883567810058594e-03 2.495583146810531616e-02 -3.678578510880470276e-02
4.697389900684356689e-03 2.896751463413238525e-02 -4.253310337662696838e-02
-5.665086209774017334e-03 1.769834756851196289e-02 -8.197408169507980347e-03
-1.300335675477981567e-02 1.903139427304267883e-02 -3.258809447288513184e-04
-2.069036290049552917e-02 2.673548087477684021e-02 -6.489045917987823486e-03
-7.095977663993835449e-03 2.614863216876983643e-02 -2.556533925235271454e-02
-2.608702704310417175e-02 3.039970993995666504e-02 -1.114574447274208069e-02
-1.499278098344802856e-02 -4.302725195884704590e-03 7.432363927364349365e-03
-8.848901838064193726e-03 -1.008687913417816162e-02 1.104082539677619934e-02
-1.051339134573936462e-02 -6.359323859214782715e-03 1.129218563437461853e-02
-1.126312837004661560e-02 -7.535018026828765869e-03 1.103807613253593445e-02
-9.275261312723159790e-03 2.176508307456970215e-03 1.054956018924713135e-02
-1.065306365489959717e-02 8.449122309684753418e-03 6.928939372301101685e-03
-1.132623478770256042e-02 8.089743554592132568e-03 3.282062709331512451e-03
-1.753438264131546021e-02 1.827351003885269165e-02 -1.354165375232696533e-03
-2.058061212301254272e-02 2.162352576851844788e-02 -8.049085736274719238e-04
-1.985159516334533691e-02 2.182368189096450806e-02 -5.064263939857482910e-03
-1.737082749605178833e-02 2.244208753108978271e-02 -8.282143622636795044e-03
-1.420536637306213379e-02 2.120798081159591675e-02 -1.010499894618988037e-02
-1.834430173039436340e-02 2.299823611974716187e-02 -1.912105828523635864e-03
-1.807475090026855469e-02 2.119308337569236755e-02 1.701831817626953125e-03
-1.630232483148574829e-02 1.962983608245849609e-02 -1.441944390535354614e-03
-1.364406198263168335e-02 1.898166537284851074e-02 -3.329448401927947998e-03
-1.371705159544944763e-02 1.828277856111526489e-02 -1.864992082118988037e-03
-1.604424417018890381e-02 1.912671327590942383e-02 -1.700848340988159180e-03
