1.568212360143661499e-02 -1.190367992967367172e-02 5.730587244033813477e-01
2.134148776531219482e-02 -4.000368062406778336e-03 6.739524602890014648e-01
3.274951130151748657e-02 -6.741262041032314301e-04 6.491144299507141113e-01
2.732739970088005066e-02 -4.861093475483357906e-04 6.055204272270202637e-01
2.399702742695808411e-02 -2.818298060446977615e-03 6.654080748558044434e-01
1.325271744281053543e-02 2.267031231895089149e-03 8.495439291000366211e-01
3.877812298014760017e-03 -2.943422878161072731e-03 8.896822929382324219e-01
6.948965135961771011e-03 -1.596161164343357086e-03 9.691541790962219238e-01
9.091659449040889740e-03 -5.351806990802288055e-03 9.718403220176696777e-01
1.474772579967975616e-03 -6.359977647662162781e-03 8.570042848587036133e-01
-1.684490218758583069e-02 8.842040784657001495e-03 7.276262640953063965e-01
-1.230444572865962982e-02 1.534580835141241550e-03 7.452747821807861328e-01
-4.235954023897647858e-03 7.097471505403518677e-03 7.870768308639526367e-01
-2.065055072307586670e-03 9.498885832726955414e-03 7.773626446723937988e-01
-1.426806021481752396e-02 -9.098229929804801941e-05 7.592876553535461426e-01
-1.620891690254211426e-02 -5.570998415350914001e-03 6.964749693870544434e-01
-1.597665995359420776e-02 -2.607486676424741745e-03 6.850370764732360840e-01
-9.555810131132602692e-03 -1.120209507644176483e-02 7.355378270149230957e-01
-1.910093612968921661e-02 -1.700667105615139008e-02 8.211752176284790039e-01
-2.973731420934200287e-02 -2.533051371574401855e-02 9.256730079650878906e-01
-3.433557599782943726e-02 -3.085045516490936279e-02 8.583285808563232422e-01
-4.176378622651100159e-02 -2.532963268458843231e-02 8.096709251403808594e-01
-3.517948836088180542e-02 -2.194356918334960938e-02 9.297673702239990234e-01
-4.256293922662734985e-02 -8.064863272011280060e-03 9.484956264495849609e-01
-2.668296918272972107e-02 -9.544051252305507660e-03 9.727746844291687012e-01
-1.649337261915206909e-02 -9.029753506183624268e-03 1.014468669891357422e+00
-2.108896337449550629e-02 -1.193231344223022461e-02 1.051062226295471191e+00
-3.368315845727920532e-02 -2.750883251428604126e-02 1.075551390647888184e+00
-2.925265952944755554e-02 -2.453114837408065796e-02 1.012329816818237305e+00
-1.877090148627758026e-02 -2.868219092488288879e-02 1.063597202301025391e+00
-1.402342971414327621e-02 -3.431805223226547241e-02 1.088559865951538086e+00
-2.017760090529918671e-02 -3.774255886673927307e-02 1.039949297904968262e+00
-2.974964678287506104e-02 -2.972273901104927063e-02 9.420126676559448242e-01
-2.989664673805236816e-02 -2.890880778431892395e-02 9.138068556785583496e-01
-3.193874657154083252e-02 -2.249031886458396912e-02 9.035115838050842285e-01
-3.192543983459472656e-02 -2.111056819558143616e-02 9.189784526824951172e-01
-2.527439966797828674e-02 -2.150355465710163116e-02 9.437159299850463867e-01
-1.927603222429752350e-02 -1.748701371252536774e-02 9.486107230186462402e-01
-6.265045143663883209e-03 -1.755893975496292114e-02 9.574804306030273438e-01
-6.076194345951080322e-03 -2.094371430575847626e-02 9.624613523483276367e-01
-7.471900433301925659e-03 -2.303024753928184509e-03 9.779299497604370117e-01
-1.369997765868902206e-02 -6.922520697116851807e-03 8.703915476799011230e-01
-2.017817273736000061e-02 -1.689832285046577454e-02 8.973985314369201660e-01
-2.093983441591262817e-02 6.645272485911846161e-03 8.237229585647583008e-01
-5.795975215733051300e-03 7.333240471780300140e-03 8.080871105194091797e-01
8.396338671445846558e-04 6.395716220140457153e-03 8.223217725753784180e-01
-2.015450038015842438e-03 1.704743318259716034e-02 8.160467147827148438e-01
-2.036249265074729919e-02 1.306872349232435226e-02 8.086535334587097168e-01
-3.285958245396614075e-02 3.208846319466829300e-03 7.853400111198425293e-01
-2.569580823183059692e-02 -5.174291785806417465e-03 7.926415205001831055e-01
-1.146736182272434235e-02 1.254883315414190292e-02 7.451075911521911621e-01
1.946009695529937744e-03 1.774356514215469360e-02 6.960584521293640137e-01
-2.814635634422302246e-03 1.021776907145977020e-02 8.025149703025817871e-01
-6.564713548868894577e-03 1.795305497944355011e-02 7.917969822883605957e-01
-3.390087746083736420e-03 1.211756095290184021e-02 7.031968235969543457e-01
-7.461271248757839203e-03 5.891312379390001297e-03 7.062323093414306641e-01
-9.349232539534568787e-03 3.698982996866106987e-03 7.350729703903198242e-01
-1.852493733167648315e-02 1.915894821286201477e-02 7.804416418075561523e-01
-1.973726041615009308e-02 2.156321518123149872e-02 7.803781628608703613e-01
-2.644585631787776947e-02 1.936909928917884827e-02 8.003560900688171387e-01
-3.825360536575317383e-02 1.572329923510551453e-02 7.648998498916625977e-01
-2.108815126121044159e-02 8.786260150372982025e-03 7.867940664291381836e-01
-1.824971288442611694e-03 1.481924671679735184e-03 7.401005625724792480e-01
9.163213893771171570e-03 -7.285301107913255692e-03 7.564868330955505371e-01
8.851330727338790894e-03 -1.009594369679689407e-02 6.899334192276000977e-01
-4.841172136366367340e-03 8.534093503840267658e-04 7.221613526344299316e-01
4.061216954141855240e-03 3.324068384245038033e-03 8.816947340965270996e-01
1.809181459248065948e-02 -7.260370533913373947e-03 8.074824213981628418e-01
-1.289294799789786339e-03 2.621676074340939522e-03 8.260431289672851562e-01
1.086143963038921356e-02 9.333323687314987183e-03 1.023203730583190918e+00
1.699829846620559692e-02 -1.066985260695219040e-02 9.943667054176330566e-01
-7.399113848805427551e-03 1.049968041479587555e-02 8.700690865516662598e-01
2.604161389172077179e-03 -4.963625222444534302e-03 7.965114712715148926e-01
3.736550919711589813e-03 -1.113217882812023163e-02 7.978016138076782227e-01
1.007676962763071060e-02 -1.469812449067831039e-02 8.660918474197387695e-01
2.774186059832572937e-02 -7.197769358754158020e-03 1.016337633132934570e+00
1.364683359861373901e-02 -2.364373952150344849e-02 9.649868607521057129e-01
1.202452555298805237e-02 -2.521905116736888885e-02 9.044276475906372070e-01
2.983493730425834656e-02 -2.759619802236557007e-02 9.057154059410095215e-01
3.272008895874023438e-02 -2.401164174079895020e-02 8.780918717384338379e-01
2.972579188644886017e-02 -1.848245970904827118e-02 9.083246588706970215e-01
3.943490982055664062e-02 -2.213066816329956055e-02 9.975443482398986816e-01
3.456693142652511597e-02 -3.145133703947067261e-02 1.040478825569152832e+00
2.943165041506290436e-02 -3.686657920479774475e-02 1.036721348762512207e+00
3.132966533303260803e-02 -3.454240411520004272e-02 9.976478815078735352e-01
3.501138463616371155e-02 -3.391996398568153381e-02 9.851262569427490234e-01
3.224248439073562622e-02 -3.025987558066844940e-02 9.969742298126220703e-01
3.159513324499130249e-02 -2.687483653426170349e-02 1.002438783645629883e+00
3.040669113397598267e-02 -2.728930488228797913e-02 9.942580461502075195e-01
3.031018935143947601e-02 -2.570657432079315186e-02 9.902710914611816406e-01
2.916380390524864197e-02 -2.792315743863582611e-02 1.025508761405944824e+00
2.661826647818088531e-02 -3.017671965062618256e-02 1.039524555206298828e+00
1.811640337109565735e-02 -2.720928378403186798e-02 1.030923485755920410e+00
1.354991644620895386e-02 -2.423131465911865234e-02 1.026319026947021484e+00
1.481152977794408798e-02 -2.415131777524948120e-02 1.032638192176818848e+00
1.758348010480403900e-02 -2.174936607480049133e-02 1.031803131103515625e+00
9.321838617324829102e-03 -1.803970150649547577e-02 1.021189570426940918e+00
-4.597550258040428162e-03 -1.612614095211029053e-02 9.925459623336791992e-01
-1.423210091888904572e-02 -1.468818914145231247e-02 9.566376805305480957e-01
-1.612836867570877075e-02 -1.516000647097826004e-02 9.595744013786315918e-01
-1.343571580946445465e-02 -1.875113882124423981e-02 9.858447313308715820e-01
-8.643406443297863007e-03 -1.879797317087650299e-02 9.943359494209289551e-01
-4.829564131796360016e-03 -1.750523969531059265e-02 9.831408262252807617e-01
-7.067679427564144135e-03 -1.686103455722332001e-02 9.979081749916076660e-01
-7.441717199981212616e-03 -1.522680744528770447e-02 9.967328906059265137e-01
-6.072851829230785370e-03 -1.310104317963123322e-02 9.458335041999816895e-01
-5.410641897469758987e-03 -1.351991854608058929e-02 9.886716604232788086e-01
-8.665757253766059875e-03 -1.382425893098115921e-02 1.050706744194030762e+00
-1.005037128925323486e-02 -1.458131335675716400e-02 1.062081217765808105e+00
-1.173540484160184860e-02 -1.439775992184877396e-02 1.023328423500061035e+00
-1.582760177552700043e-02 -1.229374390095472336e-02 9.636288285255432129e-01
-1.843200623989105225e-02 -1.205255649983882904e-02 9.028935432434082031e-01
-1.996843330562114716e-02 -6.639860104769468307e-03 8.906954526901245117e-01
-2.719783782958984375e-02 -4.127906635403633118e-03 9.286061525344848633e-01
-2.679812908172607422e-02 -1.100884098559617996e-02 9.152131080627441406e-01
-2.114936523139476776e-02 -2.420027181506156921e-02 9.695331454277038574e-01
-5.558883771300315857e-03 -2.013891935348510742e-02 1.044717311859130859e+00
-4.765753634274005890e-03 -2.302231825888156891e-02 1.035665988922119141e+00
-6.483380217105150223e-03 -2.251402661204338074e-02 1.047259807586669922e+00
-1.258569490164518356e-02 -2.338871732354164124e-02 9.927082061767578125e-01
-1.356415078043937683e-02 -1.647407189011573792e-02 9.287211298942565918e-01
-1.348646730184555054e-02 -1.863976567983627319e-02 9.099331498146057129e-01
-1.495025493204593658e-02 -2.454558946192264557e-02 8.535549640655517578e-01
-2.674960345029830933e-02 -2.273057959973812103e-02 8.584116101264953613e-01
-2.907618880271911621e-02 -2.189626172184944153e-02 9.239168167114257812e-01
-2.085001766681671143e-02 -1.764782331883907318e-02 9.569728374481201172e-01
-2.238983660936355591e-02 -2.264924533665180206e-02 9.932726621627807617e-01
-1.486205309629440308e-02 -2.520429529249668121e-02 1.030267477035522461e+00
-4.112878814339637756e-03 -1.433529797941446304e-02 1.052139639854431152e+00
-7.218076381832361221e-03 -1.865631341934204102e-02 1.040419578552246094e+00
-1.307977642863988876e-02 -2.892471477389335632e-02 1.038181543350219727e+00
-1.959516853094100952e-02 -3.529394418001174927e-02 1.012318372726440430e+00
-2.014468982815742493e-02 -3.148108720779418945e-02 9.516711831092834473e-01
-1.470464374870061874e-02 -3.017630800604820251e-02 9.171998500823974609e-01
-2.073904126882553101e-02 -2.716511115431785583e-02 8.969566822052001953e-01
-1.799010857939720154e-02 -2.843276970088481903e-02 9.424538016319274902e-01
-1.303611136972904205e-02 -3.068053349852561951e-02 9.773242473602294922e-01
-1.917285844683647156e-02 -2.974144741892814636e-02 9.487201571464538574e-01
-2.233600430190563202e-02 -3.492955490946769714e-02 9.776228070259094238e-01
-1.768295839428901672e-02 -3.282541781663894653e-02 9.930644631385803223e-01
2.416478469967842102e-03 -2.607723139226436615e-02 1.065292239189147949e+00
-1.172243431210517883e-02 -2.107242867350578308e-02 1.001465559005737305e+00
-3.858972340822219849e-02 -3.121588192880153656e-02 9.998818635940551758e-01
-4.958782345056533813e-02 -2.699306048452854156e-02 9.009538888931274414e-01
-4.382484033703804016e-02 -1.233073044568300247e-02 8.100260496139526367e-01
-3.604944050312042236e-02 -3.350377548485994339e-03 7.950196266174316406e-01
-3.351934999227523804e-02 -5.500216502696275711e-04 8.120741248130798340e-01
-2.659857273101806641e-02 -5.044534336775541306e-04 8.952456712722778320e-01
-2.220778912305831909e-02 -9.636556729674339294e-03 8.532338738441467285e-01
-2.844782918691635132e-02 -1.649075560271739960e-02 7.745319604873657227e-01
-3.610015660524368286e-02 -1.718067564070224762e-02 7.313379645347595215e-01
-5.670917034149169922e-02 -1.257778424769639969e-02 7.868384718894958496e-01
-5.113143473863601685e-02 -1.350855082273483276e-02 8.710730075836181641e-01
-5.455058068037033081e-02 -8.933392353355884552e-03 9.520199894905090332e-01
-4.571151360869407654e-02 -1.251446455717086792e-02 9.425394535064697266e-01
-4.046736657619476318e-02 -1.317523512989282608e-02 8.784971237182617188e-01
-5.391599610447883606e-02 -1.129004545509815216e-02 7.981195449829101562e-01
-4.451915621757507324e-02 -1.181947905570268631e-02 7.928680777549743652e-01
-5.216247588396072388e-02 2.460532123222947121e-03 7.627235651016235352e-01
-5.608449876308441162e-02 7.265422493219375610e-03 8.226801753044128418e-01
-5.162582546472549438e-02 4.838600289076566696e-03 8.633710741996765137e-01
-5.055170506238937378e-02 2.792555605992674828e-04 8.792143464088439941e-01
-4.372030496597290039e-02 -9.831558912992477417e-03 9.009343385696411133e-01
-3.202545270323753357e-02 -2.491063252091407776e-02 8.679242730140686035e-01
-5.643344484269618988e-03 -2.875299192965030670e-02 8.465730547904968262e-01
-3.749113064259290695e-03 -2.652471885085105896e-02 8.344460129737854004e-01
-1.132526528090238571e-02 -1.403953507542610168e-02 8.311901092529296875e-01
-6.383274216204881668e-03 -5.506028886884450912e-03 8.303986191749572754e-01
1.729621551930904388e-03 -8.220115676522254944e-03 8.018375039100646973e-01
-8.063937537372112274e-03 -3.426376031711697578e-03 7.961693406105041504e-01
-7.699252106249332428e-03 -2.990600187331438065e-04 8.202281594276428223e-01
-1.073210220783948898e-02 -8.299552835524082184e-03 8.716318011283874512e-01
-1.247056387364864349e-02 -1.176808960735797882e-02 9.654150009155273438e-01
-1.288481242954730988e-02 -6.984776817262172699e-03 9.671468138694763184e-01
-1.874247938394546509e-02 3.485569730401039124e-03 8.998765349388122559e-01
-2.776321023702621460e-02 -8.541753049939870834e-04 8.704645037651062012e-01
-1.586581766605377197e-02 -1.448981929570436478e-02 8.733389973640441895e-01
4.188315942883491516e-04 -1.791445538401603699e-02 8.261932730674743652e-01
1.658933982253074646e-02 -2.437425777316093445e-02 7.779613137245178223e-01
9.459020569920539856e-03 -2.385405823588371277e-02 8.116374611854553223e-01
-1.176624000072479248e-02 -9.071125648915767670e-03 8.599613904953002930e-01
-7.596272043883800507e-03 3.646055236458778381e-03 8.129863739013671875e-01
-9.859545156359672546e-03 6.679738871753215790e-03 7.310715913772583008e-01
-5.656307563185691833e-03 8.492754772305488586e-03 6.433402299880981445e-01
-5.157657898962497711e-03 3.745757043361663818e-03 5.154664516448974609e-01
-2.343159541487693787e-02 1.877574995160102844e-02 4.539569914340972900e-01
-3.823313117027282715e-02 3.034192882478237152e-02 4.470869302749633789e-01
-4.131441190838813782e-02 2.727658674120903015e-02 5.055608749389648438e-01
-4.488513991236686707e-02 3.676389157772064209e-02 5.456226468086242676e-01
-2.819100581109523773e-02 3.243227675557136536e-02 4.989260435104370117e-01
-1.857472956180572510e-02 3.223980590701103210e-02 4.766586422920227051e-01
-2.982504852116107941e-02 2.761089988052845001e-02 4.509139955043792725e-01
-4.203172028064727783e-02 2.143187634646892548e-02 5.113592743873596191e-01
-3.316511586308479309e-02 8.906914852559566498e-03 5.703944563865661621e-01
-2.021628618240356445e-02 6.803770549595355988e-03 5.558557510375976562e-01
-1.373440120369195938e-02 7.037286646664142609e-03 5.425220727920532227e-01
-2.046861685812473297e-02 8.931808173656463623e-03 5.110194683074951172e-01
-1.961360499262809753e-02 5.209292285144329071e-04 5.320948362350463867e-01
-2.420749515295028687e-02 6.896595936268568039e-03 5.345274209976196289e-01
-2.450649254024028778e-02 7.463193498551845551e-03 5.465590357780456543e-01
-1.770033501088619232e-02 5.019563715904951096e-03 5.250302553176879883e-01
-3.957359120249748230e-03 7.355105131864547729e-03 4.630857706069946289e-01
-3.904805518686771393e-03 8.911523967981338501e-03 4.345037341117858887e-01
-5.199675448238849640e-03 1.084444019943475723e-02 4.677085280418395996e-01
-9.879718534648418427e-03 2.107333950698375702e-02 5.125871896743774414e-01
-1.208761706948280334e-02 2.232031151652336121e-02 5.720142126083374023e-01
-1.825320348143577576e-02 1.973841711878776550e-02 6.030334830284118652e-01
-1.257888413965702057e-02 1.807382330298423767e-02 6.265179514884948730e-01
-8.602093905210494995e-03 1.348942145705223083e-02 6.737338304519653320e-01
-5.615130066871643066e-04 -1.324974582530558109e-04 6.976812481880187988e-01
-3.646295517683029175e-04 -1.045587100088596344e-02 7.599422335624694824e-01
-3.675670363008975983e-03 -2.774832304567098618e-03 8.424800038337707520e-01
-7.269167806953191757e-03 3.109400859102606773e-03 9.161773920059204102e-01
-8.949501439929008484e-03 1.856385497376322746e-03 9.010100960731506348e-01
-7.379940710961818695e-03 3.288077190518379211e-03 8.603780269622802734e-01
-1.985686458647251129e-02 -5.778821185231208801e-03 7.994799017906188965e-01
-2.850867807865142822e-02 6.571658886969089508e-03 7.823367118835449219e-01
-1.961112208664417267e-02 5.080901551991701126e-03 7.100403904914855957e-01
-2.255548164248466492e-02 1.153927110135555267e-02 6.517701148986816406e-01
-1.095709204673767090e-02 -3.405430819839239120e-03 6.872297525405883789e-01
-8.336710743606090546e-04 -2.211252925917506218e-03 7.654609680175781250e-01
-1.060918997973203659e-02 1.618174463510513306e-02 6.674330234527587891e-01
-6.762937642633914948e-03 9.338229894638061523e-03 4.672583937644958496e-01
-3.631333587691187859e-03 -4.167351871728897095e-03 5.331519842147827148e-01
-9.505602531135082245e-03 -1.906550675630569458e-02 6.484640836715698242e-01
-1.563703268766403198e-02 -9.939687326550483704e-03 6.317331790924072266e-01
-7.336902432143688202e-03 -6.110464222729206085e-03 5.046668052673339844e-01
-2.940624952316284180e-03 -6.258299690671265125e-04 5.034926533699035645e-01
4.043229855597019196e-04 -3.513474948704242706e-03 4.913261830806732178e-01
1.061390154063701630e-02 -5.379728972911834717e-03 4.916898608207702637e-01
8.707151748239994049e-03 -7.879453711211681366e-03 4.899047315120697021e-01
4.313823301345109940e-03 -1.014139503240585327e-02 4.847937226295471191e-01
-4.938384518027305603e-04 -7.172713987529277802e-03 4.799092710018157959e-01
5.580148659646511078e-03 -2.509144134819507599e-03 4.729402959346771240e-01
1.218359544873237610e-02 -1.992556499317288399e-04 4.808927476406097412e-01
1.588642783463001251e-02 4.367289133369922638e-03 5.328297615051269531e-01
1.632012054324150085e-02 7.998631335794925690e-03 5.411561131477355957e-01
1.581256464123725891e-02 8.356960490345954895e-03 5.336335301399230957e-01
1.713593676686286926e-02 7.007031235843896866e-03 4.896359443664550781e-01
2.176336012780666351e-02 3.756003221496939659e-03 4.618109464645385742e-01
2.141378633677959442e-02 7.120551541447639465e-03 4.766337871551513672e-01
2.313173189759254456e-02 1.385673321783542633e-02 4.833277165889739990e-01
2.573242411017417908e-02 1.887336559593677521e-02 4.835211932659149170e-01
2.083955891430377960e-02 1.900485903024673462e-02 4.719313085079193115e-01
1.841947436332702637e-02 1.581805758178234100e-02 4.244138002395629883e-01
2.419561892747879028e-02 1.374498195946216583e-02 4.058871269226074219e-01
1.731650531291961670e-02 2.641956694424152374e-02 4.172687828540802002e-01
2.090370282530784607e-02 3.222454339265823364e-02 4.538914263248443604e-01
2.431013807654380798e-02 3.390662372112274170e-02 4.761265218257904053e-01
2.901848778128623962e-02 2.907411381602287292e-02 5.107632875442504883e-01
3.699657320976257324e-02 1.996773108839988708e-02 5.646526217460632324e-01
4.502592235803604126e-02 2.430368214845657349e-02 5.911434888839721680e-01
3.904075175523757935e-02 3.956052660942077637e-02 6.117840409278869629e-01
4.784572497010231018e-02 2.655176445841789246e-02 6.398391127586364746e-01
4.895128309726715088e-02 4.106665961444377899e-03 6.351634860038757324e-01
4.200980812311172485e-02 -2.511292695999145508e-03 6.229735016822814941e-01
3.090692870318889618e-02 4.737970419228076935e-03 6.303315162658691406e-01
1.541943661868572235e-02 1.916439831256866455e-02 6.529887318611145020e-01
2.865707874298095703e-02 1.091604214161634445e-02 7.116659283638000488e-01
1.754027791321277618e-02 1.214745547622442245e-02 6.382524371147155762e-01
-1.043081283569335938e-07 -6.561142858117818832e-03 6.586788296699523926e-01
4.283427260816097260e-03 -6.780687719583511353e-03 8.366349935531616211e-01
-3.586903214454650879e-03 9.845243766903877258e-04 8.927742242813110352e-01
-1.287864148616790771e-02 -7.508374284952878952e-03 7.056100964546203613e-01
2.697058953344821930e-03 -1.765085011720657349e-02 7.942513227462768555e-01
-1.799056306481361389e-02 2.528413198888301849e-03 8.436685800552368164e-01
-4.473820328712463379e-03 -1.734816655516624451e-02 8.945727348327636719e-01
-9.891744703054428101e-03 -1.636447571218013763e-02 8.948140144348144531e-01
-1.235803216695785522e-02 -9.521202184259891510e-03 8.718834519386291504e-01
-1.688048057258129120e-02 -1.096619013696908951e-02 8.785675168037414551e-01
-3.089687041938304901e-02 -1.268231403082609177e-02 8.760461807250976562e-01
-4.117580875754356384e-02 -1.537684351205825806e-02 8.685042262077331543e-01
-4.584813863039016724e-02 -1.851191930472850800e-02 8.738800287246704102e-01
-5.628310143947601318e-02 -1.914384216070175171e-02 8.504832386970520020e-01
-7.498516142368316650e-02 -1.900359429419040680e-02 8.027068376541137695e-01
-9.099695086479187012e-02 -1.504858955740928650e-02 7.521837353706359863e-01
-1.093382090330123901e-01 -8.542331866919994354e-03 7.518771886825561523e-01
-1.270059347152709961e-01 -4.430468194186687469e-03 8.414359092712402344e-01
-1.558787673711776733e-01 -9.792087599635124207e-03 8.479048013687133789e-01
-1.733941435813903809e-01 -1.140252035111188889e-02 7.405114173889160156e-01
-1.759673058986663818e-01 -9.633520618081092834e-03 6.325327754020690918e-01
-1.875933706760406494e-01 -5.048245657235383987e-03 6.065617203712463379e-01
-2.150183022022247314e-01 6.569920107722282410e-03 5.820410251617431641e-01
-2.346803545951843262e-01 -2.175126690417528152e-03 5.754222869873046875e-01
-2.701045572757720947e-01 2.438765484839677811e-03 6.001785397529602051e-01
-2.840612530708312988e-01 1.171271689236164093e-02 5.895733237266540527e-01
-2.863777875900268555e-01 1.634251326322555542e-02 5.154764652252197266e-01
-3.165383934974670410e-01 1.616213470697402954e-02 5.026746988296508789e-01
-3.650873303413391113e-01 1.405474729835987091e-02 5.008625388145446777e-01
-4.363910853862762451e-01 7.532642222940921783e-03 5.475689768791198730e-01
-5.987173914909362793e-01 7.014115341007709503e-03 6.549375653266906738e-01
-6.299363374710083008e-01 -3.322128206491470337e-03 6.515166163444519043e-01
-6.178231835365295410e-01 -2.238953486084938049e-03 5.788142681121826172e-01
-6.335913538932800293e-01 -5.053287371993064880e-03 5.079147219657897949e-01
-6.356014609336853027e-01 1.796092838048934937e-04 4.446300566196441650e-01
-6.376103758811950684e-01 -7.793733850121498108e-03 3.867452442646026611e-01
-5.791654586791992188e-01 -1.230452768504619598e-02 3.166481554508209229e-01
-6.258625388145446777e-01 5.815850570797920227e-03 3.021519184112548828e-01
-7.554820179939270020e-01 1.593178696930408478e-02 2.875230312347412109e-01
-6.755534410476684570e-01 2.804696001112461090e-02 2.006435394287109375e-01
-5.922113060951232910e-01 2.589064836502075195e-02 1.407590210437774658e-01
-5.872175693511962891e-01 1.515136472880840302e-02 1.069807633757591248e-01
-5.869783759117126465e-01 1.398469880223274231e-02 6.634345650672912598e-02
-5.587041974067687988e-01 1.769023388624191284e-02 1.100594922900199890e-02
-5.517710447311401367e-01 1.787498220801353455e-02 -6.132503971457481384e-03
-4.819447398185729980e-01 1.640095189213752747e-02 -3.610756993293762207e-02
-3.458574414253234863e-01 2.645695582032203674e-03 -6.505396217107772827e-02
-2.576619684696197510e-01 -2.213587984442710876e-03 -8.159369230270385742e-02
-3.021507859230041504e-01 -3.129590302705764771e-03 -1.135718822479248047e-01
-3.824835121631622314e-01 6.983643397688865662e-03 -1.728949844837188721e-01
-3.693242073059082031e-01 1.643102616071701050e-02 -2.057882994413375854e-01
-3.789682090282440186e-01 3.752213343977928162e-02 -2.517027854919433594e-01
-4.225362539291381836e-01 4.942549020051956177e-02 -3.152577280998229980e-01
-4.386987388134002686e-01 6.469827890396118164e-02 -3.578557968139648438e-01
-4.133085310459136963e-01 5.634294450283050537e-02 -3.781013488769531250e-01
-3.607455492019653320e-01 5.128349736332893372e-02 -3.845674693584442139e-01
-3.109335005283355713e-01 4.763534665107727051e-02 -3.612934648990631104e-01
-3.019417524337768555e-01 4.680617526173591614e-02 -3.841052055358886719e-01
-2.601885199546813965e-01 1.980761811137199402e-02 -3.562555015087127686e-01
-2.245960533618927002e-01 -4.066709429025650024e-03 -3.391984701156616211e-01
-2.820191383361816406e-01 5.088732391595840454e-02 -4.666567742824554443e-01
-3.400836884975433350e-01 6.299377977848052979e-02 -5.920521020889282227e-01
-3.346300423145294189e-01 4.888597503304481506e-02 -6.562755107879638672e-01
-3.661843240261077881e-01 2.439418062567710876e-02 -7.436233162879943848e-01
-3.991077542304992676e-01 2.717992849647998810e-02 -8.460797667503356934e-01
-3.938581645488739014e-01 3.422794491052627563e-02 -8.947053551673889160e-01
-3.564171791076660156e-01 3.738729655742645264e-02 -9.086618423461914062e-01
-3.005727529525756836e-01 3.299234807491302490e-02 -8.947504758834838867e-01
-2.676965892314910889e-01 3.624328970909118652e-02 -9.362584948539733887e-01
-2.279375642538070679e-01 4.181313887238502502e-02 -9.778574705123901367e-01
-1.833841055631637573e-01 4.100361466407775879e-02 -9.740908741950988770e-01
-1.532528102397918701e-01 2.788903005421161652e-02 -9.609973430633544922e-01
-1.204428300261497498e-01 2.023792453110218048e-02 -9.727527499198913574e-01
-9.440234303474426270e-02 2.184879966080188751e-02 -1.035257577896118164e+00
-6.251841038465499878e-02 3.734855726361274719e-02 -1.090825438499450684e+00
-4.039920866489410400e-02 3.708926215767860413e-02 -1.173106193542480469e+00
-7.146375253796577454e-03 3.165603056550025940e-02 -1.209288716316223145e+00
3.226844221353530884e-02 1.684303581714630127e-02 -1.223167657852172852e+00
5.657522007822990417e-02 7.826842367649078369e-03 -1.244832158088684082e+00
7.904160022735595703e-02 1.152936927974224091e-02 -1.226013064384460449e+00
8.994247764348983765e-02 -4.471864551305770874e-03 -1.208548903465270996e+00
1.004299595952033997e-01 -9.849991649389266968e-03 -1.172398686408996582e+00
1.009392514824867249e-01 -1.243556290864944458e-02 -1.119984269142150879e+00
1.090368255972862244e-01 -9.931590408086776733e-03 -1.151660203933715820e+00
1.177711188793182373e-01 -6.032019853591918945e-03 -1.143527388572692871e+00
1.158091649413108826e-01 -2.798140048980712891e-03 -1.123588800430297852e+00
1.095091998577117920e-01 -5.111284554004669189e-04 -1.108542442321777344e+00
8.215156942605972290e-02 -1.704171299934387207e-03 -1.068423271179199219e+00
7.803872227668762207e-02 1.107682473957538605e-02 -1.068543553352355957e+00
8.792047202587127686e-02 1.514431089162826538e-02 -1.095039367675781250e+00
7.517127692699432373e-02 1.124743930995464325e-02 -1.099244594573974609e+00
7.177369296550750732e-02 1.288368739187717438e-02 -1.111023545265197754e+00
6.846854835748672485e-02 3.159813582897186279e-03 -1.164398670196533203e+00
5.744681879878044128e-02 -3.778900951147079468e-03 -1.125633358955383301e+00
5.350642651319503784e-02 -1.733496785163879395e-03 -1.083974480628967285e+00
5.509728193283081055e-02 1.059359684586524963e-02 -1.117886185646057129e+00
5.524972081184387207e-02 1.769725419580936432e-02 -1.158247232437133789e+00
4.359421506524085999e-02 1.627839356660842896e-02 -1.173974275588989258e+00
4.805253818631172180e-02 2.383349090814590454e-02 -1.112052917480468750e+00
3.643576800823211670e-02 2.477456443011760712e-02 -1.091554284095764160e+00
3.445522114634513855e-02 1.579699292778968811e-02 -1.149115443229675293e+00
2.524435333907604218e-02 1.232717558741569519e-02 -1.193158745765686035e+00
1.290954463183879852e-02 4.501923918724060059e-03 -1.188400864601135254e+00
2.055734395980834961e-02 1.437510550022125244e-02 -1.179969906806945801e+00
3.127768635749816895e-02 2.070895209908485413e-02 -1.161184549331665039e+00
1.982899941504001617e-02 2.698020823299884796e-02 -1.141854763031005859e+00
1.138699240982532501e-02 3.172836452722549438e-02 -1.205988049507141113e+00
1.298829540610313416e-02 2.155259996652603149e-02 -1.278572678565979004e+00
4.588750191032886505e-03 2.011648565530776978e-02 -1.267523288726806641e+00
1.396524440497159958e-02 1.974605023860931396e-02 -1.250229239463806152e+00
2.620795369148254395e-02 2.198342233896255493e-02 -1.248954057693481445e+00
3.420339524745941162e-02 3.117659501731395721e-02 -1.254608631134033203e+00
3.316252306103706360e-02 2.517294138669967651e-02 -1.206048727035522461e+00
1.888404041528701782e-02 2.586881071329116821e-02 -1.095221042633056641e+00
8.774264715611934662e-03 3.116192296147346497e-02 -1.007002711296081543e+00
1.164616458117961884e-02 2.784548141062259674e-02 -9.865046143531799316e-01
1.717233844101428986e-02 2.729162015020847321e-02 -1.066883444786071777e+00
1.875186711549758911e-02 3.061069175601005554e-02 -1.176762461662292480e+00
1.019404828548431396e-02 3.611769154667854309e-02 -1.222794413566589355e+00
4.618510603904724121e-03 4.071033000946044922e-02 -1.251431584358215332e+00
-6.903557106852531433e-03 4.466817155480384827e-02 -1.249186277389526367e+00
-9.989403188228607178e-03 4.406293481588363647e-02 -1.214297652244567871e+00
4.231106489896774292e-03 3.643949329853057861e-02 -1.169824600219726562e+00
4.445213824510574341e-03 3.182306885719299316e-02 -1.165137767791748047e+00
-1.559212803840637207e-03 2.466238848865032196e-02 -1.166421413421630859e+00
9.697470813989639282e-03 3.611312434077262878e-02 -1.183125376701354980e+00
1.592656038701534271e-02 3.565387800335884094e-02 -1.186871051788330078e+00
1.910613477230072021e-02 2.651130035519599915e-02 -1.208326816558837891e+00
6.681418977677822113e-03 2.813339419662952423e-02 -1.239937424659729004e+00
1.513143628835678101e-02 3.756833076477050781e-02 -1.250657677650451660e+00
7.546478882431983948e-03 4.153975471854209900e-02 -1.226823687553405762e+00
2.630583941936492920e-03 4.828746989369392395e-02 -1.184563517570495605e+00
1.240901648998260498e-02 4.776054248213768005e-02 -1.164356231689453125e+00
1.109904982149600983e-02 4.563905671238899231e-02 -1.162015676498413086e+00
8.975637145340442657e-03 4.755327105522155762e-02 -1.178055047988891602e+00
3.696657717227935791e-03 3.982843086123466492e-02 -1.210748434066772461e+00
2.116202376782894135e-02 4.611906409263610840e-02 -1.201663255691528320e+00
1.817484758794307709e-02 2.599227428436279297e-02 -1.094518661499023438e+00
2.360200509428977966e-02 3.267609700560569763e-02 -1.044720053672790527e+00
2.600582689046859741e-02 3.178092092275619507e-02 -1.133293628692626953e+00
3.106295689940452576e-02 3.176705539226531982e-02 -1.167206883430480957e+00
3.003071062266826630e-02 3.441475331783294678e-02 -1.163298130035400391e+00
2.296043559908866882e-02 3.754934668540954590e-02 -1.185317397117614746e+00
2.681266888976097107e-02 4.535980895161628723e-02 -1.201314806938171387e+00
3.617546334862709045e-02 4.522109404206275940e-02 -1.234749674797058105e+00
3.030685707926750183e-02 4.386578872799873352e-02 -1.273816347122192383e+00
3.299465775489807129e-02 5.024203658103942871e-02 -1.216051220893859863e+00
1.550609804689884186e-02 3.503128886222839355e-02 -1.065432429313659668e+00
1.312394440174102783e-02 3.037251904606819153e-02 -1.073880672454833984e+00
1.397822145372629166e-02 2.369599975645542145e-02 -1.072237730026245117e+00
9.502485394477844238e-03 2.753272093832492828e-02 -1.093566536903381348e+00
-8.856476284563541412e-03 3.465598076581954956e-02 -1.126428961753845215e+00
3.101530252024531364e-03 4.568130895495414734e-02 -1.136199355125427246e+00
6.223376840353012085e-03 4.729034751653671265e-02 -1.124551892280578613e+00
-8.614622056484222412e-04 4.618518054485321045e-02 -1.153481721878051758e+00
-2.466212026774883270e-03 5.067958682775497437e-02 -1.161771535873413086e+00
2.406654879450798035e-03 5.734755843877792358e-02 -1.180707335472106934e+00
1.150473952293395996e-03 4.887478053569793701e-02 -1.198221087455749512e+00
8.088018745183944702e-03 4.611880332231521606e-02 -1.251239299774169922e+00
-2.194942906498908997e-03 6.254591792821884155e-02 -1.283244729042053223e+00
3.085292875766754150e-03 6.833530962467193604e-02 -1.233889818191528320e+00
1.015447080135345459e-02 5.838298052549362183e-02 -1.197257757186889648e+00
1.153470762073993683e-02 4.141955822706222534e-02 -1.196983098983764648e+00
-1.151045784354209900e-03 4.537755250930786133e-02 -1.194096565246582031e+00
-2.996401861310005188e-03 5.022386088967323303e-02 -1.199100971221923828e+00
-6.616477854549884796e-03 5.229862779378890991e-02 -1.200026273727416992e+00
-1.159024797379970551e-02 5.369973555207252502e-02 -1.200042843818664551e+00
-9.687269106507301331e-03 6.104448437690734863e-02 -1.208833813667297363e+00
-1.029535196721553802e-02 7.169927656650543213e-02 -1.201846003532409668e+00
-4.648076370358467102e-03 6.641703099012374878e-02 -1.195381522178649902e+00
-3.099013119935989380e-04 6.646482646465301514e-02 -1.143418669700622559e+00
-5.232717841863632202e-03 5.625853687524795532e-02 -1.136514663696289062e+00
-1.198188774287700653e-02 4.936733096837997437e-02 -1.184781908988952637e+00
-1.922743767499923706e-02 4.916274175047874451e-02 -1.236826896667480469e+00
-1.982184313237667084e-02 4.826757311820983887e-02 -1.232912302017211914e+00
-2.211363613605499268e-02 4.347987473011016846e-02 -1.190611362457275391e+00
-2.428663149476051331e-02 3.763390332460403442e-02 -1.107801198959350586e+00
-2.161866240203380585e-02 4.105034098029136658e-02 -1.030325293540954590e+00
-1.956385001540184021e-02 2.747086621820926666e-02 -1.059609174728393555e+00
-5.495317280292510986e-03 2.321590855717658997e-02 -1.075328946113586426e+00
2.305078320205211639e-03 2.050347998738288879e-02 -1.128066539764404297e+00
1.590617373585700989e-02 2.804771065711975098e-04 -1.139162302017211914e+00
1.273387391120195389e-02 -1.451576873660087585e-02 -1.127112150192260742e+00
1.007441990077495575e-02 1.182179898023605347e-03 -1.089628815650939941e+00
-1.543530263006687164e-02 8.909571915864944458e-03 -1.087002754211425781e+00
-1.600225083529949188e-02 5.594287067651748657e-03 -1.080310225486755371e+00
-2.048712968826293945e-02 1.526996493339538574e-05 -1.048143386840820312e+00
-1.919060945510864258e-02 8.241511881351470947e-03 -1.083684563636779785e+00
-1.474765315651893616e-02 1.608174294233322144e-02 -1.138724446296691895e+00
-1.493147946894168854e-02 1.847269758582115173e-02 -1.153463959693908691e+00
-1.927198097109794617e-02 1.714842766523361206e-02 -1.189777374267578125e+00
-2.613919787108898163e-02 1.285782083868980408e-02 -1.190024018287658691e+00
-3.082994185388088226e-02 5.137279629707336426e-03 -1.181923866271972656e+00
-2.519046887755393982e-02 4.023700952529907227e-03 -1.193951487541198730e+00
-1.452230662107467651e-02 8.990649133920669556e-03 -1.214256882667541504e+00
-3.679571673274040222e-03 1.121585443615913391e-02 -1.224298954010009766e+00
-2.373625524342060089e-03 1.533291488885879517e-02 -1.195432543754577637e+00
-1.336096972227096558e-02 1.669967547059059143e-02 -1.166411161422729492e+00
-2.336055599153041840e-02 1.548031531274318695e-02 -1.153401970863342285e+00
-3.126850351691246033e-02 1.349421218037605286e-02 -1.133846282958984375e+00
-2.688604593276977539e-02 7.949892431497573853e-03 -1.093604803085327148e+00
-1.890004239976406097e-02 8.687861263751983643e-03 -1.082223415374755859e+00
-1.420450769364833832e-02 7.215874269604682922e-03 -1.106514930725097656e+00
-1.986720040440559387e-02 6.149537861347198486e-03 -1.104554772377014160e+00
-3.111172653734683990e-02 9.217066690325737000e-03 -1.052684307098388672e+00
-3.155157342553138733e-02 1.048529520630836487e-02 -1.005709171295166016e+00
-2.472025714814662933e-02 5.283592268824577332e-03 -9.699287414550781250e-01
-1.637149974703788757e-02 -3.629907965660095215e-03 -1.004784703254699707e+00
3.354242071509361267e-04 -3.263391554355621338e-04 -1.118519663810729980e+00
2.105406299233436584e-02 1.062850095331668854e-02 -1.164644718170166016e+00
2.149653434753417969e-02 8.431792259216308594e-03 -1.182525873184204102e+00
9.682762436568737030e-03 -3.095366060733795166e-03 -1.142074346542358398e+00
3.671227954328060150e-03 1.049011945724487305e-03 -1.103350996971130371e+00
5.772728472948074341e-04 2.323847264051437378e-03 -1.073531508445739746e+00
9.660273790359497070e-04 -5.589235574007034302e-03 -1.051621794700622559e+00
1.854831352829933167e-02 -8.164990693330764771e-03 -1.075569748878479004e+00
4.063429310917854309e-02 -1.077122986316680908e-02 -1.129438757896423340e+00
6.238250434398651123e-02 -3.755509853363037109e-03 -1.139831304550170898e+00
8.475515246391296387e-02 1.156033948063850403e-02 -1.137553811073303223e+00
8.562371134757995605e-02 2.988715097308158875e-02 -1.175526976585388184e+00
8.467811346054077148e-02 4.060050100088119507e-02 -1.201445341110229492e+00
7.356502115726470947e-02 1.434821449220180511e-02 -1.135617494583129883e+00
4.280261695384979248e-02 1.198508404195308685e-02 -9.805446267127990723e-01
3.318080306053161621e-02 7.822087034583091736e-03 -8.316520452499389648e-01
3.478985279798507690e-02 8.692992851138114929e-03 -8.242248296737670898e-01
3.851333260536193848e-02 1.131109893321990967e-02 -8.743156194686889648e-01
4.211642593145370483e-02 7.382493466138839722e-03 -8.529293537139892578e-01
3.864477574825286865e-02 7.609423249959945679e-03 -8.901726007461547852e-01
3.871217370033264160e-02 -1.164022833108901978e-04 -9.278095364570617676e-01
3.711045533418655396e-02 -1.175923272967338562e-03 -9.393447041511535645e-01
4.625182971358299255e-02 4.779675975441932678e-03 -1.005061745643615723e+00
8.004146069288253784e-02 1.301738061010837555e-02 -1.023626446723937988e+00
6.470593065023422241e-02 1.981414295732975006e-02 -1.006423473358154297e+00
5.917479842901229858e-02 2.107297629117965698e-02 -1.120077133178710938e+00
5.638512969017028809e-02 1.097796112298965454e-02 -1.112829804420471191e+00
5.004344135522842407e-02 1.777825877070426941e-03 -1.038559675216674805e+00
5.876677855849266052e-02 5.400419235229492188e-03 -9.965670704841613770e-01
3.389061242341995239e-02 1.144987903535366058e-02 -9.704630374908447266e-01
2.687689103186130524e-02 1.859001256525516510e-02 -9.511334300041198730e-01
2.482136897742748260e-02 2.227398380637168884e-02 -9.749885201454162598e-01
4.789211973547935486e-02 2.205274626612663269e-02 -1.037545323371887207e+00
6.477099657058715820e-02 3.653819113969802856e-02 -9.897944331169128418e-01
5.123109370470046997e-02 1.757038384675979614e-02 -8.196390271186828613e-01
3.116653114557266235e-02 1.782645285129547119e-02 -8.107724785804748535e-01
2.344087697565555573e-02 2.353335916996002197e-02 -8.334589004516601562e-01
1.192107051610946655e-02 1.349416188895702362e-02 -8.907505273818969727e-01
6.321258842945098877e-03 1.477880030870437622e-02 -9.515435099601745605e-01
1.139641553163528442e-02 1.943628489971160889e-02 -1.013004779815673828e+00
1.715812087059020996e-02 2.225179970264434814e-02 -1.094541788101196289e+00
2.221569791436195374e-02 2.248410880565643311e-02 -1.142242670059204102e+00
2.168099582195281982e-02 2.503619715571403503e-02 -1.140007138252258301e+00
2.359954081475734711e-02 3.375757113099098206e-02 -1.178639650344848633e+00
2.933771908283233643e-02 4.078710451722145081e-02 -1.172514200210571289e+00
2.556283958256244659e-02 4.910990968346595764e-02 -1.147731781005859375e+00
2.138841524720191956e-02 4.893913865089416504e-02 -1.163791060447692871e+00
1.357299461960792542e-02 4.340434819459915161e-02 -1.174106717109680176e+00
7.791341748088598251e-03 3.952706977725028992e-02 -1.166790962219238281e+00
9.201193228363990784e-03 3.615026548504829407e-02 -1.128670334815979004e+00
1.066910848021507263e-02 3.711681813001632690e-02 -1.099789857864379883e+00
1.425344124436378479e-02 3.328650444746017456e-02 -1.068596363067626953e+00
1.138178538531064987e-02 3.439466282725334167e-02 -1.065430760383605957e+00
1.038371771574020386e-02 3.670670837163925171e-02 -1.116958498954772949e+00
1.305826846510171890e-02 4.245291277766227722e-02 -1.117945790290832520e+00
6.612973287701606750e-03 3.581929951906204224e-02 -1.085252881050109863e+00
3.265928477048873901e-03 1.811022683978080750e-02 -1.025455594062805176e+00
-3.438365645706653595e-03 3.002764470875263214e-02 -1.033062100410461426e+00
7.666049059480428696e-03 2.606187947094440460e-02 -1.100081801414489746e+00
1.832829602062702179e-02 2.208041027188301086e-02 -1.046121358871459961e+00
3.573247231543064117e-03 2.534291334450244904e-02 -1.112965464591979980e+00
1.639272458851337433e-02 3.745518252253532410e-02 -1.153750181198120117e+00
4.889717698097229004e-02 3.682591021060943604e-02 -1.170930504798889160e+00
1.680022105574607849e-02 4.016188904643058777e-02 -1.143270134925842285e+00
5.805771797895431519e-03 3.043262474238872528e-02 -1.122096896171569824e+00
-2.024956047534942627e-03 1.801775582134723663e-02 -1.132818460464477539e+00
3.624477423727512360e-03 6.232481449842453003e-03 -1.132708072662353516e+00
7.499376311898231506e-03 2.895966172218322754e-03 -1.077794194221496582e+00
1.131393387913703918e-02 7.453650236129760742e-03 -1.078474044799804688e+00
1.296832319349050522e-02 1.358190178871154785e-02 -1.036972403526306152e+00
1.687939465045928955e-02 2.863630838692188263e-02 -1.065726518630981445e+00
1.480159442871809006e-02 3.094465285539627075e-02 -1.059606075286865234e+00
1.260610669851303101e-02 2.151311188936233521e-02 -1.125628829002380371e+00
1.928704231977462769e-02 2.445333451032638550e-02 -1.106315612792968750e+00
9.529454633593559265e-03 1.875569485127925873e-02 -1.111213088035583496e+00
7.353137247264385223e-03 1.873955503106117249e-02 -1.140736222267150879e+00
5.155775696039199829e-03 1.310732588171958923e-02 -1.117446899414062500e+00
1.928844675421714783e-02 2.591257169842720032e-02 -1.073434829711914062e+00
-1.099145784974098206e-02 2.711966633796691895e-02 -1.111586451530456543e+00
-5.296509712934494019e-03 2.255592495203018188e-02 -1.051348090171813965e+00
1.606276817619800568e-02 3.012399934232234955e-02 -1.156817078590393066e+00
2.056018635630607605e-02 1.342235133051872253e-02 -1.137288689613342285e+00
-6.474395282566547394e-03 -9.845726191997528076e-03 -1.055282354354858398e+00
5.255803465843200684e-03 -3.766316920518875122e-03 -9.932845234870910645e-01
2.316960133612155914e-03 -3.204531967639923096e-04 -1.003829479217529297e+00
1.417653635144233704e-03 1.396459899842739105e-02 -9.786359667778015137e-01
9.277974255383014679e-03 2.038892358541488647e-02 -1.000269412994384766e+00
9.806948713958263397e-03 1.222806982696056366e-02 -1.068898558616638184e+00
-5.080793052911758423e-04 1.471075043082237244e-02 -1.160302519798278809e+00
7.898593321442604065e-03 1.160724088549613953e-02 -1.194268822669982910e+00
6.364015396684408188e-03 1.464034616947174072e-02 -1.161789298057556152e+00
1.253624819219112396e-02 1.998081803321838379e-02 -1.151089191436767578e+00
-5.466311238706111908e-03 1.703356578946113586e-02 -1.142488360404968262e+00
-9.579438716173171997e-03 1.864404976367950439e-02 -1.176082372665405273e+00
8.289631456136703491e-03 2.029462158679962158e-02 -1.167297840118408203e+00
1.957868784666061401e-02 2.167651988565921783e-02 -1.112591743469238281e+00
1.232665404677391052e-02 1.589161530137062073e-02 -1.053021430969238281e+00
1.876630261540412903e-02 2.026282064616680145e-02 -1.064458489418029785e+00
1.575046963989734650e-02 1.472545973956584930e-02 -1.078328490257263184e+00
2.454945072531700134e-02 1.929245889186859131e-02 -1.075093626976013184e+00
3.692599013447761536e-02 2.553820796310901642e-02 -1.067113876342773438e+00
3.233873099088668823e-02 2.802649885416030884e-02 -1.135189414024353027e+00
3.864571079611778259e-02 2.985838428139686584e-02 -1.198244690895080566e+00
4.389733448624610901e-02 3.298039734363555908e-02 -1.084356784820556641e+00
2.365721389651298523e-02 2.506881020963191986e-02 -1.005681395530700684e+00
6.471317727118730545e-03 -3.831833600997924805e-05 -1.029330253601074219e+00
2.743629273027181625e-03 -1.476403325796127319e-03 -1.053506374359130859e+00
-3.652226179838180542e-03 7.985651493072509766e-03 -1.069502830505371094e+00
-1.061982661485671997e-02 5.826927721500396729e-03 -1.056802868843078613e+00
2.632978372275829315e-02 -1.522712409496307373e-03 -1.128244638442993164e+00
9.482810273766517639e-03 -7.502008229494094849e-03 -1.234807729721069336e+00
3.553348127752542496e-03 5.625765770673751831e-03 -1.107264876365661621e+00
1.974828913807868958e-02 1.313019543886184692e-03 -1.025827288627624512e+00
1.394511852413415909e-02 -1.765093579888343811e-02 -9.546897411346435547e-01
1.888345368206501007e-02 1.127766259014606476e-02 -9.542799592018127441e-01
2.722087316215038300e-02 2.701937407255172729e-02 -1.026887297630310059e+00
3.038202039897441864e-02 2.623059973120689392e-02 -1.081386685371398926e+00
2.075907215476036072e-02 1.766472496092319489e-02 -1.099583387374877930e+00
1.236070320010185242e-02 1.516038738191127777e-02 -1.102608203887939453e+00
1.138984598219394684e-02 1.382202096283435822e-02 -1.131981134414672852e+00
2.108927257359027863e-02 2.138913795351982117e-02 -1.138764739036560059e+00
2.817770466208457947e-02 2.363960072398185730e-02 -1.114224076271057129e+00
2.602040022611618042e-02 2.356292493641376495e-02 -1.051511645317077637e+00
2.448819391429424286e-02 2.032421529293060303e-02 -1.006217122077941895e+00
3.300898894667625427e-02 2.774281986057758331e-02 -1.070144534111022949e+00
2.562760934233665466e-02 2.629669941961765289e-02 -1.040509223937988281e+00
2.095631510019302368e-02 1.907243020832538605e-02 -9.956945180892944336e-01
1.952372863888740540e-02 2.057803608477115631e-02 -9.800519943237304688e-01
2.212725579738616943e-02 3.121987171471118927e-02 -1.060632109642028809e+00
2.764775231480598450e-02 3.650008141994476318e-02 -1.127023935317993164e+00
2.087807655334472656e-02 2.993064001202583313e-02 -1.137141466140747070e+00
1.956100203096866608e-02 2.792145684361457825e-02 -1.116604804992675781e+00
1.437866780906915665e-02 1.732834056019783020e-02 -1.025881886482238770e+00
2.414393797516822815e-02 1.289770938456058502e-02 -1.004451274871826172e+00
2.189559489488601685e-02 1.514184847474098206e-02 -1.037390351295471191e+00
1.027104072272777557e-02 1.319823227822780609e-02 -9.967728853225708008e-01
6.678877398371696472e-04 1.072492450475692749e-02 -9.842168092727661133e-01
-2.920934930443763733e-03 1.642152294516563416e-02 -1.033108711242675781e+00
6.021338514983654022e-03 2.403330244123935699e-02 -1.074603319168090820e+00
1.962300576269626617e-02 2.397533692419528961e-02 -1.129195094108581543e+00
1.890575885772705078e-02 2.098596096038818359e-02 -1.084910869598388672e+00
2.853634767234325409e-02 1.797500811517238617e-02 -1.071701884269714355e+00
2.636907435953617096e-02 2.570324763655662537e-02 -1.064504623413085938e+00
2.575477212667465210e-02 2.126865088939666748e-02 -1.032072305679321289e+00
1.940482109785079956e-02 1.793368719518184662e-02 -1.058351755142211914e+00
2.171525172889232635e-02 1.424138806760311127e-02 -1.116796731948852539e+00
2.064714580774307251e-02 1.355467177927494049e-02 -1.165315032005310059e+00
1.481887511909008026e-02 1.618396490812301636e-02 -1.155505180358886719e+00
2.102260850369930267e-02 1.485557295382022858e-02 -1.163046479225158691e+00
3.900641575455665588e-02 7.824685424566268921e-03 -1.156165480613708496e+00
3.010111674666404724e-02 -3.524240106344223022e-03 -1.064579486846923828e+00
4.225041717290878296e-02 -5.230661481618881226e-03 -1.027270078659057617e+00
4.131903499364852905e-02 3.600051626563072205e-03 -1.040790081024169922e+00
3.533549606800079346e-03 -6.936796009540557861e-03 -9.832944273948669434e-01
4.621979780495166779e-03 -7.477287203073501587e-03 -1.045581936836242676e+00
3.858832642436027527e-02 3.321498632431030273e-03 -1.130378603935241699e+00
4.774977266788482666e-02 1.832670159637928009e-02 -1.147212028503417969e+00
2.803122438490390778e-02 1.208091713488101959e-02 -1.086916327476501465e+00
1.355458796024322510e-02 4.042770713567733765e-03 -1.056761860847473145e+00
2.288531512022018433e-02 2.358684688806533813e-02 -1.053653120994567871e+00
1.172998268157243729e-02 2.819809131324291229e-02 -1.148025393486022949e+00
1.503371354192495346e-02 3.706454113125801086e-02 -1.129242062568664551e+00
3.314882516860961914e-02 3.509858623147010803e-02 -1.102492690086364746e+00
1.673494651913642883e-02 2.101399190723896027e-02 -1.052501797676086426e+00
1.589486375451087952e-02 1.113967597484588623e-02 -9.845780134201049805e-01
1.019466109573841095e-02 1.306329481303691864e-02 -9.781922698020935059e-01
2.884351182729005814e-03 1.928098872303962708e-02 -9.715763330459594727e-01
1.815438969060778618e-03 2.582561597228050232e-02 -9.651510119438171387e-01
1.204610569402575493e-03 2.913377247750759125e-02 -9.872817993164062500e-01
-6.904251407831907272e-03 -8.506938815116882324e-03 -1.028149247169494629e+00
1.068423315882682800e-02 4.056245088577270508e-04 -1.043148279190063477e+00
1.211221516132354736e-02 1.384619250893592834e-02 -9.730030894279479980e-01
1.656490750610828400e-02 3.448342159390449524e-02 -1.024477124214172363e+00
1.506258547306060791e-02 2.749680355191230774e-02 -1.033190131187438965e+00
2.775496244430541992e-02 2.441479638218879700e-02 -1.012034296989440918e+00
9.316174313426017761e-03 2.902891486883163452e-02 -9.831331968307495117e-01
-1.255446113646030426e-05 2.788076363503932953e-02 -1.038222908973693848e+00
7.024500519037246704e-05 2.349856868386268616e-02 -1.047183990478515625e+00
1.091563608497381210e-03 2.431463450193405151e-02 -1.056198358535766602e+00
6.035067606717348099e-03 2.413249202072620392e-02 -1.106305718421936035e+00
2.417332492768764496e-03 2.233605086803436279e-02 -1.112610578536987305e+00
1.597488066181540489e-03 2.651627734303474426e-02 -1.097120761871337891e+00
7.956107147037982941e-03 2.995787188410758972e-02 -1.109056353569030762e+00
6.462796125560998917e-03 2.700877375900745392e-02 -1.103318929672241211e+00
5.163359455764293671e-03 2.061763592064380646e-02 -1.075357913970947266e+00
7.422899827361106873e-03 1.462149620056152344e-02 -1.067132234573364258e+00
-4.084912128746509552e-03 1.208200864493846893e-02 -1.042475819587707520e+00
-9.088041260838508606e-03 1.238870061933994293e-02 -1.029577612876892090e+00
9.015362709760665894e-03 2.334407344460487366e-02 -1.053396463394165039e+00
1.524241641163825989e-02 3.037396073341369629e-02 -1.087648749351501465e+00
4.038994200527667999e-03 2.864784747362136841e-02 -1.127027511596679688e+00
-7.327679544687271118e-03 2.061231434345245361e-02 -1.177495837211608887e+00
1.970717683434486389e-03 1.572254300117492676e-02 -1.174106597900390625e+00
-9.572084061801433563e-03 2.499333769083023071e-02 -1.134334802627563477e+00
-1.716471835970878601e-02 3.218032419681549072e-02 -1.052743196487426758e+00
1.433688215911388397e-03 2.300705946981906891e-02 -1.087198495864868164e+00
-1.029690727591514587e-03 1.597314327955245972e-02 -1.134412646293640137e+00
1.294927671551704407e-03 1.861470751464366913e-02 -1.132864952087402344e+00
1.049222704023122787e-02 2.804253436625003815e-02 -1.118376016616821289e+00
1.588357612490653992e-02 2.892359532415866852e-02 -1.082955002784729004e+00
5.106028169393539429e-03 2.708520926535129547e-02 -1.061029791831970215e+00
-1.088043581694364548e-02 2.565174736082553864e-02 -1.093177795410156250e+00
-1.718411967158317566e-02 2.564073167741298676e-02 -1.110114097595214844e+00
-1.691688783466815948e-02 2.155562676489353180e-02 -1.079759716987609863e+00
-1.412905566394329071e-02 2.521577477455139160e-02 -1.030721187591552734e+00
-6.507490295916795731e-03 2.503760159015655518e-02 -1.043130636215209961e+00
7.039480842649936676e-03 2.336226962506771088e-02 -1.123229861259460449e+00
1.814890280365943909e-02 2.669407799839973450e-02 -1.163213014602661133e+00
3.215093165636062622e-02 3.059488162398338318e-02 -1.139652013778686523e+00
4.750294610857963562e-02 3.621688485145568848e-02 -1.155250430107116699e+00
6.852818280458450317e-02 3.782430663704872131e-02 -1.167551517486572266e+00
1.048720255494117737e-01 2.946087345480918884e-02 -1.169710278511047363e+00
1.445700228214263916e-01 2.516925334930419922e-02 -1.171956539154052734e+00
1.991939544677734375e-01 1.819646731019020081e-02 -1.181946396827697754e+00
2.059896588325500488e-01 5.278374999761581421e-03 -1.141577959060668945e+00
2.362062484025955200e-01 8.027249947190284729e-03 -1.090670824050903320e+00
2.799057364463806152e-01 9.912975132465362549e-03 -1.106822252273559570e+00
3.520479202270507812e-01 -6.314935162663459778e-03 -1.122372150421142578e+00
4.167374372482299805e-01 -2.344684675335884094e-03 -1.048324227333068848e+00
4.162977933883666992e-01 -1.739754714071750641e-02 -9.122235178947448730e-01
4.714758992195129395e-01 -1.620056852698326111e-02 -8.529044985771179199e-01
5.249280333518981934e-01 -3.040228784084320068e-02 -7.998059391975402832e-01
6.046972870826721191e-01 -3.519751876592636108e-02 -7.906907200813293457e-01
5.531436800956726074e-01 -2.241294831037521362e-02 -6.704720258712768555e-01
5.267906188964843750e-01 -1.375558972358703613e-02 -5.299749374389648438e-01
5.257412791252136230e-01 -1.358918845653533936e-02 -4.404411911964416504e-01
5.722996592521667480e-01 -2.265192195773124695e-02 -4.083956778049468994e-01
5.391467213630676270e-01 -3.033507615327835083e-02 -3.282936811447143555e-01
5.052711367607116699e-01 -3.778833895921707153e-02 -2.412095665931701660e-01
5.641294121742248535e-01 -3.573961183428764343e-02 -2.399594634771347046e-01
6.680091619491577148e-01 -5.111520737409591675e-02 -2.601537704467773438e-01
7.288826107978820801e-01 -1.091441325843334198e-02 -2.194395214319229126e-01
6.826841831207275391e-01 -2.066252753138542175e-03 -1.389674246311187744e-01
7.170420885086059570e-01 -1.987133920192718506e-02 -8.960308134555816650e-02
7.986789345741271973e-01 -2.844828180968761444e-02 -4.852633923292160034e-02
8.149837255477905273e-01 -2.849506586790084839e-02 1.810664124786853790e-02
7.437652945518493652e-01 -2.615680545568466187e-02 6.630104035139083862e-02
6.804010868072509766e-01 -2.592775598168373108e-02 8.820072561502456665e-02
6.443814039230346680e-01 4.004962742328643799e-03 1.507373899221420288e-01
6.101701855659484863e-01 5.158684216439723969e-03 1.950542479753494263e-01
6.182407736778259277e-01 8.762679994106292725e-03 2.608263492584228516e-01
7.174715399742126465e-01 -4.157479386776685715e-03 3.465551137924194336e-01
7.337228059768676758e-01 -2.040938939899206161e-03 4.001220464706420898e-01
5.595432519912719727e-01 9.232960641384124756e-03 3.721382617950439453e-01
5.094633102416992188e-01 7.249617483466863632e-03 3.873740732669830322e-01
5.172538757324218750e-01 -2.033728919923305511e-02 4.543047547340393066e-01
4.553830623626708984e-01 -2.404158189892768860e-02 4.405515491962432861e-01
4.446014761924743652e-01 -2.118449658155441284e-02 4.816379845142364502e-01
4.756150841712951660e-01 4.648485220968723297e-03 6.376054883003234863e-01
4.879683852195739746e-01 -1.853324705734848976e-03 7.315509915351867676e-01
4.342378377914428711e-01 -5.994172301143407822e-03 7.397379279136657715e-01
3.294894993305206299e-01 1.924598123878240585e-03 6.566443443298339844e-01
2.811411619186401367e-01 1.872036023996770382e-03 6.428953409194946289e-01
2.333700805902481079e-01 -2.829845435917377472e-02 6.156626939773559570e-01
1.953445523977279663e-01 -2.246697805821895599e-02 7.143087387084960938e-01
1.679463386535644531e-01 2.564641879871487617e-03 7.275771498680114746e-01
1.253214627504348755e-01 -1.507969922386109829e-03 6.144341826438903809e-01
1.006054058670997620e-01 9.666639380156993866e-05 6.832571029663085938e-01
8.787422627210617065e-02 1.313730329275131226e-02 7.784817814826965332e-01
7.657097280025482178e-02 9.177322499454021454e-03 7.320618629455566406e-01
5.031854659318923950e-02 2.556015970185399055e-04 6.443831920623779297e-01
1.685537770390510559e-02 -1.761154737323522568e-03 5.408797860145568848e-01
7.786561734974384308e-03 -8.054056204855442047e-03 5.715729594230651855e-01
3.186300396919250488e-02 -2.008230239152908325e-02 7.533686161041259766e-01
2.582092210650444031e-02 -1.792319864034652710e-02 7.620921134948730469e-01
8.554416708648204803e-03 -1.344138756394386292e-02 7.211030125617980957e-01
4.382301121950149536e-03 -9.588717482984066010e-03 6.756343245506286621e-01
1.725957915186882019e-02 -6.362277781590819359e-05 7.827033996582031250e-01
2.361404942348599434e-03 5.605490878224372864e-03 8.199605941772460938e-01
1.168334763497114182e-02 -7.613146211951971054e-03 8.441618084907531738e-01
2.929873205721378326e-02 -8.304233662784099579e-03 8.544327616691589355e-01
2.389476448297500610e-02 -6.421564612537622452e-03 8.464211821556091309e-01
9.902278892695903778e-03 -5.929665639996528625e-03 8.626736998558044434e-01
9.725289419293403625e-04 -1.277538202702999115e-02 8.697605729103088379e-01
-9.998762980103492737e-03 -4.744903184473514557e-03 8.559813499450683594e-01
-5.764602217823266983e-03 -1.359094399958848953e-03 7.661429047584533691e-01
-4.887706600129604340e-04 5.160252097994089127e-03 6.526592373847961426e-01
9.396506473422050476e-03 -5.253367591649293900e-03 6.108831167221069336e-01
-6.764153484255075455e-03 -6.223147269338369370e-03 6.129482388496398926e-01
-1.590565778315067291e-02 -9.028386324644088745e-03 6.145155429840087891e-01
-8.239202201366424561e-03 -1.404191832989454269e-02 6.191979646682739258e-01
-4.792154300957918167e-03 -4.188092425465583801e-03 7.310558557510375977e-01
-2.638197271153330803e-03 -3.390897996723651886e-03 8.498710393905639648e-01
-4.741188604384660721e-05 -1.119278371334075928e-02 8.808384537696838379e-01
7.966304197907447815e-03 -1.001462712883949280e-02 7.971760630607604980e-01
1.776890270411968231e-02 -8.803820237517356873e-03 7.281904816627502441e-01
1.220467314124107361e-02 -1.808761619031429291e-03 6.736119389533996582e-01
-7.970212027430534363e-05 -1.230977941304445267e-03 6.104243397712707520e-01
-1.002184860408306122e-02 -1.787313260138034821e-02 5.999782085418701172e-01
-1.748810149729251862e-02 -2.751378156244754791e-02 6.338694095611572266e-01
-1.733246818184852600e-02 -2.677924185991287231e-02 7.367044687271118164e-01
-7.896256633102893829e-03 -1.935243979096412659e-02 7.777960896492004395e-01
-2.542507834732532501e-03 -5.893045570701360703e-03 7.771052122116088867e-01
4.527563229203224182e-03 8.031716570258140564e-04 7.720612883567810059e-01
9.775816462934017181e-03 -5.359370261430740356e-04 8.000411391258239746e-01
9.523211978375911713e-03 -2.662295475602149963e-03 8.080615997314453125e-01
-9.062808007001876831e-03 -2.412442490458488464e-02 7.006053328514099121e-01
-2.113151550292968750e-02 -2.300185896456241608e-02 6.436973810195922852e-01
-1.853460259735584259e-02 -2.780108898878097534e-02 7.695068120956420898e-01
1.106164976954460144e-02 -2.662852406501770020e-02 7.362723946571350098e-01
-2.313656732439994812e-04 -1.582250371575355530e-02 6.784808635711669922e-01
-3.522228449583053589e-03 -1.249310933053493500e-02 7.120090126991271973e-01
3.513010218739509583e-03 -4.236337728798389435e-03 8.147638440132141113e-01
2.056374587118625641e-02 -2.671808004379272461e-03 8.488351106643676758e-01
4.381989128887653351e-03 -2.802936360239982605e-04 7.799765467643737793e-01
-2.434071525931358337e-02 -5.388106219470500946e-03 8.852636814117431641e-01
-3.512011468410491943e-02 -5.677998065948486328e-03 9.744481444358825684e-01
-3.962718881666660309e-03 -1.177162118256092072e-02 8.004615902900695801e-01
2.728495374321937561e-02 -1.198482792824506760e-02 7.887830734252929688e-01
2.303251624107360840e-02 3.082212060689926147e-03 8.244802951812744141e-01
2.206808328628540039e-02 -1.542360056191682816e-03 8.189566731452941895e-01
1.250603329390287399e-02 8.895108476281166077e-03 8.275644779205322266e-01
2.571767009794712067e-02 1.006084028631448746e-03 7.754163742065429688e-01
2.104513347148895264e-03 -3.204844892024993896e-03 7.031520009040832520e-01
1.879826560616493225e-02 -1.395169459283351898e-02 6.422453522682189941e-01
2.652490139007568359e-02 -3.714296966791152954e-03 5.945628285408020020e-01
1.950238645076751709e-02 -1.606555283069610596e-02 5.877403616905212402e-01
-4.678656347095966339e-03 -1.606386899948120117e-02 5.935328602790832520e-01
-9.311945177614688873e-03 -1.479213126003742218e-02 5.760821700096130371e-01
-9.595192037522792816e-03 -4.649301990866661072e-04 6.535584926605224609e-01
-8.831517770886421204e-04 -4.644603468477725983e-04 6.944382786750793457e-01
8.344573900103569031e-03 2.490112092345952988e-03 6.806878447532653809e-01
2.635619044303894043e-02 4.483223892748355865e-04 6.875873804092407227e-01
1.122195832431316376e-02 -1.411934848874807358e-03 6.529765129089355469e-01
-2.254429832100868225e-02 2.202129922807216644e-03 5.844770669937133789e-01
-2.074372768402099609e-02 -1.767971739172935486e-02 5.637528896331787109e-01
-1.471190620213747025e-02 -1.002406515181064606e-02 5.701245665550231934e-01
-5.714725703001022339e-04 -1.155281998217105865e-02 5.411885380744934082e-01
1.454748865216970444e-02 5.970150232315063477e-04 6.157299876213073730e-01
1.834756135940551758e-02 -5.976001732051372528e-03 7.126319408416748047e-01
1.895485259592533112e-02 -1.327733509242534637e-03 7.229937911033630371e-01
7.123554125428199768e-03 2.047671005129814148e-03 7.670825123786926270e-01
-6.649207323789596558e-03 -1.970508601516485214e-03 7.334304451942443848e-01
2.838831394910812378e-03 -1.137727499008178711e-02 7.865254282951354980e-01
2.400961704552173615e-03 -1.848502270877361298e-02 6.906924843788146973e-01
7.805237546563148499e-04 -5.442648194730281830e-03 6.135251522064208984e-01
3.857365809381008148e-03 9.978470392525196075e-03 6.203798651695251465e-01
-7.925571873784065247e-03 1.561101153492927551e-02 6.279019713401794434e-01
4.758560098707675934e-03 -3.529904410243034363e-03 7.288671731948852539e-01
3.047427348792552948e-02 -2.052873000502586365e-02 8.173272013664245605e-01
9.187947027385234833e-03 -7.711150683462619781e-03 7.459692358970642090e-01
-8.296293206512928009e-03 9.204586967825889587e-04 7.369771599769592285e-01
3.167170099914073944e-03 -1.396298408508300781e-03 7.662866115570068359e-01
6.362264975905418396e-04 -7.774320431053638458e-03 7.682189941406250000e-01
5.168352276086807251e-03 1.577167026698589325e-02 6.977082490921020508e-01
8.262137882411479950e-03 1.574330404400825500e-02 6.739073395729064941e-01
1.497754454612731934e-02 5.403310991823673248e-03 6.715967655181884766e-01
1.174394600093364716e-02 5.394282285124063492e-03 7.083812952041625977e-01
6.452201399952173233e-03 -2.502654679119586945e-04 7.641180753707885742e-01
-2.409662818536162376e-03 -7.137020118534564972e-03 8.214389085769653320e-01
4.242980852723121643e-03 -1.246754918247461319e-02 7.968891263008117676e-01
1.739123463630676270e-02 -7.956692948937416077e-03 7.884762287139892578e-01
2.409401908516883850e-02 -1.435189740732312202e-03 7.110515236854553223e-01
1.428068801760673523e-02 3.584041725844144821e-03 5.783641934394836426e-01
6.478278432041406631e-03 -1.357141416519880295e-02 5.801340937614440918e-01
8.364709094166755676e-03 -2.614181302487850189e-02 5.600156784057617188e-01
1.273423247039318085e-02 -1.439713127911090851e-02 5.796349048614501953e-01
1.239046826958656311e-02 -5.341039039194583893e-03 5.931689739227294922e-01
1.936322823166847229e-02 -6.725177634507417679e-03 5.603871345520019531e-01
2.329266630113124847e-02 4.605202004313468933e-03 5.919311642646789551e-01
3.173599764704704285e-02 2.972285728901624680e-03 6.098506450653076172e-01
4.340796917676925659e-02 -6.523001473397016525e-03 6.357179880142211914e-01
2.024401724338531494e-02 -1.149410940706729889e-02 6.183282136917114258e-01
-3.175540827214717865e-03 -1.707418262958526611e-02 6.001412272453308105e-01
-6.358395330607891083e-03 -8.952595293521881104e-03 5.470273494720458984e-01
-8.383588865399360657e-04 -4.143320489674806595e-03 5.142455697059631348e-01
1.321909576654434204e-02 -9.091729298233985901e-03 5.839152932167053223e-01
1.978671550750732422e-02 -2.340484643355011940e-03 6.565485596656799316e-01
2.268231287598609924e-02 -2.408757805824279785e-03 6.436408162117004395e-01
2.656389772891998291e-02 -6.569887511432170868e-03 5.808143019676208496e-01
1.227237749844789505e-02 -3.841107711195945740e-03 8.042069673538208008e-01
1.220402307808399200e-03 -6.500835530459880829e-03 8.797370195388793945e-01
2.522383816540241241e-03 -8.106246590614318848e-03 9.530671238899230957e-01
6.262592040002346039e-03 -1.358912885189056396e-02 9.271470904350280762e-01
-6.955867167562246323e-03 -1.545565202832221985e-03 7.749114036560058594e-01
-2.220817096531391144e-02 1.608224399387836456e-02 6.858425140380859375e-01
-1.045838557183742523e-02 5.628573242574930191e-03 7.212135195732116699e-01
-2.288588322699069977e-03 7.591766770929098129e-03 7.734502553939819336e-01
-1.084690634161233902e-02 3.776684869080781937e-03 7.913998961448669434e-01
-1.483575068414211273e-02 -9.173316881060600281e-03 7.339182496070861816e-01
-1.492319628596305847e-02 -1.466335030272603035e-03 6.714816093444824219e-01
-1.104597840458154678e-02 -1.197782903909683228e-02 7.190400362014770508e-01
-2.064698189496994019e-02 -1.718605309724807739e-02 8.329449892044067383e-01
-2.989950776100158691e-02 -2.344465814530849457e-02 8.672314286231994629e-01
-4.016337543725967407e-02 -2.779433317482471466e-02 7.466719150543212891e-01
-4.213672503829002380e-02 -2.361138537526130676e-02 8.672200441360473633e-01
-4.076931998133659363e-02 -8.923172019422054291e-03 9.527500271797180176e-01
-3.272433951497077942e-02 -1.140354014933109283e-02 9.922972321510314941e-01
-3.135360777378082275e-03 -1.072897762060165405e-02 9.927585721015930176e-01
-1.855135336518287659e-02 -1.372789312154054642e-02 1.092276096343994141e+00
-3.330409526824951172e-02 -2.493690326809883118e-02 1.101288080215454102e+00
-2.304327115416526794e-02 -2.450708299875259399e-02 1.048161745071411133e+00
-5.172605160623788834e-03 -2.686979249119758606e-02 1.113209605216979980e+00
-6.671421229839324951e-03 -3.241271525621414185e-02 1.122616648674011230e+00
-2.168437093496322632e-02 -3.383508697152137756e-02 1.070040464401245117e+00
-2.907053567469120026e-02 -2.938968874514102936e-02 9.963566660881042480e-01
-2.453291788697242737e-02 -2.655996941030025482e-02 9.773721098899841309e-01
-1.780904084444046021e-02 -1.829139329493045807e-02 9.793320894241333008e-01
-9.325340390205383301e-03 -1.731304079294204712e-02 1.009968400001525879e+00
-9.252393618226051331e-03 -2.204560860991477966e-02 1.001573443412780762e+00
-3.116878680884838104e-03 -2.449329756200313568e-02 9.878976941108703613e-01
-6.028928793966770172e-03 -2.160863019526004791e-02 9.892149567604064941e-01
-1.263756770640611649e-02 8.373809978365898132e-04 1.017869114875793457e+00
-2.135371044278144836e-02 -9.353469125926494598e-03 9.248118996620178223e-01
-2.855768799781799316e-02 -3.485815599560737610e-03 8.791956901550292969e-01
-2.600425295531749725e-02 1.430058106780052185e-02 7.536063194274902344e-01
-1.330348663032054901e-02 1.354571990668773651e-02 7.744935750961303711e-01
-8.351325988769531250e-03 1.029907166957855225e-02 7.822484374046325684e-01
-1.997314766049385071e-02 1.193886063992977142e-02 8.044597506523132324e-01
-3.248374164104461670e-02 5.555446259677410126e-03 7.710890769958496094e-01
-4.032171517610549927e-02 -7.669609971344470978e-03 7.538641095161437988e-01
-1.857738569378852844e-02 -5.209071561694145203e-03 8.058440685272216797e-01
-5.536403506994247437e-03 1.081447582691907883e-02 7.804382443428039551e-01
-6.589896045625209808e-03 1.174601353704929352e-02 7.908851504325866699e-01
-7.892396301031112671e-03 2.211090177297592163e-02 7.702268362045288086e-01
-9.972693398594856262e-03 1.435050275176763535e-02 7.066491246223449707e-01
-1.382787339389324188e-02 -1.630079932510852814e-04 6.926599144935607910e-01
-1.897699944674968719e-02 5.845349747687578201e-03 7.398033738136291504e-01
-2.070958539843559265e-02 1.831477321684360504e-02 7.811298966407775879e-01
-2.440756745636463165e-02 1.578059419989585876e-02 7.936562895774841309e-01
-3.816041350364685059e-02 1.906266622245311737e-02 8.057227134704589844e-01
-4.486001282930374146e-02 1.961048319935798645e-02 7.778308987617492676e-01
-1.654559932649135590e-02 1.520422473549842834e-02 8.324870467185974121e-01
-2.782623283565044403e-03 4.985566716641187668e-03 7.295863032341003418e-01
-6.986803375184535980e-03 4.049418494105339050e-04 7.156614065170288086e-01
2.083193510770797729e-03 -4.683764185756444931e-03 7.134624719619750977e-01
-3.964849747717380524e-03 3.701367648318409920e-03 7.778210639953613281e-01
3.397005610167980194e-03 7.969676516950130463e-03 8.207775950431823730e-01
-1.260629855096340179e-03 3.851626068353652954e-03 7.523891925811767578e-01
-1.139195915311574936e-02 1.492021512240171432e-02 8.820766806602478027e-01
-4.568850621581077576e-03 7.874233648180961609e-03 1.032306671142578125e+00
8.446278050541877747e-03 -1.259146071970462799e-02 9.731145501136779785e-01
-1.347022596746683121e-02 7.013048045337200165e-03 9.041253924369812012e-01
-1.830229163169860840e-02 -1.717779785394668579e-03 8.752725720405578613e-01
-1.830925792455673218e-02 -1.129338331520557404e-02 8.051416277885437012e-01
-1.360631175339221954e-02 -1.483982987701892853e-02 8.377907276153564453e-01
-1.670201495289802551e-02 -6.233346182852983475e-03 8.907516002655029297e-01
-1.932709850370883942e-02 -1.955887302756309509e-02 9.502138495445251465e-01
-9.818402118980884552e-03 -1.629347912967205048e-02 9.877221584320068359e-01
1.051423978060483932e-02 -2.134663611650466919e-02 9.689666628837585449e-01
-7.295226678252220154e-04 -2.896231599152088165e-02 9.103829860687255859e-01
-9.095923975110054016e-03 -2.938074246048927307e-02 8.873049020767211914e-01
-1.138664968311786652e-02 -2.159091830253601074e-02 9.008854627609252930e-01
-2.021624147891998291e-02 -1.210410892963409424e-02 9.158565402030944824e-01
-2.286924421787261963e-02 -1.807250641286373138e-02 9.250223040580749512e-01
-2.264790982007980347e-02 -2.057318203151226044e-02 9.503127932548522949e-01
-3.015669062733650208e-02 -2.564066462218761444e-02 8.954650163650512695e-01
-2.752660959959030151e-02 -2.987292222678661346e-02 8.769060969352722168e-01
-4.211199283599853516e-02 -2.379633672535419464e-02 8.709238171577453613e-01
-4.878907650709152222e-02 -2.132586762309074402e-02 8.869327902793884277e-01
-5.551117286086082458e-02 -2.363547682762145996e-02 8.778647780418395996e-01
-6.103524565696716309e-02 -2.208667621016502380e-02 8.533837199211120605e-01
-6.277300417423248291e-02 -1.739823631942272186e-02 8.463835716247558594e-01
-6.058668345212936401e-02 -1.524026319384574890e-02 8.529429435729980469e-01
-5.818713828921318054e-02 -1.605058647692203522e-02 8.552813529968261719e-01
-5.293582379817962646e-02 -1.745258457958698273e-02 8.639165163040161133e-01
-4.461896046996116638e-02 -1.783595234155654907e-02 8.714883327484130859e-01
-3.667314350605010986e-02 -1.771820709109306335e-02 8.612908720970153809e-01
-2.966276369988918304e-02 -1.888338848948478699e-02 8.434996604919433594e-01
-2.101978659629821777e-02 -1.738895848393440247e-02 8.456723093986511230e-01
-9.470832534134387970e-03 -1.841456815600395203e-02 8.770284056663513184e-01
-2.310173353180289268e-03 -2.090658806264400482e-02 9.168734550476074219e-01
5.784711800515651703e-03 -2.509058639407157898e-02 9.424557089805603027e-01
1.617034152150154114e-02 -2.692768350243568420e-02 9.614879488945007324e-01
2.410032972693443298e-02 -2.607776783406734467e-02 9.532074928283691406e-01
2.629129961133003235e-02 -2.332371845841407776e-02 9.597678780555725098e-01
3.496317937970161438e-02 -2.235151268541812897e-02 1.000936269760131836e+00
4.496533051133155823e-02 -2.016586996614933014e-02 1.031001210212707520e+00
4.917503520846366882e-02 -2.182928659021854401e-02 1.009262204170227051e+00
4.392132163047790527e-02 -2.505633607506752014e-02 1.041604399681091309e+00
4.729426652193069458e-02 -2.453275024890899658e-02 1.085787177085876465e+00
5.129433423280715942e-02 -2.829238958656787872e-02 1.089847564697265625e+00
4.410661756992340088e-02 -2.785849384963512421e-02 1.060310602188110352e+00
3.862380981445312500e-02 -2.340660244226455688e-02 1.023272037506103516e+00
3.661493211984634399e-02 -1.419195346534252167e-02 9.591423869132995605e-01
3.553330898284912109e-02 -1.623644493520259857e-02 9.375250339508056641e-01
3.117696195840835571e-02 -1.640604063868522644e-02 9.236831068992614746e-01
1.995982788503170013e-02 -1.612740010023117065e-02 9.049093723297119141e-01
6.778504699468612671e-03 -2.107828669250011444e-02 8.966110348701477051e-01
1.638530939817428589e-02 -2.498836442828178406e-02 9.770187735557556152e-01
2.053646184504032135e-02 -1.733757928013801575e-02 1.032765507698059082e+00
1.259126700460910797e-02 -2.496631629765033722e-02 1.050969839096069336e+00
1.313270069658756256e-03 -2.961407415568828583e-02 1.029842495918273926e+00
-8.774280548095703125e-03 -2.773108147084712982e-02 9.576686024665832520e-01
-1.033769920468330383e-02 -2.930220216512680054e-02 9.107790589332580566e-01
-1.518845278769731522e-02 -2.781651169061660767e-02 8.348615765571594238e-01
-2.842513471841812134e-02 -2.638065814971923828e-02 8.811346888542175293e-01
-2.763187140226364136e-02 -2.560115605592727661e-02 9.448252916336059570e-01
-2.207535877823829651e-02 -2.071703970432281494e-02 9.495052099227905273e-01
-1.672047376632690430e-02 -2.822352759540081024e-02 1.001547098159790039e+00
-1.108362339437007904e-03 -2.910506725311279297e-02 1.061383724212646484e+00
-5.109786055982112885e-03 -2.036465145647525787e-02 1.047856211662292480e+00
-1.924864575266838074e-02 -2.874884009361267090e-02 1.022385478019714355e+00
-2.658537402749061584e-02 -3.953101858496665955e-02 9.607711434364318848e-01
-2.394662424921989441e-02 -3.250569850206375122e-02 8.491567373275756836e-01
-2.247810736298561096e-02 -3.180030360817909241e-02 8.289481997489929199e-01
-2.255597710609436035e-02 -3.261968493461608887e-02 8.324614167213439941e-01
-2.485518716275691986e-02 -2.954278700053691864e-02 8.793156743049621582e-01
-3.249180316925048828e-02 -2.684934623539447784e-02 9.039665460586547852e-01
-3.316404670476913452e-02 -3.157742321491241455e-02 9.295145869255065918e-01
-1.402525417506694794e-02 -3.160119056701660156e-02 9.859920144081115723e-01
-1.990396529436111450e-03 -2.328073792159557343e-02 1.003307104110717773e+00
-1.851281337440013885e-02 -1.907668635249137878e-02 9.309744834899902344e-01
-4.282784089446067810e-02 -3.017090074717998505e-02 9.105848073959350586e-01
-4.902600497007369995e-02 -1.798515766859054565e-02 8.182733058929443359e-01
-3.654684498906135559e-02 -1.125818770378828049e-02 8.115789294242858887e-01
-3.169668838381767273e-02 -5.934663582593202591e-03 8.160870671272277832e-01
-2.290786430239677429e-02 -6.500214803963899612e-03 9.006038308143615723e-01
-2.359478175640106201e-02 -1.813582889735698700e-02 8.269920349121093750e-01
-3.237582743167877197e-02 -2.428188174962997437e-02 7.249001264572143555e-01
-3.541480749845504761e-02 -1.719040609896183014e-02 7.062323689460754395e-01
-4.133952781558036804e-02 -9.722314774990081787e-03 8.261610865592956543e-01
-4.579879343509674072e-02 -1.311574317514896393e-02 9.100491404533386230e-01
-3.416967391967773438e-02 -1.812726259231567383e-02 9.705345034599304199e-01
-3.478690981864929199e-02 -1.516603957861661911e-02 9.512850046157836914e-01
-4.541516304016113281e-02 -1.003471482545137405e-02 8.269340991973876953e-01
-2.648832276463508606e-02 -1.176780834794044495e-02 8.138647079467773438e-01
-3.363357111811637878e-02 1.339973998256027699e-03 7.874575257301330566e-01
-4.493099078536033630e-02 8.198797702789306641e-03 8.530763983726501465e-01
-4.278858378529548645e-02 7.077187765389680862e-03 9.186394214630126953e-01
-3.893883153796195984e-02 -1.262294128537178040e-03 9.319918155670166016e-01
-3.129781410098075867e-02 -1.635084673762321472e-02 9.239640831947326660e-01
-4.049273207783699036e-03 -3.293224051594734192e-02 8.476694226264953613e-01
1.638855319470167160e-03 -2.843890152871608734e-02 8.325912952423095703e-01
-9.782858192920684814e-03 -1.962750963866710663e-02 8.260412812232971191e-01
-2.323260065168142319e-03 -8.761035278439521790e-03 8.125206232070922852e-01
1.972947269678115845e-03 -9.895195253193378448e-03 7.905840873718261719e-01
-7.034227252006530762e-03 -2.889718627557158470e-03 8.117126822471618652e-01
-9.589914232492446899e-03 -7.279485464096069336e-03 8.472649455070495605e-01
-1.334400195628404617e-02 -1.095916796475648880e-02 9.361459612846374512e-01
-1.740651763975620270e-02 -1.334295701235532761e-02 9.671423435211181641e-01
-2.282852306962013245e-02 4.053655546158552170e-03 8.866888284683227539e-01
-2.377154305577278137e-02 -7.070377934724092484e-03 8.774518370628356934e-01
-4.625310655683279037e-03 -2.209774963557720184e-02 8.504002690315246582e-01
1.524800155311822891e-02 -1.978739351034164429e-02 7.831386923789978027e-01
1.108441315591335297e-02 -1.969810202717781067e-02 8.198693990707397461e-01
-8.682966232299804688e-03 -2.775713801383972168e-04 8.651853799819946289e-01
-5.125242751091718674e-03 1.033375132828950882e-02 8.023510575294494629e-01
-6.152622867375612259e-03 1.293379813432693481e-02 7.126886844635009766e-01
-4.609848838299512863e-03 6.381940096616744995e-03 5.926052927970886230e-01
-2.456337213516235352e-02 1.824981160461902618e-02 4.746201634407043457e-01
-3.691811859607696533e-02 3.450355678796768188e-02 4.681708514690399170e-01
-3.624722361564636230e-02 2.875125780701637268e-02 4.825837314128875732e-01
-3.385729342699050903e-02 3.730361163616180420e-02 5.249364376068115234e-01
-2.436947822570800781e-02 3.804143145680427551e-02 5.309970378875732422e-01
-2.331769280135631561e-02 2.908359654247760773e-02 5.203214883804321289e-01
-3.301189094781875610e-02 2.107919007539749146e-02 6.067559123039245605e-01
-2.841842919588088989e-02 1.612694002687931061e-02 6.584871411323547363e-01
-1.574080809950828552e-02 1.740651205182075500e-02 6.504178643226623535e-01
-1.326031517237424850e-02 1.291014160960912704e-02 5.843405723571777344e-01
-2.241977676749229431e-02 1.165074668824672699e-02 5.804126858711242676e-01
-2.342595346271991730e-02 8.506434969604015350e-03 5.618487000465393066e-01
-2.049556374549865723e-02 5.539993289858102798e-03 5.078802108764648438e-01
-1.119992416352033615e-02 2.578027546405792236e-03 4.451718628406524658e-01
-3.895773552358150482e-03 9.843818843364715576e-03 3.819265961647033691e-01
-9.895266965031623840e-03 1.118646375834941864e-02 3.798063099384307861e-01
-1.860970631241798401e-03 9.623125195503234863e-03 4.376198053359985352e-01
-1.141143962740898132e-03 8.190263062715530396e-03 5.514383316040039062e-01
-1.108062826097011566e-02 1.177529338747262955e-02 6.146691441535949707e-01
-1.759574376046657562e-02 1.950394548475742340e-02 6.065769195556640625e-01
-1.288261357694864273e-02 1.976257748901844025e-02 5.965957045555114746e-01
-3.659396432340145111e-03 1.002071890980005264e-02 6.313472390174865723e-01
-1.229650806635618210e-03 2.736935392022132874e-03 7.061451673507690430e-01
3.003906458616256714e-03 9.407897479832172394e-03 8.197370171546936035e-01
-6.388564128428697586e-03 9.800516068935394287e-03 8.830716013908386230e-01
-2.071635611355304718e-02 1.430211402475833893e-02 8.443904519081115723e-01
-9.959402494132518768e-03 1.089194416999816895e-02 7.902702689170837402e-01
7.598092779517173767e-03 -8.049805648624897003e-03 7.813944816589355469e-01
1.049577258527278900e-03 -8.985689841210842133e-03 7.973197698593139648e-01
-2.123009972274303436e-02 1.484910398721694946e-02 6.936401128768920898e-01
-2.396832220256328583e-03 -3.177203470841050148e-03 5.312336087226867676e-01
-7.302770391106605530e-04 -1.566342776641249657e-03 6.659998297691345215e-01
6.203432567417621613e-03 2.852622419595718384e-03 6.439296603202819824e-01
-9.232782758772373199e-05 3.962730057537555695e-03 5.400128960609436035e-01
-1.727306400425732136e-03 2.851161640137434006e-03 5.222822427749633789e-01
1.604262506589293480e-03 -5.988004617393016815e-03 5.635135173797607422e-01
-1.185479946434497833e-02 -4.210618324577808380e-03 5.791485905647277832e-01
-8.678228594362735748e-03 -8.818352594971656799e-03 5.440701246261596680e-01
-3.526858519762754440e-03 -3.956948406994342804e-03 4.765625000000000000e-01
-2.035139594227075577e-03 -6.573841907083988190e-03 4.776437878608703613e-01
5.919324699789285660e-03 -4.968209192156791687e-03 4.697950780391693115e-01
9.443026036024093628e-03 -6.117901764810085297e-03 4.715843796730041504e-01
4.525508265942335129e-03 -7.632383145391941071e-03 5.148832798004150391e-01
-1.013598404824733734e-03 -7.116987835615873337e-03 4.808878004550933838e-01
4.647267982363700867e-03 -1.362715265713632107e-03 4.740417003631591797e-01
1.122576091438531876e-02 -4.520916845649480820e-04 4.801203906536102295e-01
1.588034257292747498e-02 1.929696649312973022e-03 5.245072841644287109e-01
2.007468231022357941e-02 3.891109488904476166e-03 5.475656986236572266e-01
2.102915197610855103e-02 4.406943917274475098e-03 5.579214692115783691e-01
2.170759811997413635e-02 4.069056361913681030e-03 5.072701573371887207e-01
2.671374753117561340e-02 -1.260334160178899765e-03 4.874571859836578369e-01
2.376594580709934235e-02 4.098804201930761337e-03 5.093802809715270996e-01
2.320479229092597961e-02 1.007638685405254364e-02 5.185064673423767090e-01
2.766055986285209656e-02 6.770326755940914154e-03 5.041397809982299805e-01
2.382439002394676208e-02 1.031521800905466080e-02 4.624174535274505615e-01
2.794728428125381470e-02 5.059133749455213547e-03 4.744100570678710938e-01
2.126203291118144989e-02 1.092972792685031891e-02 5.239181518554687500e-01
1.847553253173828125e-02 2.506657689809799194e-02 5.490504503250122070e-01
1.848275959491729736e-02 2.845892496407032013e-02 5.489015579223632812e-01
1.961310766637325287e-02 2.391174249351024628e-02 5.477937459945678711e-01
3.119389899075031281e-02 1.639320142567157745e-02 6.181456446647644043e-01
4.135594516992568970e-02 2.627634443342685699e-02 6.752408146858215332e-01
3.989937156438827515e-02 2.262866124510765076e-02 6.590148210525512695e-01
3.275212645530700684e-02 1.223605498671531677e-02 6.708838939666748047e-01
2.086708508431911469e-02 8.723899722099304199e-03 6.762062907218933105e-01
6.380990147590637207e-03 1.998313143849372864e-02 6.651744842529296875e-01
1.904402114450931549e-02 1.395685411989688873e-02 6.677979230880737305e-01
2.702853456139564514e-02 -2.583826659247279167e-03 7.190582752227783203e-01
1.165642216801643372e-02 1.987275201827287674e-03 6.346535086631774902e-01
-7.476677186787128448e-03 -1.154510863125324249e-02 6.568254828453063965e-01
-7.833871059119701385e-03 -1.276033930480480194e-02 7.822139263153076172e-01
-2.231260947883129120e-02 -3.189170733094215393e-03 7.023044824600219727e-01
-1.712092757225036621e-02 -1.113691087812185287e-02 7.062515020370483398e-01
-1.478132233023643494e-02 -4.565049894154071808e-03 7.979614138603210449e-01
-1.744879409670829773e-03 -2.154252864420413971e-02 8.628880977630615234e-01
1.981087960302829742e-03 -2.464308030903339386e-02 9.030382633209228516e-01
1.064934022724628448e-02 -2.312931790947914124e-02 8.930965065956115723e-01
1.087945140898227692e-02 -1.944590546190738678e-02 8.760667443275451660e-01
1.276319473981857300e-02 -2.379581518471240997e-02 8.560557961463928223e-01
1.645449548959732056e-02 -1.833651028573513031e-02 8.635827898979187012e-01
1.563658751547336578e-02 -2.086262591183185577e-02 8.619019985198974609e-01
2.230471372604370117e-02 -2.201775088906288147e-02 8.563837409019470215e-01
3.596973791718482971e-02 -2.054713666439056396e-02 9.055066704750061035e-01
3.730995953083038330e-02 -1.148815825581550598e-02 9.575098752975463867e-01
3.348161280155181885e-02 -1.352975144982337952e-02 9.941340684890747070e-01
3.050257638096809387e-02 -1.800118759274482727e-02 1.000403046607971191e+00
3.412861004471778870e-02 -1.667541451752185822e-02 9.866290092468261719e-01
3.058374673128128052e-02 -1.676453463733196259e-02 9.599373340606689453e-01
2.582838386297225952e-02 -1.394206658005714417e-02 9.381851553916931152e-01
1.793609000742435455e-02 -9.881397709250450134e-03 9.273498058319091797e-01
8.916405029594898224e-03 -8.609971031546592712e-03 8.932263255119323730e-01
5.058245267719030380e-03 -5.529480520635843277e-03 8.765192031860351562e-01
