1.568212360143661499e-02 -1.190367992967367172e-02 5.730587244033813477e-01
2.180734835565090179e-02 -3.897356800734996796e-03 6.739379763603210449e-01
3.363699093461036682e-02 -4.587718285620212555e-04 6.490685939788818359e-01
2.856840193271636963e-02 -1.908699050545692444e-04 6.054620146751403809e-01
2.582179568707942963e-02 -2.401694422587752342e-03 6.653388142585754395e-01
1.614507846534252167e-02 2.872079843655228615e-03 8.494954705238342285e-01
7.534227799624204636e-03 -2.223574323579668999e-03 8.896620869636535645e-01
1.158718951046466827e-02 -6.643645465373992920e-04 9.691091179847717285e-01
1.442750263959169388e-02 -4.268071614205837250e-03 9.717856049537658691e-01
6.778035778552293777e-03 -5.323189310729503632e-03 8.569862246513366699e-01
-1.194386091083288193e-02 9.693948552012443542e-03 7.277094125747680664e-01
-6.724278442561626434e-03 2.537441207095980644e-03 7.453438639640808105e-01
2.119080163538455963e-03 8.312525227665901184e-03 7.870699763298034668e-01
4.904916509985923767e-03 1.097998395562171936e-02 7.773279547691345215e-01
-7.021533325314521790e-03 1.192754600197076797e-03 7.593903541564941406e-01
-9.095014072954654694e-03 -4.644103348255157471e-03 6.966091394424438477e-01
-8.670898154377937317e-03 -1.965498086065053940e-03 6.851726174354553223e-01
-1.128626987338066101e-03 -9.762571193277835846e-03 7.356223464012145996e-01
-9.254924952983856201e-03 -1.461715996265411377e-02 8.213874697685241699e-01
-1.781181432306766510e-02 -2.327126637101173401e-02 9.260306954383850098e-01
-2.257779985666275024e-02 -2.911947667598724365e-02 8.587771654129028320e-01
-2.997360751032829285e-02 -2.316237427294254303e-02 8.102607131004333496e-01
-2.093292213976383209e-02 -1.964271068572998047e-02 9.302507042884826660e-01
-2.749258652329444885e-02 -7.812630385160446167e-03 9.490587711334228516e-01
-1.034918054938316345e-02 -9.314750321209430695e-03 9.730882048606872559e-01
1.341075869277119637e-03 -7.290223613381385803e-03 1.014610886573791504e+00
-1.560337143018841743e-03 -9.312182664871215820e-03 1.051294326782226562e+00
-1.276584248989820480e-02 -2.491440996527671814e-02 1.076067686080932617e+00
-8.916124701499938965e-03 -2.262281626462936401e-02 1.012757301330566406e+00
3.296113573014736176e-03 -2.686230465769767761e-02 1.063802242279052734e+00
9.108700789511203766e-03 -3.250371664762496948e-02 1.088664531707763672e+00
2.575699472799897194e-03 -3.604711219668388367e-02 1.040206432342529297e+00
-8.998187258839607239e-03 -2.872153371572494507e-02 9.424710273742675781e-01
-9.840600192546844482e-03 -2.904669195413589478e-02 9.142414927482604980e-01
-1.226506754755973816e-02 -2.349902689456939697e-02 9.039634466171264648e-01
-1.195879094302654266e-02 -2.176056802272796631e-02 9.194376468658447266e-01
-4.853875376284122467e-03 -2.203356288373470306e-02 9.440294504165649414e-01
8.359588682651519775e-04 -1.939892023801803589e-02 9.487670660018920898e-01
1.252592261880636215e-02 -2.234497666358947754e-02 9.573184847831726074e-01
1.119766011834144592e-02 -2.839205786585807800e-02 9.622283577919006348e-01
8.156607858836650848e-03 -1.312458515167236328e-02 9.778415560722351074e-01
-8.545352611690759659e-04 -1.848255284130573273e-02 8.703273534774780273e-01
-8.192462846636772156e-03 -2.733477577567100525e-02 8.973292112350463867e-01
-1.104456651955842972e-02 -1.067882752977311611e-03 8.239374160766601562e-01
3.241847734898328781e-03 6.460223812609910965e-05 8.081319332122802734e-01
1.000939682126045227e-02 -5.502370768226683140e-04 8.222869634628295898e-01
7.578186225146055222e-03 1.070679631084203720e-02 8.161205649375915527e-01
-9.574980475008487701e-03 6.652020849287509918e-03 8.089308738708496094e-01
-2.107620611786842346e-02 -4.340105690062046051e-03 7.857427597045898438e-01
-1.295317709445953369e-02 -1.301450841128826141e-02 7.928591370582580566e-01
9.517995640635490417e-04 5.501985549926757812e-03 7.452842593193054199e-01
1.397045049816370010e-02 1.139250770211219788e-02 6.960565447807312012e-01
1.130195148289203644e-02 3.275907132774591446e-03 8.024953007698059082e-01
7.460553199052810669e-03 1.183197088539600372e-02 7.919042706489562988e-01
9.356196969747543335e-03 6.046891212463378906e-03 7.032183408737182617e-01
5.572013556957244873e-03 -1.785992877557873726e-03 7.062723040580749512e-01
4.450686741620302200e-03 -3.240707097575068474e-03 7.351207137107849121e-01
-3.989293705672025681e-03 1.301637385040521622e-02 7.807799577713012695e-01
-5.200190935283899307e-03 1.526775956153869629e-02 7.807588577270507812e-01
-1.157282851636409760e-02 1.260243728756904602e-02 8.008435964584350586e-01
-2.416688948869705200e-02 8.654924109578132629e-03 7.655862569808959961e-01
-7.237047888338565826e-03 1.078440691344439983e-03 7.870902419090270996e-01
9.797097183763980865e-03 -5.895901005715131760e-03 7.400136590003967285e-01
1.918821968138217926e-02 -1.407368294894695282e-02 7.562046647071838379e-01
1.636607013642787933e-02 -1.253527402877807617e-02 6.897533535957336426e-01
1.081273891031742096e-03 -6.971064722165465355e-04 7.221799492835998535e-01
8.724812418222427368e-03 -1.869767904281616211e-03 8.816633820533752441e-01
1.985083706676959991e-02 -1.340140216052532196e-02 8.073596358299255371e-01
-2.952141454443335533e-03 -2.142083831131458282e-03 8.260415792465209961e-01
5.143125541508197784e-03 6.194733548909425735e-03 1.023272275924682617e+00
8.309986442327499390e-03 -9.829547256231307983e-03 9.944863319396972656e-01
-1.810763403773307800e-02 1.188068464398384094e-02 8.698982596397399902e-01
-9.907368570566177368e-03 -5.131686106324195862e-03 7.964494228363037109e-01
-1.176376827061176300e-02 -1.204980723559856415e-02 7.977079749107360840e-01
-9.923361241817474365e-03 -1.364694163203239441e-02 8.661090135574340820e-01
7.763337343931198120e-04 -3.187122754752635956e-03 1.016735911369323730e+00
-1.489703450351953506e-02 -1.964015141129493713e-02 9.650542140007019043e-01
-1.730815134942531586e-02 -2.259523607790470123e-02 9.044119119644165039e-01
-2.066469751298427582e-03 -2.599825523793697357e-02 9.062501788139343262e-01
-6.616888567805290222e-04 -2.407981455326080322e-02 8.786977529525756836e-01
-7.100967224687337875e-03 -1.966187916696071625e-02 9.087592363357543945e-01
-3.312901128083467484e-03 -2.123600244522094727e-02 9.983336925506591797e-01
-1.231104321777820587e-02 -2.684882655739784241e-02 1.041108965873718262e+00
-1.938746310770511627e-02 -2.905338630080223083e-02 1.037201881408691406e+00
-1.728253811597824097e-02 -2.598935179412364960e-02 9.982489347457885742e-01
-1.358915679156780243e-02 -2.606166526675224304e-02 9.858983755111694336e-01
-1.619778014719486237e-02 -2.433100342750549316e-02 9.975218176841735840e-01
-1.576475799083709717e-02 -2.253852970898151398e-02 1.002919197082519531e+00
-1.456059794872999191e-02 -2.363148704171180725e-02 9.947050809860229492e-01
-1.204130519181489944e-02 -2.264375425875186920e-02 9.907320737838745117e-01
-1.148647721856832504e-02 -2.474018931388854980e-02 1.025944828987121582e+00
-1.062505133450031281e-02 -2.664047852158546448e-02 1.039902925491333008e+00
-1.479758322238922119e-02 -2.395613864064216614e-02 1.031056404113769531e+00
-1.506377756595611572e-02 -2.216381952166557312e-02 1.026348710060119629e+00
-9.505738504230976105e-03 -2.289387956261634827e-02 1.032726645469665527e+00
-2.134416252374649048e-03 -2.122323401272296906e-02 1.031965613365173340e+00
-5.322676151990890503e-03 -1.777260750532150269e-02 1.021227836608886719e+00
-1.392734982073307037e-02 -1.599885523319244385e-02 9.924651980400085449e-01
-1.848333328962326050e-02 -1.438356004655361176e-02 9.565689563751220703e-01
-1.591655053198337555e-02 -1.430531684309244156e-02 9.595904946327209473e-01
-9.513019584119319916e-03 -1.754318550229072571e-02 9.859147071838378906e-01
-2.538917120546102524e-03 -1.770920865237712860e-02 9.943924546241760254e-01
2.153270877897739410e-03 -1.608600281178951263e-02 9.831703305244445801e-01
1.122858608141541481e-03 -1.586536318063735962e-02 9.979471564292907715e-01
1.740651438012719154e-03 -1.539843156933784485e-02 9.967569112777709961e-01
3.327534766867756844e-03 -1.320748589932918549e-02 9.458488821983337402e-01
5.324947647750377655e-03 -1.527198776602745056e-02 9.886497855186462402e-01
3.436405444517731667e-03 -1.881976611912250519e-02 1.050656199455261230e+00
3.015468828380107880e-03 -2.019351907074451447e-02 1.062027931213378906e+00
1.366445329040288925e-03 -1.789413206279277802e-02 1.023337006568908691e+00
-2.841632114723324776e-03 -1.635468937456607819e-02 9.636898040771484375e-01
-5.334125831723213196e-03 -1.765378005802631378e-02 9.029751420021057129e-01
-6.878750398755073547e-03 -1.382633578032255173e-02 8.908138275146484375e-01
-1.329522393643856049e-02 -1.340079493820667267e-02 9.288246631622314453e-01
-1.315487734973430634e-02 -1.827109977602958679e-02 9.153960347175598145e-01
-6.627170369029045105e-03 -3.014316223561763763e-02 9.695772528648376465e-01
9.817570447921752930e-03 -2.639502286911010742e-02 1.044541835784912109e+00
1.021468825638294220e-02 -2.965277619659900665e-02 1.035454630851745605e+00
7.945931516587734222e-03 -3.108883462846279144e-02 1.047034025192260742e+00
4.977925564162433147e-04 -3.329942002892494202e-02 9.925019145011901855e-01
-1.907891477458178997e-03 -2.501979470252990723e-02 9.286291003227233887e-01
-2.427531173452734947e-03 -2.464228123426437378e-02 9.098848104476928711e-01
-4.881161265075206757e-03 -2.843185700476169586e-02 8.535545468330383301e-01
-1.690335944294929504e-02 -2.318316698074340820e-02 8.586469292640686035e-01
-1.898279972374439240e-02 -1.916403323411941528e-02 9.242374897003173828e-01
-1.060868613421916962e-02 -1.366724818944931030e-02 9.572109580039978027e-01
-1.163763832300901413e-02 -1.890418678522109985e-02 9.935306906700134277e-01
-3.715729806572198868e-03 -2.161993272602558136e-02 1.030446529388427734e+00
7.451736368238925934e-03 -1.186201721429824829e-02 1.052150130271911621e+00
4.533486440777778625e-03 -1.682754606008529663e-02 1.040462255477905273e+00
-6.880685687065124512e-04 -2.689222618937492371e-02 1.038318037986755371e+00
-6.784156430512666702e-03 -3.355586156249046326e-02 1.012546777725219727e+00
-7.474950514733791351e-03 -3.090474382042884827e-02 9.518693089485168457e-01
-1.861879136413335800e-03 -2.986282482743263245e-02 9.173229336738586426e-01
-7.654747460037469864e-03 -2.608478814363479614e-02 8.971933126449584961e-01
-3.465809393674135208e-03 -2.622187137603759766e-02 9.426861405372619629e-01
2.663007006049156189e-03 -2.833748422563076019e-02 9.774819016456604004e-01
-3.322016447782516479e-03 -2.689296193420886993e-02 9.489942789077758789e-01
-5.161881446838378906e-03 -3.084712475538253784e-02 9.780048131942749023e-01
3.506488865241408348e-04 -2.877578698098659515e-02 9.933505058288574219e-01
2.243617922067642212e-02 -2.298376336693763733e-02 1.065135121345520020e+00
7.807795889675617218e-03 -1.880112476646900177e-02 1.001550912857055664e+00
-1.830181293189525604e-02 -2.958700247108936310e-02 1.000508427619934082e+00
-3.065281733870506287e-02 -2.604972198605537415e-02 9.018209576606750488e-01
-2.647524699568748474e-02 -1.084653753787279129e-02 8.108015060424804688e-01
-1.879452727735042572e-02 -1.287115737795829773e-03 7.956212759017944336e-01
-1.560121681541204453e-02 1.186256296932697296e-03 8.126178383827209473e-01
-6.556659005582332611e-03 2.370947040617465973e-03 8.956165909767150879e-01
-2.933496609330177307e-03 -5.231501534581184387e-03 8.535589575767517090e-01
-1.066566258668899536e-02 -1.282535493373870850e-02 7.750491499900817871e-01
-1.905379071831703186e-02 -1.618070155382156372e-02 7.320051193237304688e-01
-3.831377997994422913e-02 -1.573403365910053253e-02 7.878882288932800293e-01
-3.060274012386798859e-02 -1.622937060892581940e-02 8.719921112060546875e-01
-3.242388740181922913e-02 -9.017483331263065338e-03 9.530320167541503906e-01
-2.350040525197982788e-02 -1.041492447257041931e-02 9.433825612068176270e-01
-1.959928683936595917e-02 -1.125686801970005035e-02 8.792358040809631348e-01
-3.500916808843612671e-02 -1.106684841215610504e-02 7.991779446601867676e-01
-2.584313973784446716e-02 -1.307479478418827057e-02 7.936740517616271973e-01
-3.481930494308471680e-02 4.313765093684196472e-04 7.637151479721069336e-01
-3.853430971503257751e-02 5.455270409584045410e-03 8.237025141716003418e-01
-3.437557816505432129e-02 4.529409110546112061e-03 8.642309904098510742e-01
-3.405060619115829468e-02 1.233828254044055939e-03 8.800094723701477051e-01
-2.794604748487472534e-02 -8.019698783755302429e-03 9.015755057334899902e-01
-1.776014640927314758e-02 -2.383437938988208771e-02 8.683618903160095215e-01
7.134391926229000092e-03 -2.918060496449470520e-02 8.465476036071777344e-01
7.881450466811656952e-03 -2.728157490491867065e-02 8.343901038169860840e-01
-7.665622979402542114e-04 -1.471555419266223907e-02 8.312561511993408203e-01
3.263705410063266754e-03 -6.391580216586589813e-03 8.304126858711242676e-01
1.017937436699867249e-02 -9.338954463601112366e-03 8.017661571502685547e-01
-3.342200070619583130e-04 -4.369722679257392883e-03 7.962076663970947266e-01
-5.042832344770431519e-04 -1.360071357339620590e-03 8.202637434005737305e-01
-3.505709115415811539e-03 -9.595084935426712036e-03 8.716734647750854492e-01
-4.652730654925107956e-03 -1.377438753843307495e-02 9.654541015625000000e-01
-4.788152873516082764e-03 -1.033075619488954544e-02 9.671906828880310059e-01
-1.067078579217195511e-02 3.465544432401657104e-04 9.000187516212463379e-01
-1.959930919110774994e-02 -3.120356239378452301e-03 8.706844449043273926e-01
-7.174727506935596466e-03 -1.587787829339504242e-02 8.734303712844848633e-01
9.137378074228763580e-03 -1.892471313476562500e-02 8.261166810989379883e-01
2.571983262896537781e-02 -2.524414099752902985e-02 7.776878476142883301e-01
2.025450579822063446e-02 -2.543920651078224182e-02 8.113937377929687500e-01
1.230421941727399826e-03 -1.217073015868663788e-02 8.600033521652221680e-01
6.407985463738441467e-03 -1.008978113532066345e-03 8.130001425743103027e-01
4.348073154687881470e-03 2.387388143688440323e-03 7.311541438102722168e-01
8.548433892428874969e-03 5.153350066393613815e-03 6.433442831039428711e-01
7.656767033040523529e-03 1.048273174092173576e-03 5.154460072517395020e-01
-1.097123138606548309e-02 1.594432629644870758e-02 4.545359015464782715e-01
-2.472514845430850983e-02 2.742595784366130829e-02 4.482250511646270752e-01
-2.442876808345317841e-02 2.434917911887168884e-02 5.068042874336242676e-01
-2.495165914297103882e-02 3.386702388525009155e-02 5.470855832099914551e-01
-8.445280604064464569e-03 2.998796850442886353e-02 4.998051524162292480e-01
1.689349533990025520e-03 3.040562383830547333e-02 4.771391749382019043e-01
-9.597244672477245331e-03 2.568190917372703552e-02 4.519100487232208252e-01
-1.855934225022792816e-02 1.903763040900230408e-02 5.128420591354370117e-01
-6.926558911800384521e-03 5.747723858803510666e-03 5.713585019111633301e-01
5.086928606033325195e-03 3.414231119677424431e-03 5.562323927879333496e-01
1.077895984053611755e-02 4.109707195311784744e-03 5.426187515258789062e-01
2.420947887003421783e-03 7.062268443405628204e-03 5.114543437957763672e-01
3.879156662151217461e-03 -2.450436295475810766e-04 5.324398875236511230e-01
-1.299064606428146362e-03 6.787536665797233582e-03 5.350728034973144531e-01
-1.903774216771125793e-03 7.603950798511505127e-03 5.471017956733703613e-01
3.146670293062925339e-03 5.359810777008533478e-03 5.253140926361083984e-01
1.352569274604320526e-02 7.801469415426254272e-03 4.628972411155700684e-01
1.158308051526546478e-02 9.348670952022075653e-03 4.343595206737518311e-01
1.047286111861467361e-02 1.142026670277118683e-02 4.676052331924438477e-01
5.701524205505847931e-03 2.150595746934413910e-02 5.126332044601440430e-01
3.500124672427773476e-03 2.246538735926151276e-02 5.721229314804077148e-01
-3.493795171380043030e-03 1.952662691473960876e-02 6.033074259757995605e-01
9.057861752808094025e-04 1.778290234506130219e-02 6.266528964042663574e-01
3.972197417169809341e-03 1.341581437736749649e-02 6.737797856330871582e-01
1.059732213616371155e-02 1.848125830292701721e-04 6.976023316383361816e-01
9.659443050622940063e-03 -9.409169666469097137e-03 7.598977088928222656e-01
4.918714519590139389e-03 -1.096726162359118462e-03 8.424744009971618652e-01
-5.935244262218475342e-04 4.050288349390029907e-03 9.162046909332275391e-01
-4.683925770223140717e-03 2.145018195733428001e-03 9.010404348373413086e-01
-5.307200830429792404e-03 3.708098083734512329e-03 8.603888750076293945e-01
-1.966884359717369080e-02 -4.578455351293087006e-03 7.994910478591918945e-01
-2.982902154326438904e-02 9.656431153416633606e-03 7.822548747062683105e-01
-2.147882618010044098e-02 9.062591008841991425e-03 7.099462151527404785e-01
-2.446763776242733002e-02 1.568702235817909241e-02 6.516168117523193359e-01
-1.292809471487998962e-02 1.270261825993657112e-03 6.872038245201110840e-01
-3.182402811944484711e-03 3.242547158151865005e-03 7.654508948326110840e-01
-1.307629514485597610e-02 2.127859927713871002e-02 6.672485470771789551e-01
-8.564841933548450470e-03 1.385019067674875259e-02 4.671146273612976074e-01
-5.730992183089256287e-03 2.009769668802618980e-03 5.331483483314514160e-01
-1.221689395606517792e-02 -1.093020755797624588e-02 6.486076712608337402e-01
-1.867368258535861969e-02 -4.016715567559003830e-03 6.317178606986999512e-01
-1.007598638534545898e-02 -4.464451223611831665e-03 5.046362280845642090e-01
-6.143634673207998276e-03 -1.310161780565977097e-03 5.034618377685546875e-01
-3.630158957093954086e-03 -3.207945264875888824e-03 4.913128614425659180e-01
4.635812714695930481e-03 -1.858059084042906761e-03 4.918088316917419434e-01
8.380305371247231960e-04 -2.145058242604136467e-03 4.900409877300262451e-01
-4.991959780454635620e-03 -4.597957711666822433e-03 4.848698079586029053e-01
-1.129699312150478363e-02 -2.986788051202893257e-03 4.798230528831481934e-01
-6.492693442851305008e-03 1.971833407878875732e-04 4.729339778423309326e-01
-1.402259804308414459e-03 1.739112660288810730e-03 4.810436367988586426e-01
-8.870557649061083794e-04 6.227276287972927094e-03 5.330477952957153320e-01
-2.145673613995313644e-03 1.096582505851984024e-02 5.413451790809631348e-01
-3.668723627924919128e-03 1.251897774636745453e-02 5.337740182876586914e-01
-2.011218108236789703e-03 1.104487292468547821e-02 4.898569583892822266e-01
2.374489093199372292e-03 6.722946651279926300e-03 4.622817337512969971e-01
-2.117110416293144226e-04 9.240638464689254761e-03 4.770792424678802490e-01
-2.196249552071094513e-04 1.599414832890033722e-02 4.838168025016784668e-01
1.024152385070919991e-03 2.140315435826778412e-02 4.840988814830780029e-01
-4.471217747777700424e-03 2.159136906266212463e-02 4.722602367401123047e-01
-5.046200938522815704e-03 1.791115477681159973e-02 4.246992170810699463e-01
1.405831426382064819e-03 1.574090123176574707e-02 4.065318703651428223e-01
-6.387705914676189423e-03 2.843521907925605774e-02 4.174446165561676025e-01
-5.128962919116020203e-03 3.439062461256980896e-02 4.541831314563751221e-01
-2.990308683365583420e-03 3.598375245928764343e-02 4.765849411487579346e-01
2.054008655250072479e-05 3.100980073213577271e-02 5.114747285842895508e-01
5.636922549456357956e-03 2.254585549235343933e-02 5.657398700714111328e-01
1.310880389064550400e-02 2.754492312669754028e-02 5.925661325454711914e-01
6.918536499142646790e-03 4.346757754683494568e-02 6.127223372459411621e-01
1.520879194140434265e-02 3.076968528330326080e-02 6.412560343742370605e-01
1.770740374922752380e-02 8.407954126596450806e-03 6.367570757865905762e-01
1.281204447150230408e-02 1.384236384183168411e-03 6.242585778236389160e-01
3.058985807001590729e-03 7.661995943635702133e-03 6.310523748397827148e-01
-1.080968882888555527e-02 2.055978961288928986e-02 6.530388593673706055e-01
3.527780296280980110e-03 1.108776405453681946e-02 7.122316360473632812e-01
-1.958559267222881317e-03 1.136808656156063080e-02 6.385021209716796875e-01
-1.689531840384006500e-02 -7.842250168323516846e-03 6.584466695785522461e-01
-1.339162979274988174e-02 -8.960954844951629639e-03 8.365204334259033203e-01
-1.830301620066165924e-02 -1.553430687636137009e-03 8.925931453704833984e-01
-2.157133072614669800e-02 -9.335464797914028168e-03 7.053763866424560547e-01
-3.899744711816310883e-03 -1.957701146602630615e-02 7.942026853561401367e-01
-2.183749526739120483e-02 3.421995788812637329e-04 8.435785770416259766e-01
-5.089050158858299255e-03 -1.973530836403369904e-02 8.945165872573852539e-01
-6.764933932572603226e-03 -1.809154264628887177e-02 8.948118686676025391e-01
-5.017591640353202820e-03 -9.989120066165924072e-03 8.719555139541625977e-01
-3.914665896445512772e-03 -9.810741990804672241e-03 8.787355422973632812e-01
-1.078812405467033386e-02 -1.003279350697994232e-02 8.765619397163391113e-01
-1.229317393153905869e-02 -1.191337872296571732e-02 8.694491982460021973e-01
-5.049943923950195312e-03 -1.478105224668979645e-02 8.751369118690490723e-01
-2.617373131215572357e-03 -1.630474627017974854e-02 8.523979187011718750e-01
-8.410869166254997253e-03 -1.710478588938713074e-02 8.061975240707397461e-01
-1.159461215138435364e-02 -1.341194193810224533e-02 7.576125264167785645e-01
-1.071636285632848740e-02 -7.011455483734607697e-03 7.597230076789855957e-01
6.944958586245775223e-03 -2.983936108648777008e-03 8.509415984153747559e-01
5.949797108769416809e-03 -9.569698944687843323e-03 8.620976209640502930e-01
-5.444793961942195892e-03 -1.297762151807546616e-02 7.604969143867492676e-01
-7.702090777456760406e-03 -1.243099290877580643e-02 6.564624309539794922e-01
-1.180687919259071350e-03 -9.478419087827205658e-03 6.348577737808227539e-01
-9.680043905973434448e-03 3.337168600410223007e-04 6.204475164413452148e-01
-4.139221273362636566e-03 -9.855788201093673706e-03 6.213503479957580566e-01
7.637626840732991695e-04 -7.054955698549747467e-03 6.581222414970397949e-01
1.349696051329374313e-02 1.464781584218144417e-03 6.544042825698852539e-01
6.066202651709318161e-03 6.132253445684909821e-03 5.898488163948059082e-01
3.024022560566663742e-03 4.861514084041118622e-03 5.942316055297851562e-01
-6.997845601290464401e-03 8.759892079979181290e-04 6.199206709861755371e-01
-1.050282968208193779e-03 -8.160768076777458191e-03 7.001842260360717773e-01
-1.311035081744194031e-02 -1.351900678128004074e-02 8.871859908103942871e-01
1.251874398440122604e-02 -2.618013508617877960e-02 9.057903289794921875e-01
2.016421034932136536e-02 -2.692774496972560883e-02 8.459346294403076172e-01
7.090237922966480255e-03 -3.109305538237094879e-02 8.114355802536010742e-01
5.142393521964550018e-03 -2.678294107317924500e-02 7.752044200897216797e-01
3.124035894870758057e-03 -3.626286610960960388e-02 7.448846101760864258e-01
1.473648101091384888e-02 -3.910817578434944153e-02 6.588615179061889648e-01
2.423622831702232361e-02 -2.325958758592605591e-02 6.941951513290405273e-01
8.899165317416191101e-03 -1.956686563789844513e-02 8.082205057144165039e-01
-1.521554077044129372e-03 -5.211987998336553574e-03 7.052549123764038086e-01
2.402809215709567070e-03 -5.077288020402193069e-03 6.092370748519897461e-01
8.245086297392845154e-03 -1.703456416726112366e-02 5.967773199081420898e-01
6.239278241991996765e-03 -1.967762410640716553e-02 5.905189514160156250e-01
-9.618267416954040527e-03 -1.653295010328292847e-02 5.587634444236755371e-01
9.917073883116245270e-03 -1.939727179706096649e-02 5.516652464866638184e-01
1.046103890985250473e-02 -1.909222453832626343e-02 4.830850660800933838e-01
-8.018557913601398468e-03 -2.476024627685546875e-02 3.509673178195953369e-01
-2.082905732095241547e-02 -2.407531999051570892e-02 2.683995664119720459e-01
-2.056929282844066620e-02 -3.023823350667953491e-02 3.207266032695770264e-01
-2.633491531014442444e-02 -2.855980955064296722e-02 4.180011749267578125e-01
-3.441404551267623901e-02 -1.849602349102497101e-02 4.212982356548309326e-01
-4.333722591400146484e-02 1.062020193785429001e-03 4.544202983379364014e-01
-4.714984446763992310e-02 7.928198203444480896e-03 5.273336172103881836e-01
-4.299239814281463623e-02 2.048572152853012085e-02 5.678367614746093750e-01
-4.606289416551589966e-02 1.285309344530105591e-02 5.609542727470397949e-01
-5.799628049135208130e-02 1.097327936440706253e-02 5.264741182327270508e-01
-4.878849908709526062e-02 1.059406064450740814e-02 4.764366149902343750e-01
-4.688740521669387817e-02 8.145292289555072784e-03 4.885002672672271729e-01
-3.791691362857818604e-02 -1.504187844693660736e-02 4.397080838680267334e-01
-3.596938401460647583e-02 -3.422457352280616760e-02 4.037965834140777588e-01
-4.135359823703765869e-02 1.335039455443620682e-02 5.458989739418029785e-01
-3.691072389483451843e-02 1.922845467925071716e-02 6.844086050987243652e-01
-4.635972902178764343e-02 6.609073840081691742e-03 7.368018627166748047e-01
-3.159141913056373596e-02 -2.335767820477485657e-02 8.283247351646423340e-01
-1.158897951245307922e-02 -2.650902420282363892e-02 9.354380369186401367e-01
4.026581533253192902e-03 -2.042862959206104279e-02 9.779344797134399414e-01
5.660657770931720734e-03 -1.585863716900348663e-02 9.766309261322021484e-01
-2.305708127096295357e-03 -1.676032505929470062e-02 9.443084597587585449e-01
-7.302302401512861252e-03 -1.496741361916065216e-02 9.743060469627380371e-01
-1.764713041484355927e-02 -9.435455314815044403e-03 1.004743337631225586e+00
-2.255081944167613983e-02 -8.028015494346618652e-03 9.917623996734619141e-01
-1.601005345582962036e-02 -1.523202005773782730e-02 9.732909798622131348e-01
-1.774816215038299561e-02 -1.842712238430976868e-02 9.800536632537841797e-01
-1.892333291471004486e-02 -1.771987974643707275e-02 1.039458274841308594e+00
-2.127393335103988647e-02 -2.548387274146080017e-03 1.093043208122253418e+00
-1.568742468953132629e-02 -4.106494598090648651e-03 1.174273133277893066e+00
-1.873702369630336761e-02 -7.788763381540775299e-03 1.209548830986022949e+00
-2.909353189170360565e-02 -2.266840077936649323e-02 1.223151206970214844e+00
-2.487943880259990692e-02 -3.259181603789329529e-02 1.245463609695434570e+00
-2.218887954950332642e-02 -2.668955177068710327e-02 1.228122711181640625e+00
-1.495425030589103699e-02 -3.911469131708145142e-02 1.211176872253417969e+00
-1.317446399480104446e-02 -4.182365164160728455e-02 1.175912141799926758e+00
-8.774456568062305450e-03 -4.476932436227798462e-02 1.123671650886535645e+00
-9.462062269449234009e-03 -4.533450677990913391e-02 1.155930399894714355e+00
-1.807044818997383118e-02 -3.877522051334381104e-02 1.148795366287231445e+00
-1.978030987083911896e-02 -3.349032253026962280e-02 1.128871321678161621e+00
-1.735803298652172089e-02 -3.204421326518058777e-02 1.113346695899963379e+00
3.666962264105677605e-03 -3.460888937115669250e-02 1.071018099784851074e+00
4.486253950744867325e-03 -2.270929701626300812e-02 1.071193099021911621e+00
-8.815289475023746490e-03 -2.065433189272880554e-02 1.098436474800109863e+00
-2.356341108679771423e-03 -2.779132127761840820e-02 1.101512670516967773e+00
-4.012475721538066864e-03 -2.855828218162059784e-02 1.113038182258605957e+00
-3.949754871428012848e-03 -4.089079052209854126e-02 1.165687561035156250e+00
-1.308856066316366196e-03 -4.589974507689476013e-02 1.126173496246337891e+00
-5.227672867476940155e-03 -4.147957265377044678e-02 1.084487795829772949e+00
-1.066854782402515411e-02 -2.950455062091350555e-02 1.118852138519287109e+00
-1.499540545046329498e-02 -2.676952257752418518e-02 1.159289598464965820e+00
-8.636035956442356110e-03 -3.314258158206939697e-02 1.174392223358154297e+00
-1.947322674095630646e-02 -2.246139384806156158e-02 1.112950921058654785e+00
-1.240348257124423981e-02 -2.037813514471054077e-02 1.092183947563171387e+00
-1.325702480971813202e-02 -3.119170852005481720e-02 1.149236917495727539e+00
-6.588461343199014664e-03 -3.301396220922470093e-02 1.193012118339538574e+00
2.381897065788507462e-03 -3.829785063862800598e-02 1.187858104705810547e+00
-7.560657337307929993e-03 -3.032334893941879272e-02 1.179824709892272949e+00
-2.034385502338409424e-02 -2.530836686491966248e-02 1.161333322525024414e+00
-9.699573740363121033e-03 -1.856991648674011230e-02 1.142150163650512695e+00
-7.199533283710479736e-04 -1.740504987537860870e-02 1.206336975097656250e+00
-2.121639903634786606e-03 -3.047030419111251831e-02 1.278456330299377441e+00
6.609693635255098343e-03 -3.007325530052185059e-02 1.267314434051513672e+00
-1.900611445307731628e-03 -2.692154794931411743e-02 1.250172734260559082e+00
-1.267807371914386749e-02 -2.451587654650211334e-02 1.249117612838745117e+00
-1.900601387023925781e-02 -1.939102075994014740e-02 1.255171179771423340e+00
-1.752500236034393311e-02 -2.449366077780723572e-02 1.206394553184509277e+00
-3.628904465585947037e-03 -2.077819034457206726e-02 1.095488190650939941e+00
6.466130726039409637e-03 -1.201096083968877792e-02 1.007434844970703125e+00
3.690168960019946098e-03 -1.375903282314538956e-02 9.868614077568054199e-01
-4.669867921620607376e-04 -1.608655229210853577e-02 1.067245960235595703e+00
-1.250999048352241516e-05 -1.509444229304790497e-02 1.177210569381713867e+00
9.596979245543479919e-03 -1.271337550133466721e-02 1.223269104957580566e+00
1.624622754752635956e-02 -1.088257785886526108e-02 1.251945257186889648e+00
2.808819711208343506e-02 -8.539880625903606415e-03 1.249661684036254883e+00
3.061156161129474640e-02 -8.760558441281318665e-03 1.214720368385314941e+00
1.504815183579921722e-02 -1.378910802304744720e-02 1.170217037200927734e+00
1.470747776329517365e-02 -1.620695739984512329e-02 1.165380597114562988e+00
2.033358998596668243e-02 -2.508508414030075073e-02 1.166232705116271973e+00
1.001429557800292969e-02 -1.557896658778190613e-02 1.183569073677062988e+00
3.863174933940172195e-03 -1.512714289128780365e-02 1.187414050102233887e+00
5.540303536690771580e-04 -2.172260545194149017e-02 1.208579182624816895e+00
1.338175684213638306e-02 -2.167185395956039429e-02 1.240017294883728027e+00
5.765867419540882111e-03 -1.366602163761854172e-02 1.251229643821716309e+00
1.332318224012851715e-02 -6.566239520907402039e-03 1.227459073066711426e+00
1.817883551120758057e-02 2.567451447248458862e-04 1.185415625572204590e+00
7.678708061575889587e-03 -1.835845876485109329e-03 1.165376186370849609e+00
8.760442957282066345e-03 -3.555337898433208466e-03 1.162921309471130371e+00
1.131570711731910706e-02 -2.347547560930252075e-03 1.178991198539733887e+00
1.671228185296058655e-02 -1.052730344235897064e-02 1.211249589920043945e+00
-1.042403280735015869e-03 -5.328545346856117249e-03 1.202719688415527344e+00
-1.799087505787611008e-03 -2.391196228563785553e-02 1.094710469245910645e+00
-8.562332019209861755e-03 -1.498697232455015182e-02 1.045356869697570801e+00
-1.115148141980171204e-02 -1.966031268239021301e-02 1.133817553520202637e+00
-1.678662188351154327e-02 -2.163017727434635162e-02 1.167728543281555176e+00
-1.682726480066776276e-02 -1.827579364180564880e-02 1.163931250572204590e+00
-1.030245050787925720e-02 -1.521365251392126083e-02 1.185994505882263184e+00
-1.420389488339424133e-02 -7.532531395554542542e-03 1.202363729476928711e+00
-2.392483130097389221e-02 -9.442050009965896606e-03 1.235845327377319336e+00
-1.886882819235324860e-02 -1.206797640770673752e-02 1.274737596511840820e+00
-2.230146713554859161e-02 -4.129787907004356384e-03 1.217326164245605469e+00
-7.517825812101364136e-03 -1.508946716785430908e-02 1.065988540649414062e+00
-6.645863875746726990e-03 -2.113177254796028137e-02 1.074160218238830566e+00
-9.987631812691688538e-03 -2.596158906817436218e-02 1.072230458259582520e+00
-7.311191875487565994e-03 -2.234161831438541412e-02 1.093700408935546875e+00
9.079094976186752319e-03 -1.951002329587936401e-02 1.126790046691894531e+00
-4.502653609961271286e-03 -1.036672666668891907e-02 1.137069463729858398e+00
-9.852372109889984131e-03 -6.824682932347059250e-03 1.125503659248352051e+00
-5.314941983669996262e-03 -9.703323245048522949e-03 1.154356718063354492e+00
-5.946757271885871887e-03 -7.487134076654911041e-03 1.162839651107788086e+00
-1.314060203731060028e-02 -3.166051814332604408e-03 1.182028770446777344e+00
-1.527610979974269867e-02 -1.411531120538711548e-02 1.199035286903381348e+00
-2.521248906850814819e-02 -1.801358535885810852e-02 1.251734137535095215e+00
-1.652670465409755707e-02 -4.006484989076852798e-03 1.284659504890441895e+00
-2.206332236528396606e-02 9.517855942249298096e-04 1.235588431358337402e+00
-2.968581579625606537e-02 -6.511488929390907288e-03 1.198338627815246582e+00
-3.204837068915367126e-02 -2.100167237222194672e-02 1.197136759757995605e+00
-1.890294812619686127e-02 -1.693238690495491028e-02 1.194693684577941895e+00
-1.660620421171188354e-02 -1.277916878461837769e-02 1.199977874755859375e+00
-1.259765122085809708e-02 -1.089429855346679688e-02 1.201071262359619141e+00
-7.070450112223625183e-03 -1.101596094667911530e-02 1.201225399971008301e+00
-7.950151339173316956e-03 -6.231772713363170624e-03 1.210371255874633789e+00
-5.998885259032249451e-03 3.488392569124698639e-03 1.204008460044860840e+00
-1.128322165459394455e-02 -5.680881440639495850e-05 1.197176575660705566e+00
-1.422600913792848587e-02 4.350041970610618591e-03 1.145253896713256836e+00
-9.049439802765846252e-03 -4.623373039066791534e-03 1.137868285179138184e+00
-2.955070463940501213e-03 -1.463016681373119354e-02 1.185772418975830078e+00
4.012110177427530289e-03 -1.939172111451625824e-02 1.237788915634155273e+00
5.212957039475440979e-03 -2.088374271988868713e-02 1.233825922012329102e+00
8.223771117627620697e-03 -2.374231442809104919e-02 1.191346526145935059e+00
1.194539107382297516e-02 -2.551243081688880920e-02 1.108350634574890137e+00
1.121437549591064453e-02 -1.719127222895622253e-02 1.031168699264526367e+00
8.385306224226951599e-03 -2.973169274628162384e-02 1.059690475463867188e+00
-5.843399092555046082e-03 -3.149627894163131714e-02 1.075120925903320312e+00
-1.392129063606262207e-02 -3.521571680903434753e-02 1.127618789672851562e+00
-2.904228307306766510e-02 -5.539854988455772400e-02 1.137557029724121094e+00
-2.638504467904567719e-02 -6.932412087917327881e-02 1.124839067459106445e+00
-2.207475528120994568e-02 -4.995939508080482483e-02 1.088302135467529297e+00
3.897466231137514114e-03 -4.319581389427185059e-02 1.086279630661010742e+00
3.862472716718912125e-03 -4.692203179001808167e-02 1.079418182373046875e+00
7.669696584343910217e-03 -5.221644416451454163e-02 1.047014236450195312e+00
5.926896817982196808e-03 -4.510764405131340027e-02 1.082928538322448730e+00
7.629736210219562054e-04 -3.853671625256538391e-02 1.138278365135192871e+00
4.668096080422401428e-04 -3.563033044338226318e-02 1.153160810470581055e+00
4.081675317138433456e-03 -3.651507198810577393e-02 1.189493298530578613e+00
1.026472728699445724e-02 -3.866754099726676941e-02 1.189713120460510254e+00
1.372864097356796265e-02 -4.369926080107688904e-02 1.181446671485900879e+00
7.382860407233238220e-03 -4.220886528491973877e-02 1.193449735641479492e+00
-3.736039856448769569e-03 -3.544886410236358643e-02 1.213855504989624023e+00
-1.511851046234369278e-02 -3.421342372894287109e-02 1.223787307739257812e+00
-1.612485200166702271e-02 -3.226305916905403137e-02 1.194988608360290527e+00
-5.000989884138107300e-03 -3.042123466730117798e-02 1.166198134422302246e+00
4.746059421449899673e-03 -2.929857559502124786e-02 1.153366208076477051e+00
1.332431659102439880e-02 -2.595628052949905396e-02 1.133980989456176758e+00
9.751792065799236298e-03 -2.086719498038291931e-02 1.093717336654663086e+00
2.126279752701520920e-03 -1.724985800683498383e-02 1.082285642623901367e+00
-2.276712562888860703e-03 -2.145180851221084595e-02 1.106416702270507812e+00
4.141873680055141449e-03 -2.643336728215217590e-02 1.104425311088562012e+00
1.795663870871067047e-02 -2.562195807695388794e-02 1.052720546722412109e+00
2.097651362419128418e-02 -2.418092638254165649e-02 1.005752205848693848e+00
1.710532605648040771e-02 -2.711869962513446808e-02 9.697324037551879883e-01
1.167821325361728668e-02 -3.465633839368820190e-02 1.004258275032043457e+00
-1.881545409560203552e-03 -3.407057374715805054e-02 1.118002891540527344e+00
-1.825124025344848633e-02 -2.740914002060890198e-02 1.164412617683410645e+00
-1.475895196199417114e-02 -3.609086573123931885e-02 1.182111859321594238e+00
-6.878306157886981964e-05 -4.983088001608848572e-02 1.141029357910156250e+00
9.855873882770538330e-03 -4.515083879232406616e-02 1.102390646934509277e+00
1.662411727011203766e-02 -4.138647019863128662e-02 1.072610735893249512e+00
1.981453597545623779e-02 -4.578864201903343201e-02 1.050447940826416016e+00
6.679348647594451904e-03 -4.723318293690681458e-02 1.074699759483337402e+00
-9.671737439930438995e-03 -5.098876357078552246e-02 1.129025340080261230e+00
-2.627795748412609100e-02 -4.557543620467185974e-02 1.140335917472839355e+00
-4.282892495393753052e-02 -3.153353556990623474e-02 1.139523983001708984e+00
-3.633667901158332825e-02 -1.451769564300775528e-02 1.178368806838989258e+00
-2.818099781870841980e-02 -2.660037949681282043e-03 1.204771995544433594e+00
-1.704337447881698608e-02 -2.315549179911613464e-02 1.137720942497253418e+00
9.760115295648574829e-03 -2.032978460192680359e-02 9.812937378883361816e-01
1.359866000711917877e-02 -1.999696530401706696e-02 8.319976329803466797e-01
1.319841109216213226e-02 -1.851170696318149567e-02 8.246933221817016602e-01
1.341797411441802979e-02 -1.530767045915126801e-02 8.749997019767761230e-01
8.680740371346473694e-03 -1.568454876542091370e-02 8.538135290145874023e-01
1.427604630589485168e-02 -1.397995278239250183e-02 8.908163309097290039e-01
1.520846132189035416e-02 -2.556239068508148193e-02 9.281383752822875977e-01
1.689885370433330536e-02 -3.332078084349632263e-02 9.393308162689208984e-01
1.150061842054128647e-02 -3.148101642727851868e-02 1.005573391914367676e+00
-2.085122279822826385e-02 -1.923625171184539795e-02 1.026436924934387207e+00
-6.810088176280260086e-03 -1.114603132009506226e-02 1.008611321449279785e+00
4.519319627434015274e-03 -1.488517317920923233e-02 1.121731162071228027e+00
5.908774212002754211e-03 -2.414551563560962677e-02 1.114033579826354980e+00
6.802666466683149338e-03 -3.020798973739147186e-02 1.039301156997680664e+00
-5.207789596170186996e-03 -2.751199156045913696e-02 9.979205131530761719e-01
1.693574897944927216e-02 -2.465976029634475708e-02 9.706658124923706055e-01
2.170327864587306976e-02 -1.520854327827692032e-02 9.513239860534667969e-01
2.280580252408981323e-02 -1.252802368253469467e-02 9.752094149589538574e-01
9.403889998793601990e-05 -1.299309637397527695e-02 1.038800239562988281e+00
-2.059784717857837677e-02 1.410564407706260681e-02 9.922681450843811035e-01
-1.756962016224861145e-02 2.448674291372299194e-03 8.212333917617797852e-01
-3.439079737290740013e-04 -4.896671511232852936e-03 8.115528225898742676e-01
6.171388551592826843e-03 -5.969138815999031067e-03 8.340725302696228027e-01
1.655474491417407990e-02 -1.933660544455051422e-02 8.905695676803588867e-01
2.188015170395374298e-02 -1.874622330069541931e-02 9.512387514114379883e-01
1.652698218822479248e-02 -1.495105493813753128e-02 1.013014912605285645e+00
1.078153122216463089e-02 -1.510199066251516342e-02 1.094747662544250488e+00
4.695997107774019241e-03 -1.634905859827995300e-02 1.142556667327880859e+00
3.077163826674222946e-03 -1.556420885026454926e-02 1.140375733375549316e+00
-2.056504599750041962e-04 -1.088662352412939072e-02 1.179314494132995605e+00
-8.169469423592090607e-03 -6.656426005065441132e-03 1.173537254333496094e+00
-6.737937685102224350e-03 -1.518468372523784637e-03 1.149041771888732910e+00
-4.427604377269744873e-03 -3.772030584514141083e-03 1.164996981620788574e+00
1.635718857869505882e-03 -8.754386566579341888e-03 1.174952268600463867e+00
5.661639384925365448e-03 -1.157606206834316254e-02 1.167418122291564941e+00
2.586303045973181725e-03 -1.344245299696922302e-02 1.129204154014587402e+00
1.361190807074308395e-04 -1.205307990312576294e-02 1.100399136543273926e+00
-4.602003842592239380e-03 -1.382165960967540741e-02 1.069110393524169922e+00
-2.269636606797575951e-03 -9.866682812571525574e-03 1.065999865531921387e+00
-1.251434441655874252e-03 -1.084775477647781372e-02 1.117560505867004395e+00
-3.789664246141910553e-03 -9.847264736890792847e-03 1.118776440620422363e+00
2.081595826894044876e-03 -1.852160133421421051e-02 1.085708618164062500e+00
4.674058873206377029e-03 -3.280018270015716553e-02 1.025083184242248535e+00
1.332833338528871536e-02 -1.799229532480239868e-02 1.033265113830566406e+00
3.606578335165977478e-03 -2.051938325166702271e-02 1.100219130516052246e+00
-6.949203088879585266e-03 -2.071614004671573639e-02 1.046291470527648926e+00
9.319691918790340424e-03 -2.291241288185119629e-02 1.112987279891967773e+00
-1.627512043341994286e-03 -1.499158889055252075e-02 1.154378533363342285e+00
-3.323473408818244934e-02 -1.844336651265621185e-02 1.171912670135498047e+00
-9.695589542388916016e-04 -1.588086597621440887e-02 1.143988966941833496e+00
9.278142824769020081e-03 -2.006936632096767426e-02 1.122303009033203125e+00
1.610843278467655182e-02 -2.952118963003158569e-02 1.132464051246643066e+00
9.160308167338371277e-03 -4.153377190232276917e-02 1.131935477256774902e+00
4.017149098217487335e-03 -4.550533369183540344e-02 1.076851963996887207e+00
5.105417221784591675e-05 -4.231816902756690979e-02 1.077733278274536133e+00
-2.212652238085865974e-03 -3.264414146542549133e-02 1.036623954772949219e+00
-5.498865619301795959e-03 -1.800379343330860138e-02 1.066081523895263672e+00
-3.921304829418659210e-03 -1.474882848560810089e-02 1.060052633285522461e+00
-2.031696029007434845e-03 -2.599550597369670868e-02 1.125601768493652344e+00
-8.865009061992168427e-03 -2.162346616387367249e-02 1.106504678726196289e+00
3.758178791031241417e-04 -2.973387204110622406e-02 1.111009001731872559e+00
2.651914488524198532e-03 -3.228068351745605469e-02 1.140457749366760254e+00
4.302534274756908417e-03 -3.550162166357040405e-02 1.116966009140014648e+00
-9.656034409999847412e-03 -1.985049247741699219e-02 1.073691606521606445e+00
2.048300951719284058e-02 -2.228330820798873901e-02 1.111555337905883789e+00
1.379126962274312973e-02 -2.365126833319664001e-02 1.051242947578430176e+00
-6.601908244192600250e-03 -2.097294107079505920e-02 1.157110333442687988e+00
-1.242784690111875534e-02 -3.689334169030189514e-02 1.136891007423400879e+00
1.231627725064754486e-02 -5.871248245239257812e-02 1.053646683692932129e+00
5.218436708673834801e-04 -5.019622296094894409e-02 9.920390248298645020e-01
3.472028300166130066e-03 -4.494833573698997498e-02 1.002817511558532715e+00
4.781980067491531372e-03 -2.523468993604183197e-02 9.783999919891357422e-01
-2.592860721051692963e-03 -1.715074107050895691e-02 1.000372409820556641e+00
-2.993251197040081024e-03 -2.975855022668838501e-02 1.068598985671997070e+00
8.205077610909938812e-03 -3.490884602069854736e-02 1.159840941429138184e+00
-2.149706706404685974e-04 -4.083203524351119995e-02 1.193657636642456055e+00
1.506744883954524994e-03 -3.950323164463043213e-02 1.161228895187377930e+00
-4.252520389854907990e-03 -3.507715463638305664e-02 1.150785446166992188e+00
1.352562103420495987e-02 -3.777065873146057129e-02 1.141920328140258789e+00
1.819760911166667938e-02 -3.548692166805267334e-02 1.175589084625244141e+00
1.863483339548110962e-04 -2.910758182406425476e-02 1.167138457298278809e+00
-1.164124719798564911e-02 -2.406423352658748627e-02 1.112658381462097168e+00
-5.342971999198198318e-03 -2.824715711176395416e-02 1.052817583084106445e+00
-1.169532909989356995e-02 -2.358742058277130127e-02 1.064495921134948730e+00
-9.016051888465881348e-03 -2.786577492952346802e-02 1.078148126602172852e+00
-1.766823045909404755e-02 -2.213520370423793793e-02 1.075176119804382324e+00
-2.976268157362937927e-02 -1.556590944528579712e-02 1.067525148391723633e+00
-2.478506043553352356e-02 -1.569652371108531952e-02 1.135619282722473145e+00
-3.120838291943073273e-02 -1.622858643531799316e-02 1.198723554611206055e+00
-3.713732585310935974e-02 -1.135180518031120300e-02 1.085046768188476562e+00
-1.798189431428909302e-02 -1.717432960867881775e-02 1.005963325500488281e+00
-2.328335540369153023e-03 -4.077149555087089539e-02 1.028535842895507812e+00
1.533670816570520401e-03 -4.232091456651687622e-02 1.052664160728454590e+00
8.808195590972900391e-03 -3.508668020367622375e-02 1.068922877311706543e+00
1.578829251229763031e-02 -3.487949445843696594e-02 1.056174635887145996e+00
-2.079664915800094604e-02 -3.881418704986572266e-02 1.127697825431823730e+00
-3.418471198529005051e-03 -4.815862327814102173e-02 1.233925223350524902e+00
2.711494220420718193e-03 -3.352308645844459534e-02 1.106779575347900391e+00
-1.367338653653860092e-02 -3.482738882303237915e-02 1.025333046913146973e+00
-8.802403695881366730e-03 -5.071771517395973206e-02 9.535678625106811523e-01
-1.181256305426359177e-02 -2.188034914433956146e-02 9.542072415351867676e-01
-1.884625107049942017e-02 -6.261056289076805115e-03 1.027409553527832031e+00
-2.158882282674312592e-02 -9.179333224892616272e-03 1.081881523132324219e+00
-1.179443486034870148e-02 -2.369897067546844482e-02 1.099603176116943359e+00
-2.900841413065791130e-03 -2.739972621202468872e-02 1.102439880371093750e+00
-7.479665800929069519e-04 -2.825743518769741058e-02 1.131771206855773926e+00
-9.207999333739280701e-03 -2.100195921957492828e-02 1.138924360275268555e+00
-1.603760942816734314e-02 -1.887885481119155884e-02 1.114555716514587402e+00
-1.429807953536510468e-02 -1.684755831956863403e-02 1.051862716674804688e+00
-1.310774311423301697e-02 -1.877697370946407318e-02 1.006456375122070312e+00
-2.016096375882625580e-02 -1.500590145587921143e-02 1.070718884468078613e+00
-1.313385646790266037e-02 -1.667610555887222290e-02 1.040939092636108398e+00
-9.291416034102439880e-03 -1.903512887656688690e-02 9.958722591400146484e-01
-7.484450936317443848e-03 -1.191137172281742096e-02 9.803586006164550781e-01
-8.232238702476024628e-03 -2.958662807941436768e-03 1.061291217803955078e+00
-1.265084743499755859e-02 -2.787958830595016479e-03 1.127883434295654297e+00
-6.294060498476028442e-03 -1.115278713405132294e-02 1.137657999992370605e+00
-5.505567416548728943e-03 -1.149335596710443497e-02 1.117049217224121094e+00
-2.016254235059022903e-03 -1.869652420282363892e-02 1.025957942008972168e+00
-1.240765303373336792e-02 -2.325740084052085876e-02 1.004482030868530273e+00
-1.026685442775487900e-02 -2.005708776414394379e-02 1.037490010261535645e+00
-8.243601769208908081e-06 -2.027161605656147003e-02 9.967063665390014648e-01
8.163874968886375427e-03 -2.419403754174709320e-02 9.839404821395874023e-01
1.177938282489776611e-02 -2.062276005744934082e-02 1.032968401908874512e+00
2.786379540339112282e-03 -1.224235910922288895e-02 1.074812650680541992e+00
-1.125808060169219971e-02 -1.294838823378086090e-02 1.129488587379455566e+00
-1.196713373064994812e-02 -1.560942921787500381e-02 1.085098385810852051e+00
-2.277849800884723663e-02 -1.797443255782127380e-02 1.071835637092590332e+00
-2.093366533517837524e-02 -1.057881861925125122e-02 1.064879059791564941e+00
-2.142698504030704498e-02 -1.392760872840881348e-02 1.032292962074279785e+00
-1.565853506326675415e-02 -1.872877590358257294e-02 1.058404684066772461e+00
-1.810102537274360657e-02 -2.359003946185112000e-02 1.116700530052185059e+00
-1.644939370453357697e-02 -2.277992479503154755e-02 1.165239930152893066e+00
-1.018731109797954559e-02 -1.962749287486076355e-02 1.155499696731567383e+00
-1.591031998395919800e-02 -2.242261916399002075e-02 1.163005828857421875e+00
-3.361129388213157654e-02 -2.996362745761871338e-02 1.155967354774475098e+00
-2.488213218748569489e-02 -4.128491878509521484e-02 1.063920974731445312e+00
-3.608404099941253662e-02 -4.022315517067909241e-02 1.026731491088867188e+00
-3.359659388661384583e-02 -2.823529019951820374e-02 1.040694594383239746e+00
3.366826567798852921e-03 -3.682876750826835632e-02 9.826304912567138672e-01
2.784725278615951538e-03 -4.066617041826248169e-02 1.044820547103881836e+00
-2.988003194332122803e-02 -3.556447103619575500e-02 1.130092978477478027e+00
-3.784682229161262512e-02 -2.363202162086963654e-02 1.147487282752990723e+00
-1.917924359440803528e-02 -2.868615649640560150e-02 1.086796879768371582e+00
-5.874426104128360748e-03 -3.490453958511352539e-02 1.056266069412231445e+00
-1.460732892155647278e-02 -1.264658477157354355e-02 1.053985476493835449e+00
-3.587238490581512451e-03 -1.105424296110868454e-02 1.148371458053588867e+00
-7.545994594693183899e-03 -2.236910164356231689e-03 1.129918098449707031e+00
-2.665145322680473328e-02 -3.895569592714309692e-03 1.103215813636779785e+00
-1.217637117952108383e-02 -1.588067412376403809e-02 1.052658796310424805e+00
-1.275267079472541809e-02 -2.221985533833503723e-02 9.844318628311157227e-01
-7.670798338949680328e-03 -2.170555293560028076e-02 9.780640006065368652e-01
-6.878284038975834846e-04 -1.709609106183052063e-02 9.716242551803588867e-01
-1.480348873883485794e-04 -1.001468673348426819e-02 9.654447436332702637e-01
-1.047016121447086334e-04 -7.955390959978103638e-03 9.876841306686401367e-01
4.553558304905891418e-03 -4.715875908732414246e-02 1.027113437652587891e+00
-1.306229457259178162e-02 -3.753453493118286133e-02 1.042445540428161621e+00
-1.402576826512813568e-02 -2.136341109871864319e-02 9.728419184684753418e-01
-1.782846823334693909e-02 -1.827930100262165070e-03 1.025033354759216309e+00
-1.761323399841785431e-02 -8.028868585824966431e-03 1.033481597900390625e+00
-3.075820580124855042e-02 -7.926490157842636108e-03 1.012209296226501465e+00
-1.236877217888832092e-02 -4.492240957915782928e-03 9.835134148597717285e-01
-3.519518533721566200e-03 -1.143839769065380096e-02 1.038530230522155762e+00
-3.753430675715208054e-03 -1.474534068256616592e-02 1.047339677810668945e+00
-4.441652912646532059e-03 -1.301603391766548157e-02 1.056393146514892578e+00
-9.673753753304481506e-03 -1.535077951848506927e-02 1.106436610221862793e+00
-5.972133483737707138e-03 -1.817890815436840057e-02 1.112676024436950684e+00
-4.403457976877689362e-03 -1.454327721148729324e-02 1.097336411476135254e+00
-1.037607062608003616e-02 -1.218157354742288589e-02 1.109377741813659668e+00
-8.943086490035057068e-03 -1.437100674957036972e-02 1.103533864021301270e+00
-7.968606427311897278e-03 -1.978480443358421326e-02 1.075351715087890625e+00
-1.081136055290699005e-02 -2.509390376508235931e-02 1.066910266876220703e+00
6.051361560821533203e-05 -2.695147693157196045e-02 1.042204976081848145e+00
3.796208184212446213e-03 -2.697632461786270142e-02 1.029327392578125000e+00
-1.500476803630590439e-02 -1.681662350893020630e-02 1.053449511528015137e+00
-2.232111245393753052e-02 -1.160255260765552521e-02 1.087884664535522461e+00
-1.306440588086843491e-02 -1.449297182261943817e-02 1.127234220504760742e+00
-4.060095641762018204e-03 -2.308833599090576172e-02 1.177465319633483887e+00
-1.435105502605438232e-02 -2.673593722283840179e-02 1.173818826675415039e+00
-1.854118425399065018e-03 -1.908477023243904114e-02 1.134491682052612305e+00
7.303833961486816406e-03 -1.187429297715425491e-02 1.053281545639038086e+00
-1.237422227859497070e-02 -2.195102535188198090e-02 1.087147474288940430e+00
-1.088468730449676514e-02 -3.012000955641269684e-02 1.134076237678527832e+00
-1.340227946639060974e-02 -2.849902585148811340e-02 1.132584929466247559e+00
-2.183736115694046021e-02 -2.137431316077709198e-02 1.118355274200439453e+00
-2.818443626165390015e-02 -1.832057908177375793e-02 1.082933783531188965e+00
-1.927866786718368530e-02 -1.821584999561309814e-02 1.061059236526489258e+00
-5.410218145698308945e-03 -2.238935977220535278e-02 1.093291640281677246e+00
-6.578436004929244518e-04 -2.419927716255187988e-02 1.110276699066162109e+00
-1.524436986073851585e-03 -2.747003734111785889e-02 1.079758763313293457e+00
-2.751941327005624771e-03 -2.151165902614593506e-02 1.030894517898559570e+00
-8.637159131467342377e-03 -2.098978497087955475e-02 1.043202161788940430e+00
-1.691270619630813599e-02 -2.392782084643840790e-02 1.123114705085754395e+00
-1.494374498724937439e-02 -2.105383388698101044e-02 1.163371682167053223e+00
-8.284121751785278320e-03 -1.512521691620349884e-02 1.140384197235107422e+00
3.167266957461833954e-03 -1.061987504363059998e-02 1.156736254692077637e+00
1.254493556916713715e-02 -1.221690326929092407e-02 1.170045852661132812e+00
9.114981628954410553e-03 -2.272796630859375000e-02 1.174515843391418457e+00
6.176082417368888855e-03 -2.580833993852138519e-02 1.180807590484619141e+00
-4.440143704414367676e-03 -2.765627019107341766e-02 1.198426246643066406e+00
2.880357205867767334e-02 -3.518543019890785217e-02 1.159136056900024414e+00
3.949203714728355408e-02 -2.561899647116661072e-02 1.114991545677185059e+00
5.642356351017951965e-02 -2.108001336455345154e-02 1.140122652053833008e+00
5.261428654193878174e-02 -3.386850282549858093e-02 1.174640655517578125e+00
3.122727945446968079e-02 -2.213831618428230286e-02 1.127474069595336914e+00
3.662868961691856384e-02 -3.100246936082839966e-02 1.001727223396301270e+00
2.159920707345008850e-02 -2.378268912434577942e-02 9.741504192352294922e-01
8.942523971199989319e-03 -3.271689638495445251e-02 9.565672874450683594e-01
3.427050542086362839e-03 -3.313720226287841797e-02 9.954808354377746582e-01
3.083173930644989014e-02 -1.997400633990764618e-02 8.687067031860351562e-01
1.111822016537189484e-02 -7.828418165445327759e-03 7.472559809684753418e-01
-2.546952106058597565e-03 -4.860977176576852798e-03 6.859643459320068359e-01
-7.398234680294990540e-03 -1.196072623133659363e-02 7.032984495162963867e-01
-8.768151514232158661e-03 -1.888733357191085815e-02 6.316207051277160645e-01
-2.585574612021446228e-02 -2.434802055358886719e-02 5.600442886352539062e-01
-1.133664697408676147e-02 -2.018627151846885681e-02 6.136479377746582031e-01
1.420839317142963409e-02 -3.151288256049156189e-02 7.178699374198913574e-01
1.099611725658178329e-02 1.475995127111673355e-02 7.610575556755065918e-01
-4.980005789548158646e-03 2.566982619464397430e-02 6.961970925331115723e-01
-1.089276559650897980e-02 1.011558808386325836e-02 7.227380871772766113e-01
-7.020228076726198196e-03 1.259890850633382797e-03 8.006285429000854492e-01
-1.693118922412395477e-02 -3.012672998011112213e-03 8.155034184455871582e-01
-1.225915364921092987e-02 -9.287685155868530273e-03 7.470156550407409668e-01
1.007947325706481934e-02 -1.754001900553703308e-02 6.862830519676208496e-01
-8.165727369487285614e-03 8.236220106482505798e-03 6.616905927658081055e-01
-1.239280309528112411e-02 7.928412407636642456e-03 6.404393315315246582e-01
-2.418583258986473083e-02 1.194804348051548004e-02 6.705223917961120605e-01
-1.172245480120182037e-02 -3.128045704215764999e-03 7.966982126235961914e-01
7.140320725739002228e-03 -4.815067164599895477e-03 8.356926441192626953e-01
-4.149730317294597626e-03 5.212262738496065140e-03 6.720275878906250000e-01
1.112402416765689850e-03 2.312069758772850037e-03 6.400417089462280273e-01
-6.720800884068012238e-04 -2.444055676460266113e-02 6.883052587509155273e-01
1.153155602514743805e-02 -2.550685964524745941e-02 6.334483027458190918e-01
1.791387423872947693e-02 -1.998516358435153961e-02 6.552650332450866699e-01
-9.089199826121330261e-03 8.659191429615020752e-03 7.953730225563049316e-01
-1.019015908241271973e-04 1.088198274374008179e-03 8.793624639511108398e-01
6.831328850239515305e-03 -5.011007655411958694e-03 8.577564358711242676e-01
6.278281565755605698e-03 2.544069197028875351e-03 7.346453070640563965e-01
1.425391435623168945e-02 1.459190389141440392e-03 7.015333771705627441e-01
1.893319189548492432e-02 -2.921361476182937622e-02 6.580942869186401367e-01
-8.985821157693862915e-03 -2.142929658293724060e-02 7.405146360397338867e-01
-2.955797594040632248e-03 5.054148845374584198e-03 7.466916441917419434e-01
7.583254016935825348e-03 1.083021285012364388e-03 6.270393133163452148e-01
-4.313671495765447617e-03 2.410524059087038040e-03 6.906087994575500488e-01
-4.758235998451709747e-03 1.443233620375394821e-02 7.833880186080932617e-01
1.202660892158746719e-02 9.631650522351264954e-03 7.359530329704284668e-01
1.075678691267967224e-02 7.038514595478773117e-04 6.462562680244445801e-01
-4.307149443775415421e-03 -9.619003394618630409e-04 5.411294102668762207e-01
-5.451498553156852722e-03 -6.617182400077581406e-03 5.716167092323303223e-01
2.188433893024921417e-02 -1.691551879048347473e-02 7.538033723831176758e-01
1.865728758275508881e-02 -1.474439166486263275e-02 7.623661160469055176e-01
2.412218833342194557e-03 -1.119938306510448456e-02 7.211858630180358887e-01
-7.891277200542390347e-04 -8.371083997189998627e-03 6.756626963615417480e-01
1.204775180667638779e-02 7.729367353022098541e-04 7.827987074851989746e-01
-1.768555492162704468e-03 6.416826508939266205e-03 8.199539184570312500e-01
9.533684700727462769e-03 -6.138569675385951996e-03 8.441967964172363281e-01
2.880099974572658539e-02 -7.339900359511375427e-03 8.544580936431884766e-01
2.491889894008636475e-02 -7.657766342163085938e-03 8.463794589042663574e-01
1.254991814494132996e-02 -8.334090001881122589e-03 8.626204729080200195e-01
5.103284958750009537e-03 -1.404264569282531738e-02 8.697251677513122559e-01
-4.963220097124576569e-03 -4.643770400434732437e-03 8.560284972190856934e-01
-3.466162597760558128e-04 -1.131446217186748981e-03 7.661610841751098633e-01
4.543446470052003860e-03 5.419774446636438370e-03 6.526412367820739746e-01
1.443600002676248550e-02 -4.340841900557279587e-03 6.107893586158752441e-01
-1.737117767333984375e-03 -4.933724645525217056e-03 6.129977107048034668e-01
-1.122027263045310974e-02 -8.280240930616855621e-03 6.146301031112670898e-01
-4.045837558805942535e-03 -1.351962704211473465e-02 6.192501187324523926e-01
-1.065292395651340485e-03 -2.254525665193796158e-03 7.310820221900939941e-01
7.650628685951232910e-05 1.992061268538236618e-03 8.498835563659667969e-01
1.332922838628292084e-03 -3.262022975832223892e-03 8.809011578559875488e-01
8.398876525461673737e-03 -2.390569541603326797e-03 7.972270250320434570e-01
1.824321411550045013e-02 -2.330482937395572662e-03 7.282298207283020020e-01
1.331088226288557053e-02 4.012723919004201889e-03 6.735831499099731445e-01
1.673072576522827148e-03 5.849120207130908966e-03 6.103944778442382812e-01
-6.733803078532218933e-03 -1.016250811517238617e-02 6.002054810523986816e-01
-1.199766993522644043e-02 -2.018181234598159790e-02 6.342703104019165039e-01
-9.112667292356491089e-03 -1.953327283263206482e-02 7.370801568031311035e-01
1.803266350179910660e-03 -1.141474675387144089e-02 7.779925465583801270e-01
7.987015880644321442e-03 3.011739347130060196e-03 7.770872116088867188e-01
1.586506143212318420e-02 1.006468385457992554e-02 7.718467712402343750e-01
2.228869870305061340e-02 1.026269514113664627e-02 7.997228503227233887e-01
2.300873212516307831e-02 8.474477566778659821e-03 8.077481389045715332e-01
2.957656513899564743e-03 -1.560797542333602905e-02 7.009010314941406250e-01
-1.027754787355661392e-02 -1.715069450438022614e-02 6.441443562507629395e-01
-5.899864248931407928e-03 -2.233760617673397064e-02 7.698886990547180176e-01
2.290972322225570679e-02 -2.280741930007934570e-02 7.361297607421875000e-01
1.032392308115959167e-02 -1.657381281256675720e-02 6.783857941627502441e-01
7.367232814431190491e-03 -1.733653247356414795e-02 7.118803262710571289e-01
1.589544489979743958e-02 -1.202938705682754517e-02 8.145378232002258301e-01
3.347717598080635071e-02 -1.229653693735599518e-02 8.483363389968872070e-01
1.630604267120361328e-02 -9.923391044139862061e-03 7.797521352767944336e-01
-1.041021756827831268e-02 -1.513590477406978607e-02 8.854244351387023926e-01
-2.026100642979145050e-02 -1.399019919335842133e-02 9.747882485389709473e-01
7.612729445099830627e-03 -1.820071041584014893e-02 8.003114461898803711e-01
3.792313858866691589e-02 -2.016736567020416260e-02 7.881789803504943848e-01
3.347535803914070129e-02 -5.464673973619937897e-03 8.241124153137207031e-01
3.207043558359146118e-02 -8.608712814748287201e-03 8.185790777206420898e-01
2.199026383459568024e-02 1.832368550822138786e-03 8.274090290069580078e-01
3.428515419363975525e-02 -7.214293815195560455e-03 7.750516533851623535e-01
9.464992210268974304e-03 -1.238244026899337769e-02 7.029897570610046387e-01
2.559485845267772675e-02 -2.324852347373962402e-02 6.417395472526550293e-01
3.302022069692611694e-02 -1.176594756543636322e-02 5.941297411918640137e-01
2.633957937359809875e-02 -2.140447311103343964e-02 5.873039960861206055e-01
2.693617250770330429e-03 -2.011784166097640991e-02 5.934235453605651855e-01
-1.900796778500080109e-03 -1.989058218896389008e-02 5.760025978088378906e-01
-1.157863647677004337e-03 -7.280413992702960968e-03 6.535903215408325195e-01
8.433894254267215729e-03 -5.745818838477134705e-03 6.943649053573608398e-01
1.804233901202678680e-02 -2.979142824187874794e-03 6.805012822151184082e-01
3.665422275662422180e-02 -7.252942770719528198e-03 6.870784759521484375e-01
2.172125875949859619e-02 -7.903279736638069153e-03 6.526655554771423340e-01
-1.239067595452070236e-02 -1.280118012800812721e-03 5.847845673561096191e-01
-1.015626825392246246e-02 -2.147251181304454803e-02 5.639086961746215820e-01
-3.325804602354764938e-03 -1.672944426536560059e-02 5.701501369476318359e-01
1.095384825021028519e-02 -1.785289496183395386e-02 5.409054756164550781e-01
2.812831103801727295e-02 -5.711778998374938965e-03 6.152345538139343262e-01
3.408610448241233826e-02 -1.335645280778408051e-02 7.119536995887756348e-01
3.496177867054939270e-02 -8.856704458594322205e-03 7.223426103591918945e-01
2.421660162508487701e-02 -5.719557404518127441e-03 7.667139768600463867e-01
9.692193008959293365e-03 -8.897938765585422516e-03 7.333439588546752930e-01
2.003213390707969666e-02 -1.879939995706081390e-02 7.861317396163940430e-01
1.720536500215530396e-02 -2.507469803094863892e-02 6.902729272842407227e-01
1.349399518221616745e-02 -1.132523640990257263e-02 6.132968068122863770e-01
1.617104932665824890e-02 3.007540944963693619e-03 6.202530860900878906e-01
3.956915345042943954e-03 8.476043120026588440e-03 6.280733346939086914e-01
1.815943047404289246e-02 -1.077380776405334473e-02 7.285865545272827148e-01
4.487271234393119812e-02 -2.690838463604450226e-02 8.164819478988647461e-01
2.160552516579627991e-02 -1.314121298491954803e-02 7.456335425376892090e-01
3.300455398857593536e-03 -6.298802327364683151e-03 7.369893789291381836e-01
1.450708694756031036e-02 -1.011120527982711792e-02 7.660869956016540527e-01
1.119622308760881424e-02 -1.633108407258987427e-02 7.680069208145141602e-01
1.371732726693153381e-02 9.154515340924263000e-03 6.977083683013916016e-01
1.552787981927394867e-02 1.102143898606300354e-02 6.738759279251098633e-01
2.143401280045509338e-02 1.141275279223918915e-04 6.714438199996948242e-01
1.756169646978378296e-02 -1.718551851809024811e-03 7.082821130752563477e-01
1.164507959038019180e-02 -4.384172614663839340e-03 7.640454769134521484e-01
2.209595404565334320e-03 -7.042459212243556976e-03 8.214441537857055664e-01
7.851950824260711670e-03 -1.047841832041740417e-02 7.968885302543640137e-01
2.014615386724472046e-02 -4.895599558949470520e-03 7.884337902069091797e-01
2.596120908856391907e-02 1.396505627781152725e-03 7.109859585762023926e-01
1.555704511702060699e-02 4.852306097745895386e-03 5.783194303512573242e-01
7.715069688856601715e-03 -1.359158754348754883e-02 5.801174640655517578e-01
9.531336836516857147e-03 -2.632705681025981903e-02 5.599874854087829590e-01
1.405265182256698608e-02 -1.338384486734867096e-02 5.796267390251159668e-01
1.402144134044647217e-02 -3.844494698569178581e-03 5.931463837623596191e-01
2.148549072444438934e-02 -5.841748788952827454e-03 5.603210330009460449e-01
2.615784108638763428e-02 5.045307800173759460e-03 5.918065905570983887e-01
3.552450612187385559e-02 3.335761604830622673e-03 6.096400618553161621e-01
4.814506322145462036e-02 -6.860273890197277069e-03 6.353746652603149414e-01
2.555709704756736755e-02 -1.089488156139850616e-02 6.181447505950927734e-01
2.204920863732695580e-03 -1.561509910970926285e-02 6.001844406127929688e-01
-1.343086361885070801e-03 -7.241648621857166290e-03 5.470901131629943848e-01
4.034904297441244125e-03 -2.640266669914126396e-03 5.142410397529602051e-01
1.895530149340629578e-02 -7.865818217396736145e-03 5.837756991386413574e-01
2.625128440558910370e-02 -3.239163197576999664e-04 6.563246250152587891e-01
2.919762209057807922e-02 -4.181340336799621582e-04 6.433795690536499023e-01
3.260818496346473694e-02 -4.983139224350452423e-03 5.805246829986572266e-01
2.071022428572177887e-02 -1.749507267959415913e-03 8.040431737899780273e-01
1.064746640622615814e-02 -4.001388326287269592e-03 8.796877861022949219e-01
1.288610789924860001e-02 -4.828304518014192581e-03 9.530017375946044922e-01
1.643087156116962433e-02 -1.144272834062576294e-02 9.270505905151367188e-01
1.375897787511348724e-03 -8.463314734399318695e-04 7.749440073966979980e-01
-1.502881199121475220e-02 1.677769981324672699e-02 6.860218048095703125e-01
-2.883899025619029999e-03 7.106598466634750366e-03 7.212716341018676758e-01
5.704979412257671356e-03 9.325873106718063354e-03 7.734159231185913086e-01
-2.576785162091255188e-03 5.412840750068426132e-03 7.914624810218811035e-01
-7.066150661557912827e-03 -8.191848173737525940e-03 7.340487837791442871e-01
-8.074892684817314148e-03 -8.553261868655681610e-04 6.715983152389526367e-01
-3.605648875236511230e-03 -1.092711277306079865e-02 7.191302776336669922e-01
-1.194137986749410629e-02 -1.514440681785345078e-02 8.331580758094787598e-01
-2.041114866733551025e-02 -2.185044437646865845e-02 8.675489425659179688e-01
-3.168264776468276978e-02 -2.670919336378574371e-02 7.471176981925964355e-01
-3.192409500479698181e-02 -2.200224064290523529e-02 8.676993250846862793e-01
-2.927605248987674713e-02 -8.491314947605133057e-03 9.531744122505187988e-01
-2.057512290775775909e-02 -1.224150788038969040e-02 9.926096796989440918e-01
8.873662911355495453e-03 -1.060003880411386490e-02 9.927232265472412109e-01
-5.724814254790544510e-03 -1.258082129061222076e-02 1.092434048652648926e+00
-2.063769847154617310e-02 -2.362310141324996948e-02 1.101621866226196289e+00
-1.154098939150571823e-02 -2.373837307095527649e-02 1.048370718955993652e+00
6.466390099376440048e-03 -2.661771513521671295e-02 1.113205790519714355e+00
4.645327571779489517e-03 -3.200558945536613464e-02 1.122639894485473633e+00
-1.120248809456825256e-02 -3.373573347926139832e-02 1.070208787918090820e+00
-1.952367275953292847e-02 -3.019497916102409363e-02 9.965606927871704102e-01
-1.481965929269790649e-02 -2.843893319368362427e-02 9.775149822235107422e-01
-7.131814025342464447e-03 -2.045477554202079773e-02 9.794244766235351562e-01
2.870957367122173309e-03 -1.924336887896060944e-02 1.009968757629394531e+00
3.970834892243146896e-03 -2.506583370268344879e-02 1.001537919044494629e+00
1.068284176290035248e-02 -3.068650886416435242e-02 9.876675605773925781e-01
8.465289138257503510e-03 -3.149455785751342773e-02 9.889279007911682129e-01
2.891984302550554276e-03 -1.275464333593845367e-02 1.017859578132629395e+00
-6.134926807135343552e-03 -2.327884919941425323e-02 9.247888922691345215e-01
-1.338342670351266861e-02 -1.486606895923614502e-02 8.794398903846740723e-01
-1.241440884768962860e-02 5.951608065515756607e-03 7.540621161460876465e-01
1.516309101134538651e-03 5.622586701065301895e-03 7.747068405151367188e-01
7.529641967266798019e-03 2.312768250703811646e-03 7.823212742805480957e-01
-2.828276716172695160e-03 4.630083218216896057e-03 8.047785758972167969e-01
-1.513375714421272278e-02 -2.329808427020907402e-03 7.716394066810607910e-01
-2.243448048830032349e-02 -1.603872887790203094e-02 7.544739842414855957e-01
1.140628010034561157e-03 -1.378070190548896790e-02 8.059553503990173340e-01
1.388699002563953400e-02 2.974559552967548370e-03 7.804010510444641113e-01
1.349251437932252884e-02 3.989200107753276825e-03 7.908717989921569824e-01
1.211248058825731277e-02 1.525770872831344604e-02 7.703359723091125488e-01
9.042416699230670929e-03 7.943095639348030090e-03 7.067651152610778809e-01
5.448495969176292419e-03 -7.626691833138465881e-03 6.927322745323181152e-01
1.926960889250040054e-03 -1.524934777989983559e-03 7.400670647621154785e-01
1.437780912965536118e-03 1.195943448692560196e-02 7.815265059471130371e-01
-1.881141681224107742e-03 9.002773091197013855e-03 7.941327691078186035e-01
-1.562445331364870071e-02 1.190410833805799484e-02 8.066087365150451660e-01
-2.395126968622207642e-02 1.226802170276641846e-02 7.789071202278137207e-01
4.326811060309410095e-03 6.400865968316793442e-03 8.327507376670837402e-01
1.442620437592267990e-02 -3.524988889694213867e-03 7.294586300849914551e-01
8.919994346797466278e-03 -7.836631499230861664e-03 7.155959606170654297e-01
1.675891876220703125e-02 -9.362597949802875519e-03 7.132214307785034180e-01
1.018852926790714264e-02 -1.868774415925145149e-03 7.777695655822753906e-01
1.600375212728977203e-02 -2.175003057345747948e-03 8.206666111946105957e-01
8.069713599979877472e-03 -5.847978871315717697e-03 7.523335814476013184e-01
-3.905503544956445694e-03 6.489217747002840042e-03 8.822421431541442871e-01
1.224313513375818729e-03 3.438139799982309341e-03 1.032345175743103027e+00
1.135681290179491043e-02 -1.104084029793739319e-02 9.731085300445556641e-01
-1.320904213935136795e-02 9.987981058657169342e-03 9.041048884391784668e-01
-1.947216317057609558e-02 -8.758550975471735001e-04 8.752471804618835449e-01
-2.026007510721683502e-02 -1.251912303268909454e-02 8.050734400749206543e-01
-1.644521765410900116e-02 -1.529702171683311462e-02 8.377345800399780273e-01
-2.063592709600925446e-02 -4.675891250371932983e-03 8.906769752502441406e-01
-2.423965930938720703e-02 -1.714626699686050415e-02 9.501494169235229492e-01
-1.551195327192544937e-02 -1.570072770118713379e-02 9.876608848571777344e-01
5.003844387829303741e-03 -2.214392274618148804e-02 9.689950942993164062e-01
-5.514764226973056793e-03 -3.053253516554832458e-02 9.103183150291442871e-01
-1.254566479474306107e-02 -3.181575611233711243e-02 8.871771097183227539e-01
-1.230001542717218399e-02 -2.415671199560165405e-02 9.008042216300964355e-01
-1.784335263073444366e-02 -1.279773283749818802e-02 9.158931970596313477e-01
-1.704093441367149353e-02 -1.551511324942111969e-02 9.251911640167236328e-01
-1.306619122624397278e-02 -1.425299607217311859e-02 9.506059288978576660e-01
-1.711888611316680908e-02 -1.871329918503761292e-02 8.959848284721374512e-01
-1.014664769172668457e-02 -2.418150007724761963e-02 8.774585723876953125e-01
-1.933454163372516632e-02 -1.970393024384975433e-02 8.718286156654357910e-01
-1.942403055727481842e-02 -1.820428296923637390e-02 8.881299495697021484e-01
-1.996360719203948975e-02 -2.088080719113349915e-02 8.794624805450439453e-01
-2.108352631330490112e-02 -2.046503685414791107e-02 8.553463220596313477e-01
-1.946991309523582458e-02 -1.705984771251678467e-02 8.484879136085510254e-01
-1.572721637785434723e-02 -1.464891526848077774e-02 8.549606204032897949e-01
-1.457602437585592270e-02 -1.471261400729417801e-02 8.571569323539733887e-01
-1.244496926665306091e-02 -1.516969874501228333e-02 8.654888272285461426e-01
-8.624463342130184174e-03 -1.586053520441055298e-02 8.726288080215454102e-01
-6.805667653679847717e-03 -1.690811291337013245e-02 8.620579838752746582e-01
-7.122341077774763107e-03 -1.841750927269458771e-02 8.440002799034118652e-01
-6.344760768115520477e-03 -1.600193232297897339e-02 8.459345698356628418e-01
-2.897003432735800743e-03 -1.581836678087711334e-02 8.771263360977172852e-01
-3.982737194746732712e-03 -1.779439486563205719e-02 9.169342517852783203e-01
-4.848712123930454254e-03 -2.086200378835201263e-02 9.425626397132873535e-01
-3.717107465490698814e-03 -2.161261253058910370e-02 9.617491960525512695e-01
-3.546263091266155243e-03 -2.094091102480888367e-02 9.536310434341430664e-01
-8.381864987313747406e-03 -1.919198967516422272e-02 9.601830840110778809e-01
-7.201514206826686859e-03 -1.879926770925521851e-02 1.001591444015502930e+00
-4.014598671346902847e-03 -1.699758693575859070e-02 1.032028675079345703e+00
-3.422181354835629463e-03 -1.925428025424480438e-02 1.010509252548217773e+00
-1.422226335853338242e-02 -2.295901253819465637e-02 1.042485237121582031e+00
-1.668027043342590332e-02 -2.391914837062358856e-02 1.086699485778808594e+00
-1.442289911210536957e-02 -2.801512740552425385e-02 1.090963959693908691e+00
-2.002601511776447296e-02 -2.274875901639461517e-02 1.061163902282714844e+00
-2.246896363794803619e-02 -1.760524511337280273e-02 1.023867487907409668e+00
-1.876448094844818115e-02 -1.192974112927913666e-02 9.596862196922302246e-01
-1.543068513274192810e-02 -1.523653976619243622e-02 9.380882978439331055e-01
-1.450512371957302094e-02 -1.765775494277477264e-02 9.240698814392089844e-01
-1.911721751093864441e-02 -1.801332086324691772e-02 9.048929214477539062e-01
-2.590852044522762299e-02 -2.149376459419727325e-02 8.962556123733520508e-01
-1.289515569806098938e-02 -2.551436610519886017e-02 9.770586490631103516e-01
-3.860338823869824409e-03 -1.886897720396518707e-02 1.032936096191406250e+00
-6.384935230016708374e-03 -2.771058678627014160e-02 1.050961256027221680e+00
-1.179696526378393173e-02 -3.437688574194908142e-02 1.029625535011291504e+00
-1.581553556025028229e-02 -3.136553615331649780e-02 9.574616551399230957e-01
-1.226546335965394974e-02 -3.004192560911178589e-02 9.107285141944885254e-01
-1.287192758172750473e-02 -2.682542055845260620e-02 8.349293470382690430e-01
-2.269095368683338165e-02 -2.152694575488567352e-02 8.814361691474914551e-01
-1.933278329670429230e-02 -1.694684289395809174e-02 9.452256560325622559e-01
-1.224242337048053741e-02 -1.124029699712991714e-02 9.498391151428222656e-01
-4.655696451663970947e-03 -1.880341023206710815e-02 1.001901388168334961e+00
1.319747883826494217e-02 -2.021176181733608246e-02 1.061505317687988281e+00
1.054616551846265793e-02 -1.342264749109745026e-02 1.047925949096679688e+00
-2.410226035863161087e-03 -2.337362617254257202e-02 1.022704362869262695e+00
-8.987659588456153870e-03 -3.584303334355354309e-02 9.612420201301574707e-01
-6.939649581909179688e-03 -3.110320679843425751e-02 8.495219945907592773e-01
-4.315944854170084000e-03 -3.155869990587234497e-02 8.292489647865295410e-01
-2.844320144504308701e-03 -3.174782916903495789e-02 8.327940702438354492e-01
-2.935754600912332535e-03 -2.778475359082221985e-02 8.797157406806945801e-01
-9.299188852310180664e-03 -2.463023364543914795e-02 9.045619964599609375e-01
-9.026773273944854736e-03 -2.766725420951843262e-02 9.301899075508117676e-01
1.141957379877567291e-02 -2.690849825739860535e-02 9.861609339714050293e-01
2.344181761145591736e-02 -2.040662989020347595e-02 1.003100514411926270e+00
4.666597582399845123e-03 -1.798637583851814270e-02 9.311650991439819336e-01
-2.055244147777557373e-02 -2.994352392852306366e-02 9.113691449165344238e-01
-2.979405969381332397e-02 -1.815211772918701172e-02 8.191969394683837891e-01
-1.839252747595310211e-02 -1.054627820849418640e-02 8.122057914733886719e-01
-1.445544511079788208e-02 -4.947116598486900330e-03 8.165793418884277344e-01
-5.179151892662048340e-03 -4.332753829658031464e-03 9.008975625038146973e-01
-8.261399343609809875e-03 -1.476337295025587082e-02 8.273578882217407227e-01
-1.985653676092624664e-02 -2.156933397054672241e-02 7.254360914230346680e-01
-2.423199266195297241e-02 -1.641421951353549957e-02 7.067213058471679688e-01
-2.964331209659576416e-02 -1.233691629022359848e-02 8.266270756721496582e-01
-3.430668637156486511e-02 -1.520011667162179947e-02 9.105232954025268555e-01
-2.343019098043441772e-02 -1.740346103906631470e-02 9.708671569824218750e-01
-2.541739493608474731e-02 -1.316726766526699066e-02 9.516113996505737305e-01
-3.835668414831161499e-02 -8.446785621345043182e-03 8.273105025291442871e-01
-2.011090330779552460e-02 -1.166634261608123779e-02 8.140491247177124023e-01
-2.782792784273624420e-02 -6.926525384187698364e-05 7.876865863800048828e-01
-3.869116306304931641e-02 7.106531411409378052e-03 8.533939123153686523e-01
-3.580824658274650574e-02 7.571037393063306808e-03 9.189342856407165527e-01
-3.150323033332824707e-02 6.780521944165229797e-04 9.322690963745117188e-01
-2.363217435777187347e-02 -1.376295275986194611e-02 9.242359399795532227e-01
3.240708727389574051e-03 -3.146904706954956055e-02 8.477319478988647461e-01
8.931277319788932800e-03 -2.819779329001903534e-02 8.325565457344055176e-01
-2.428894862532615662e-03 -1.970955356955528259e-02 8.260954022407531738e-01
4.919491708278656006e-03 -9.111221879720687866e-03 8.125060200691223145e-01
8.978343568742275238e-03 -1.020633988082408905e-02 7.905328869819641113e-01
2.469886094331741333e-04 -2.800026908516883850e-03 8.117434978485107422e-01
-1.797852106392383575e-03 -6.849493831396102905e-03 8.473194241523742676e-01
-4.597634077072143555e-03 -9.792217984795570374e-03 9.362393021583557129e-01
-8.278330788016319275e-03 -1.288708485662937164e-02 9.672662615776062012e-01
-1.440183352679014206e-02 3.781538456678390503e-03 8.868708610534667969e-01
-1.508569065481424332e-02 -7.072032429277896881e-03 8.776456117630004883e-01
4.430700559169054031e-03 -2.207862585783004761e-02 8.503980636596679688e-01
2.430330216884613037e-02 -2.070527151226997375e-02 7.828896641731262207e-01
2.181497216224670410e-02 -2.237093821167945862e-02 8.195862770080566406e-01
3.823227714747190475e-03 -5.198335275053977966e-03 8.652047514915466309e-01
7.561660837382078171e-03 3.820848651230335236e-03 8.023900389671325684e-01
6.114435382187366486e-03 7.109706290066242218e-03 7.127684950828552246e-01
6.494359578937292099e-03 2.135346643626689911e-03 5.926167368888854980e-01
-1.468528620898723602e-02 1.448580436408519745e-02 4.751577675342559814e-01
-2.572790719568729401e-02 3.081476502120494843e-02 4.691736102104187012e-01
-2.282208949327468872e-02 2.522430196404457092e-02 4.836014211177825928e-01
-1.747364550828933716e-02 3.364823758602142334e-02 5.259816050529479980e-01
-6.301467772573232651e-03 3.459751978516578674e-02 5.317556858062744141e-01
-4.495630972087383270e-03 2.555277012288570404e-02 5.210072398185729980e-01
-1.008318550884723663e-02 1.614782959222793579e-02 6.077178120613098145e-01
-2.559614367783069611e-03 9.642196819186210632e-03 6.592192649841308594e-01
1.070554554462432861e-02 1.083181519061326981e-02 6.506657600402832031e-01
1.152468286454677582e-02 7.107724435627460480e-03 5.844792723655700684e-01
3.352937754243612289e-03 6.049488205462694168e-03 5.809234380722045898e-01
2.539459150284528732e-03 3.964217379689216614e-03 5.623798370361328125e-01
3.301533404737710953e-03 2.713423455134034157e-03 5.083081722259521484e-01
9.117982350289821625e-03 1.970536075532436371e-03 4.452246725559234619e-01
1.199086848646402359e-02 1.068928837776184082e-02 3.817373216152191162e-01
4.037154838442802429e-03 1.231275219470262527e-02 3.798807561397552490e-01
1.239088922739028931e-02 1.073961332440376282e-02 4.374205768108367920e-01
1.462994422763586044e-02 8.956472389400005341e-03 5.512360334396362305e-01
3.845499828457832336e-03 1.185343042016029358e-02 6.147554516792297363e-01
-5.716171581298112869e-03 1.932782121002674103e-02 6.068115234375000000e-01
-3.910725470632314682e-03 1.973216794431209564e-02 5.967238545417785645e-01
3.299003932625055313e-03 1.012487523257732391e-02 6.313458681106567383e-01
3.955210559070110321e-03 2.616870682686567307e-03 7.061375379562377930e-01
6.030563730746507645e-03 8.456503972411155701e-03 8.197323679924011230e-01
-5.901574157178401947e-03 7.476101629436016083e-03 8.830946683883666992e-01
-2.191014587879180908e-02 1.153262145817279816e-02 8.444066047668457031e-01
-1.191658899188041687e-02 9.213844314217567444e-03 7.902607917785644531e-01
5.201086401939392090e-03 -7.433711551129817963e-03 7.814239263534545898e-01
-1.995945349335670471e-03 -5.395030602812767029e-03 7.973520755767822266e-01
-2.444303222000598907e-02 1.926005631685256958e-02 6.934244036674499512e-01
-4.468151833862066269e-03 4.067642730660736561e-04 5.312290787696838379e-01
-2.988505410030484200e-03 2.681465586647391319e-03 6.659924387931823730e-01
4.388283938169479370e-03 6.871615536510944366e-03 6.439124941825866699e-01
-1.337780151516199112e-03 8.089597336947917938e-03 5.399642586708068848e-01
-3.109595272690057755e-03 8.099927566945552826e-03 5.222186446189880371e-01
-2.619215520098805428e-04 7.115390617400407791e-04 5.635492205619812012e-01
-1.448603253811597824e-02 1.340452232398092747e-03 5.791039466857910156e-01
-1.158899441361427307e-02 -6.835553329437971115e-03 5.440431833267211914e-01
-6.770386826246976852e-03 -5.040279589593410492e-03 4.765190482139587402e-01
-6.181983742862939835e-03 -7.522071246057748795e-03 4.775938689708709717e-01
3.503622137941420078e-04 -3.005422186106443405e-03 4.698490798473358154e-01
2.388962544500827789e-03 -1.800179132260382175e-03 4.717073142528533936e-01
-4.351738374680280685e-03 -2.560980385169386864e-03 5.149354934692382812e-01
-1.041494775563478470e-02 -3.212047275155782700e-03 4.808192253112792969e-01
-5.660752300173044205e-03 1.342604053206741810e-03 4.740294218063354492e-01
-5.423143738880753517e-05 1.697985222563147545e-03 4.802509844303131104e-01
2.483146730810403824e-03 4.653999581933021545e-03 5.247254967689514160e-01
5.023416131734848022e-03 8.049394935369491577e-03 5.478634834289550781e-01
4.883624147623777390e-03 1.052927225828170776e-02 5.582124590873718262e-01
6.229440215975046158e-03 1.067010313272476196e-02 5.075988173484802246e-01
1.090404205024242401e-02 4.394506569951772690e-03 4.880499541759490967e-01
6.088733673095703125e-03 8.940761908888816833e-03 5.098364949226379395e-01
4.406619817018508911e-03 1.476588845252990723e-02 5.188967585563659668e-01
9.165797382593154907e-03 1.161715202033519745e-02 5.047279000282287598e-01
6.804124917834997177e-03 1.480965409427881241e-02 4.628576338291168213e-01
1.050912961363792419e-02 9.189909324049949646e-03 4.750563204288482666e-01
1.825236016884446144e-03 1.529884058982133865e-02 5.242392420768737793e-01
-1.994480146095156670e-03 2.931915409862995148e-02 5.491445660591125488e-01
-1.872695516794919968e-03 3.220807015895843506e-02 5.490020513534545898e-01
-5.318314651958644390e-04 2.667745016515254974e-02 5.480173826217651367e-01
9.070866741240024567e-03 1.915182545781135559e-02 6.187842488288879395e-01
1.828440837562084198e-02 2.950046956539154053e-02 6.761286854743957520e-01
1.891116052865982056e-02 2.645785734057426453e-02 6.598110795021057129e-01
1.318508572876453400e-02 1.661683619022369385e-02 6.714590787887573242e-01
2.968638204038143158e-03 1.318738982081413269e-02 6.764512062072753906e-01
-9.505678899586200714e-03 2.388048171997070312e-02 6.650052666664123535e-01
4.832746461033821106e-03 1.707723550498485565e-02 6.679787039756774902e-01
1.371134258806705475e-02 -6.061076419427990913e-04 7.194363474845886230e-01
1.274781301617622375e-03 2.736289054155349731e-03 6.347541213035583496e-01
-1.668219082057476044e-02 -1.145874056965112686e-02 6.566570401191711426e-01
-1.733471825718879700e-02 -1.286187209188938141e-02 7.820624709129333496e-01
-2.980601042509078979e-02 -3.357203677296638489e-03 7.020273804664611816e-01
-2.355728484690189362e-02 -1.090686954557895660e-02 7.060674428939819336e-01
-2.096663974225521088e-02 -4.053140990436077118e-03 7.978249192237854004e-01
-6.978527642786502838e-03 -2.150546759366989136e-02 8.628624677658081055e-01
-2.341880230233073235e-03 -2.553698606789112091e-02 9.030094742774963379e-01
7.247923407703638077e-03 -2.353885211050510406e-02 8.931210637092590332e-01
8.041739463806152344e-03 -1.792139187455177307e-02 8.761320114135742188e-01
1.030199415981769562e-02 -1.964476890861988068e-02 8.561975955963134766e-01
1.391381025314331055e-02 -1.213061809539794922e-02 8.637378811836242676e-01
1.287516765296459198e-02 -1.413116045296192169e-02 8.620804548263549805e-01
1.917698606848716736e-02 -1.466641481965780258e-02 8.566161990165710449e-01
3.178030252456665039e-02 -1.174345985054969788e-02 9.058187603950500488e-01
3.116232529282569885e-02 -1.190395094454288483e-03 9.577977061271667480e-01
2.557893469929695129e-02 -2.643377520143985748e-03 9.944525361061096191e-01
2.146657183766365051e-02 -8.288253098726272583e-03 1.000760912895202637e+00
2.431635931134223938e-02 -8.927708491683006287e-03 9.870222806930541992e-01
2.119567617774009705e-02 -1.143150217831134796e-02 9.602655768394470215e-01
1.779362186789512634e-02 -1.080774515867233276e-02 9.384101629257202148e-01
1.132477074861526489e-02 -8.467432111501693726e-03 9.274701476097106934e-01
3.860808443278074265e-03 -8.146003820002079010e-03 8.932692408561706543e-01
1.296683680266141891e-03 -6.131518632173538208e-03 8.765286803245544434e-01
