1.147575020790100098e+00 -2.669598758220672607e-01 1.024297237396240234e+00 -8.757369518280029297e-01 -1.026121139526367188e+00 4.566787779331207275e-01
1.144936800003051758e+00 -2.635158896446228027e-01 1.023796439170837402e+00 -8.775030374526977539e-01 -1.026338577270507812e+00 4.531282484531402588e-01
1.141290068626403809e+00 -2.613592743873596191e-01 1.023916602134704590e+00 -8.762346506118774414e-01 -1.026331424713134766e+00 4.541413784027099609e-01
1.140845417976379395e+00 -2.578386068344116211e-01 1.025299668312072754e+00 -8.829237818717956543e-01 -1.028298854827880859e+00 4.356371164321899414e-01
1.143799901008605957e+00 -2.555351257324218750e-01 1.025524735450744629e+00 -8.885331153869628906e-01 -1.030321836471557617e+00 4.103929400444030762e-01
1.146054506301879883e+00 -2.595664262771606445e-01 1.024161458015441895e+00 -8.881183862686157227e-01 -1.029880523681640625e+00 4.134262502193450928e-01
1.142941951751708984e+00 -2.585264444351196289e-01 1.024474978446960449e+00 -8.845215439796447754e-01 -1.031399250030517578e+00 4.186962544918060303e-01
1.141677379608154297e+00 -2.576037645339965820e-01 1.025284290313720703e+00 -8.829354047775268555e-01 -1.031633138656616211e+00 4.105584919452667236e-01
1.142397880554199219e+00 -2.558933496475219727e-01 1.025868296623229980e+00 -8.833804130554199219e-01 -1.031994819641113281e+00 4.014116823673248291e-01
1.144030809402465820e+00 -2.565957903861999512e-01 1.025508522987365723e+00 -8.851981759071350098e-01 -1.032816886901855469e+00 3.998453617095947266e-01
1.148055076599121094e+00 -2.601835131645202637e-01 1.024360775947570801e+00 -8.843370079994201660e-01 -1.032441139221191406e+00 3.988351523876190186e-01
1.151902794837951660e+00 -2.625882327556610107e-01 1.025893568992614746e+00 -8.866740465164184570e-01 -1.034042835235595703e+00 3.910197317600250244e-01
1.151507735252380371e+00 -2.637012898921966553e-01 1.025720953941345215e+00 -8.864200115203857422e-01 -1.033223390579223633e+00 3.882499337196350098e-01
1.149954915046691895e+00 -2.625356316566467285e-01 1.027497649192810059e+00 -8.856861591339111328e-01 -1.035768508911132812e+00 3.811658918857574463e-01
1.151693105697631836e+00 -2.646288871765136719e-01 1.028661370277404785e+00 -8.853254914283752441e-01 -1.038496971130371094e+00 3.769885003566741943e-01
1.152978181838989258e+00 -2.637276053428649902e-01 1.027801394462585449e+00 -8.842028379440307617e-01 -1.037955045700073242e+00 3.661609888076782227e-01
1.153128623962402344e+00 -2.634863257408142090e-01 1.024138331413269043e+00 -8.803455829620361328e-01 -1.037137508392333984e+00 3.640286326408386230e-01
1.151488304138183594e+00 -2.643117308616638184e-01 1.021560907363891602e+00 -8.768237829208374023e-01 -1.036816358566284180e+00 3.764670491218566895e-01
1.149023532867431641e+00 -2.672027647495269775e-01 1.021148204803466797e+00 -8.773291707038879395e-01 -1.036345005035400391e+00 3.912443518638610840e-01
1.148546934127807617e+00 -2.643741965293884277e-01 1.022380352020263672e+00 -8.815699219703674316e-01 -1.036896944046020508e+00 3.755586743354797363e-01
1.150335788726806641e+00 -2.633237838745117188e-01 1.026743054389953613e+00 -8.807197809219360352e-01 -1.039059877395629883e+00 3.799657225608825684e-01
1.150878429412841797e+00 -2.662897109985351562e-01 1.027149796485900879e+00 -8.788959980010986328e-01 -1.042048454284667969e+00 3.867460489273071289e-01
1.151031374931335449e+00 -2.669852375984191895e-01 1.023236751556396484e+00 -8.796890377998352051e-01 -1.038773775100708008e+00 3.701370954513549805e-01
1.154349684715270996e+00 -2.711886763572692871e-01 1.020100116729736328e+00 -8.799299001693725586e-01 -1.033537626266479492e+00 3.580434918403625488e-01
1.154877305030822754e+00 -2.692672610282897949e-01 1.017650842666625977e+00 -8.809249401092529297e-01 -1.032911539077758789e+00 3.371306955814361572e-01
1.154442787170410156e+00 -2.683114409446716309e-01 1.015646815299987793e+00 -8.794847130775451660e-01 -1.030940294265747070e+00 3.292596340179443359e-01
1.153294324874877930e+00 -2.672703266143798828e-01 1.013260245323181152e+00 -8.779349923133850098e-01 -1.028200149536132812e+00 3.240905404090881348e-01
1.151942491531372070e+00 -2.646177411079406738e-01 1.011922478675842285e+00 -8.769241571426391602e-01 -1.025572538375854492e+00 3.234803080558776855e-01
1.151322364807128906e+00 -2.621697783470153809e-01 1.011990666389465332e+00 -8.760730028152465820e-01 -1.024511575698852539e+00 3.251830339431762695e-01
1.150363564491271973e+00 -2.616045176982879639e-01 1.012160420417785645e+00 -8.756231069564819336e-01 -1.023810863494873047e+00 3.261907994747161865e-01
1.148465633392333984e+00 -2.599266469478607178e-01 1.011695981025695801e+00 -8.771612048149108887e-01 -1.021936893463134766e+00 3.215656876564025879e-01
1.147864937782287598e+00 -2.586947083473205566e-01 1.010385632514953613e+00 -8.800706863403320312e-01 -1.019805431365966797e+00 3.144758045673370361e-01
1.148605704307556152e+00 -2.587899565696716309e-01 1.010911703109741211e+00 -8.825916647911071777e-01 -1.019566059112548828e+00 3.135193586349487305e-01
1.150399088859558105e+00 -2.575851082801818848e-01 1.012527465820312500e+00 -8.857491016387939453e-01 -1.020590066909790039e+00 3.069177865982055664e-01
1.152559041976928711e+00 -2.571658492088317871e-01 1.014391541481018066e+00 -8.866323232650756836e-01 -1.021190881729125977e+00 3.057725727558135986e-01
1.153806328773498535e+00 -2.583767473697662354e-01 1.015712857246398926e+00 -8.867516517639160156e-01 -1.021926879882812500e+00 3.156503736972808838e-01
1.152383804321289062e+00 -2.558667659759521484e-01 1.016216158866882324e+00 -8.876549005508422852e-01 -1.022513866424560547e+00 3.193804621696472168e-01
1.150627136230468750e+00 -2.538257539272308350e-01 1.017668604850769043e+00 -8.870776891708374023e-01 -1.023480892181396484e+00 3.244540691375732422e-01
1.149179220199584961e+00 -2.534973025321960449e-01 1.020667552947998047e+00 -8.861900568008422852e-01 -1.025173902511596680e+00 3.312110900878906250e-01
1.147774934768676758e+00 -2.542746663093566895e-01 1.021456122398376465e+00 -8.870778083801269531e-01 -1.029401540756225586e+00 3.377823829650878906e-01
1.147041797637939453e+00 -2.572214305400848389e-01 1.022849321365356445e+00 -8.865548968315124512e-01 -1.032899618148803711e+00 3.476773202419281006e-01
1.149497747421264648e+00 -2.618139982223510742e-01 1.024543166160583496e+00 -8.854936361312866211e-01 -1.034023046493530273e+00 3.455998301506042480e-01
1.151379108428955078e+00 -2.653494179248809814e-01 1.025863528251647949e+00 -8.858163356781005859e-01 -1.034177303314208984e+00 3.444145321846008301e-01
1.152707576751708984e+00 -2.689056396484375000e-01 1.024753093719482422e+00 -8.832179307937622070e-01 -1.033252239227294922e+00 3.527314662933349609e-01
1.154911994934082031e+00 -2.716628909111022949e-01 1.022587418556213379e+00 -8.822642564773559570e-01 -1.031903743743896484e+00 3.549867868423461914e-01
1.155277490615844727e+00 -2.714993953704833984e-01 1.019768357276916504e+00 -8.822765946388244629e-01 -1.032051324844360352e+00 3.514112234115600586e-01
1.152700543403625488e+00 -2.698835134506225586e-01 1.016609311103820801e+00 -8.814728856086730957e-01 -1.032581090927124023e+00 3.501436114311218262e-01
1.149375557899475098e+00 -2.670145332813262939e-01 1.016191601753234863e+00 -8.791466355323791504e-01 -1.032789230346679688e+00 3.548986911773681641e-01
1.147724866867065430e+00 -2.652191221714019775e-01 1.015565156936645508e+00 -8.768740892410278320e-01 -1.031848192214965820e+00 3.587704002857208252e-01
1.146601676940917969e+00 -2.662274837493896484e-01 1.015801191329956055e+00 -8.734701871871948242e-01 -1.031864404678344727e+00 3.699364662170410156e-01
1.146534800529479980e+00 -2.682374119758605957e-01 1.017116427421569824e+00 -8.707157373428344727e-01 -1.032424449920654297e+00 3.799683749675750732e-01
1.146205782890319824e+00 -2.691695392131805420e-01 1.017598271369934082e+00 -8.690108656883239746e-01 -1.032846689224243164e+00 3.798595964908599854e-01
1.146512746810913086e+00 -2.691837549209594727e-01 1.017241239547729492e+00 -8.699567317962646484e-01 -1.032191753387451172e+00 3.763559460639953613e-01
1.146534442901611328e+00 -2.678401768207550049e-01 1.016809344291687012e+00 -8.719797134399414062e-01 -1.030522823333740234e+00 3.700431287288665771e-01
1.147764086723327637e+00 -2.685628235340118408e-01 1.018148899078369141e+00 -8.716801404953002930e-01 -1.030953168869018555e+00 3.790505826473236084e-01
1.148488163948059082e+00 -2.691494822502136230e-01 1.017994523048400879e+00 -8.715910911560058594e-01 -1.029712915420532227e+00 3.829239606857299805e-01
1.148302078247070312e+00 -2.689217925071716309e-01 1.017903089523315430e+00 -8.719769120216369629e-01 -1.028845787048339844e+00 3.787158131599426270e-01
1.148598432540893555e+00 -2.678137421607971191e-01 1.018029451370239258e+00 -8.732243776321411133e-01 -1.029074430465698242e+00 3.678581714630126953e-01
1.149685025215148926e+00 -2.678343951702117920e-01 1.017708539962768555e+00 -8.739255666732788086e-01 -1.028659582138061523e+00 3.602985143661499023e-01
1.150414466857910156e+00 -2.687802314758300781e-01 1.017804980278015137e+00 -8.731817007064819336e-01 -1.028792619705200195e+00 3.646577298641204834e-01
1.149720788002014160e+00 -2.689898014068603516e-01 1.016195535659790039e+00 -8.726632595062255859e-01 -1.027882575988769531e+00 3.632009625434875488e-01
1.149193525314331055e+00 -2.697020173072814941e-01 1.015177845954895020e+00 -8.719189763069152832e-01 -1.027144908905029297e+00 3.658869564533233643e-01
1.148484945297241211e+00 -2.696520686149597168e-01 1.014403700828552246e+00 -8.708345890045166016e-01 -1.025959491729736328e+00 3.659901022911071777e-01
1.147517204284667969e+00 -2.691577076911926270e-01 1.014237999916076660e+00 -8.705258965492248535e-01 -1.024697780609130859e+00 3.597988486289978027e-01
1.147164583206176758e+00 -2.673603594303131104e-01 1.015264153480529785e+00 -8.724007010459899902e-01 -1.023804187774658203e+00 3.526411056518554688e-01
1.146827340126037598e+00 -2.650753259658813477e-01 1.016235351562500000e+00 -8.756030797958374023e-01 -1.024581193923950195e+00 3.454538583755493164e-01
1.146678924560546875e+00 -2.635958790779113770e-01 1.017020225524902344e+00 -8.771873712539672852e-01 -1.025448560714721680e+00 3.432076573371887207e-01
1.148065090179443359e+00 -2.658714056015014648e-01 1.018077373504638672e+00 -8.760683536529541016e-01 -1.027251243591308594e+00 3.538589775562286377e-01
1.148277401924133301e+00 -2.665140628814697266e-01 1.018618941307067871e+00 -8.772608041763305664e-01 -1.028898477554321289e+00 3.537793457508087158e-01
1.146681785583496094e+00 -2.630890309810638428e-01 1.020186781883239746e+00 -8.787388801574707031e-01 -1.030817270278930664e+00 3.555073440074920654e-01
1.146263837814331055e+00 -2.622125446796417236e-01 1.021208763122558594e+00 -8.790877461433410645e-01 -1.032665491104125977e+00 3.638142347335815430e-01
1.147523403167724609e+00 -2.618296146392822266e-01 1.021283745765686035e+00 -8.793730735778808594e-01 -1.032965660095214844e+00 3.616943061351776123e-01
1.149082541465759277e+00 -2.619917392730712891e-01 1.021895766258239746e+00 -8.807494640350341797e-01 -1.032344341278076172e+00 3.558890223503112793e-01
1.149060249328613281e+00 -2.618317604064941406e-01 1.022685766220092773e+00 -8.827533721923828125e-01 -1.032967567443847656e+00 3.504909276962280273e-01
1.146392107009887695e+00 -2.595512866973876953e-01 1.022015213966369629e+00 -8.843759298324584961e-01 -1.033422946929931641e+00 3.435691595077514648e-01
1.146204471588134766e+00 -2.593382000923156738e-01 1.021591305732727051e+00 -8.834070563316345215e-01 -1.032514333724975586e+00 3.412315547466278076e-01
1.146948575973510742e+00 -2.611946463584899902e-01 1.020244717597961426e+00 -8.819674253463745117e-01 -1.030904531478881836e+00 3.503314256668090820e-01
1.147776722908020020e+00 -2.627489566802978516e-01 1.020902752876281738e+00 -8.825017213821411133e-01 -1.030504226684570312e+00 3.478358387947082520e-01
1.149273276329040527e+00 -2.655345499515533447e-01 1.021804094314575195e+00 -8.814172744750976562e-01 -1.030800580978393555e+00 3.537141680717468262e-01
1.150521755218505859e+00 -2.670125961303710938e-01 1.022147059440612793e+00 -8.807705640792846680e-01 -1.032697200775146484e+00 3.585100471973419189e-01
1.150477409362792969e+00 -2.677248716354370117e-01 1.022547364234924316e+00 -8.783085346221923828e-01 -1.035070419311523438e+00 3.689688146114349365e-01
1.149728059768676758e+00 -2.679153680801391602e-01 1.023454189300537109e+00 -8.775562047958374023e-01 -1.038233518600463867e+00 3.757284283638000488e-01
1.151355862617492676e+00 -2.692614197731018066e-01 1.023727297782897949e+00 -8.766614198684692383e-01 -1.038694143295288086e+00 3.804031908512115479e-01
1.152480363845825195e+00 -2.723496258258819580e-01 1.022862315177917480e+00 -8.761680722236633301e-01 -1.039713382720947266e+00 3.881570696830749512e-01
1.152221918106079102e+00 -2.760320305824279785e-01 1.021036267280578613e+00 -8.744085431098937988e-01 -1.040114641189575195e+00 3.955437242984771729e-01
1.151588916778564453e+00 -2.761872410774230957e-01 1.019075751304626465e+00 -8.732932806015014648e-01 -1.039224863052368164e+00 3.941757380962371826e-01
1.153285741806030273e+00 -2.784970104694366455e-01 1.016445517539978027e+00 -8.719065189361572266e-01 -1.037395477294921875e+00 4.013012647628784180e-01
1.153763413429260254e+00 -2.786740958690643311e-01 1.015551209449768066e+00 -8.714993000030517578e-01 -1.034276723861694336e+00 4.040233492851257324e-01
1.153245687484741211e+00 -2.766913771629333496e-01 1.015951037406921387e+00 -8.702564835548400879e-01 -1.033645868301391602e+00 4.040155410766601562e-01
1.153294324874877930e+00 -2.774830460548400879e-01 1.017929911613464355e+00 -8.678530454635620117e-01 -1.034838199615478516e+00 4.087181091308593750e-01
1.154829740524291992e+00 -2.778751552104949951e-01 1.017683386802673340e+00 -8.668141365051269531e-01 -1.033362388610839844e+00 4.104593992233276367e-01
1.155767679214477539e+00 -2.777272164821624756e-01 1.017536401748657227e+00 -8.657664656639099121e-01 -1.033035278320312500e+00 4.136015176773071289e-01
1.155199170112609863e+00 -2.771155238151550293e-01 1.018532633781433105e+00 -8.627569675445556641e-01 -1.033151865005493164e+00 4.206991195678710938e-01
1.156267404556274414e+00 -2.778168618679046631e-01 1.017953515052795410e+00 -8.615431189537048340e-01 -1.031978368759155273e+00 4.210550785064697266e-01
1.157802820205688477e+00 -2.794426679611206055e-01 1.018067240715026855e+00 -8.614734411239624023e-01 -1.031246662139892578e+00 4.242691099643707275e-01
1.156705856323242188e+00 -2.826735973358154297e-01 1.020590901374816895e+00 -8.589127063751220703e-01 -1.031679391860961914e+00 4.385614693164825439e-01
1.154251813888549805e+00 -2.862958908081054688e-01 1.023397326469421387e+00 -8.541566729545593262e-01 -1.034718275070190430e+00 4.639313817024230957e-01
1.154411911964416504e+00 -2.864199876785278320e-01 1.023983836174011230e+00 -8.530075550079345703e-01 -1.034742832183837891e+00 4.701409935951232910e-01
1.156693696975708008e+00 -2.860924601554870605e-01 1.023317217826843262e+00 -8.550211191177368164e-01 -1.033950567245483398e+00 4.694086313247680664e-01
1.161040067672729492e+00 -2.866892814636230469e-01 1.022014498710632324e+00 -8.586980104446411133e-01 -1.033067703247070312e+00 4.716299176216125488e-01
1.162560701370239258e+00 -2.842385768890380859e-01 1.022246956825256348e+00 -8.620174527168273926e-01 -1.032655477523803711e+00 4.655576348304748535e-01
1.160245776176452637e+00 -2.813046574592590332e-01 1.023524641990661621e+00 -8.613646030426025391e-01 -1.030924797058105469e+00 4.546332359313964844e-01
1.159565567970275879e+00 -2.826736569404602051e-01 1.024253487586975098e+00 -8.605782985687255859e-01 -1.032360315322875977e+00 4.509585499763488770e-01
1.156452536582946777e+00 -2.837025523185729980e-01 1.025131702423095703e+00 -8.599942326545715332e-01 -1.035973787307739258e+00 4.514336884021759033e-01
1.154638886451721191e+00 -2.844991683959960938e-01 1.025179982185363770e+00 -8.589964509010314941e-01 -1.035475969314575195e+00 4.571159482002258301e-01
1.155034065246582031e+00 -2.854427695274353027e-01 1.025413632392883301e+00 -8.583495616912841797e-01 -1.035109519958496094e+00 4.663529992103576660e-01
1.154705047607421875e+00 -2.840544581413269043e-01 1.024867773056030273e+00 -8.588584065437316895e-01 -1.033842086791992188e+00 4.682813882827758789e-01
1.153626441955566406e+00 -2.775981426239013672e-01 1.021994352340698242e+00 -8.647093772888183594e-01 -1.031441688537597656e+00 4.518088698387145996e-01
1.154576539993286133e+00 -2.701433300971984863e-01 1.017727494239807129e+00 -8.707565069198608398e-01 -1.026072025299072266e+00 4.313698410987854004e-01
1.157063484191894531e+00 -2.673960030078887939e-01 1.015875339508056641e+00 -8.750546574592590332e-01 -1.025402307510375977e+00 4.196187257766723633e-01
1.156831741333007812e+00 -2.650095820426940918e-01 1.019475102424621582e+00 -8.747634291648864746e-01 -1.027335643768310547e+00 4.144498109817504883e-01
1.155141592025756836e+00 -2.667468488216400146e-01 1.021374821662902832e+00 -8.735129833221435547e-01 -1.028952598571777344e+00 4.170257151126861572e-01
1.150945067405700684e+00 -2.663707137107849121e-01 1.024275064468383789e+00 -8.738558292388916016e-01 -1.033523082733154297e+00 4.191329181194305420e-01
1.149857878684997559e+00 -2.707877755165100098e-01 1.026390433311462402e+00 -8.739025592803955078e-01 -1.038615226745605469e+00 4.273473024368286133e-01
1.150496482849121094e+00 -2.694124579429626465e-01 1.025002598762512207e+00 -8.748519420623779297e-01 -1.035730838775634766e+00 4.181176722049713135e-01
1.152994751930236816e+00 -2.685914635658264160e-01 1.021230340003967285e+00 -8.771564960479736328e-01 -1.030541658401489258e+00 3.973340690135955811e-01
1.150184750556945801e+00 -2.653183937072753906e-01 1.022921919822692871e+00 -8.751294612884521484e-01 -1.034219503402709961e+00 3.952914178371429443e-01
1.143477678298950195e+00 -2.651952505111694336e-01 1.033035159111022949e+00 -8.689988255500793457e-01 -1.045233011245727539e+00 4.518787562847137451e-01
1.140741348266601562e+00 -2.621703147888183594e-01 1.036628365516662598e+00 -8.715587258338928223e-01 -1.049042940139770508e+00 4.484855532646179199e-01
1.138695836067199707e+00 -2.651866078376770020e-01 1.031988739967346191e+00 -8.755325675010681152e-01 -1.042440891265869141e+00 4.129239320755004883e-01
1.149569988250732422e+00 -2.644319236278533936e-01 1.031653404235839844e+00 -8.805863261222839355e-01 -1.039359807968139648e+00 3.612996339797973633e-01
1.149081707000732422e+00 -2.639182209968566895e-01 1.028760790824890137e+00 -8.816223144531250000e-01 -1.035242795944213867e+00 3.442276716232299805e-01
1.148805379867553711e+00 -2.660454511642456055e-01 1.028141021728515625e+00 -8.804149031639099121e-01 -1.033218860626220703e+00 3.470243811607360840e-01
1.148214578628540039e+00 -2.673277854919433594e-01 1.026404261589050293e+00 -8.797984123229980469e-01 -1.033859014511108398e+00 3.479583859443664551e-01
1.147636294364929199e+00 -2.689879536628723145e-01 1.025433421134948730e+00 -8.783661723136901855e-01 -1.035394191741943359e+00 3.529678881168365479e-01
1.146283984184265137e+00 -2.689405083656311035e-01 1.025599718093872070e+00 -8.780431747436523438e-01 -1.036331415176391602e+00 3.559021353721618652e-01
1.146213293075561523e+00 -2.687630653381347656e-01 1.025516748428344727e+00 -8.782063126564025879e-01 -1.035118103027343750e+00 3.543023467063903809e-01
1.147511124610900879e+00 -2.696587145328521729e-01 1.024211049079895020e+00 -8.783810138702392578e-01 -1.035162210464477539e+00 3.498102426528930664e-01
1.147967576980590820e+00 -2.703649103641510010e-01 1.021207571029663086e+00 -8.791195750236511230e-01 -1.032981395721435547e+00 3.413071930408477783e-01
1.148825168609619141e+00 -2.694553136825561523e-01 1.020699858665466309e+00 -8.807896375656127930e-01 -1.029941320419311523e+00 3.336987793445587158e-01
1.150136113166809082e+00 -2.696040272712707520e-01 1.020468235015869141e+00 -8.796463012695312500e-01 -1.030839204788208008e+00 3.357533812522888184e-01
1.150552392005920410e+00 -2.713127136230468750e-01 1.019915938377380371e+00 -8.767439723014831543e-01 -1.032534360885620117e+00 3.471133112907409668e-01
1.147681951522827148e+00 -2.696295976638793945e-01 1.020360708236694336e+00 -8.755594491958618164e-01 -1.034001111984252930e+00 3.503611683845520020e-01
1.144929766654968262e+00 -2.679668068885803223e-01 1.020229220390319824e+00 -8.747687339782714844e-01 -1.033622026443481445e+00 3.487002253532409668e-01
1.145968914031982422e+00 -2.697861194610595703e-01 1.018817067146301270e+00 -8.753570914268493652e-01 -1.030515432357788086e+00 3.420885503292083740e-01
1.147315025329589844e+00 -2.717179059982299805e-01 1.017026066780090332e+00 -8.751751184463500977e-01 -1.028644323348999023e+00 3.391151130199432373e-01
1.147361040115356445e+00 -2.703899145126342773e-01 1.016557574272155762e+00 -8.746410608291625977e-01 -1.029014110565185547e+00 3.385637998580932617e-01
1.147426128387451172e+00 -2.710012793540954590e-01 1.016136765480041504e+00 -8.748018741607666016e-01 -1.028872013092041016e+00 3.399083912372589111e-01
1.148112058639526367e+00 -2.709271907806396484e-01 1.016109824180603027e+00 -8.760240077972412109e-01 -1.028307914733886719e+00 3.376019895076751709e-01
1.148552894592285156e+00 -2.696983814239501953e-01 1.016057133674621582e+00 -8.765237927436828613e-01 -1.028054475784301758e+00 3.336629867553710938e-01
1.149999618530273438e+00 -2.696454524993896484e-01 1.016023993492126465e+00 -8.760143518447875977e-01 -1.027969837188720703e+00 3.379478454589843750e-01
1.149427175521850586e+00 -2.662491798400878906e-01 1.017628669738769531e+00 -8.769983053207397461e-01 -1.028903484344482422e+00 3.369207084178924561e-01
1.147735357284545898e+00 -2.627815008163452148e-01 1.019176244735717773e+00 -8.772789239883422852e-01 -1.029670715332031250e+00 3.403178155422210693e-01
1.147201418876647949e+00 -2.604181170463562012e-01 1.019448399543762207e+00 -8.767057657241821289e-01 -1.029328346252441406e+00 3.369342684745788574e-01
1.149327278137207031e+00 -2.627202272415161133e-01 1.018908143043518066e+00 -8.768348693847656250e-01 -1.027800321578979492e+00 3.287925720214843750e-01
1.154090404510498047e+00 -2.660337686538696289e-01 1.020402908325195312e+00 -8.782142400741577148e-01 -1.028691053390502930e+00 3.256525397300720215e-01
1.154623270034790039e+00 -2.685956060886383057e-01 1.022397875785827637e+00 -8.780565857887268066e-01 -1.032438278198242188e+00 3.317053914070129395e-01
1.151695013046264648e+00 -2.689131498336791992e-01 1.023191094398498535e+00 -8.793023824691772461e-01 -1.032404184341430664e+00 3.376350700855255127e-01
1.150649785995483398e+00 -2.700388431549072266e-01 1.024181723594665527e+00 -8.788422346115112305e-01 -1.031992435455322266e+00 3.487677574157714844e-01
1.150915265083312988e+00 -2.703889608383178711e-01 1.024541258811950684e+00 -8.790855407714843750e-01 -1.030751228332519531e+00 3.515004217624664307e-01
1.153243303298950195e+00 -2.700635492801666260e-01 1.028049588203430176e+00 -8.814310431480407715e-01 -1.032540559768676758e+00 3.507568538188934326e-01
1.157045364379882812e+00 -2.737175822257995605e-01 1.034232854843139648e+00 -8.820958733558654785e-01 -1.040466547012329102e+00 3.589459061622619629e-01
1.159927606582641602e+00 -2.749191522598266602e-01 1.034041285514831543e+00 -8.828574419021606445e-01 -1.042595863342285156e+00 3.564834594726562500e-01
1.159382224082946777e+00 -2.724796533584594727e-01 1.031539201736450195e+00 -8.825767040252685547e-01 -1.040193557739257812e+00 3.438521623611450195e-01
1.156508684158325195e+00 -2.702232003211975098e-01 1.026429533958435059e+00 -8.827786445617675781e-01 -1.035449504852294922e+00 3.341331779956817627e-01
1.154464840888977051e+00 -2.680297493934631348e-01 1.023001909255981445e+00 -8.839155435562133789e-01 -1.033444643020629883e+00 3.242701292037963867e-01
1.153836488723754883e+00 -2.668255567550659180e-01 1.023362040519714355e+00 -8.837644457817077637e-01 -1.034995555877685547e+00 3.210474550724029541e-01
1.152464389801025391e+00 -2.648947834968566895e-01 1.023919105529785156e+00 -8.820037841796875000e-01 -1.036278724670410156e+00 3.178242444992065430e-01
1.151577472686767578e+00 -2.634217739105224609e-01 1.025273323059082031e+00 -8.804764747619628906e-01 -1.036775588989257812e+00 3.188015818595886230e-01
1.152259469032287598e+00 -2.634337842464447021e-01 1.024284362792968750e+00 -8.805369138717651367e-01 -1.038073539733886719e+00 3.168254494667053223e-01
1.152065873146057129e+00 -2.607819736003875732e-01 1.025060772895812988e+00 -8.836823701858520508e-01 -1.039771556854248047e+00 3.135207891464233398e-01
1.150991439819335938e+00 -2.595695853233337402e-01 1.026004076004028320e+00 -8.845635652542114258e-01 -1.038479328155517578e+00 3.129973411560058594e-01
1.152642250061035156e+00 -2.613275051116943359e-01 1.026933312416076660e+00 -8.835486173629760742e-01 -1.036946773529052734e+00 3.199136853218078613e-01
1.152406454086303711e+00 -2.619713544845581055e-01 1.027151226997375488e+00 -8.827005624771118164e-01 -1.038862466812133789e+00 3.246098160743713379e-01
1.151555418968200684e+00 -2.660898566246032715e-01 1.027800679206848145e+00 -8.797167539596557617e-01 -1.041980028152465820e+00 3.414696156978607178e-01
1.151280283927917480e+00 -2.690665721893310547e-01 1.029183506965637207e+00 -8.790643215179443359e-01 -1.042657852172851562e+00 3.545086085796356201e-01
1.151907563209533691e+00 -2.695750594139099121e-01 1.031347632408142090e+00 -8.813531398773193359e-01 -1.043698310852050781e+00 3.555875420570373535e-01
1.151862382888793945e+00 -2.690632343292236328e-01 1.033395290374755859e+00 -8.831855058670043945e-01 -1.045450448989868164e+00 3.594052493572235107e-01
1.151914834976196289e+00 -2.703954577445983887e-01 1.037993431091308594e+00 -8.828607797622680664e-01 -1.049259185791015625e+00 3.704230189323425293e-01
1.154270529747009277e+00 -2.700214087963104248e-01 1.038967013359069824e+00 -8.840431571006774902e-01 -1.050848722457885742e+00 3.623291850090026855e-01
1.156764745712280273e+00 -2.692282795906066895e-01 1.039965987205505371e+00 -8.859486579895019531e-01 -1.051321744918823242e+00 3.512551784515380859e-01
1.155596017837524414e+00 -2.673486173152923584e-01 1.041113853454589844e+00 -8.845519423484802246e-01 -1.051107168197631836e+00 3.557260036468505859e-01
1.155854344367980957e+00 -2.660643458366394043e-01 1.040460705757141113e+00 -8.847473263740539551e-01 -1.051570892333984375e+00 3.538646697998046875e-01
1.157417058944702148e+00 -2.674703001976013184e-01 1.039803385734558105e+00 -8.847246170043945312e-01 -1.052125215530395508e+00 3.503531515598297119e-01
1.154978990554809570e+00 -2.663421928882598877e-01 1.038022041320800781e+00 -8.841502070426940918e-01 -1.050256252288818359e+00 3.497191071510314941e-01
1.152357816696166992e+00 -2.635758519172668457e-01 1.035529732704162598e+00 -8.858092427253723145e-01 -1.047977685928344727e+00 3.475573658943176270e-01
1.151988863945007324e+00 -2.619873285293579102e-01 1.033611774444580078e+00 -8.871431946754455566e-01 -1.046582221984863281e+00 3.421525955200195312e-01
1.150562047958374023e+00 -2.595384120941162109e-01 1.031710267066955566e+00 -8.882243633270263672e-01 -1.045138359069824219e+00 3.336884379386901855e-01
1.150402307510375977e+00 -2.576500177383422852e-01 1.032274365425109863e+00 -8.870829343795776367e-01 -1.046130657196044922e+00 3.387930989265441895e-01
1.149844288825988770e+00 -2.571048736572265625e-01 1.031493067741394043e+00 -8.843255043029785156e-01 -1.044814348220825195e+00 3.461575508117675781e-01
1.149439811706542969e+00 -2.582401931285858154e-01 1.031708002090454102e+00 -8.828976154327392578e-01 -1.045198678970336914e+00 3.520248234272003174e-01
1.150286197662353516e+00 -2.603235244750976562e-01 1.032662749290466309e+00 -8.829424381256103516e-01 -1.045590400695800781e+00 3.603430390357971191e-01
1.152542948722839355e+00 -2.613144516944885254e-01 1.031584739685058594e+00 -8.834055662155151367e-01 -1.045276165008544922e+00 3.576161265373229980e-01
1.152400612831115723e+00 -2.611513733863830566e-01 1.030417084693908691e+00 -8.823655843734741211e-01 -1.044089555740356445e+00 3.494729995727539062e-01
1.151182174682617188e+00 -2.628502845764160156e-01 1.032061219215393066e+00 -8.790191411972045898e-01 -1.045684814453125000e+00 3.680379986763000488e-01
1.150627136230468750e+00 -2.632507085800170898e-01 1.032173991203308105e+00 -8.786404132843017578e-01 -1.046240806579589844e+00 3.747474849224090576e-01
1.151130795478820801e+00 -2.651934027671813965e-01 1.032499670982360840e+00 -8.771963119506835938e-01 -1.047279596328735352e+00 3.876657485961914062e-01
1.151721239089965820e+00 -2.685863971710205078e-01 1.033176779747009277e+00 -8.750572800636291504e-01 -1.047247886657714844e+00 3.965938091278076172e-01
1.152828693389892578e+00 -2.682773470878601074e-01 1.034392356872558594e+00 -8.752259016036987305e-01 -1.045628070831298828e+00 3.924282193183898926e-01
1.154717206954956055e+00 -2.697936892509460449e-01 1.034064531326293945e+00 -8.753151893615722656e-01 -1.045159816741943359e+00 4.005635380744934082e-01
1.154552578926086426e+00 -2.689350843429565430e-01 1.032637953758239746e+00 -8.766098022460937500e-01 -1.044659137725830078e+00 3.964041471481323242e-01
1.154482603073120117e+00 -2.682745456695556641e-01 1.031761169433593750e+00 -8.779247999191284180e-01 -1.043344497680664062e+00 3.891739547252655029e-01
1.158139109611511230e+00 -2.728092670440673828e-01 1.030696988105773926e+00 -8.782970905303955078e-01 -1.043816089630126953e+00 3.938480615615844727e-01
1.159845829010009766e+00 -2.769145965576171875e-01 1.029912114143371582e+00 -8.750991821289062500e-01 -1.042260169982910156e+00 4.103178977966308594e-01
1.160903811454772949e+00 -2.815038263797760010e-01 1.026459097862243652e+00 -8.703297376632690430e-01 -1.041247129440307617e+00 4.284375607967376709e-01
1.154039621353149414e+00 -2.803958654403686523e-01 1.015425324440002441e+00 -8.650599122047424316e-01 -1.032509803771972656e+00 4.232966005802154541e-01
1.149868249893188477e+00 -2.779615819454193115e-01 1.009614586830139160e+00 -8.631412982940673828e-01 -1.027562379837036133e+00 4.008451998233795166e-01
1.149531364440917969e+00 -2.791531085968017578e-01 1.008439302444458008e+00 -8.602804541587829590e-01 -1.025942325592041016e+00 3.976873755455017090e-01
1.151281714439392090e+00 -2.817991077899932861e-01 1.008834958076477051e+00 -8.571979403495788574e-01 -1.026993274688720703e+00 4.112856090068817139e-01
1.150361061096191406e+00 -2.817036807537078857e-01 1.007925868034362793e+00 -8.570392131805419922e-01 -1.026078939437866211e+00 4.124589562416076660e-01
1.149861097335815430e+00 -2.818456590175628662e-01 1.006979107856750488e+00 -8.559979796409606934e-01 -1.025674104690551758e+00 4.102493226528167725e-01
1.151386976242065430e+00 -2.841912508010864258e-01 1.007445216178894043e+00 -8.532736301422119141e-01 -1.028039455413818359e+00 4.204865097999572754e-01
1.153329491615295410e+00 -2.856640815734863281e-01 1.007206320762634277e+00 -8.527375459671020508e-01 -1.029345750808715820e+00 4.274598956108093262e-01
1.152817010879516602e+00 -2.833958268165588379e-01 1.006730198860168457e+00 -8.552483916282653809e-01 -1.028457164764404297e+00 4.148140549659729004e-01
1.151545524597167969e+00 -2.808675765991210938e-01 1.007040739059448242e+00 -8.571476936340332031e-01 -1.026378393173217773e+00 4.017754197120666504e-01
1.150937795639038086e+00 -2.800530195236206055e-01 1.007212519645690918e+00 -8.575034141540527344e-01 -1.024757146835327148e+00 3.968473672866821289e-01
1.150230169296264648e+00 -2.805581688880920410e-01 1.008819460868835449e+00 -8.577318191528320312e-01 -1.024834871292114258e+00 3.971645832061767578e-01
1.150361061096191406e+00 -2.819826006889343262e-01 1.009344458580017090e+00 -8.577406406402587891e-01 -1.024709939956665039e+00 3.969512879848480225e-01
1.150503277778625488e+00 -2.805259823799133301e-01 1.009755969047546387e+00 -8.584475517272949219e-01 -1.025499582290649414e+00 3.889948725700378418e-01
1.150541663169860840e+00 -2.800776958465576172e-01 1.010005593299865723e+00 -8.589795231819152832e-01 -1.026613712310791016e+00 3.882566094398498535e-01
1.151757359504699707e+00 -2.812087237834930420e-01 1.008500933647155762e+00 -8.594205379486083984e-01 -1.024359226226806641e+00 3.916974365711212158e-01
1.151254773139953613e+00 -2.794923186302185059e-01 1.007671117782592773e+00 -8.606848716735839844e-01 -1.023609876632690430e+00 3.885263204574584961e-01
1.149855852127075195e+00 -2.766222953796386719e-01 1.007887959480285645e+00 -8.622058629989624023e-01 -1.023492336273193359e+00 3.860634565353393555e-01
1.151152968406677246e+00 -2.756719291210174561e-01 1.008341431617736816e+00 -8.642778992652893066e-01 -1.023230791091918945e+00 3.853787779808044434e-01
1.154369592666625977e+00 -2.767611742019653320e-01 1.008413434028625488e+00 -8.655469417572021484e-01 -1.023897886276245117e+00 3.871110081672668457e-01
1.156297683715820312e+00 -2.770428657531738281e-01 1.010503649711608887e+00 -8.673384189605712891e-01 -1.028855085372924805e+00 3.938226699829101562e-01
1.157168626785278320e+00 -2.787762284278869629e-01 1.016622304916381836e+00 -8.688582181930541992e-01 -1.035591125488281250e+00 3.978202044963836670e-01
1.157346487045288086e+00 -2.796593904495239258e-01 1.022979855537414551e+00 -8.729066848754882812e-01 -1.039125680923461914e+00 3.976863622665405273e-01
1.159837245941162109e+00 -2.829779982566833496e-01 1.026553034782409668e+00 -8.755825161933898926e-01 -1.040487527847290039e+00 4.028818011283874512e-01
1.161001682281494141e+00 -2.828948497772216797e-01 1.027355432510375977e+00 -8.765724897384643555e-01 -1.040126562118530273e+00 3.997388482093811035e-01
1.160856604576110840e+00 -2.806725502014160156e-01 1.027526974678039551e+00 -8.786305189132690430e-01 -1.041406393051147461e+00 3.903961777687072754e-01
1.160379290580749512e+00 -2.840522527694702148e-01 1.026038050651550293e+00 -8.782401084899902344e-01 -1.040354013442993164e+00 3.940662145614624023e-01
1.161668777465820312e+00 -2.836334705352783203e-01 1.021798133850097656e+00 -8.784884214401245117e-01 -1.035855770111083984e+00 3.755900263786315918e-01
1.164949178695678711e+00 -2.854350805282592773e-01 1.021553754806518555e+00 -8.769337534904479980e-01 -1.033698081970214844e+00 3.729571104049682617e-01
1.167441606521606445e+00 -2.865499258041381836e-01 1.021319985389709473e+00 -8.759726285934448242e-01 -1.031445026397705078e+00 3.826944828033447266e-01
1.167017698287963867e+00 -2.829577922821044922e-01 1.021296024322509766e+00 -8.772585391998291016e-01 -1.028574705123901367e+00 3.771590590476989746e-01
1.162338852882385254e+00 -2.796969711780548096e-01 1.021406412124633789e+00 -8.763750195503234863e-01 -1.026658535003662109e+00 3.769576847553253174e-01
1.162140607833862305e+00 -2.845683693885803223e-01 1.020287632942199707e+00 -8.757888078689575195e-01 -1.025993347167968750e+00 3.904969394207000732e-01
1.162507176399230957e+00 -2.861225605010986328e-01 1.018738985061645508e+00 -8.769177198410034180e-01 -1.027449607849121094e+00 3.805780410766601562e-01
1.161609888076782227e+00 -2.870504856109619141e-01 1.018668770790100098e+00 -8.774807453155517578e-01 -1.030831813812255859e+00 3.763931393623352051e-01
1.159514307975769043e+00 -2.848218083381652832e-01 1.017651319503784180e+00 -8.784822225570678711e-01 -1.030812501907348633e+00 3.656929135322570801e-01
1.156002283096313477e+00 -2.827292084693908691e-01 1.016225099563598633e+00 -8.766334652900695801e-01 -1.028588771820068359e+00 3.707861304283142090e-01
1.153204917907714844e+00 -2.801874279975891113e-01 1.013934254646301270e+00 -8.780647516250610352e-01 -1.026508569717407227e+00 3.711426258087158203e-01
1.149873852729797363e+00 -2.752279639244079590e-01 1.013477683067321777e+00 -8.802524209022521973e-01 -1.024692535400390625e+00 3.687263727188110352e-01
1.145241618156433105e+00 -2.671082913875579834e-01 1.011230111122131348e+00 -8.836505413055419922e-01 -1.023916244506835938e+00 3.606354296207427979e-01
1.141310453414916992e+00 -2.582973241806030273e-01 1.011259913444519043e+00 -8.864862918853759766e-01 -1.025146961212158203e+00 3.383402228355407715e-01
1.143122911453247070e+00 -2.624234557151794434e-01 1.015480399131774902e+00 -8.833684921264648438e-01 -1.025645494461059570e+00 3.554878234863281250e-01
1.145479917526245117e+00 -2.656064927577972412e-01 1.018474817276000977e+00 -8.808664679527282715e-01 -1.025396347045898438e+00 3.740598559379577637e-01
1.146860361099243164e+00 -2.619964778423309326e-01 1.018481135368347168e+00 -8.851457834243774414e-01 -1.027225255966186523e+00 3.708992004394531250e-01
1.142440557479858398e+00 -2.519791126251220703e-01 1.017900347709655762e+00 -8.922994136810302734e-01 -1.031493425369262695e+00 3.465750813484191895e-01
1.140347003936767578e+00 -2.528936266899108887e-01 1.021380662918090820e+00 -8.882200717926025391e-01 -1.033200979232788086e+00 3.607013821601867676e-01
1.146284580230712891e+00 -2.607091069221496582e-01 1.024639725685119629e+00 -8.860079050064086914e-01 -1.037846565246582031e+00 3.812393546104431152e-01
1.145343303680419922e+00 -2.622125744819641113e-01 1.025783658027648926e+00 -8.847078680992126465e-01 -1.038625001907348633e+00 3.756993412971496582e-01
1.146192312240600586e+00 -2.610893249511718750e-01 1.025134563446044922e+00 -8.837083578109741211e-01 -1.037112236022949219e+00 3.594919145107269287e-01
1.148567438125610352e+00 -2.608630061149597168e-01 1.024742364883422852e+00 -8.829251527786254883e-01 -1.036251544952392578e+00 3.520664572715759277e-01
1.148005247116088867e+00 -2.599578499794006348e-01 1.025181174278259277e+00 -8.837767839431762695e-01 -1.036212205886840820e+00 3.455810844898223877e-01
1.145730137825012207e+00 -2.590060830116271973e-01 1.024431347846984863e+00 -8.844033479690551758e-01 -1.033858776092529297e+00 3.316408097743988037e-01
1.146123886108398438e+00 -2.600677013397216797e-01 1.024814128875732422e+00 -8.837532997131347656e-01 -1.034192085266113281e+00 3.304496407508850098e-01
1.148488759994506836e+00 -2.611016929149627686e-01 1.023487687110900879e+00 -8.831764459609985352e-01 -1.035145521163940430e+00 3.350346684455871582e-01
1.151130914688110352e+00 -2.621533274650573730e-01 1.023224472999572754e+00 -8.855453133583068848e-01 -1.035577774047851562e+00 3.343151211738586426e-01
1.152350783348083496e+00 -2.575598061084747314e-01 1.026116132736206055e+00 -8.856879472732543945e-01 -1.039314985275268555e+00 3.348204493522644043e-01
1.154467582702636719e+00 -2.583669722080230713e-01 1.032325625419616699e+00 -8.876104354858398438e-01 -1.041011095046997070e+00 3.448940217494964600e-01
1.160150170326232910e+00 -2.683697938919067383e-01 1.041703343391418457e+00 -8.879061937332153320e-01 -1.049865961074829102e+00 3.834298253059387207e-01
1.159156799316406250e+00 -2.702512741088867188e-01 1.049188017845153809e+00 -8.844118118286132812e-01 -1.056462287902832031e+00 4.040746092796325684e-01
1.158460617065429688e+00 -2.710006833076477051e-01 1.051905989646911621e+00 -8.815227746963500977e-01 -1.056841611862182617e+00 4.128976166248321533e-01
1.162523031234741211e+00 -2.758065462112426758e-01 1.058283209800720215e+00 -8.774536848068237305e-01 -1.060763835906982422e+00 4.336765408515930176e-01
1.162478089332580566e+00 -2.784318923950195312e-01 1.062481045722961426e+00 -8.766879439353942871e-01 -1.063730239868164062e+00 4.484617412090301514e-01
1.158900260925292969e+00 -2.768530547618865967e-01 1.058408260345458984e+00 -8.761326074600219727e-01 -1.059227228164672852e+00 4.514308571815490723e-01
1.159095883369445801e+00 -2.742089927196502686e-01 1.054385066032409668e+00 -8.770403265953063965e-01 -1.057500839233398438e+00 4.511136412620544434e-01
1.159532546997070312e+00 -2.777706980705261230e-01 1.058102369308471680e+00 -8.738328218460083008e-01 -1.060926198959350586e+00 4.680621027946472168e-01
1.159802794456481934e+00 -2.841870784759521484e-01 1.058276295661926270e+00 -8.695816993713378906e-01 -1.068192243576049805e+00 4.871752262115478516e-01
1.158523797988891602e+00 -2.821626961231231689e-01 1.054961085319519043e+00 -8.674811124801635742e-01 -1.065581321716308594e+00 4.827935099601745605e-01
1.157801508903503418e+00 -2.799494266510009766e-01 1.053585410118103027e+00 -8.645672202110290527e-01 -1.066873788833618164e+00 4.850874245166778564e-01
1.160991191864013672e+00 -2.831431031227111816e-01 1.054999709129333496e+00 -8.653162717819213867e-01 -1.066821098327636719e+00 4.946373999118804932e-01
1.163521051406860352e+00 -2.860349118709564209e-01 1.054006934165954590e+00 -8.702991008758544922e-01 -1.067033529281616211e+00 4.804674386978149414e-01
1.163302659988403320e+00 -2.847285866737365723e-01 1.048188090324401855e+00 -8.759614229202270508e-01 -1.063021659851074219e+00 4.603031277656555176e-01
1.163367390632629395e+00 -2.850519418716430664e-01 1.041382431983947754e+00 -8.761110901832580566e-01 -1.056910753250122070e+00 4.491349160671234131e-01
1.161383271217346191e+00 -2.859423756599426270e-01 1.033214330673217773e+00 -8.713751435279846191e-01 -1.053534984588623047e+00 4.466954171657562256e-01
1.158650040626525879e+00 -2.835171222686767578e-01 1.025666713714599609e+00 -8.687101602554321289e-01 -1.044275283813476562e+00 4.250771999359130859e-01
1.157693147659301758e+00 -2.851292490959167480e-01 1.019261002540588379e+00 -8.657231926918029785e-01 -1.037903308868408203e+00 4.176422357559204102e-01
