1.942664384841918945e-03 -3.291012346744537354e-02 7.298169732093811035e-01
-2.784833312034606934e-03 -2.835830301046371460e-02 7.474007010459899902e-01
-6.527543067932128906e-03 -2.677925676107406616e-02 7.694801092147827148e-01
-1.142945885658264160e-02 -2.416092157363891602e-02 7.756763696670532227e-01
-1.220867037773132324e-02 -2.194673568010330200e-02 7.298061251640319824e-01
-1.005151122808456421e-02 -2.123840153217315674e-02 6.796943545341491699e-01
-3.723591566085815430e-03 -2.307373285293579102e-02 6.373353600502014160e-01
1.477863639593124390e-02 -1.543689146637916565e-02 5.833637714385986328e-01
2.047779411077499390e-02 -1.822285354137420654e-02 5.734439492225646973e-01
1.978690177202224731e-02 -2.404294162988662720e-02 6.080170273780822754e-01
2.203583717346191406e-02 -2.406698465347290039e-02 6.264995336532592773e-01
1.136928796768188477e-02 -1.411234587430953979e-02 6.772699356079101562e-01
-6.300956010818481445e-05 -1.299381256103515625e-02 7.598453760147094727e-01
9.164214134216308594e-06 -1.777227595448493958e-02 8.060888051986694336e-01
2.235181629657745361e-03 -2.812340110540390015e-02 7.693895101547241211e-01
1.394946128129959106e-02 -4.160736501216888428e-02 7.285364270210266113e-01
7.049731910228729248e-03 -3.792527318000793457e-02 7.543946504592895508e-01
-4.151262342929840088e-03 -1.177558675408363342e-02 7.482054233551025391e-01
-1.656354963779449463e-02 -1.223713159561157227e-03 7.718282341957092285e-01
-2.344034612178802490e-03 2.864524722099304199e-03 8.398164510726928711e-01
8.419513702392578125e-03 -8.849360048770904541e-03 9.571153521537780762e-01
7.924504578113555908e-03 -1.871014386415481567e-02 9.871389269828796387e-01
-1.149566844105720520e-02 -2.088424563407897949e-02 9.058455228805541992e-01
-1.622045040130615234e-02 -8.560851216316223145e-03 8.106792569160461426e-01
-7.380694150924682617e-04 3.815736621618270874e-03 6.502016782760620117e-01
1.143896579742431641e-02 5.668565630912780762e-03 6.503169536590576172e-01
1.490188390016555786e-02 -5.157098174095153809e-03 6.585924625396728516e-01
-9.126536548137664795e-03 -2.147549390792846680e-02 6.387017369270324707e-01
-1.664073020219802856e-02 -3.267584741115570068e-02 5.464572906494140625e-01
1.624897867441177368e-02 -4.686178267002105713e-02 5.948695540428161621e-01
-5.162358283996582031e-04 1.355523057281970978e-02 5.945246219635009766e-01
-2.778068929910659790e-02 -1.977479830384254456e-02 6.184735894203186035e-01
4.750937223434448242e-04 -1.895147934556007385e-02 7.895481586456298828e-01
2.361327409744262695e-03 -1.461769640445709229e-02 9.540219902992248535e-01
-3.994554281234741211e-04 -1.151926815509796143e-02 9.129947423934936523e-01
-9.147357195615768433e-03 -1.227796450257301331e-02 9.613975286483764648e-01
-5.731724202632904053e-03 -2.040471136569976807e-02 1.018245577812194824e+00
1.015919446945190430e-02 -1.675474643707275391e-02 1.009493827819824219e+00
1.614440232515335083e-02 -1.284728199243545532e-02 9.735057950019836426e-01
1.922331005334854126e-02 -2.295927703380584717e-02 9.049733877182006836e-01
1.915954798460006714e-02 -2.025733143091201782e-02 8.498315215110778809e-01
1.297870278358459473e-02 -1.702741160988807678e-02 8.080151677131652832e-01
1.066344231367111206e-02 -2.015153318643569946e-02 8.321385383605957031e-01
2.077762037515640259e-02 -2.220553904771804810e-02 8.548717498779296875e-01
2.536300569772720337e-02 -1.810351386666297913e-02 8.590540289878845215e-01
2.405524253845214844e-02 -1.989637315273284912e-02 8.609760403633117676e-01
2.626198530197143555e-02 -2.641488611698150635e-02 8.245810270309448242e-01
2.321529388427734375e-02 -2.871365100145339966e-02 7.858587503433227539e-01
2.015168964862823486e-02 -2.208349853754043579e-02 7.877674698829650879e-01
2.320180088281631470e-02 -2.252742648124694824e-02 7.773712277412414551e-01
3.669068217277526855e-03 -5.959495902061462402e-04 7.501837611198425293e-01
-3.019250929355621338e-03 1.936675794422626495e-02 7.757004499435424805e-01
-8.901331573724746704e-03 1.679523661732673645e-02 8.332294225692749023e-01
-2.572767436504364014e-03 1.821728423237800598e-02 8.157118558883666992e-01
6.704777479171752930e-05 2.120028249919414520e-02 7.646871805191040039e-01
-6.324205547571182251e-03 2.486718632280826569e-02 7.335311770439147949e-01
-1.527056097984313965e-03 2.061319537460803986e-02 7.298762798309326172e-01
3.257609903812408447e-03 4.688549786806106567e-03 7.248694300651550293e-01
1.376873254776000977e-02 -7.192142307758331299e-03 7.718829512596130371e-01
1.160446554422378540e-02 -7.664419710636138916e-03 8.092237114906311035e-01
-6.338104605674743652e-03 -4.032991826534271240e-03 8.298403620719909668e-01
1.885503530502319336e-03 -4.691313952207565308e-03 8.250783085823059082e-01
1.301023364067077637e-02 -3.440514206886291504e-03 8.571810126304626465e-01
9.793020784854888916e-03 -3.858476877212524414e-03 8.938264250755310059e-01
6.258636713027954102e-04 -7.036000490188598633e-03 8.836475014686584473e-01
-1.032799482345581055e-04 -1.445734500885009766e-02 8.590642809867858887e-01
1.266337931156158447e-02 -1.904457807540893555e-02 8.670334815979003906e-01
1.877574622631072998e-02 -1.477974653244018555e-02 8.823149800300598145e-01
1.483522355556488037e-02 -1.089778542518615723e-02 8.799961805343627930e-01
9.972989559173583984e-03 -1.027730107307434082e-02 8.899314999580383301e-01
1.107469201087951660e-03 -1.230320334434509277e-02 9.158138632774353027e-01
-9.022653102874755859e-05 -1.184919476509094238e-02 9.408544898033142090e-01
2.868786454200744629e-03 -1.135918498039245605e-02 9.626813530921936035e-01
1.066242158412933350e-02 -8.344382047653198242e-03 9.535850882530212402e-01
1.270908117294311523e-02 -5.206659436225891113e-03 9.212912917137145996e-01
1.052982360124588013e-02 2.837151288986206055e-03 8.638438582420349121e-01
7.280528545379638672e-03 7.028281688690185547e-03 8.595067858695983887e-01
-1.064971089363098145e-03 1.300498843193054199e-03 8.582945466041564941e-01
2.661518752574920654e-03 6.780058145523071289e-03 8.191311955451965332e-01
1.260305941104888916e-02 5.307197570800781250e-04 8.382913470268249512e-01
1.554589718580245972e-02 -8.875429630279541016e-03 9.031664133071899414e-01
2.406953275203704834e-02 -4.318267107009887695e-03 9.053476452827453613e-01
1.538272947072982788e-02 -1.128315925598144531e-02 9.692971110343933105e-01
1.442041248083114624e-02 -8.826225996017456055e-03 9.915261864662170410e-01
1.301838457584381104e-02 -3.925323486328125000e-03 9.168481826782226562e-01
2.228520065546035767e-02 -1.216123998165130615e-02 8.293797373771667480e-01
2.160540968179702759e-02 -2.085696905851364136e-02 8.332761526107788086e-01
1.223933696746826172e-02 -1.786742731928825378e-02 8.682991862297058105e-01
-1.927055418491363525e-03 -6.607763469219207764e-03 8.643327355384826660e-01
4.176273941993713379e-04 -7.540196180343627930e-03 9.061918258666992188e-01
5.993202328681945801e-03 -5.820810794830322266e-03 8.727561831474304199e-01
-5.771666765213012695e-03 -1.934122294187545776e-03 7.984470129013061523e-01
-6.351791322231292725e-03 -6.349816918373107910e-03 8.011161684989929199e-01
-1.310794055461883545e-02 -1.569077372550964355e-02 8.154453039169311523e-01
-2.474280074238777161e-02 -1.260588690638542175e-02 8.349013328552246094e-01
-3.210013359785079956e-02 -6.909307092428207397e-03 8.363100886344909668e-01
-3.009241446852684021e-02 5.494441837072372437e-03 7.970865368843078613e-01
-3.559144586324691772e-02 1.836384087800979614e-02 7.630371451377868652e-01
-4.401903226971626282e-02 3.055986016988754272e-02 7.925306558609008789e-01
-2.124185115098953247e-02 3.683428838849067688e-02 7.549900412559509277e-01
-1.641196012496948242e-02 -3.849457949399948120e-03 7.694922089576721191e-01
-3.671161085367202759e-02 -1.610148698091506958e-03 6.795102953910827637e-01
-3.939010202884674072e-02 -1.074572652578353882e-02 5.990700721740722656e-01
-3.530647233128547668e-02 -1.286036148667335510e-02 5.700687170028686523e-01
-3.132251277565956116e-02 -7.017474621534347534e-03 5.673028826713562012e-01
-8.801989257335662842e-03 2.805303595960140228e-02 5.912134051322937012e-01
8.491627871990203857e-03 1.411412283778190613e-02 7.023891210556030273e-01
7.917791604995727539e-03 1.464432105422019958e-02 6.962146162986755371e-01
1.417109370231628418e-02 1.438349485397338867e-03 7.116866111755371094e-01
1.940438151359558105e-02 -5.728565156459808350e-03 7.502452731132507324e-01
1.834625750780105591e-02 -1.616083085536956787e-03 7.505575418472290039e-01
1.323151588439941406e-02 8.365657180547714233e-03 7.762168049812316895e-01
9.552337229251861572e-03 1.649842225015163422e-02 7.802063226699829102e-01
1.471956819295883179e-02 2.097178064286708832e-02 7.338768243789672852e-01
7.585264742374420166e-03 2.672871574759483337e-02 7.540175318717956543e-01
3.327056765556335449e-04 2.303459867835044861e-02 7.853548526763916016e-01
1.045241951942443848e-03 1.921761222183704376e-02 8.054478168487548828e-01
1.617879420518875122e-02 3.449983894824981689e-03 7.767825722694396973e-01
1.310936361551284790e-02 1.043992117047309875e-02 7.693389654159545898e-01
7.410444319248199463e-03 1.943717896938323975e-02 7.801161408424377441e-01
7.732570171356201172e-03 1.390488818287849426e-02 7.870396971702575684e-01
9.703293442726135254e-03 1.575033925473690033e-02 7.600943446159362793e-01
-3.359876573085784912e-03 7.951423525810241699e-03 7.599303126335144043e-01
-2.104360237717628479e-02 4.303179681301116943e-03 7.369189262390136719e-01
-2.981143817305564880e-02 1.962237060070037842e-03 6.442691683769226074e-01
-3.015924990177154541e-02 6.794504821300506592e-03 6.470637917518615723e-01
-1.520313322544097900e-02 2.757310867309570312e-03 7.209084630012512207e-01
-7.217619568109512329e-03 6.759028881788253784e-03 6.865603923797607422e-01
-8.771270513534545898e-04 9.035736322402954102e-03 6.388582587242126465e-01
-5.021020770072937012e-03 4.820749163627624512e-04 6.195219159126281738e-01
-2.083712816238403320e-02 4.474490880966186523e-03 6.772695779800415039e-01
1.321965456008911133e-02 -2.589482814073562622e-02 8.726914525032043457e-01
9.719625115394592285e-03 -4.249706864356994629e-03 9.413830637931823730e-01
3.258824348449707031e-03 -5.541507154703140259e-03 7.855461239814758301e-01
-1.704943180084228516e-02 -1.290191709995269775e-02 7.099686264991760254e-01
-4.786310344934463501e-02 -5.389660596847534180e-03 6.685217618942260742e-01
-4.472630470991134644e-02 -2.902820706367492676e-04 6.516035199165344238e-01
-1.729571819305419922e-02 -1.824136078357696533e-02 7.402605414390563965e-01
-8.055761456489562988e-03 -2.582691609859466553e-02 7.600643038749694824e-01
-3.166118264198303223e-02 9.361945092678070068e-03 5.651992559432983398e-01
-3.781233727931976318e-02 8.391067385673522949e-04 5.696927309036254883e-01
-2.424462139606475830e-02 1.074353605508804321e-02 5.422334074974060059e-01
-6.818778812885284424e-03 3.780152648687362671e-03 6.259492039680480957e-01
1.316528022289276123e-02 -1.608134806156158447e-02 8.173224329948425293e-01
1.168783009052276611e-02 -1.373314857482910156e-02 8.612875342369079590e-01
3.442361950874328613e-03 -9.742632508277893066e-03 8.202683329582214355e-01
1.496617496013641357e-02 -2.594175934791564941e-02 8.885244727134704590e-01
1.855838298797607422e-02 -1.972167938947677612e-02 8.982456326484680176e-01
7.150158286094665527e-03 -6.629638373851776123e-03 9.160956740379333496e-01
7.818266749382019043e-03 -7.832944393157958984e-03 9.271373152732849121e-01
-1.628547906875610352e-03 -1.380122452974319458e-02 9.744510650634765625e-01
-1.080186292529106140e-02 -1.347669586539268494e-02 1.015558362007141113e+00
-1.288614422082901001e-02 -9.722229093313217163e-03 1.017788410186767578e+00
-1.371710747480392456e-02 -3.167837858200073242e-03 9.814713597297668457e-01
-1.602526754140853882e-02 -5.493424832820892334e-03 9.915056824684143066e-01
-1.402277871966362000e-02 -1.143375039100646973e-02 1.057690739631652832e+00
-1.007191836833953857e-02 -1.764277741312980652e-02 1.058171391487121582e+00
-1.871459186077117920e-03 -1.506444439291954041e-02 1.033197164535522461e+00
1.943923532962799072e-03 -1.425287127494812012e-02 1.062690138816833496e+00
7.940530776977539062e-04 -1.199512928724288940e-02 1.047854423522949219e+00
-1.488879323005676270e-03 -7.696792483329772949e-03 1.000677347183227539e+00
-2.837605774402618408e-03 -4.763033241033554077e-03 9.887501597404479980e-01
-4.742592573165893555e-03 9.825676679611206055e-04 1.004221558570861816e+00
-1.025900244712829590e-03 -6.734579801559448242e-05 1.006142973899841309e+00
-2.987354993820190430e-03 -7.273852825164794922e-03 1.015713810920715332e+00
-3.199003636837005615e-03 -1.217794418334960938e-02 1.028411030769348145e+00
2.022758126258850098e-03 -1.739569008350372314e-02 1.017115592956542969e+00
4.889614880084991455e-03 -2.151407301425933838e-02 1.030303359031677246e+00
3.902733325958251953e-03 -2.267944812774658203e-02 1.046270966529846191e+00
-1.327350735664367676e-03 -2.516645938158035278e-02 1.014176845550537109e+00
-9.015023708343505859e-03 -1.627214998006820679e-02 1.019222021102905273e+00
-5.682993680238723755e-03 -1.384972408413887024e-02 1.022106289863586426e+00
-2.541609108448028564e-03 -1.606890931725502014e-02 9.937955737113952637e-01
-2.076916396617889404e-03 -2.035752683877944946e-02 9.750403761863708496e-01
-1.688215881586074829e-02 -1.220592111349105835e-02 8.692213892936706543e-01
-2.654495462775230408e-02 -2.527946233749389648e-02 8.299760222434997559e-01
1.295888423919677734e-02 -1.388025656342506409e-02 9.062529802322387695e-01
-1.180905103683471680e-02 -3.448904305696487427e-02 9.103310704231262207e-01
-2.386276051402091980e-02 -1.137574017047882080e-02 9.600225687026977539e-01
-3.337326273322105408e-02 -6.334446370601654053e-04 8.881546854972839355e-01
-2.834063395857810974e-02 -5.544506013393402100e-03 9.102842807769775391e-01
6.092973053455352783e-03 -3.407824039459228516e-02 1.047865748405456543e+00
1.838192343711853027e-03 -2.186711877584457397e-02 1.140631079673767090e+00
7.381655275821685791e-03 -1.301198452711105347e-02 1.095358729362487793e+00
9.001761674880981445e-03 -1.072404161095619202e-02 1.121486544609069824e+00
1.368898898363113403e-02 -1.387065649032592773e-02 1.148531556129455566e+00
1.172985136508941650e-02 -1.477085053920745850e-02 1.113552808761596680e+00
-3.346957266330718994e-03 -2.766584604978561401e-02 1.066844701766967773e+00
-1.711133122444152832e-02 9.342692792415618896e-04 9.429488182067871094e-01
-1.481363549828529358e-02 6.107423454523086548e-03 8.557467460632324219e-01
-1.359505578875541687e-02 5.540054291486740112e-03 8.074490427970886230e-01
-4.885338246822357178e-03 2.348352223634719849e-03 8.027197718620300293e-01
1.814730465412139893e-03 -5.008012056350708008e-03 8.225257992744445801e-01
7.915675640106201172e-03 -9.038411080837249756e-03 8.494530320167541504e-01
3.707572817802429199e-03 -6.236538290977478027e-03 8.498841524124145508e-01
5.707725882530212402e-03 -9.872987866401672363e-03 8.353040814399719238e-01
7.627621293067932129e-03 -1.704081892967224121e-02 8.157293200492858887e-01
1.071681082248687744e-02 -1.381787657737731934e-02 8.513815999031066895e-01
-1.645758748054504395e-03 8.378475904464721680e-03 8.563382625579833984e-01
-7.407650351524353027e-03 1.578673720359802246e-03 9.079286456108093262e-01
4.034593701362609863e-03 -8.436031639575958252e-03 9.489189982414245605e-01
1.235730946063995361e-02 -1.939520239830017090e-02 9.901588559150695801e-01
4.455849528312683105e-03 -1.248103380203247070e-02 1.032446980476379395e+00
3.495737910270690918e-03 -2.518318593502044678e-02 9.763893485069274902e-01
2.490207552909851074e-03 -2.684718370437622070e-02 1.011300206184387207e+00
-6.704598665237426758e-03 -3.134745359420776367e-02 1.010459065437316895e+00
-2.400264143943786621e-03 -3.881552070379257202e-02 1.010338544845581055e+00
1.438846439123153687e-02 -3.881554305553436279e-02 9.954381585121154785e-01
1.998823881149291992e-02 -2.074539661407470703e-02 9.117367863655090332e-01
1.412062346935272217e-02 -8.854448795318603516e-03 9.230973720550537109e-01
5.446761846542358398e-03 -7.705271244049072266e-03 9.482788443565368652e-01
5.850479006767272949e-03 -7.244512438774108887e-03 9.566603302955627441e-01
1.353582739830017090e-02 -1.500570774078369141e-02 9.329386949539184570e-01
1.795680820941925049e-02 -1.622772216796875000e-02 8.661550879478454590e-01
1.980605721473693848e-02 -1.657592505216598511e-02 9.359326958656311035e-01
1.946520805358886719e-02 -2.128807455301284790e-02 9.351106286048889160e-01
1.541426777839660645e-02 -2.578822523355484009e-02 8.989002704620361328e-01
6.187878549098968506e-03 -8.832957595586776733e-03 8.565219640731811523e-01
9.345263242721557617e-05 6.493676453828811646e-03 8.070815801620483398e-01
9.082108736038208008e-04 -2.072311937808990479e-02 8.683661222457885742e-01
-9.999018162488937378e-03 -2.873667329549789429e-02 8.691446185111999512e-01
-7.719904184341430664e-03 -2.529039978981018066e-02 8.456236720085144043e-01
-1.218457892537117004e-02 -4.249546676874160767e-03 8.836709856986999512e-01
-1.426524668931961060e-02 5.625743418931961060e-03 9.102452993392944336e-01
-8.633956313133239746e-04 2.804566174745559692e-03 9.684137701988220215e-01
4.963479936122894287e-03 3.035910427570343018e-03 8.889286518096923828e-01
1.457779109477996826e-02 -2.303317189216613770e-03 8.238267302513122559e-01
1.126855611801147461e-02 -1.251140236854553223e-02 7.933826446533203125e-01
-1.939907670021057129e-04 -1.191074028611183167e-02 7.271888256072998047e-01
-1.337604224681854248e-02 -8.586574345827102661e-03 7.905031442642211914e-01
6.744973361492156982e-03 -2.210583537817001343e-02 8.864200711250305176e-01
8.915305137634277344e-03 -2.407946437597274780e-02 9.205529093742370605e-01
4.390865564346313477e-03 -3.059338033199310303e-02 9.783604145050048828e-01
1.522936671972274780e-02 -4.283603280782699585e-02 1.007341980934143066e+00
2.347943186759948730e-02 -4.880402982234954834e-02 1.077044367790222168e+00
2.283571660518646240e-02 -4.860471934080123901e-02 1.105765342712402344e+00
3.164467215538024902e-02 -4.894755780696868896e-02 1.067125439643859863e+00
3.799181431531906128e-02 -3.994165360927581787e-02 1.059961318969726562e+00
3.111053258180618286e-02 -3.840898722410202026e-02 1.039970040321350098e+00
2.810657024383544922e-02 -3.716320544481277466e-02 9.817595481872558594e-01
5.259290337562561035e-03 -2.801226079463958740e-02 8.977302312850952148e-01
1.221869140863418579e-02 -2.176419645547866821e-02 9.205058813095092773e-01
2.118644863367080688e-02 -2.080359309911727905e-02 9.721100926399230957e-01
2.308783680200576782e-02 -2.432696521282196045e-02 9.847609400749206543e-01
2.709761261940002441e-02 -2.929424494504928589e-02 9.686663150787353516e-01
8.504852652549743652e-03 -2.975436300039291382e-02 9.326540231704711914e-01
-2.855524420738220215e-03 -3.633823990821838379e-02 9.297078847885131836e-01
-1.626953482627868652e-03 -4.369106888771057129e-02 9.701418280601501465e-01
-9.674955159425735474e-03 -3.695777058601379395e-02 9.732556939125061035e-01
-1.749515533447265625e-03 -2.791735529899597168e-02 1.038914084434509277e+00
2.135097980499267578e-03 -2.261262387037277222e-02 1.054645538330078125e+00
6.700329482555389404e-03 -2.278514951467514038e-02 1.030436038970947266e+00
1.620963960886001587e-02 -2.562019228935241699e-02 1.001604914665222168e+00
8.441217243671417236e-03 -2.790056914091110229e-02 9.906722903251647949e-01
-2.849943935871124268e-03 -2.718251943588256836e-02 9.820244312286376953e-01
-1.488252356648445129e-02 -2.892135083675384521e-02 9.720221757888793945e-01
-1.798721402883529663e-02 -6.962656974792480469e-03 9.551519751548767090e-01
-1.625536382198333740e-02 -7.110942155122756958e-03 9.264123439788818359e-01
1.051261276006698608e-02 -2.687598019838333130e-02 9.808512330055236816e-01
-5.703076720237731934e-03 -2.100039273500442505e-02 1.008258700370788574e+00
-9.595870971679687500e-03 7.008045911788940430e-03 9.105383157730102539e-01
-8.019655942916870117e-03 7.537975907325744629e-03 8.382995724678039551e-01
-6.265938282012939453e-03 5.903519690036773682e-03 8.671684265136718750e-01
-8.645370602607727051e-03 3.211587667465209961e-03 8.859894275665283203e-01
-1.538097858428955078e-02 6.593018770217895508e-05 8.034585118293762207e-01
-6.702184677124023438e-03 -5.771126598119735718e-03 7.602551579475402832e-01
-1.935023069381713867e-02 1.535415649414062500e-04 8.340518474578857422e-01
-3.252759575843811035e-02 -7.646329700946807861e-03 8.658054471015930176e-01
-3.134389221668243408e-02 -2.148903161287307739e-02 8.852908611297607422e-01
-1.150597631931304932e-02 -5.719232559204101562e-02 9.864835143089294434e-01
3.050155937671661377e-03 -3.938530385494232178e-02 9.659631848335266113e-01
6.338298320770263672e-03 -5.517686903476715088e-02 9.202904701232910156e-01
-1.756749302148818970e-02 -2.628564834594726562e-02 8.112482428550720215e-01
-3.054161369800567627e-02 -1.713494956493377686e-02 6.737721562385559082e-01
-9.791880846023559570e-03 -2.166008949279785156e-02 6.808517575263977051e-01
-1.644068956375122070e-02 -2.042992413043975830e-02 6.012925505638122559e-01
-2.019260823726654053e-02 -1.133966445922851562e-02 5.938572287559509277e-01
-1.691584289073944092e-02 -7.011622190475463867e-03 6.159910559654235840e-01
-2.548759058117866516e-02 -8.423592895269393921e-03 6.352406144142150879e-01
-2.824720367789268494e-02 -6.775043904781341553e-03 6.646153330802917480e-01
-1.831416040658950806e-02 -1.215241476893424988e-02 6.777992248535156250e-01
-6.723009049892425537e-03 -1.156564801931381226e-02 6.972680091857910156e-01
-8.961584419012069702e-03 -3.836095333099365234e-03 7.532972693443298340e-01
-3.476373851299285889e-03 -2.342127263545989990e-04 7.516770958900451660e-01
4.196688532829284668e-04 7.182247936725616455e-03 7.179147601127624512e-01
-2.160045504570007324e-02 -2.038344740867614746e-03 7.259868383407592773e-01
-4.752987250685691833e-02 -1.780576631426811218e-02 7.846949100494384766e-01
-2.176995947957038879e-02 -3.970175236463546753e-02 7.721807956695556641e-01
-1.260270550847053528e-02 -1.473618298768997192e-02 7.010533213615417480e-01
2.394847571849822998e-02 1.614597067236900330e-02 6.678233742713928223e-01
3.760151565074920654e-02 8.132167160511016846e-03 6.437700390815734863e-01
3.015437722206115723e-02 -1.008505001664161682e-02 6.802598237991333008e-01
1.869706064462661743e-02 -2.067405730485916138e-03 6.905224323272705078e-01
8.837632834911346436e-03 -9.394314140081405640e-03 6.439116597175598145e-01
-2.405732870101928711e-03 -8.173611015081405640e-03 6.059515476226806641e-01
-8.182920515537261963e-03 -4.766374826431274414e-03 5.788139104843139648e-01
-2.545431256294250488e-03 6.380856037139892578e-03 5.416755676269531250e-01
8.742511272430419922e-04 1.061144098639488220e-02 5.376324057579040527e-01
6.810747087001800537e-03 1.131147891283035278e-02 5.396931171417236328e-01
1.193916052579879761e-02 1.072787493467330933e-02 5.568480491638183594e-01
1.048944890499114990e-02 9.282898157835006714e-03 5.669603943824768066e-01
7.988229393959045410e-03 9.541846811771392822e-03 5.611970424652099609e-01
3.162041306495666504e-03 1.229655556380748749e-02 5.508294701576232910e-01
-2.944238483905792236e-03 1.652575284242630005e-02 5.439113378524780273e-01
-8.432339876890182495e-03 1.881361380219459534e-02 5.330913662910461426e-01
-1.035858690738677979e-02 1.757142879068851471e-02 5.292308926582336426e-01
-6.195031106472015381e-03 1.322353258728981018e-02 5.212795138359069824e-01
-3.729589283466339111e-03 1.252063922584056854e-02 4.976675510406494141e-01
-3.989055752754211426e-03 2.173912152647972107e-02 4.623428881168365479e-01
-3.919303417205810547e-03 2.797068282961845398e-02 4.460935294628143311e-01
-7.904086261987686157e-03 3.216191381216049194e-02 4.182749986648559570e-01
-6.293263286352157593e-03 3.358102589845657349e-02 3.891411721706390381e-01
-7.739484310150146484e-03 3.416693210601806641e-02 3.783911466598510742e-01
-1.141708344221115112e-02 3.617785871028900146e-02 3.866863250732421875e-01
-7.257089018821716309e-03 3.797364234924316406e-02 3.968331217765808105e-01
5.667656660079956055e-04 3.127488493919372559e-02 4.001501202583312988e-01
6.675668060779571533e-03 2.269257791340351105e-02 4.436574280261993408e-01
9.996868669986724854e-03 2.718816697597503662e-02 4.995479583740234375e-01
1.205419749021530151e-02 2.857822179794311523e-02 5.510767102241516113e-01
1.336494833230972290e-02 2.543608471751213074e-02 5.869325995445251465e-01
1.293553411960601807e-02 2.641244977712631226e-02 6.103187203407287598e-01
1.397277414798736572e-02 3.253883123397827148e-02 6.517237424850463867e-01
1.247547566890716553e-02 3.121703863143920898e-02 6.569184660911560059e-01
9.611770510673522949e-03 3.073782473802566528e-02 6.369786858558654785e-01
6.459757685661315918e-03 2.523455768823623657e-02 6.462085843086242676e-01
3.091052174568176270e-03 2.131091058254241943e-02 6.728615164756774902e-01
-1.169581711292266846e-02 9.598009288311004639e-03 7.396939396858215332e-01
-1.891238987445831299e-02 2.238404005765914917e-03 7.770878672599792480e-01
-9.943708777427673340e-03 -1.902110874652862549e-03 7.536787390708923340e-01
-2.302631735801696777e-03 -2.882748842239379883e-03 7.231152057647705078e-01
-5.080565810203552246e-03 1.232642680406570435e-03 7.653259634971618652e-01
-3.672584891319274902e-03 5.441486835479736328e-03 8.490171432495117188e-01
-1.918773353099822998e-02 2.370175719261169434e-02 9.230208396911621094e-01
-1.972146332263946533e-02 1.976263523101806641e-02 8.590274453163146973e-01
-1.209674775600433350e-02 2.134135365486145020e-02 7.764030098915100098e-01
-1.893122494220733643e-02 3.663468360900878906e-02 8.143328428268432617e-01
-1.823343336582183838e-02 2.614536881446838379e-02 8.397970795631408691e-01
-1.907397806644439697e-02 2.006497979164123535e-02 7.664365768432617188e-01
-4.483871161937713623e-02 2.921554446220397949e-02 8.345319628715515137e-01
-4.454334080219268799e-02 3.593325614929199219e-03 8.526577949523925781e-01
-2.485378086566925049e-02 -1.002503931522369385e-02 8.196169137954711914e-01
-2.994795143604278564e-02 2.377048134803771973e-03 8.469359874725341797e-01
-2.311063930392265320e-02 -7.052157074213027954e-03 8.950056433677673340e-01
-5.815424025058746338e-03 -1.194258779287338257e-02 9.649274349212646484e-01
-8.975796401500701904e-03 -1.950195059180259705e-02 1.027240633964538574e+00
-2.281083539128303528e-02 -1.897941529750823975e-02 1.028587579727172852e+00
-3.774962946772575378e-02 -7.482279092073440552e-03 1.045917153358459473e+00
-4.639934748411178589e-02 -6.909646093845367432e-03 1.063020348548889160e+00
-5.805297940969467163e-02 -4.540115594863891602e-03 1.058790802955627441e+00
-5.094623938202857971e-02 -8.344270288944244385e-03 1.053113222122192383e+00
-4.422527179121971130e-02 -1.095290109515190125e-02 1.105884790420532227e+00
-2.789793163537979126e-02 -1.735356077551841736e-02 1.172536253929138184e+00
-1.976614072918891907e-02 -2.325130254030227661e-02 1.185643315315246582e+00
-1.308132335543632507e-02 -2.656628191471099854e-02 1.198082089424133301e+00
-1.418891549110412598e-02 -3.060901910066604614e-02 1.248881697654724121e+00
-2.079518511891365051e-02 -3.348103165626525879e-02 1.303109526634216309e+00
-2.677490562200546265e-02 -2.168815582990646362e-02 1.287892699241638184e+00
-2.213844656944274902e-02 -1.666898652911186218e-02 1.229884386062622070e+00
-1.016224548220634460e-02 -9.174503386020660400e-03 1.173973321914672852e+00
-1.885719597339630127e-03 -6.871324032545089722e-03 1.109486579895019531e+00
1.298040151596069336e-03 -2.230855822563171387e-02 1.060974478721618652e+00
-1.027911901473999023e-02 -2.483543008565902710e-02 1.009450435638427734e+00
-1.216637715697288513e-02 -2.088886499404907227e-02 9.922847151756286621e-01
-1.869104057550430298e-02 -5.422439426183700562e-03 1.018668413162231445e+00
-2.104186639189720154e-02 -1.232773065567016602e-03 1.020880103111267090e+00
-1.740188524127006531e-02 4.910677671432495117e-04 9.874507784843444824e-01
-1.725431159138679504e-02 -3.971189260482788086e-03 9.847335815429687500e-01
-1.622905209660530090e-02 -8.933331817388534546e-03 1.028916120529174805e+00
-7.089842110872268677e-03 -9.994972497224807739e-03 9.814789891242980957e-01
-1.659085974097251892e-02 1.939751207828521729e-03 1.087688207626342773e+00
-2.183680608868598938e-02 6.620511412620544434e-04 1.145960092544555664e+00
-3.383794799447059631e-02 5.703631788492202759e-03 1.128914713859558105e+00
-1.807463169097900391e-02 5.510374903678894043e-04 1.133386492729187012e+00
3.744751214981079102e-03 -4.478201270103454590e-03 1.152943730354309082e+00
2.739025652408599854e-02 -6.984449923038482666e-03 1.122379779815673828e+00
3.383149206638336182e-02 -8.288618177175521851e-03 1.126978874206542969e+00
3.296215087175369263e-02 -6.338372826576232910e-03 1.139922738075256348e+00
8.047766983509063721e-03 -2.237438410520553589e-02 1.143868923187255859e+00
-4.474252462387084961e-03 -2.971626818180084229e-02 1.156519174575805664e+00
-1.565989851951599121e-02 -3.607616573572158813e-02 1.162814736366271973e+00
-1.810985803604125977e-02 -4.555777460336685181e-02 1.192138314247131348e+00
-1.414888724684715271e-02 -5.256395787000656128e-02 1.219540119171142578e+00
-1.170973479747772217e-02 -5.470006167888641357e-02 1.226564049720764160e+00
-9.325064718723297119e-03 -4.555859416723251343e-02 1.251439094543457031e+00
-4.021182656288146973e-03 -3.515139222145080566e-02 1.225306868553161621e+00
3.484591841697692871e-03 -3.386113047599792480e-02 1.218080043792724609e+00
1.372511684894561768e-02 -4.034742712974548340e-02 1.187351584434509277e+00
9.516507387161254883e-03 -4.204759001731872559e-02 1.144468903541564941e+00
1.220221817493438721e-02 -5.152323842048645020e-02 1.156947374343872070e+00
2.160482108592987061e-02 -6.291487812995910645e-02 1.198590874671936035e+00
2.703587710857391357e-02 -6.307297945022583008e-02 1.210156440734863281e+00
2.274137735366821289e-02 -5.852198600769042969e-02 1.227895140647888184e+00
1.008805632591247559e-02 -4.927584528923034668e-02 1.223440051078796387e+00
1.276989281177520752e-02 -4.502487182617187500e-02 1.179030060768127441e+00
1.466478407382965088e-02 -3.678050637245178223e-02 1.127841830253601074e+00
1.503698527812957764e-02 -2.852936089038848877e-02 1.105058550834655762e+00
1.254671066999435425e-02 -2.189840376377105713e-02 1.113301515579223633e+00
2.582114934921264648e-02 -1.223012804985046387e-03 1.143789410591125488e+00
1.592326164245605469e-02 1.429058611392974854e-03 1.128345012664794922e+00
1.737380027770996094e-02 -7.515400648117065430e-03 1.110177636146545410e+00
4.760488867759704590e-03 -1.677334308624267578e-02 1.138253808021545410e+00
1.467654109001159668e-02 -1.542934030294418335e-02 1.132290720939636230e+00
-2.701595425605773926e-03 -2.150848507881164551e-03 1.083189368247985840e+00
-1.336024701595306396e-02 -2.583988010883331299e-03 1.125428318977355957e+00
-9.887740015983581543e-03 -8.705191314220428467e-03 1.122429728507995605e+00
-8.135810494422912598e-03 -1.187215745449066162e-02 1.170428514480590820e+00
-3.830155730247497559e-02 -2.109173685312271118e-02 1.234567284584045410e+00
-2.396926656365394592e-02 -1.353494822978973389e-02 1.238790750503540039e+00
6.848752498626708984e-03 -1.107638701796531677e-02 1.276196122169494629e+00
7.320657372474670410e-03 -1.946219429373741150e-02 1.259204983711242676e+00
-1.726013049483299255e-02 -2.847713977098464966e-02 1.312270402908325195e+00
-3.274552524089813232e-02 -3.224861621856689453e-02 1.381992578506469727e+00
-2.973463758826255798e-02 -3.767249733209609985e-02 1.381531715393066406e+00
-1.603309437632560730e-02 -3.175430744886398315e-02 1.329007744789123535e+00
-3.303848206996917725e-03 -3.131513297557830811e-02 1.291666507720947266e+00
1.302324980497360229e-02 -2.232818305492401123e-02 1.263100147247314453e+00
2.147841453552246094e-02 -2.090481668710708618e-02 1.222193241119384766e+00
7.794126868247985840e-03 -1.540487259626388550e-02 1.170615196228027344e+00
-5.345270037651062012e-03 -8.738003671169281006e-03 1.141263723373413086e+00
7.757768034934997559e-03 3.048002719879150391e-03 1.137528419494628906e+00
-2.420385926961898804e-02 5.544811487197875977e-03 1.057017803192138672e+00
-1.748620346188545227e-02 -1.850493252277374268e-03 9.891430735588073730e-01
-1.125910878181457520e-02 8.450414985418319702e-03 1.091626763343811035e+00
1.019057631492614746e-02 -9.131055325269699097e-03 1.181919455528259277e+00
1.647969335317611694e-02 -3.971493989229202271e-02 1.124635457992553711e+00
8.760392665863037109e-04 -4.620542377233505249e-02 1.127235531806945801e+00
-1.320321857929229736e-02 -3.447988629341125488e-02 1.095201134681701660e+00
-6.712805479764938354e-03 -4.100396484136581421e-02 1.091368198394775391e+00
1.077456027269363403e-02 -4.006170481443405151e-02 1.055868268013000488e+00
1.634517312049865723e-02 -3.794044256210327148e-02 1.020746111869812012e+00
7.218502461910247803e-03 -3.040900081396102905e-02 1.058676600456237793e+00
3.695935010910034180e-04 -1.645345985889434814e-02 1.174936890602111816e+00
-7.501184940338134766e-03 -1.587839052081108093e-02 1.269285798072814941e+00
-2.165043354034423828e-02 -1.913425326347351074e-02 1.312360525131225586e+00
-2.183150127530097961e-02 -3.140778839588165283e-02 1.305437684059143066e+00
-2.030804753303527832e-03 -4.535603523254394531e-02 1.313419818878173828e+00
3.369174897670745850e-03 -4.049296677112579346e-02 1.339119315147399902e+00
8.262097835540771484e-04 -4.334684461355209351e-02 1.337107658386230469e+00
-6.555803120136260986e-03 -4.971952736377716064e-02 1.330669283866882324e+00
-1.398163661360740662e-02 -4.553835093975067139e-02 1.340252518653869629e+00
-1.834408566355705261e-02 -4.736576974391937256e-02 1.255470156669616699e+00
-1.935577765107154846e-02 -4.151768982410430908e-02 1.187332153320312500e+00
-6.739463657140731812e-03 -4.212785512208938599e-02 1.169928193092346191e+00
-6.383381783962249756e-03 -3.156545013189315796e-02 1.129301667213439941e+00
-9.995464235544204712e-03 -1.092049852013587952e-02 1.151533722877502441e+00
-3.836676478385925293e-03 -9.560175240039825439e-03 1.188477039337158203e+00
1.068209111690521240e-02 -2.058703452348709106e-02 1.162359237670898438e+00
1.969858258962631226e-02 -2.699379622936248779e-02 1.117119431495666504e+00
2.041245996952056885e-02 -2.962328493595123291e-02 1.104511618614196777e+00
2.222131937742233276e-02 -2.578514814376831055e-02 1.089675068855285645e+00
2.516573667526245117e-02 -1.999500393867492676e-02 1.100335955619812012e+00
1.878659427165985107e-02 -2.236832678318023682e-02 1.107282519340515137e+00
1.992531120777130127e-03 -2.965931594371795654e-02 1.079633116722106934e+00
-5.894958972930908203e-03 -2.753886580467224121e-02 1.060795426368713379e+00
1.949876546859741211e-02 -3.224630653858184814e-02 1.058631181716918945e+00
2.165649831295013428e-02 -5.290619283914566040e-02 1.052694201469421387e+00
2.896770089864730835e-02 -7.275208830833435059e-02 8.732596039772033691e-01
-5.796678364276885986e-03 -4.494157433509826660e-02 6.222733259201049805e-01
-2.019064128398895264e-02 -2.433714270591735840e-02 6.841309070587158203e-01
4.174828529357910156e-03 -4.589287191629409790e-02 7.281553149223327637e-01
-6.358280777931213379e-03 -4.914388060569763184e-02 7.329311966896057129e-01
-2.394962310791015625e-02 -2.473038434982299805e-02 8.053021430969238281e-01
-1.533718407154083252e-02 -2.053055167198181152e-02 8.823199868202209473e-01
-2.352821454405784607e-02 -1.910064369440078735e-02 9.439932703971862793e-01
-1.907228678464889526e-02 -2.806666493415832520e-02 8.815703988075256348e-01
-2.231495082378387451e-02 -2.846653759479522705e-02 9.011306166648864746e-01
-1.496919989585876465e-02 -2.617112547159194946e-02 8.797252178192138672e-01
-2.255854383111000061e-02 -2.727131545543670654e-02 8.646166920661926270e-01
-2.898686751723289490e-02 -3.210365772247314453e-03 8.670528531074523926e-01
-4.594457149505615234e-02 1.643620431423187256e-02 7.149965167045593262e-01
-3.156552091240882874e-02 6.140694022178649902e-03 5.800435543060302734e-01
-2.832138910889625549e-02 9.480752050876617432e-03 4.952907562255859375e-01
-4.468120634555816650e-03 1.227870583534240723e-03 5.294435620307922363e-01
1.546746492385864258e-02 -9.016912430524826050e-03 5.521012544631958008e-01
1.543020457029342651e-02 -9.515006095170974731e-03 5.433337092399597168e-01
1.895387470722198486e-02 -4.006687551736831665e-03 5.676144361495971680e-01
1.313558965921401978e-02 -6.661642342805862427e-03 6.414026021957397461e-01
1.366157084703445435e-02 -8.369110524654388428e-03 7.391760349273681641e-01
1.732501387596130371e-02 -1.801257580518722534e-02 8.137329220771789551e-01
5.926690995693206787e-03 -1.602431759238243103e-02 8.026257157325744629e-01
-8.420784026384353638e-03 -1.227622106671333313e-02 9.333688616752624512e-01
-8.846297860145568848e-04 -1.311559602618217468e-02 1.000921249389648438e+00
1.489812880754470825e-02 -1.600954681634902954e-02 9.786030650138854980e-01
1.840882748365402222e-02 -1.558360084891319275e-02 9.527413249015808105e-01
1.120626181364059448e-02 -2.477790415287017822e-02 9.244305491447448730e-01
8.666634559631347656e-03 -2.088078856468200684e-02 8.662326931953430176e-01
2.114157378673553467e-02 -1.906826719641685486e-02 8.573650121688842773e-01
2.165047824382781982e-02 -2.211841940879821777e-02 8.751793503761291504e-01
1.375263184309005737e-02 -2.071077376604080200e-02 9.019963145256042480e-01
1.578611135482788086e-02 -2.104449272155761719e-02 9.123721718788146973e-01
1.246474683284759521e-02 -1.580334082245826721e-02 9.264420270919799805e-01
8.146569132804870605e-03 -1.600753888487815857e-02 9.491605758666992188e-01
3.988675773143768311e-03 -9.674996137619018555e-03 8.928510546684265137e-01
5.541741847991943359e-05 -6.707154214382171631e-03 8.655560016632080078e-01
-1.294078305363655090e-02 -7.511440664529800415e-03 8.928111791610717773e-01
-8.188378065824508667e-03 -1.668921858072280884e-02 9.313650727272033691e-01
3.111369907855987549e-03 -2.620995044708251953e-02 9.531754255294799805e-01
-6.803788244724273682e-03 -2.577380090951919556e-02 9.338337779045104980e-01
-1.005081832408905029e-02 -1.950843632221221924e-02 9.262948036193847656e-01
-8.305162191390991211e-03 -2.217391878366470337e-02 9.261803627014160156e-01
-8.815925568342208862e-03 -2.402493357658386230e-02 9.440912008285522461e-01
-1.689569652080535889e-02 -2.701777219772338867e-02 9.230855703353881836e-01
-2.161111682653427124e-02 -2.534829080104827881e-02 9.022287130355834961e-01
-2.146659791469573975e-02 -1.732480153441429138e-02 9.169226288795471191e-01
-1.640092208981513977e-02 -1.557974517345428467e-02 9.498687982559204102e-01
-9.535878896713256836e-03 -1.704499870538711548e-02 9.806585907936096191e-01
-1.325182244181632996e-02 -1.351826637983322144e-02 9.771713614463806152e-01
-2.363787218928337097e-02 2.323314547538757324e-04 9.791465401649475098e-01
-1.725719124078750610e-02 5.321770906448364258e-03 1.033742427825927734e+00
-4.293739795684814453e-03 -1.321068778634071350e-02 9.925941824913024902e-01
-2.051256597042083740e-02 -1.477100700139999390e-02 9.368291497230529785e-01
-3.530815243721008301e-03 -3.045238554477691650e-03 8.884598016738891602e-01
5.952030420303344727e-03 -1.236799359321594238e-02 8.638182878494262695e-01
2.891287207603454590e-03 3.394424915313720703e-03 8.207326531410217285e-01
2.851992845535278320e-03 2.179980278015136719e-03 8.920810818672180176e-01
-2.626210451126098633e-03 -5.930542945861816406e-03 9.608728289604187012e-01
8.018866181373596191e-03 -2.778965234756469727e-02 9.919676184654235840e-01
1.891814172267913818e-02 -2.451929450035095215e-02 9.823666214942932129e-01
9.501174092292785645e-03 -4.777371883392333984e-03 9.316006302833557129e-01
5.419179797172546387e-04 6.263405084609985352e-03 9.618440866470336914e-01
1.042173802852630615e-02 4.389628767967224121e-03 9.984070658683776855e-01
8.766204118728637695e-03 -6.069064140319824219e-03 1.008761048316955566e+00
1.583307981491088867e-03 -2.365431189537048340e-02 9.549555182456970215e-01
8.296772837638854980e-03 -4.057410359382629395e-02 9.201323390007019043e-01
2.194790542125701904e-02 -4.535236954689025879e-02 8.733137249946594238e-01
2.187509834766387939e-02 -3.765690326690673828e-02 8.955360651016235352e-01
2.296103537082672119e-02 -3.853178024291992188e-02 9.348778128623962402e-01
2.296631038188934326e-02 -4.163487255573272705e-02 9.277719855308532715e-01
1.005059480667114258e-02 -4.355761408805847168e-02 9.547912478446960449e-01
-7.945820689201354980e-04 -3.505809605121612549e-02 9.949288964271545410e-01
-3.237165510654449463e-03 -2.343942224979400635e-02 1.020935177803039551e+00
-9.433403611183166504e-03 -1.477980613708496094e-02 9.556309580802917480e-01
7.558912038803100586e-04 -9.630158543586730957e-03 9.190536737442016602e-01
1.307806372642517090e-02 -4.810810089111328125e-03 9.123206138610839844e-01
-8.536279201507568359e-03 8.576810359954833984e-04 9.171478152275085449e-01
-2.015076205134391785e-02 -1.209050416946411133e-03 8.743810653686523438e-01
-2.637934684753417969e-02 1.051446050405502319e-02 7.915856838226318359e-01
-3.658929094672203064e-02 2.873314358294010162e-02 7.291868925094604492e-01
-2.698084712028503418e-02 1.483058743178844452e-02 6.989927887916564941e-01
-1.081055402755737305e-02 -4.560999572277069092e-03 6.996512413024902344e-01
8.345596492290496826e-03 -1.257261633872985840e-02 7.443534135818481445e-01
6.514541804790496826e-03 -6.853066384792327881e-03 7.540108561515808105e-01
5.306638777256011963e-03 -2.390384674072265625e-03 7.470735311508178711e-01
1.215541362762451172e-02 -1.850306987762451172e-03 7.853733301162719727e-01
3.949195146560668945e-03 -1.226524636149406433e-02 8.025245070457458496e-01
7.564350962638854980e-03 -9.495250880718231201e-03 8.615859150886535645e-01
1.329111307859420776e-02 -9.891942143440246582e-03 9.134863615036010742e-01
1.694950461387634277e-02 -6.300181150436401367e-03 9.102639555931091309e-01
2.065848559141159058e-02 -3.569215536117553711e-03 1.008371353149414062e+00
1.004990935325622559e-02 -5.888123065233230591e-03 9.495533704757690430e-01
6.653107702732086182e-03 -2.083350718021392822e-02 8.647566437721252441e-01
6.937049329280853271e-03 -3.009820729494094849e-02 8.091243505477905273e-01
2.199511975049972534e-02 -2.514427900314331055e-02 7.900697588920593262e-01
2.424947917461395264e-02 -1.782016456127166748e-02 8.338109850883483887e-01
1.502912491559982300e-02 -1.820701360702514648e-02 8.189273476600646973e-01
3.023424744606018066e-02 -2.721562981605529785e-02 7.836214303970336914e-01
1.968725025653839111e-02 -1.780641451478004456e-02 7.379848361015319824e-01
2.092433720827102661e-02 -2.923354506492614746e-02 6.961267590522766113e-01
2.759239822626113892e-02 -4.390196502208709717e-02 6.362382173538208008e-01
3.245192021131515503e-02 -3.351689130067825317e-02 6.305547952651977539e-01
2.877128124237060547e-02 -1.348557323217391968e-02 6.256426572799682617e-01
4.723697900772094727e-03 7.192820310592651367e-03 6.136277914047241211e-01
1.526765525341033936e-02 -8.000057190656661987e-03 6.048026680946350098e-01
1.876421272754669189e-02 -1.061822846531867981e-02 5.773734450340270996e-01
2.435044199228286743e-02 -2.047400921583175659e-03 6.644053459167480469e-01
1.175387203693389893e-02 2.839405089616775513e-03 6.943400502204895020e-01
1.108969748020172119e-02 -3.783065825700759888e-03 6.416990160942077637e-01
8.927762508392333984e-03 -1.334913447499275208e-02 6.185730099678039551e-01
6.517730653285980225e-03 -1.434953510761260986e-02 6.745809912681579590e-01
2.662330865859985352e-03 -5.767013877630233765e-03 6.859281659126281738e-01
-3.483921289443969727e-03 -2.473015338182449341e-03 7.147664427757263184e-01
-7.815785706043243408e-03 -1.178118214011192322e-02 6.846988797187805176e-01
-9.256392717361450195e-03 -9.263448417186737061e-03 6.077780127525329590e-01
-7.188320159912109375e-04 5.937285721302032471e-03 6.482058763504028320e-01
1.419418305158615112e-02 -1.735049113631248474e-02 7.157711982727050781e-01
4.963174462318420410e-03 -1.139241456985473633e-02 7.073400020599365234e-01
1.231794059276580811e-02 -7.027059793472290039e-03 7.840560674667358398e-01
1.219005882740020752e-02 -9.286522865295410156e-03 8.892328143119812012e-01
9.946420788764953613e-03 -5.196303129196166992e-03 9.225452542304992676e-01
6.841868162155151367e-04 6.815969944000244141e-03 9.418976902961730957e-01
2.992972731590270996e-03 8.228868246078491211e-03 9.374569654464721680e-01
2.385912835597991943e-02 -5.146145820617675781e-03 9.353682994842529297e-01
3.721313178539276123e-02 -6.640523672103881836e-03 9.266033172607421875e-01
4.143889248371124268e-02 -1.154288649559020996e-02 9.091426730155944824e-01
3.239725530147552490e-02 -1.274996995925903320e-02 1.001103281974792480e+00
4.044964909553527832e-03 -3.403156995773315430e-03 1.009440898895263672e+00
-2.031411230564117432e-02 7.126569747924804688e-03 9.702719449996948242e-01
-2.225765585899353027e-02 6.076276302337646484e-03 1.006309747695922852e+00
-1.442389190196990967e-02 3.930985927581787109e-03 1.025740981101989746e+00
-4.892602562904357910e-03 -1.061952114105224609e-02 8.873293995857238770e-01
-1.616325974464416504e-02 -2.013470232486724854e-02 8.447861075401306152e-01
1.331140100955963135e-02 4.981905221939086914e-03 9.045611023902893066e-01
2.250303328037261963e-02 -1.412898302078247070e-03 9.742859005928039551e-01
1.311983168125152588e-02 -3.805667161941528320e-03 9.732765555381774902e-01
2.171695232391357422e-02 -1.033052802085876465e-02 8.757607340812683105e-01
2.061150968074798584e-02 -1.236814260482788086e-02 8.478266596794128418e-01
1.419229805469512939e-02 -7.375821471214294434e-03 8.327748775482177734e-01
8.256182074546813965e-03 3.073841333389282227e-03 7.987102866172790527e-01
-1.233602315187454224e-02 -8.566856384277343750e-03 7.798593640327453613e-01
-2.023661881685256958e-02 -2.296790480613708496e-03 7.551204562187194824e-01
-2.109861001372337341e-02 -1.719601452350616455e-03 7.756608724594116211e-01
-1.809624955058097839e-02 -4.098914563655853271e-03 8.695195913314819336e-01
-6.474971771240234375e-03 -1.680065691471099854e-02 9.872815012931823730e-01
-4.490673542022705078e-03 -2.729044109582901001e-02 1.037860870361328125e+00
-3.808058798313140869e-03 -3.343832492828369141e-02 1.052156567573547363e+00
-1.353204250335693359e-03 -3.949970752000808716e-02 1.040257453918457031e+00
2.020203322172164917e-02 -2.699416130781173706e-02 9.791778922080993652e-01
3.029458224773406982e-02 -1.200927048921585083e-02 9.208219051361083984e-01
2.217927575111389160e-02 4.844035953283309937e-03 8.483759164810180664e-01
1.924328505992889404e-02 7.016882300376892090e-04 8.182472586631774902e-01
1.154343038797378540e-02 -1.454746723175048828e-02 8.197408914566040039e-01
-9.042669087648391724e-03 -1.091779395937919617e-02 7.556785941123962402e-01
-2.398397773504257202e-02 -1.701306551694869995e-03 8.082203865051269531e-01
-1.467335969209671021e-02 -1.100559905171394348e-02 8.945779800415039062e-01
-1.030019298195838928e-02 1.893766224384307861e-03 8.944644331932067871e-01
-5.639716982841491699e-03 4.105731844902038574e-03 8.830810189247131348e-01
-5.967836827039718628e-03 -4.099924117326736450e-03 8.818408846855163574e-01
-4.474259912967681885e-03 -4.424579441547393799e-03 9.195155501365661621e-01
6.101518869400024414e-03 -2.010196447372436523e-03 8.726482987403869629e-01
4.781424999237060547e-03 1.081994175910949707e-02 8.795347213745117188e-01
1.236870884895324707e-02 1.221060939133167267e-02 8.843111395835876465e-01
2.418130636215209961e-02 5.173988640308380127e-03 7.842551469802856445e-01
1.891433447599411011e-02 -1.871316134929656982e-02 8.354842066764831543e-01
1.026728749275207520e-02 -2.411709725856781006e-02 8.721157312393188477e-01
1.141412556171417236e-02 -2.203864604234695435e-02 7.602025270462036133e-01
6.649777293205261230e-03 -1.184722781181335449e-02 6.850835680961608887e-01
2.254314720630645752e-03 -9.582370519638061523e-03 6.608506441116333008e-01
2.375097572803497314e-02 -1.470364257693290710e-02 6.636902093887329102e-01
3.354475647211074829e-02 -1.774674654006958008e-02 6.595395803451538086e-01
2.949295192956924438e-02 -6.791140884160995483e-03 7.237518429756164551e-01
2.182572335004806519e-02 -9.422410279512405396e-03 7.825531959533691406e-01
9.397424757480621338e-03 -9.855628013610839844e-03 8.660259246826171875e-01
6.730042397975921631e-03 -1.483326777815818787e-02 8.882152438163757324e-01
9.940885007381439209e-03 -5.957670509815216064e-03 8.727265000343322754e-01
1.655358076095581055e-02 -6.550036370754241943e-03 7.731312513351440430e-01
1.252767443656921387e-02 -6.703563034534454346e-03 7.088160514831542969e-01
6.786718964576721191e-03 -9.727548807859420776e-03 7.223621010780334473e-01
1.770690083503723145e-03 -7.230412214994430542e-03 7.727910876274108887e-01
1.791597902774810791e-02 6.040137261152267456e-03 6.934965848922729492e-01
1.885336637496948242e-02 -1.760143414139747620e-02 6.443306803703308105e-01
2.778200805187225342e-02 -1.652899384498596191e-02 7.093047499656677246e-01
4.172529280185699463e-02 -1.788428425788879395e-02 7.090350985527038574e-01
4.262785613536834717e-02 -1.925018429756164551e-02 6.882385611534118652e-01
3.681890666484832764e-02 -2.096000313758850098e-02 7.004987001419067383e-01
2.302230894565582275e-02 -2.802205085754394531e-02 7.376621365547180176e-01
1.613810658454895020e-03 -2.340006828308105469e-02 7.250193357467651367e-01
-1.457156240940093994e-02 -1.273736357688903809e-02 6.774916052818298340e-01
-1.907207071781158447e-02 1.258790493011474609e-03 6.495891213417053223e-01
-4.428163170814514160e-03 7.907897233963012695e-03 6.392654180526733398e-01
-3.474816679954528809e-03 1.701277494430541992e-02 6.579433083534240723e-01
-7.584884762763977051e-03 4.463762044906616211e-03 6.450986266136169434e-01
3.498643636703491211e-04 -1.610919833183288574e-03 5.854899883270263672e-01
-7.103607058525085449e-03 1.067113876342773438e-02 6.288678050041198730e-01
7.344499230384826660e-03 -7.772892713546752930e-04 7.533593177795410156e-01
1.022446155548095703e-02 -3.059810400009155273e-02 8.522896170616149902e-01
3.209397196769714355e-03 -2.209009230136871338e-02 7.806376814842224121e-01
-3.301948308944702148e-04 -4.755035042762756348e-03 6.727425456047058105e-01
1.957039535045623779e-02 -6.024062633514404297e-03 6.418181061744689941e-01
2.066178619861602783e-02 -5.580082535743713379e-03 6.827702522277832031e-01
2.957926690578460693e-02 -2.478748559951782227e-03 7.082977890968322754e-01
3.343220055103302002e-02 -7.308691740036010742e-03 6.688118577003479004e-01
2.901597321033477783e-02 -8.853271603584289551e-03 6.751672625541687012e-01
2.743823081254959106e-02 -4.461940377950668335e-03 6.780606508255004883e-01
2.550765872001647949e-02 -3.481552004814147949e-03 6.865695714950561523e-01
2.487901598215103149e-02 -4.700966179370880127e-03 6.711989641189575195e-01
2.555477619171142578e-02 -1.112568378448486328e-02 6.482356786727905273e-01
1.514189690351486206e-02 -1.169310510158538818e-02 6.704546809196472168e-01
6.116330623626708984e-04 7.784515619277954102e-04 6.779149174690246582e-01
2.478145062923431396e-03 4.269629716873168945e-04 7.054146528244018555e-01
8.455038070678710938e-03 -3.623735159635543823e-03 6.687377095222473145e-01
-2.822019159793853760e-03 -1.521675288677215576e-02 6.147505044937133789e-01
-5.620270967483520508e-04 -5.856066942214965820e-03 6.629777550697326660e-01
1.651571691036224365e-02 -4.652742296457290649e-03 6.738156676292419434e-01
3.130142390727996826e-02 -5.284659564495086670e-03 7.101863026618957520e-01
3.261765837669372559e-02 -8.919171988964080811e-03 7.783353328704833984e-01
2.876166254281997681e-02 -7.110025733709335327e-03 8.282058835029602051e-01
2.991160005331039429e-02 -1.247010380029678345e-02 7.991359233856201172e-01
2.873248606920242310e-02 -1.172494515776634216e-02 7.804760932922363281e-01
3.680749237537384033e-02 -9.166717529296875000e-03 7.381439208984375000e-01
3.007425367832183838e-02 -7.729243487119674683e-03 7.172498703002929688e-01
2.798138558864593506e-02 -3.273863345384597778e-03 7.142615318298339844e-01
2.507924288511276245e-02 -3.434326499700546265e-03 7.022026777267456055e-01
2.361346781253814697e-02 -3.400240093469619751e-03 6.968648433685302734e-01
2.302420139312744141e-02 -3.358300775289535522e-03 6.959341764450073242e-01
2.265219390392303467e-02 -3.145679831504821777e-03 6.968207359313964844e-01
2.257499098777770996e-02 -2.997674047946929932e-03 6.983274817466735840e-01
2.243547886610031128e-02 -2.857845276594161987e-03 6.996142864227294922e-01
2.229923009872436523e-02 -2.638589590787887573e-03 7.005419135093688965e-01
2.301388233900070190e-02 -1.804780215024948120e-03 7.012613415718078613e-01
2.475100010633468628e-02 -8.052363991737365723e-04 7.018450498580932617e-01
2.734092622995376587e-02 -2.059441059827804565e-03 7.356200218200683594e-01
2.069094032049179077e-02 -9.763091802597045898e-03 7.772018909454345703e-01
1.827638596296310425e-02 -1.485624164342880249e-02 7.722167372703552246e-01
1.341758668422698975e-02 -1.040958985686302185e-02 7.771524190902709961e-01
4.348605871200561523e-03 -8.816469460725784302e-03 7.485301494598388672e-01
2.721555531024932861e-03 -2.770915627479553223e-03 7.711425423622131348e-01
-4.072837531566619873e-03 -3.746178001165390015e-03 7.564644813537597656e-01
-8.864142000675201416e-03 -4.423927515745162964e-03 7.768535614013671875e-01
-1.657217741012573242e-03 -5.452431738376617432e-03 8.107208013534545898e-01
1.900263130664825439e-02 -6.349384784698486328e-04 7.944257259368896484e-01
2.908400446176528931e-02 3.509819507598876953e-04 7.338857650756835938e-01
2.355468273162841797e-02 3.171656280755996704e-03 7.060844898223876953e-01
2.736841887235641479e-02 1.189634203910827637e-03 7.069224119186401367e-01
3.032185882329940796e-02 -3.503963351249694824e-03 7.314389348030090332e-01
2.781966328620910645e-02 2.019107341766357422e-04 7.441883683204650879e-01
2.772340178489685059e-02 4.941061139106750488e-03 7.448912858963012695e-01
2.313520014286041260e-02 8.575499057769775391e-03 7.297500967979431152e-01
2.230672538280487061e-02 5.669921636581420898e-03 7.547318935394287109e-01
2.647842466831207275e-02 3.454312682151794434e-03 7.789606451988220215e-01
2.730330824851989746e-02 2.938956022262573242e-04 7.695363163948059082e-01
2.543374896049499512e-02 -1.114740967750549316e-03 7.457302212715148926e-01
2.113586664199829102e-02 1.348257064819335938e-03 7.271822094917297363e-01
2.522470057010650635e-02 -1.264080405235290527e-03 7.607204318046569824e-01
2.311082184314727783e-02 -2.724975347518920898e-03 7.624381184577941895e-01
2.116146683692932129e-02 -1.753732562065124512e-03 7.392076849937438965e-01
2.173282206058502197e-02 1.548111438751220703e-03 7.161808609962463379e-01
2.379731833934783936e-02 1.824885606765747070e-03 7.062001824378967285e-01
2.496504783630371094e-02 -2.094164490699768066e-03 7.390637993812561035e-01
2.122335135936737061e-02 -2.886608242988586426e-03 7.556545734405517578e-01
1.420198380947113037e-02 -2.901822328567504883e-03 7.841607928276062012e-01
4.009902477264404297e-04 -1.546368002891540527e-03 8.183925151824951172e-01
-9.871900081634521484e-03 -3.100037574768066406e-04 7.988557219505310059e-01
-1.347300410270690918e-02 -2.179026603698730469e-03 7.516868710517883301e-01
-1.407434046268463135e-02 -9.361848235130310059e-03 7.194383740425109863e-01
-1.719520986080169678e-02 -2.316498756408691406e-02 6.948906779289245605e-01
-1.535503566265106201e-02 -4.372766613960266113e-02 7.174744009971618652e-01
-1.217155903577804565e-02 -4.731740057468414307e-02 7.331780791282653809e-01
-9.625412523746490479e-03 -3.485596925020217896e-02 7.387828230857849121e-01
-9.179506450891494751e-03 -2.880414575338363647e-02 7.582672834396362305e-01
-4.340186715126037598e-03 -2.888991683721542358e-02 7.704433798789978027e-01
-2.427913248538970947e-03 -2.488941699266433716e-02 7.563951015472412109e-01
-7.929693907499313354e-03 -1.247677952051162720e-02 7.393798232078552246e-01
-7.171101868152618408e-03 -1.543304696679115295e-02 7.612084746360778809e-01
-1.210580393671989441e-02 -2.681940793991088867e-02 7.722204923629760742e-01
-9.410064667463302612e-03 -2.683959156274795532e-02 6.743900179862976074e-01
6.281360983848571777e-04 -2.069314569234848022e-02 6.685724854469299316e-01
2.044088393449783325e-02 -2.794630825519561768e-02 6.856628656387329102e-01
2.903586626052856445e-02 -3.831526637077331543e-02 6.167442798614501953e-01
1.346678286790847778e-02 -3.323758393526077271e-02 5.747694373130798340e-01
8.012644946575164795e-03 -2.559363096952438354e-02 6.202495098114013672e-01
3.417059779167175293e-03 -2.311743050813674927e-02 6.434715986251831055e-01
8.880913257598876953e-03 -1.393639668822288513e-02 5.992856025695800781e-01
-8.891012519598007202e-03 -1.790608465671539307e-02 6.787869930267333984e-01
-1.786576211452484131e-02 -1.343069598078727722e-02 7.018123269081115723e-01
-1.657318696379661560e-02 -6.709739565849304199e-03 6.904626488685607910e-01
-1.638204231858253479e-02 3.546584397554397583e-03 6.784772276878356934e-01
-1.912172511219978333e-02 -5.951080471277236938e-03 6.615040302276611328e-01
-6.053194403648376465e-03 -1.391961425542831421e-02 6.395248174667358398e-01
-1.381435617804527283e-02 -5.324438214302062988e-03 6.140922307968139648e-01
-3.094047307968139648e-03 -9.565733373165130615e-03 6.710309386253356934e-01
5.108408629894256592e-03 -1.190904900431632996e-02 4.433700144290924072e-01
3.989361226558685303e-03 -2.110546082258224487e-02 4.042924046516418457e-01
3.517806529998779297e-03 9.837001562118530273e-05 3.281887769699096680e-01
6.069444119930267334e-03 -1.639652997255325317e-03 2.550882399082183838e-01
2.606242895126342773e-03 7.764626294374465942e-03 3.210744559764862061e-01
1.410514116287231445e-03 3.127008676528930664e-03 3.351869285106658936e-01
1.068376749753952026e-02 -1.113213226199150085e-02 4.740677773952484131e-01
1.751062273979187012e-02 -7.139705121517181396e-03 6.323341131210327148e-01
1.856750994920730591e-02 -8.612997829914093018e-03 7.090504765510559082e-01
2.866829931735992432e-02 -2.268930524587631226e-02 7.116950750350952148e-01
3.301955759525299072e-02 -2.737066894769668579e-02 6.307311654090881348e-01
9.444512426853179932e-03 -1.642443239688873291e-02 5.767794251441955566e-01
7.518284022808074951e-03 -2.660430222749710083e-02 6.995369195938110352e-01
1.136796921491622925e-02 -2.212211489677429199e-02 8.239683508872985840e-01
5.990214645862579346e-03 -2.125502377748489380e-02 8.611397743225097656e-01
1.423977315425872803e-03 -2.191256731748580933e-02 9.186103940010070801e-01
1.486956328153610229e-02 -2.362902462482452393e-02 8.583604097366333008e-01
6.159394979476928711e-04 -2.029454708099365234e-02 8.847662806510925293e-01
-7.606655359268188477e-03 -1.282416284084320068e-02 8.319675326347351074e-01
3.813728690147399902e-04 -9.474903345108032227e-03 7.717425227165222168e-01
-1.308637112379074097e-02 -7.722333073616027832e-03 8.380560874938964844e-01
-1.041042059659957886e-02 -5.651876330375671387e-03 9.172539114952087402e-01
-1.322828233242034912e-03 -3.534555435180664062e-03 8.867600560188293457e-01
-3.857344388961791992e-03 9.202063083648681641e-04 8.751583695411682129e-01
-1.798970624804496765e-02 5.489036440849304199e-03 9.356707334518432617e-01
-1.623880118131637573e-02 -5.899675190448760986e-03 1.041486382484436035e+00
-1.644569635391235352e-02 -9.205907583236694336e-03 1.063737154006958008e+00
-2.378732711076736450e-02 -1.109540462493896484e-03 1.024292826652526855e+00
-2.384320646524429321e-02 3.108620643615722656e-03 1.002227187156677246e+00
-3.387571871280670166e-02 4.693090915679931641e-03 1.081498146057128906e+00
-3.275175392627716064e-02 8.818849921226501465e-03 1.072872161865234375e+00
-2.117697894573211670e-02 4.774197936058044434e-03 1.098127365112304688e+00
-1.541985571384429932e-02 -6.825447082519531250e-03 1.086996316909790039e+00
-2.035118639469146729e-02 -3.065258264541625977e-03 1.078488945960998535e+00
-2.933330833911895752e-02 -1.507550477981567383e-04 1.100995898246765137e+00
-2.911911904811859131e-02 -6.576940417289733887e-03 1.141852617263793945e+00
-2.420903742313385010e-02 -1.029562950134277344e-02 1.179550409317016602e+00
-2.708888053894042969e-02 -1.029479503631591797e-02 1.184269070625305176e+00
-1.369856297969818115e-02 -1.241172850131988525e-02 1.100283861160278320e+00
-1.813386380672454834e-02 -4.687845706939697266e-03 1.106374025344848633e+00
-9.945925325155258179e-03 -1.184862107038497925e-02 1.087181091308593750e+00
1.515301316976547241e-02 -9.805243462324142456e-03 9.497593045234680176e-01
8.031368255615234375e-03 -1.466814801096916199e-02 9.595962762832641602e-01
-7.454037666320800781e-03 -1.323287189006805420e-02 1.021534681320190430e+00
-1.642717048525810242e-02 -6.241437047719955444e-03 1.040590643882751465e+00
-1.992298290133476257e-02 -1.265074312686920166e-02 1.163397073745727539e+00
-2.332889661192893982e-02 6.996721029281616211e-03 1.169286131858825684e+00
-2.083322033286094666e-02 1.038195937871932983e-02 1.086785674095153809e+00
-3.427246212959289551e-02 1.767010800540447235e-02 1.080662131309509277e+00
-1.973911374807357788e-02 -5.036290735006332397e-03 1.117904424667358398e+00
-2.539774775505065918e-02 -2.977691590785980225e-03 1.092149257659912109e+00
-1.574462279677391052e-02 1.094862818717956543e-04 1.056909084320068359e+00
-7.598586380481719971e-03 -1.063243672251701355e-02 1.030164718627929688e+00
-6.224591284990310669e-03 -1.463489979505538940e-02 1.070948243141174316e+00
-1.782795414328575134e-02 -5.390767008066177368e-03 1.179378151893615723e+00
-1.382098719477653503e-02 -7.729224860668182373e-03 1.150860309600830078e+00
2.888135612010955811e-03 -1.983316987752914429e-02 1.090280890464782715e+00
-1.173757761716842651e-02 -9.420026093721389771e-03 1.161616444587707520e+00
-1.381224766373634338e-02 -7.781274616718292236e-03 1.175661206245422363e+00
-1.912328228354454041e-02 -1.124543696641921997e-02 1.153772473335266113e+00
-1.731516793370246887e-02 -8.906535804271697998e-03 1.125698089599609375e+00
-1.181705296039581299e-02 -2.831783145666122437e-03 1.167250633239746094e+00
-1.600813865661621094e-02 -6.089489907026290894e-03 1.125811100006103516e+00
-2.330048754811286926e-02 -1.396606117486953735e-02 1.133069157600402832e+00
-1.674886047840118408e-02 -1.427930966019630432e-02 1.145450830459594727e+00
-1.920035853981971741e-02 -2.060767263174057007e-02 1.162218451499938965e+00
-2.231251448392868042e-02 -2.135532349348068237e-02 1.152933597564697266e+00
-1.829526200890541077e-02 -1.372997090220451355e-02 1.114818811416625977e+00
-6.739299744367599487e-03 -2.094898372888565063e-03 1.041477322578430176e+00
-2.370581030845642090e-03 -8.822247385978698730e-03 1.133473396301269531e+00
-1.139853894710540771e-02 -1.452139765024185181e-02 1.193202614784240723e+00
-1.677994430065155029e-02 -1.702669262886047363e-02 1.184887766838073730e+00
-2.106083929538726807e-02 -1.335262134671211243e-02 1.154092907905578613e+00
-1.720784232020378113e-02 -1.289148628711700439e-02 1.134285092353820801e+00
-5.625732243061065674e-03 -6.711900234222412109e-03 1.107142448425292969e+00
-4.384972155094146729e-03 -9.747434407472610474e-03 1.009199261665344238e+00
-1.357428729534149170e-02 -8.531555533409118652e-03 1.027505040168762207e+00
-5.747582763433456421e-03 -1.165378093719482422e-02 1.091405510902404785e+00
-4.313819110393524170e-03 -1.516002044081687927e-02 1.073630452156066895e+00
-9.439270943403244019e-03 -9.142305701971054077e-03 1.084282755851745605e+00
-6.877332925796508789e-03 -1.133617013692855835e-02 1.137622356414794922e+00
-1.538000628352165222e-02 -1.021141931414604187e-02 1.150955080986022949e+00
-9.366892278194427490e-03 -2.227509021759033203e-02 1.096857309341430664e+00
-8.055888116359710693e-03 -1.008445024490356445e-02 1.102029561996459961e+00
-1.731266826391220093e-02 3.033056855201721191e-04 1.165385007858276367e+00
-2.503507584333419800e-02 1.302689313888549805e-03 1.154871821403503418e+00
-1.414152234792709351e-02 -5.568005144596099854e-03 1.108970403671264648e+00
-6.487779319286346436e-03 -1.224777847528457642e-02 1.065270781517028809e+00
8.001178503036499023e-05 -1.741816103458404541e-02 1.038933396339416504e+00
3.033992648124694824e-02 -3.107800334692001343e-02 9.968798756599426270e-01
1.790428161621093750e-02 -2.312791347503662109e-02 1.060717582702636719e+00
1.648388803005218506e-03 -1.992601156234741211e-02 1.120164275169372559e+00
5.748316645622253418e-03 -1.771844923496246338e-02 1.070105314254760742e+00
-3.787972033023834229e-03 -1.085661351680755615e-02 1.078416585922241211e+00
-5.976207554340362549e-03 -9.412482380867004395e-03 1.127645373344421387e+00
-5.995102226734161377e-03 -1.045310497283935547e-02 1.180617809295654297e+00
-1.592166721820831299e-03 -1.707521080970764160e-02 1.197315454483032227e+00
-7.217101752758026123e-03 -1.704701036214828491e-02 1.194263577461242676e+00
-2.688750624656677246e-03 -1.399353146553039551e-02 1.175696849822998047e+00
-2.585798501968383789e-03 -1.734599471092224121e-02 1.199643850326538086e+00
-1.106091588735580444e-02 -1.935799419879913330e-02 1.195906281471252441e+00
-1.272782683372497559e-03 -2.431947737932205200e-02 1.072304487228393555e+00
1.272551715373992920e-02 -2.247638255357742310e-02 1.001526832580566406e+00
1.745848357677459717e-02 -1.935182511806488037e-02 9.984964728355407715e-01
1.042108237743377686e-02 -1.120678335428237915e-02 9.887252449989318848e-01
1.532989740371704102e-02 -2.077683806419372559e-02 1.009623765945434570e+00
1.752963662147521973e-02 -2.174884080886840820e-02 1.040473103523254395e+00
2.125054597854614258e-02 -2.427762746810913086e-02 1.060429453849792480e+00
1.958114653825759888e-02 -2.220679819583892822e-02 1.044879674911499023e+00
1.413124799728393555e-02 -1.808928698301315308e-02 1.038679599761962891e+00
1.072824001312255859e-03 -1.675084605813026428e-02 1.047524094581604004e+00
-1.987028867006301880e-02 -8.179631084203720093e-03 1.034201622009277344e+00
-5.443152040243148804e-03 -1.358044147491455078e-02 1.016849756240844727e+00
-9.802557528018951416e-03 -1.181784272193908691e-02 1.039682984352111816e+00
-2.302056550979614258e-02 -9.377326816320419312e-03 1.058557271957397461e+00
-1.235545426607131958e-02 -1.583445072174072266e-02 1.025594949722290039e+00
1.653842628002166748e-03 -2.175747603178024292e-02 1.016716957092285156e+00
6.429068744182586670e-03 -2.653398364782333374e-02 1.070428729057312012e+00
-7.374584674835205078e-04 -2.941642701625823975e-02 1.056107163429260254e+00
-7.877953350543975830e-03 -2.868821471929550171e-02 1.043024182319641113e+00
-1.096855849027633667e-02 -2.460386604070663452e-02 1.003419518470764160e+00
-8.586008101701736450e-03 -2.192496508359909058e-02 1.000425577163696289e+00
-3.119595348834991455e-03 -1.742133498191833496e-02 1.004526138305664062e+00
1.353844255208969116e-02 -1.162383332848548889e-02 1.046153426170349121e+00
1.426901668310165405e-02 -8.607521653175354004e-03 1.088091492652893066e+00
2.108968794345855713e-02 -7.192440330982208252e-03 1.183390378952026367e+00
1.428604125976562500e-02 -1.895432546734809875e-02 1.171127200126647949e+00
4.630938172340393066e-03 -2.032225579023361206e-02 1.141350150108337402e+00
-1.263070106506347656e-02 -9.668335318565368652e-03 1.114769577980041504e+00
-2.447442710399627686e-02 -4.185847938060760498e-03 1.049047708511352539e+00
-2.035520225763320923e-02 -3.637563437223434448e-03 9.636623859405517578e-01
-1.629323139786720276e-02 -4.067998379468917847e-03 9.346996545791625977e-01
-9.509734809398651123e-03 -8.188992738723754883e-03 8.929923772811889648e-01
-4.202261567115783691e-03 -1.028852164745330811e-02 8.341993093490600586e-01
-4.506379365921020508e-03 -1.708455383777618408e-04 8.251043558120727539e-01
-4.196032881736755371e-03 1.632120460271835327e-03 8.210895061492919922e-01
-2.347759902477264404e-03 -5.663447082042694092e-03 8.276517391204833984e-01
-7.418628782033920288e-03 -4.020441323518753052e-03 8.260803818702697754e-01
-9.349878877401351929e-03 -4.422910511493682861e-03 8.665515780448913574e-01
1.469378173351287842e-02 -9.301081299781799316e-03 9.194640517234802246e-01
8.606694638729095459e-03 -3.196958452463150024e-03 8.592290282249450684e-01
-1.353531330823898315e-02 -1.980807632207870483e-03 7.600002288818359375e-01
-2.584107965230941772e-02 -1.952406018972396851e-03 8.010657429695129395e-01
-2.356139197945594788e-02 3.948621451854705811e-03 7.685921788215637207e-01
-1.655987277626991272e-02 -2.733942121267318726e-03 7.086423039436340332e-01
-2.994805574417114258e-03 -7.100068032741546631e-03 7.327441573143005371e-01
6.373018026351928711e-03 -1.620276272296905518e-02 7.312862873077392578e-01
1.179825514554977417e-02 -2.280536293983459473e-02 7.336508035659790039e-01
9.470328688621520996e-03 -4.579931497573852539e-03 6.440252661705017090e-01
1.546646654605865479e-02 -8.776262402534484863e-03 6.217496395111083984e-01
2.650211751461029053e-02 -6.898581981658935547e-03 6.240538954734802246e-01
2.886350452899932861e-02 -7.882833480834960938e-03 6.080130934715270996e-01
3.072477877140045166e-02 -1.256042718887329102e-02 6.582188010215759277e-01
3.174866735935211182e-02 -1.828125119209289551e-02 6.569120287895202637e-01
2.883978188037872314e-02 -1.892367005348205566e-02 7.410249710083007812e-01
9.127080440521240234e-03 -1.919421553611755371e-02 7.192462682723999023e-01
3.136411309242248535e-03 -3.254473209381103516e-02 6.897253990173339844e-01
1.605406403541564941e-02 -3.724695742130279541e-02 6.794052124023437500e-01
1.969203352928161621e-03 -2.921384572982788086e-02 5.967256426811218262e-01
8.513033390045166016e-05 -3.415982425212860107e-02 5.760423541069030762e-01
-1.216863095760345459e-02 -2.655337750911712646e-02 5.562416911125183105e-01
-3.286941349506378174e-02 -4.084289073944091797e-02 6.152564883232116699e-01
-2.138401567935943604e-02 -4.267607629299163818e-02 6.396786570549011230e-01
-6.574049592018127441e-03 -3.002616763114929199e-02 6.429942250251770020e-01
-1.127307116985321045e-02 -1.370513439178466797e-02 6.547520160675048828e-01
-1.676246523857116699e-02 1.865379512310028076e-03 6.596933603286743164e-01
-1.669315993785858154e-02 6.203457713127136230e-03 7.012513279914855957e-01
-2.588370442390441895e-02 1.506204158067703247e-02 6.965093016624450684e-01
-2.285446599125862122e-02 5.294170230627059937e-03 7.340128421783447266e-01
-5.103811621665954590e-03 -1.213529333472251892e-02 8.512286543846130371e-01
-4.416227340698242188e-03 -2.036625891923904419e-02 9.357157945632934570e-01
-5.729228258132934570e-03 -2.944575995206832886e-02 9.977641701698303223e-01
-6.916366517543792725e-03 -2.579864114522933960e-02 1.063096642494201660e+00
-9.324368089437484741e-03 -1.192080602049827576e-02 1.078425645828247070e+00
-8.556019514799118042e-03 -1.183705404400825500e-02 1.073625564575195312e+00
-4.419445991516113281e-03 -1.294951513409614563e-02 1.074561595916748047e+00
-1.037120819091796875e-05 -1.374174654483795166e-02 1.082835316658020020e+00
5.883961915969848633e-03 -9.706828743219375610e-03 1.091906547546386719e+00
1.522818207740783691e-02 -1.225314289331436157e-02 1.107868671417236328e+00
1.511386036872863770e-02 -1.714666187763214111e-02 1.145416498184204102e+00
1.668997108936309814e-02 -1.526553928852081299e-02 1.173105955123901367e+00
1.691335439682006836e-02 -1.489897072315216064e-02 1.155797481536865234e+00
1.782773435115814209e-02 -2.705614268779754639e-02 1.122362732887268066e+00
1.122874021530151367e-02 -3.314276784658432007e-02 1.085124015808105469e+00
9.944900870323181152e-03 -3.145845234394073486e-02 1.073547601699829102e+00
1.274657249450683594e-02 -2.566659450531005859e-02 1.055982470512390137e+00
1.100557297468185425e-02 -2.609438449144363403e-02 1.042909741401672363e+00
-3.409460186958312988e-04 -2.176132798194885254e-02 9.862193465232849121e-01
-1.541628688573837280e-02 -1.203286275267601013e-02 8.340917229652404785e-01
-9.558007121086120605e-03 -1.649010553956031799e-02 7.177479863166809082e-01
-7.427424192428588867e-03 -2.805237472057342529e-02 7.952414155006408691e-01
-8.817907422780990601e-03 -2.351610362529754639e-02 8.972423672676086426e-01
1.042924076318740845e-02 -1.369236037135124207e-02 9.422578811645507812e-01
2.516515552997589111e-02 -1.655987650156021118e-02 9.383253455162048340e-01
1.810120791196823120e-02 -1.754832267761230469e-02 9.737229347229003906e-01
9.340234100818634033e-03 -1.848345994949340820e-02 1.048825860023498535e+00
2.872526645660400391e-03 -1.942741125822067261e-02 1.146961212158203125e+00
9.198293089866638184e-03 -2.780053019523620605e-02 1.172422051429748535e+00
1.624972373247146606e-02 -3.828706592321395874e-02 1.137407183647155762e+00
1.456426829099655151e-02 -3.850027918815612793e-02 1.107911705970764160e+00
1.955428719520568848e-02 -3.536731749773025513e-02 1.054090976715087891e+00
2.140042930841445923e-02 -2.921085059642791748e-02 9.729120135307312012e-01
1.192948967218399048e-02 -2.824579924345016479e-02 9.691708087921142578e-01
1.658406108617782593e-02 -2.199172973632812500e-02 9.760488271713256836e-01
2.957622706890106201e-02 -1.850340887904167175e-02 9.845192432403564453e-01
2.435386180877685547e-02 -2.164004743099212646e-02 9.550361037254333496e-01
9.355679154396057129e-03 -1.919580623507499695e-02 9.429563283920288086e-01
8.341670036315917969e-03 -1.719985902309417725e-02 9.520968198776245117e-01
8.500747382640838623e-03 -1.833000406622886658e-02 9.800142645835876465e-01
1.276484876871109009e-02 -2.219258248805999756e-02 9.718611836433410645e-01
1.506876945495605469e-02 -2.382585406303405762e-02 9.635775089263916016e-01
2.005259692668914795e-02 -2.824737131595611572e-02 9.937160611152648926e-01
3.180429339408874512e-02 -3.306949138641357422e-02 1.011804580688476562e+00
3.121870756149291992e-02 -3.851427137851715088e-02 1.002924799919128418e+00
2.347904443740844727e-02 -3.560668230056762695e-02 9.604724049568176270e-01
1.693214476108551025e-02 -2.491633594036102295e-02 9.029532670974731445e-01
1.904442906379699707e-02 -1.996257901191711426e-02 8.641569018363952637e-01
1.267839968204498291e-02 -1.487389206886291504e-02 8.091756105422973633e-01
6.775498390197753906e-03 -1.101360470056533813e-02 7.885623574256896973e-01
1.473939418792724609e-02 -1.590809971094131470e-02 8.242953419685363770e-01
2.419157326221466064e-02 -1.699315011501312256e-02 8.385479450225830078e-01
1.771052926778793335e-02 -9.637005627155303955e-03 8.400372266769409180e-01
1.861140877008438110e-02 -1.695337146520614624e-02 8.935349583625793457e-01
2.140183746814727783e-02 -1.982064545154571533e-02 8.932490944862365723e-01
2.428824454545974731e-02 -1.608914136886596680e-02 9.187045693397521973e-01
2.199296653270721436e-02 -1.486802101135253906e-02 9.459761977195739746e-01
2.154590934514999390e-02 -2.017892897129058838e-02 9.806935191154479980e-01
2.023394405841827393e-02 -2.373331785202026367e-02 1.023035049438476562e+00
1.725759357213973999e-02 -2.814312279224395752e-02 1.045080780982971191e+00
2.179031074047088623e-02 -2.900953590869903564e-02 1.052624225616455078e+00
3.011544048786163330e-02 -3.128942847251892090e-02 1.085496664047241211e+00
3.256899863481521606e-02 -3.380458056926727295e-02 1.069740653038024902e+00
3.725293278694152832e-02 -3.031709790229797363e-02 1.052226901054382324e+00
3.823319077491760254e-02 -3.288720548152923584e-02 1.074237227439880371e+00
3.363174200057983398e-02 -3.299493342638015747e-02 1.065995812416076660e+00
2.191926538944244385e-02 -3.084152936935424805e-02 1.006714820861816406e+00
1.226907223463058472e-02 -2.290326356887817383e-02 9.757790565490722656e-01
1.454184204339981079e-02 -1.496577262878417969e-02 9.431985020637512207e-01
2.040187269449234009e-02 -6.066765636205673218e-03 8.757289052009582520e-01
1.551548391580581665e-02 -2.574291080236434937e-03 8.632836937904357910e-01
1.381058990955352783e-02 -6.208557635545730591e-03 8.561667799949645996e-01
7.275380194187164307e-03 -6.641697138547897339e-03 8.458548784255981445e-01
1.626506447792053223e-03 -3.988135606050491333e-03 8.485507369041442871e-01
8.046865463256835938e-03 -7.163047790527343750e-03 8.734574317932128906e-01
2.056927233934402466e-02 -1.774770393967628479e-02 8.917164802551269531e-01
2.167835831642150879e-02 -2.188265323638916016e-02 9.018709063529968262e-01
2.305789291858673096e-02 -9.358529001474380493e-03 8.684783577919006348e-01
2.224250137805938721e-02 -1.014003530144691467e-02 8.912019729614257812e-01
1.765259355306625366e-02 -1.301310211420059204e-02 9.388026595115661621e-01
7.876552641391754150e-03 -1.699037477374076843e-02 9.542086720466613770e-01
8.513256907463073730e-04 -1.669016852974891663e-02 9.803982973098754883e-01
-5.978975445032119751e-03 -1.496065780520439148e-02 1.027331829071044922e+00
-2.979569137096405029e-03 -1.731758937239646912e-02 1.067080616950988770e+00
-2.574250102043151855e-04 -1.944618299603462219e-02 1.064996123313903809e+00
1.989752054214477539e-03 -2.003876864910125732e-02 1.036607742309570312e+00
1.151554286479949951e-03 -2.088960260152816772e-02 1.027615547180175781e+00
2.719029784202575684e-03 -2.255799621343612671e-02 1.040201663970947266e+00
3.661282360553741455e-03 -2.083598077297210693e-02 1.051038026809692383e+00
-9.189248085021972656e-04 -1.456717401742935181e-02 1.076664209365844727e+00
7.671885192394256592e-03 -1.532904803752899170e-02 1.101419210433959961e+00
9.461708366870880127e-03 -9.210802614688873291e-03 1.092146039009094238e+00
1.122524589300155640e-02 -6.146691739559173584e-03 1.092971086502075195e+00
1.033717393875122070e-02 -4.728879779577255249e-03 1.109860420227050781e+00
3.191404044628143311e-03 -6.201531738042831421e-03 1.122121453285217285e+00
-6.334260106086730957e-03 -6.982740014791488647e-03 1.156476855278015137e+00
-1.286708936095237732e-02 -9.927779436111450195e-03 1.216654658317565918e+00
-1.065098121762275696e-02 -1.166399568319320679e-02 1.250380873680114746e+00
-1.044334471225738525e-02 -1.632174849510192871e-02 1.256402015686035156e+00
-8.747991174459457397e-03 -1.799866557121276855e-02 1.251313567161560059e+00
-6.254062056541442871e-03 -1.452908292412757874e-02 1.221220374107360840e+00
-8.340448141098022461e-03 -1.849701628088951111e-02 1.203711390495300293e+00
-1.514028385281562805e-02 -2.274125814437866211e-02 1.211756229400634766e+00
-1.007660478353500366e-02 -1.946863159537315369e-02 1.161875247955322266e+00
-4.800409078598022461e-03 -2.382373064756393433e-02 1.170344352722167969e+00
-3.796845674514770508e-03 -2.668377757072448730e-02 1.170699238777160645e+00
-7.953986525535583496e-03 -2.927175909280776978e-02 1.112470984458923340e+00
-9.828437119722366333e-03 -3.752762824296951294e-02 1.025978446006774902e+00
-1.356523483991622925e-02 -4.216423630714416504e-02 9.691886305809020996e-01
-1.582162082195281982e-02 -3.385037928819656372e-02 9.345145821571350098e-01
-1.538452133536338806e-02 -2.319968491792678833e-02 9.060055613517761230e-01
-1.215872168540954590e-02 -4.350638389587402344e-02 9.183481931686401367e-01
9.248703718185424805e-03 -4.528230428695678711e-02 9.177779555320739746e-01
-2.972990274429321289e-03 -3.898172080516815186e-02 9.120302200317382812e-01
-3.846947848796844482e-02 -2.468703687191009521e-02 8.770735859870910645e-01
-3.216283768415451050e-02 -1.268540322780609131e-02 8.718762993812561035e-01
-1.945661008358001709e-02 -6.114982068538665771e-03 8.962350487709045410e-01
-6.766043603420257568e-03 -1.067484170198440552e-02 9.417259693145751953e-01
-2.409383654594421387e-03 -1.498400419950485229e-02 9.595091342926025391e-01
-5.533680319786071777e-03 -1.445327699184417725e-02 9.416638016700744629e-01
-5.121722817420959473e-03 -6.709508597850799561e-03 8.894268870353698730e-01
-2.430245280265808105e-03 4.540383815765380859e-04 8.450874686241149902e-01
-7.029920816421508789e-04 4.801288247108459473e-03 8.336343169212341309e-01
-1.353010535240173340e-03 6.914302706718444824e-03 8.185012936592102051e-01
-4.398927092552185059e-03 1.043613255023956299e-02 7.878661155700683594e-01
-5.043387413024902344e-03 9.491279721260070801e-03 7.747905254364013672e-01
-6.467133760452270508e-03 6.579622626304626465e-03 8.002023696899414062e-01
-7.672239094972610474e-03 3.817200660705566406e-03 8.127685189247131348e-01
-7.638260722160339355e-03 6.624180823564529419e-03 8.300220370292663574e-01
-5.982421338558197021e-03 3.910031169652938843e-03 8.498206734657287598e-01
-8.372321724891662598e-03 -1.441810280084609985e-03 8.444024920463562012e-01
-1.290196925401687622e-02 -1.012989878654479980e-02 8.238216042518615723e-01
-1.697666943073272705e-02 -1.554558798670768738e-02 8.019069433212280273e-01
-1.915977150201797485e-02 -1.514783129096031189e-02 8.002347946166992188e-01
-2.023124694824218750e-02 -1.198551058769226074e-02 7.881484031677246094e-01
-1.937055587768554688e-02 -1.169074699282646179e-02 7.735700011253356934e-01
-2.348754554986953735e-02 -8.628662675619125366e-03 7.871494889259338379e-01
-2.587047219276428223e-02 -8.619103580713272095e-03 7.711738348007202148e-01
-2.033134549856185913e-02 -1.280197128653526306e-02 7.442740201950073242e-01
-1.659088209271430969e-02 -1.373764500021934509e-02 6.983596682548522949e-01
-1.373955979943275452e-02 -1.202815398573875427e-02 7.109382152557373047e-01
-7.305461913347244263e-03 -1.130585744976997375e-02 7.175914049148559570e-01
4.335135221481323242e-03 -5.074121057987213135e-03 6.958127617835998535e-01
-2.324029803276062012e-03 -1.954327151179313660e-02 7.758052349090576172e-01
-9.083718061447143555e-03 -2.824973315000534058e-02 8.738094568252563477e-01
-7.584176957607269287e-03 -2.946110069751739502e-02 9.655892252922058105e-01
-1.230768859386444092e-02 -4.249624162912368774e-02 1.010345816612243652e+00
-8.502207696437835693e-03 -3.888959437608718872e-02 1.064022183418273926e+00
-7.789347320795059204e-03 -3.115701675415039062e-02 1.117796659469604492e+00
-1.723840832710266113e-03 -2.455002069473266602e-02 1.092374205589294434e+00
2.959139645099639893e-03 -1.363243162631988525e-02 1.050531864166259766e+00
-2.800226211547851562e-04 -1.009614020586013794e-02 1.070732712745666504e+00
-2.085693180561065674e-03 -9.672455489635467529e-03 1.072225928306579590e+00
3.023646771907806396e-03 -7.584400475025177002e-03 1.043633222579956055e+00
1.116222888231277466e-02 -1.474443078041076660e-02 1.022601962089538574e+00
8.159309625625610352e-03 -2.924753725528717041e-02 9.993767142295837402e-01
-8.790098130702972412e-03 -2.226801961660385132e-02 9.908843636512756348e-01
-2.112155780196189880e-02 -2.496247738599777222e-02 1.027713537216186523e+00
-1.690506935119628906e-02 -3.246325999498367310e-02 1.031083941459655762e+00
-1.406303420662879944e-02 -3.626544028520584106e-02 9.788556098937988281e-01
-8.739527314901351929e-03 -2.613658457994461060e-02 9.034011960029602051e-01
3.111332654953002930e-03 -2.394437044858932495e-02 8.492912650108337402e-01
1.950532197952270508e-03 -2.614575624465942383e-02 8.532218933105468750e-01
-5.442995578050613403e-03 -2.777422219514846802e-02 9.004204869270324707e-01
-1.103268936276435852e-02 -2.607154846191406250e-02 9.585909843444824219e-01
-4.914455115795135498e-03 -2.724197506904602051e-02 9.809778332710266113e-01
2.007648348808288574e-03 -2.555748820304870605e-02 9.391693472862243652e-01
2.951398491859436035e-03 -2.217334508895874023e-02 8.805285692214965820e-01
3.294207155704498291e-03 -1.568767055869102478e-02 8.623418807983398438e-01
2.268314361572265625e-03 -1.013875752687454224e-02 8.798512816429138184e-01
2.846114337444305420e-03 -8.746124804019927979e-03 9.026106595993041992e-01
3.842175006866455078e-03 -9.019494056701660156e-03 9.187008142471313477e-01
5.820333957672119141e-03 -9.865198284387588501e-03 9.247337579727172852e-01
7.924325764179229736e-03 -1.092401519417762756e-02 9.293543100357055664e-01
1.131524145603179932e-02 -1.482860743999481201e-02 9.418647885322570801e-01
1.418941468000411987e-02 -2.223126590251922607e-02 9.596731066703796387e-01
1.521906256675720215e-02 -2.458710968494415283e-02 9.670428037643432617e-01
1.365553587675094604e-02 -2.284176647663116455e-02 9.696410298347473145e-01
1.229815930128097534e-02 -2.157225459814071655e-02 9.712373614311218262e-01
1.111252605915069580e-02 -2.072620391845703125e-02 9.720162749290466309e-01
1.020218431949615479e-02 -1.986578851938247681e-02 9.706868529319763184e-01
