7.733508944511413574e-03 -1.068900525569915771e-02 5.732638239860534668e-01
1.464538276195526123e-02 1.749902963638305664e-03 6.741611957550048828e-01
2.857820689678192139e-02 5.703002214431762695e-03 6.493024230003356934e-01
2.460071444511413574e-02 4.951059818267822266e-03 6.056275963783264160e-01
2.312587201595306396e-02 -4.975795745849609375e-04 6.654448509216308594e-01
1.458770036697387695e-02 1.330986618995666504e-03 8.495283722877502441e-01
5.205586552619934082e-03 -4.890084266662597656e-03 8.896704316139221191e-01
1.051425933837890625e-02 -2.951666712760925293e-03 9.691182374954223633e-01
1.858519017696380615e-02 -1.206526160240173340e-02 9.716628193855285645e-01
1.210726797580718994e-02 -1.188848912715911865e-02 8.568754792213439941e-01
-1.387025415897369385e-02 8.713230490684509277e-03 7.276887893676757812e-01
-1.312652230262756348e-02 1.716285943984985352e-03 7.452702522277832031e-01
-1.049247384071350098e-02 4.003435373306274414e-03 7.870742082595825195e-01
-6.958648562431335449e-03 6.290197372436523438e-03 7.773992419242858887e-01
-1.532374322414398193e-02 -3.673017024993896484e-03 7.592806220054626465e-01
-1.572249084711074829e-02 -1.331929862499237061e-02 6.964076757431030273e-01
-1.625540107488632202e-02 -8.156195282936096191e-03 6.850122213363647461e-01
-7.575526833534240723e-03 -1.430882513523101807e-02 7.355239391326904297e-01
-1.341369003057479858e-02 -1.771895587444305420e-02 8.212744593620300293e-01
-9.288199245929718018e-03 -2.051763236522674561e-02 9.262349605560302734e-01
-1.187863200902938843e-02 -2.437785267829895020e-02 8.591660261154174805e-01
-2.265800163149833679e-02 -2.217425405979156494e-02 8.105370998382568359e-01
-1.933203637599945068e-02 -2.229391783475875854e-02 9.302273392677307129e-01
-2.925217151641845703e-02 -8.505519479513168335e-03 9.490008354187011719e-01
-1.471624523401260376e-02 -1.286043226718902588e-02 9.729970097541809082e-01
-9.964480996131896973e-04 -1.651895046234130859e-02 1.014518022537231445e+00
1.935437321662902832e-03 -1.537440717220306396e-02 1.051230311393737793e+00
-1.237324252724647522e-02 -3.179145604372024536e-02 1.075898408889770508e+00
-1.068964973092079163e-02 -2.844344824552536011e-02 1.012599587440490723e+00
-7.557462900876998901e-03 -3.387059271335601807e-02 1.063606619834899902e+00
2.358831465244293213e-03 -3.735609352588653564e-02 1.088554978370666504e+00
-2.313733100891113281e-03 -3.945675492286682129e-02 1.040089011192321777e+00
-1.313484832644462585e-02 -3.138320147991180420e-02 9.423418641090393066e-01
-1.327537745237350464e-02 -3.364410996437072754e-02 9.140464067459106445e-01
-1.730639487504959106e-02 -2.970588207244873047e-02 9.037100672721862793e-01
-2.097399160265922546e-02 -2.874577045440673828e-02 9.191079139709472656e-01
-1.299064978957176208e-02 -2.715203911066055298e-02 9.438354969024658203e-01
-4.819728434085845947e-03 -2.563295513391494751e-02 9.486197233200073242e-01
4.217006266117095947e-03 -3.115046769380569458e-02 9.571705460548400879e-01
3.411270678043365479e-03 -3.677653521299362183e-02 9.620261788368225098e-01
-1.413486897945404053e-03 -2.291075885295867920e-02 9.777262210845947266e-01
-2.193585038185119629e-03 -1.290648058056831360e-02 8.704318404197692871e-01
-1.019465550780296326e-02 -2.101799100637435913e-02 8.974870443344116211e-01
-1.608508452773094177e-02 8.029416203498840332e-04 8.238605856895446777e-01
-4.219450056552886963e-03 -1.135647296905517578e-03 8.081383705139160156e-01
-2.378493547439575195e-03 -6.752945482730865479e-04 8.223754167556762695e-01
-4.881598055362701416e-03 1.200022362172603607e-02 8.161551952362060547e-01
-2.164309099316596985e-02 5.562394857406616211e-03 8.087364435195922852e-01
-2.916112542152404785e-02 -6.477568298578262329e-03 7.854843735694885254e-01
-2.058583498001098633e-02 -1.457260921597480774e-02 7.926833033561706543e-01
-1.116720587015151978e-02 3.389935940504074097e-03 7.452476620674133301e-01
7.474973797798156738e-03 9.397767484188079834e-03 6.961974501609802246e-01
4.397310316562652588e-03 2.108961343765258789e-03 8.025769591331481934e-01
-2.959877252578735352e-03 1.322800293564796448e-02 7.919350862503051758e-01
1.153402030467987061e-03 6.230339407920837402e-03 7.032939195632934570e-01
1.530900597572326660e-03 -4.155304282903671265e-03 7.062878012657165527e-01
-1.496575772762298584e-03 -3.170132637023925781e-03 7.351409792900085449e-01
-9.994037449359893799e-03 1.165808178484439850e-02 7.807557582855224609e-01
-1.166851073503494263e-02 1.364938355982303619e-02 7.807283997535705566e-01
-2.087510377168655396e-02 9.119618684053421021e-03 8.007228970527648926e-01
-3.132621198892593384e-02 5.706895142793655396e-03 7.653675079345703125e-01
-1.357075944542884827e-02 3.495477139949798584e-04 7.870157957077026367e-01
3.456585109233856201e-03 -7.060952484607696533e-03 7.400696277618408203e-01
1.726442575454711914e-02 -2.015421539545059204e-02 7.561224102973937988e-01
1.405838131904602051e-02 -1.384642720222473145e-02 6.897808909416198730e-01
2.169579267501831055e-03 -1.774564385414123535e-03 7.221761941909790039e-01
5.492016673088073730e-03 -6.503641605377197266e-03 8.816734552383422852e-01
1.682771742343902588e-02 -1.810179650783538818e-02 8.073430657386779785e-01
-4.068657755851745605e-03 -7.191732525825500488e-03 8.260136842727661133e-01
2.800077199935913086e-03 -1.918524503707885742e-04 1.023307681083679199e+00
5.743220448493957520e-03 -1.586382091045379639e-02 9.944337010383605957e-01
-2.184632420539855957e-02 6.216377019882202148e-03 8.698801398277282715e-01
-1.474745944142341614e-02 -9.800203144550323486e-03 7.963401675224304199e-01
-1.622216030955314636e-02 -1.723686605691909790e-02 7.975443005561828613e-01
-1.634439453482627869e-02 -2.030189335346221924e-02 8.658975958824157715e-01
-9.605139493942260742e-03 -1.513183116912841797e-02 1.016624331474304199e+00
-2.917509526014328003e-02 -3.224259614944458008e-02 9.644519686698913574e-01
-2.700930461287498474e-02 -3.477608412504196167e-02 9.038324356079101562e-01
-6.247941404581069946e-03 -3.329081088304519653e-02 9.060054421424865723e-01
-3.387309610843658447e-03 -3.016988933086395264e-02 8.785119056701660156e-01
-6.569504737854003906e-03 -2.419127523899078369e-02 9.086577892303466797e-01
-5.640950053930282593e-03 -2.544473856687545776e-02 9.982287287712097168e-01
-1.544392108917236328e-02 -2.871638536453247070e-02 1.041019439697265625e+00
-2.084591984748840332e-02 -3.084710240364074707e-02 1.037122726440429688e+00
-1.830072700977325439e-02 -2.867156267166137695e-02 9.981587529182434082e-01
-1.319471001625061035e-02 -2.869200706481933594e-02 9.858318567276000977e-01
-1.454719528555870056e-02 -2.677543461322784424e-02 9.974860548973083496e-01
-1.470293104648590088e-02 -2.570910751819610596e-02 1.002860903739929199e+00
-1.447141915559768677e-02 -2.754689007997512817e-02 9.946082234382629395e-01
-1.286717876791954041e-02 -2.761525660753250122e-02 9.905998110771179199e-01
-1.331327855587005615e-02 -3.040908277034759521e-02 1.025776147842407227e+00
-1.336336508393287659e-02 -3.264357894659042358e-02 1.039707183837890625e+00
-1.723267138004302979e-02 -2.923733741044998169e-02 1.030887722969055176e+00
-1.670406758785247803e-02 -2.722682803869247437e-02 1.026206135749816895e+00
-1.040404289960861206e-02 -2.781413495540618896e-02 1.032601118087768555e+00
-2.507783472537994385e-03 -2.699489146471023560e-02 1.031835317611694336e+00
-5.563087761402130127e-03 -2.412452548742294312e-02 1.021102905273437500e+00
-1.327904686331748962e-02 -2.115596830844879150e-02 9.923821091651916504e-01
-1.708752661943435669e-02 -1.857885718345642090e-02 9.565260410308837891e-01
-1.375031843781471252e-02 -1.651943847537040710e-02 9.595901370048522949e-01
-6.883919239044189453e-03 -1.830603927373886108e-02 9.859239459037780762e-01
4.412010312080383301e-04 -1.629712805151939392e-02 9.944215416908264160e-01
3.629647195339202881e-03 -1.496011391282081604e-02 9.831843376159667969e-01
-2.752989530563354492e-05 -1.753490790724754333e-02 9.979205727577209473e-01
8.822157979011535645e-04 -1.720560714602470398e-02 9.967291951179504395e-01
3.335073590278625488e-03 -1.398424804210662842e-02 9.458377957344055176e-01
4.949457943439483643e-03 -1.660594344139099121e-02 9.886305928230285645e-01
3.268033266067504883e-03 -2.108630537986755371e-02 1.050614476203918457e+00
4.174441099166870117e-03 -2.211100608110427856e-02 1.061986565589904785e+00
2.932839095592498779e-03 -1.989117264747619629e-02 1.023297905921936035e+00
-1.661695539951324463e-03 -1.618064939975738525e-02 9.636957049369812012e-01
-2.355203032493591309e-03 -1.584802195429801941e-02 9.030234813690185547e-01
-2.378068864345550537e-03 -1.121871173381805420e-02 8.908789157867431641e-01
-7.009495049715042114e-03 -9.398251771926879883e-03 9.289524555206298828e-01
-6.377745419740676880e-03 -1.229900866746902466e-02 9.155828356742858887e-01
2.987682819366455078e-04 -2.259258925914764404e-02 9.698232412338256836e-01
1.535626500844955444e-02 -2.476599067449569702e-02 1.044520258903503418e+00
1.058026403188705444e-02 -3.117197751998901367e-02 1.035406708717346191e+00
1.101582497358322144e-02 -2.952465415000915527e-02 1.047053456306457520e+00
-2.571940422058105469e-05 -3.255977481603622437e-02 9.925267100334167480e-01
-3.117606043815612793e-03 -2.328744530677795410e-02 9.286716580390930176e-01
-3.179475665092468262e-03 -2.418243139982223511e-02 9.098950028419494629e-01
-5.591027438640594482e-03 -2.970827370882034302e-02 8.535071611404418945e-01
-1.977287232875823975e-02 -2.544981241226196289e-02 8.585240244865417480e-01
-2.406319975852966309e-02 -2.111122757196426392e-02 9.240821003913879395e-01
-1.357729732990264893e-02 -1.523530110716819763e-02 9.571517109870910645e-01
-1.325002685189247131e-02 -1.923203840851783752e-02 9.935047030448913574e-01
-4.852667450904846191e-03 -2.013327181339263916e-02 1.030472517013549805e+00
4.930652678012847900e-03 -1.250900328159332275e-02 1.052158474922180176e+00
1.373246312141418457e-03 -1.913730800151824951e-02 1.040433764457702637e+00
-4.872173070907592773e-03 -2.807050198316574097e-02 1.038278698921203613e+00
-1.346050202846527100e-02 -3.632189333438873291e-02 1.012393116950988770e+00
-1.234079897403717041e-02 -3.444861620664596558e-02 9.517033100128173828e-01
-5.981981754302978516e-03 -3.434997797012329102e-02 9.171550273895263672e-01
-1.296457648277282715e-02 -3.311111778020858765e-02 8.969148993492126465e-01
-8.391901850700378418e-03 -3.277199715375900269e-02 9.424620866775512695e-01
6.117224693298339844e-04 -3.435003757476806641e-02 9.772993326187133789e-01
-4.830799996852874756e-03 -3.277349472045898438e-02 9.488093256950378418e-01
-7.130958139896392822e-03 -3.811472654342651367e-02 9.777458310127258301e-01
-1.870527863502502441e-03 -3.696262836456298828e-02 9.930899739265441895e-01
1.485557854175567627e-02 -3.255710005760192871e-02 1.065041661262512207e+00
-1.840099692344665527e-03 -2.645700424909591675e-02 1.001431822776794434e+00
-2.762917429208755493e-02 -3.635418415069580078e-02 1.000093460083007812e+00
-4.043495655059814453e-02 -3.705953806638717651e-02 9.010900855064392090e-01
-3.386912867426872253e-02 -2.331368625164031982e-02 8.103069067001342773e-01
-2.559699490666389465e-02 -1.436120271682739258e-02 7.953484058380126953e-01
-2.238474786281585693e-02 -1.141622662544250488e-02 8.124219775199890137e-01
-1.405259594321250916e-02 -1.146391034126281738e-02 8.955062031745910645e-01
-9.329687803983688354e-03 -1.714353263378143311e-02 8.533925414085388184e-01
-1.338284835219383240e-02 -2.234299480915069580e-02 7.748121619224548340e-01
-2.051139995455741882e-02 -2.427563816308975220e-02 7.317574024200439453e-01
-4.301429539918899536e-02 -2.272900938987731934e-02 7.874899506568908691e-01
-3.887968510389328003e-02 -2.500618249177932739e-02 8.714825510978698730e-01
-4.461610689759254456e-02 -2.143934369087219238e-02 9.523935914039611816e-01
-3.412097692489624023e-02 -2.149725705385208130e-02 9.429123401641845703e-01
-2.922408655285835266e-02 -2.133830636739730835e-02 8.788184523582458496e-01
-4.494792222976684570e-02 -2.008467912673950195e-02 7.985423803329467773e-01
-2.820192277431488037e-02 -1.394898444414138794e-02 7.935801744461059570e-01
-4.635179787874221802e-02 -8.679144084453582764e-03 7.631000876426696777e-01
-4.927015304565429688e-02 -2.960994839668273926e-03 8.231806159019470215e-01
-4.039342701435089111e-02 -3.831263631582260132e-03 8.639944791793823242e-01
-3.896392136812210083e-02 -9.154174476861953735e-03 8.797838687896728516e-01
-3.082317113876342773e-02 -1.334156841039657593e-02 9.014254808425903320e-01
-1.966888085007667542e-02 -2.232947200536727905e-02 8.683618903160095215e-01
2.271495759487152100e-03 -2.689253538846969604e-02 8.466560840606689453e-01
-3.085784614086151123e-03 -2.637006342411041260e-02 8.344751596450805664e-01
-1.318784430623054504e-02 -1.435622200369834900e-02 8.311891555786132812e-01
-1.019451767206192017e-02 -9.073596447706222534e-03 8.303693532943725586e-01
-6.571743637323379517e-03 -1.534386351704597473e-02 8.017773032188415527e-01
-1.467851176857948303e-02 -1.091824471950531006e-02 7.960615754127502441e-01
-1.174614951014518738e-02 -8.209224790334701538e-03 8.201751112937927246e-01
-9.830534458160400391e-03 -1.168314740061759949e-02 8.716081380844116211e-01
-5.559958517551422119e-03 -1.777690276503562927e-02 9.653868079185485840e-01
-7.319081574678421021e-03 -1.721848547458648682e-02 9.670860767364501953e-01
-2.104216441512107849e-02 -1.097716763615608215e-02 8.998127579689025879e-01
-3.180837258696556091e-02 -1.084868237376213074e-02 8.703019618988037109e-01
-1.838250458240509033e-02 -2.147351205348968506e-02 8.731766939163208008e-01
-1.921638846397399902e-03 -2.117276936769485474e-02 8.261361122131347656e-01
1.790803670883178711e-02 -2.281381934881210327e-02 7.779963612556457520e-01
1.252735406160354614e-02 -1.861536875367164612e-02 8.117568492889404297e-01
-6.964430212974548340e-03 -3.621067851781845093e-03 8.600816726684570312e-01
-1.501478254795074463e-03 7.900398224592208862e-03 8.130153417587280273e-01
-2.808779478073120117e-03 9.966585785150527954e-03 7.311223745346069336e-01
2.120822668075561523e-03 1.133056357502937317e-02 6.433389782905578613e-01
1.850515604019165039e-03 4.823103547096252441e-03 5.154935121536254883e-01
-1.513042300939559937e-02 1.713002100586891174e-02 4.543801546096801758e-01
-2.720231562852859497e-02 2.552437223494052887e-02 4.481975138187408447e-01
-2.629878371953964233e-02 2.113932743668556213e-02 5.068593025207519531e-01
-2.715230360627174377e-02 2.947669103741645813e-02 5.472422838211059570e-01
-1.284052431583404541e-02 2.597289718687534332e-02 4.999481439590454102e-01
-3.507129848003387451e-03 2.885538339614868164e-02 4.772358238697052002e-01
-1.352225989103317261e-02 2.465146966278553009e-02 4.518730938434600830e-01
-2.169388532638549805e-02 1.732817292213439941e-02 5.127838253974914551e-01
-1.035143435001373291e-02 2.433001995086669922e-03 5.713371038436889648e-01
1.756325364112854004e-03 -6.825178861618041992e-04 5.562712550163269043e-01
7.793098688125610352e-03 1.549720764160156250e-04 5.426928997039794922e-01
-6.080716848373413086e-04 4.144370555877685547e-03 5.114974379539489746e-01
-1.379668712615966797e-03 2.606511116027832031e-04 5.324609875679016113e-01
-9.696990251541137695e-03 6.440550088882446289e-03 5.350127816200256348e-01
-1.141771674156188965e-02 5.350008606910705566e-03 5.470418334007263184e-01
-5.686804652214050293e-03 4.076346755027770996e-03 5.253295302391052246e-01
6.496429443359375000e-03 6.605625152587890625e-03 4.630861282348632812e-01
5.916342139244079590e-03 7.587730884552001953e-03 4.345214962959289551e-01
4.705727100372314453e-03 1.033158600330352783e-02 4.677364230155944824e-01
-1.501560211181640625e-03 2.008430659770965576e-02 5.127378702163696289e-01
-3.959275782108306885e-03 2.219685912132263184e-02 5.721465945243835449e-01
-1.187941431999206543e-02 1.942245662212371826e-02 6.032233834266662598e-01
-7.441297173500061035e-03 1.687361299991607666e-02 6.266532540321350098e-01
-5.246371030807495117e-03 1.102435588836669922e-02 6.738368868827819824e-01
1.448929309844970703e-03 -3.065571188926696777e-03 6.976971030235290527e-01
-3.611668944358825684e-04 -1.089006662368774414e-02 7.599617838859558105e-01
-6.513431668281555176e-03 -4.303246736526489258e-03 8.424811959266662598e-01
-1.484394073486328125e-02 -3.646001219749450684e-03 9.161340594291687012e-01
-1.510319113731384277e-02 -3.164574503898620605e-03 9.009483456611633301e-01
-1.185064390301704407e-02 -4.153836518526077271e-03 8.603419065475463867e-01
-2.649326622486114502e-02 -1.207160949707031250e-02 7.992373704910278320e-01
-3.451923653483390808e-02 7.796026766300201416e-03 7.820881009101867676e-01
-2.410129457712173462e-02 8.056011050939559937e-03 7.098760008811950684e-01
-2.842096611857414246e-02 1.406948268413543701e-02 6.514979600906372070e-01
-1.603968068957328796e-02 3.274135291576385498e-03 6.871349215507507324e-01
-1.158168911933898926e-02 5.819905549287796021e-03 7.653714418411254883e-01
-1.993126794695854187e-02 2.480893954634666443e-02 6.669718623161315918e-01
-9.889520704746246338e-03 1.535328663885593414e-02 4.670428931713104248e-01
-7.939226925373077393e-03 5.053102970123291016e-03 5.331043004989624023e-01
-1.324028521776199341e-02 -8.073385804891586304e-03 6.486318111419677734e-01
-1.594454422593116760e-02 -2.432741224765777588e-03 6.318033337593078613e-01
-1.022314652800559998e-02 -5.313560366630554199e-03 5.046253204345703125e-01
-7.678966969251632690e-03 -2.485852688550949097e-03 5.034375786781311035e-01
-5.024470388889312744e-03 -3.566987812519073486e-03 4.912987947463989258e-01
2.999439835548400879e-03 -1.188252121210098267e-03 4.918246865272521973e-01
5.954056978225708008e-04 -1.361746340990066528e-03 4.900443553924560547e-01
-5.703717470169067383e-03 -4.522658884525299072e-03 4.848628342151641846e-01
-1.205073297023773193e-02 -2.052344381809234619e-03 4.798101186752319336e-01
-7.696531713008880615e-03 1.881040632724761963e-03 4.729137122631072998e-01
-2.109386026859283447e-03 3.352291882038116455e-03 4.810335934162139893e-01
-1.260183751583099365e-03 8.523181080818176270e-03 5.330169796943664551e-01
-4.392623901367187500e-03 1.357342675328254700e-02 5.412761569023132324e-01
-8.012298494577407837e-03 1.443101838231086731e-02 5.336852669715881348e-01
-6.465621292591094971e-03 1.230970397591590881e-02 4.897955656051635742e-01
-7.967427372932434082e-04 8.690539747476577759e-03 4.622593522071838379e-01
-2.915300428867340088e-03 1.114349439740180969e-02 4.770335555076599121e-01
-3.464266657829284668e-03 1.784415356814861298e-02 4.837445616722106934e-01
-3.486216068267822266e-03 2.273469790816307068e-02 4.840343296527862549e-01
-9.601064026355743408e-03 2.235163561999797821e-02 4.721579253673553467e-01
-8.031070232391357422e-03 1.975898630917072296e-02 4.245761334896087646e-01
-7.438063621520996094e-04 1.807053200900554657e-02 4.064408540725708008e-01
-9.573858231306076050e-03 3.024487197399139404e-02 4.172618389129638672e-01
-9.459566324949264526e-03 3.625147044658660889e-02 4.539769887924194336e-01
-7.197748869657516479e-03 3.837472200393676758e-02 4.763615727424621582e-01
-2.839826047420501709e-03 3.464502841234207153e-02 5.112404823303222656e-01
3.108851611614227295e-03 2.770904824137687683e-02 5.655397772789001465e-01
9.466908872127532959e-03 3.346755355596542358e-02 5.923441648483276367e-01
2.472437918186187744e-03 4.851577430963516235e-02 6.123897433280944824e-01
1.141531765460968018e-02 3.518621996045112610e-02 6.411164402961730957e-01
1.655341684818267822e-02 1.264761015772819519e-02 6.367230415344238281e-01
1.220478862524032593e-02 6.792921572923660278e-03 6.242432594299316406e-01
1.487627625465393066e-03 1.114568114280700684e-02 6.310099959373474121e-01
-1.482732594013214111e-02 2.175983786582946777e-02 6.529256105422973633e-01
-3.880336880683898926e-03 1.328635215759277344e-02 7.122061252593994141e-01
-1.246285438537597656e-02 1.384145021438598633e-02 6.383650302886962891e-01
-2.411756664514541626e-02 -8.041784167289733887e-03 6.582325100898742676e-01
-2.384701371192932129e-02 -1.478317379951477051e-02 8.362336158752441406e-01
-2.975878119468688965e-02 -8.717119693756103516e-03 8.922776579856872559e-01
-3.153869509696960449e-02 -1.158115267753601074e-02 7.049924731254577637e-01
-1.554443687200546265e-02 -2.090072631835937500e-02 7.940552234649658203e-01
-3.460685163736343384e-02 -1.081800460815429688e-02 8.431388735771179199e-01
-2.352833747863769531e-03 -2.749031782150268555e-02 8.943358063697814941e-01
-3.079064190387725830e-03 -2.711206674575805664e-02 8.946220278739929199e-01
-8.709669113159179688e-03 -1.915787160396575928e-02 8.717918992042541504e-01
-7.815603166818618774e-03 -1.931697130203247070e-02 8.785719871520996094e-01
-1.520499587059020996e-02 -2.120995521545410156e-02 8.763247132301330566e-01
-2.427073568105697632e-02 -2.433133125305175781e-02 8.689955472946166992e-01
-1.653280109167098999e-02 -2.722625434398651123e-02 8.747511506080627441e-01
-1.105697825551033020e-02 -2.607931196689605713e-02 8.521198034286499023e-01
-1.545742899179458618e-02 -2.578239142894744873e-02 8.058882355690002441e-01
-2.048082649707794189e-02 -2.375604212284088135e-02 7.572115659713745117e-01
-2.347590029239654541e-02 -2.022950351238250732e-02 7.592728734016418457e-01
-5.782000720500946045e-03 -1.730814576148986816e-02 8.508514165878295898e-01
1.451827585697174072e-03 -1.956987008452415466e-02 8.619710803031921387e-01
-7.391482591629028320e-03 -1.970725506544113159e-02 7.603465914726257324e-01
-8.997205644845962524e-03 -1.770418509840965271e-02 6.563323736190795898e-01
1.815780997276306152e-04 -1.304507255554199219e-02 6.347993612289428711e-01
-7.741227746009826660e-03 -2.761054784059524536e-03 6.204723119735717773e-01
-3.246277570724487305e-03 -1.194586604833602905e-02 6.213203668594360352e-01
1.260749995708465576e-03 -8.693270385265350342e-03 6.581026315689086914e-01
1.724410057067871094e-02 3.629211336374282837e-03 6.543126106262207031e-01
1.289492100477218628e-02 1.049933210015296936e-02 5.896960496902465820e-01
7.498942315578460693e-03 9.002920240163803101e-03 5.941541194915771484e-01
-7.391430437564849854e-03 3.201745450496673584e-03 6.199099421501159668e-01
-4.676550626754760742e-03 -6.446130573749542236e-03 7.001910805702209473e-01
-1.767176762223243713e-02 -1.033501327037811279e-02 8.871554732322692871e-01
1.439422369003295898e-02 -2.189044654369354248e-02 9.058803319931030273e-01
2.449870854616165161e-02 -2.254595607519149780e-02 8.459558486938476562e-01
1.353608071804046631e-02 -2.580091357231140137e-02 8.115534186363220215e-01
1.583100855350494385e-02 -2.384620159864425659e-02 7.751821279525756836e-01
1.724439859390258789e-02 -3.100526332855224609e-02 7.449797391891479492e-01
2.652220427989959717e-02 -3.255457431077957153e-02 6.588948965072631836e-01
3.533246368169784546e-02 -1.747524738311767578e-02 6.939263343811035156e-01
1.627065986394882202e-02 -1.612282544374465942e-02 8.081954717636108398e-01
2.224102616310119629e-03 -1.484509557485580444e-03 7.052773237228393555e-01
5.874633789062500000e-03 -1.218240708112716675e-03 6.092407703399658203e-01
1.040785014629364014e-02 -1.448098942637443542e-02 5.968140959739685059e-01
1.037215441465377808e-02 -1.804156601428985596e-02 5.905186533927917480e-01
-4.989728331565856934e-03 -1.426905021071434021e-02 5.588942766189575195e-01
1.578618586063385010e-02 -1.638196036219596863e-02 5.516394376754760742e-01
1.351828128099441528e-02 -1.817480847239494324e-02 4.830480813980102539e-01
-9.753659367561340332e-03 -2.548749744892120361e-02 3.508729934692382812e-01
-2.137099951505661011e-02 -2.469606697559356689e-02 2.683009505271911621e-01
-2.107009291648864746e-02 -3.137534856796264648e-02 3.205856680870056152e-01
-2.841190621256828308e-02 -2.965362370014190674e-02 4.177911579608917236e-01
-3.619946911931037903e-02 -1.897142454981803894e-02 4.211287796497344971e-01
-4.469837993383407593e-02 3.200508654117584229e-04 4.542904794216156006e-01
-4.758418351411819458e-02 6.364099681377410889e-03 5.273166298866271973e-01
-4.251015558838844299e-02 1.951693370938301086e-02 5.679075121879577637e-01
-4.217484593391418457e-02 1.714162901043891907e-02 5.611552596092224121e-01
-5.350360646843910217e-02 1.460730656981468201e-02 5.268720388412475586e-01
-4.008032381534576416e-02 1.083708554506301880e-02 4.772693812847137451e-01
-3.852763772010803223e-02 7.752865552902221680e-03 4.892610311508178711e-01
-2.919687703251838684e-02 -1.208933815360069275e-02 4.404962658882141113e-01
-3.281921520829200745e-02 -2.953118085861206055e-02 4.044483006000518799e-01
-4.320377856492996216e-02 1.145972311496734619e-02 5.458008050918579102e-01
-3.723458945751190186e-02 1.596330851316452026e-02 6.844776272773742676e-01
-4.713094979524612427e-02 3.011833876371383667e-03 7.367795109748840332e-01
-3.253806382417678833e-02 -2.543285489082336426e-02 8.282279968261718750e-01
-1.553965732455253601e-02 -2.949665486812591553e-02 9.352957010269165039e-01
-1.799628138542175293e-03 -2.626961469650268555e-02 9.778133034706115723e-01
-3.179013729095458984e-04 -2.286429703235626221e-02 9.765228629112243652e-01
-5.457043647766113281e-03 -2.558752894401550293e-02 9.441130757331848145e-01
-8.514627814292907715e-03 -2.497684955596923828e-02 9.741083979606628418e-01
-1.779136061668395996e-02 -2.003946900367736816e-02 1.004603862762451172e+00
-2.381987869739532471e-02 -1.915442943572998047e-02 9.916014075279235840e-01
-1.735354959964752197e-02 -2.633449435234069824e-02 9.730523228645324707e-01
-1.923000812530517578e-02 -2.990397810935974121e-02 9.797654747962951660e-01
-2.228401601314544678e-02 -3.018224239349365234e-02 1.039131164550781250e+00
-2.653703838586807251e-02 -1.366269588470458984e-02 1.092868685722351074e+00
-2.441848814487457275e-02 -1.256002485752105713e-02 1.174084901809692383e+00
-2.625285089015960693e-02 -1.310166716575622559e-02 1.209374785423278809e+00
-3.099709749221801758e-02 -2.562464773654937744e-02 1.223047733306884766e+00
-2.594663202762603760e-02 -3.555764257907867432e-02 1.245361924171447754e+00
-2.657941728830337524e-02 -3.254229575395584106e-02 1.227901697158813477e+00
-2.177882939577102661e-02 -5.312401801347732544e-02 1.210573315620422363e+00
-1.597673445940017700e-02 -5.578550696372985840e-02 1.175326466560363770e+00
-1.333581656217575073e-02 -5.552490800619125366e-02 1.123166918754577637e+00
-1.372287049889564514e-02 -5.401868373155593872e-02 1.155527830123901367e+00
-1.972764730453491211e-02 -4.696668684482574463e-02 1.148472666740417480e+00
-2.129865065217018127e-02 -4.160741716623306274e-02 1.128583788871765137e+00
-1.985561102628707886e-02 -3.832301497459411621e-02 1.113113403320312500e+00
2.525180578231811523e-03 -3.936287760734558105e-02 1.070860981941223145e+00
2.711176872253417969e-03 -2.625936269760131836e-02 1.071120381355285645e+00
-1.177509874105453491e-02 -2.476125955581665039e-02 1.098327755928039551e+00
-4.420302808284759521e-03 -3.343704342842102051e-02 1.101354956626892090e+00
-2.639405429363250732e-03 -3.427049517631530762e-02 1.112886309623718262e+00
-4.642516374588012695e-03 -4.730208218097686768e-02 1.165448427200317383e+00
-4.332035779953002930e-03 -5.184793472290039062e-02 1.125914335250854492e+00
-1.093449443578720093e-02 -4.752988368272781372e-02 1.084207534790039062e+00
-1.830531284213066101e-02 -3.433819115161895752e-02 1.118627548217773438e+00
-2.414913475513458252e-02 -3.174029290676116943e-02 1.159025192260742188e+00
-2.084073424339294434e-02 -4.090343415737152100e-02 1.174023985862731934e+00
-2.464615553617477417e-02 -3.002285212278366089e-02 1.112682580947875977e+00
-1.908772438764572144e-02 -2.867790311574935913e-02 1.091918468475341797e+00
-2.245523408055305481e-02 -3.834769129753112793e-02 1.148897290229797363e+00
-1.158363744616508484e-02 -4.076156765222549438e-02 1.192746281623840332e+00
-1.246206462383270264e-03 -4.533196985721588135e-02 1.187620997428894043e+00
-1.738043874502182007e-02 -4.053328186273574829e-02 1.179442524909973145e+00
-2.656335756182670593e-02 -3.695736825466156006e-02 1.160920381546020508e+00
-1.572009548544883728e-02 -2.890123426914215088e-02 1.141889333724975586e+00
-9.582914412021636963e-03 -2.939973026514053345e-02 1.206097006797790527e+00
-9.748060256242752075e-03 -3.977657854557037354e-02 1.278184056282043457e+00
-4.850596189498901367e-03 -3.897741436958312988e-02 1.267107605934143066e+00
-8.910335600376129150e-03 -3.336914628744125366e-02 1.249999046325683594e+00
-1.724253222346305847e-02 -3.073985874652862549e-02 1.248933196067810059e+00
-2.326558530330657959e-02 -2.671043574810028076e-02 1.254974484443664551e+00
-1.926630735397338867e-02 -3.012324869632720947e-02 1.206245422363281250e+00
-5.582008510828018188e-03 -2.718670666217803955e-02 1.095346570014953613e+00
2.782516181468963623e-03 -2.072436362504959106e-02 1.007325053215026855e+00
1.159943640232086182e-03 -2.184309810400009155e-02 9.867339730262756348e-01
-4.380308091640472412e-03 -2.592403441667556763e-02 1.067060947418212891e+00
-5.705110728740692139e-03 -2.613174170255661011e-02 1.177025437355041504e+00
3.419898450374603271e-03 -2.423180639743804932e-02 1.223151326179504395e+00
8.192643523216247559e-03 -2.406586706638336182e-02 1.251871466636657715e+00
1.941683888435363770e-02 -2.217346429824829102e-02 1.249693870544433594e+00
2.195229381322860718e-02 -2.457599341869354248e-02 1.214735269546508789e+00
6.653487682342529297e-03 -3.049076348543167114e-02 1.170028686523437500e+00
3.858678042888641357e-03 -3.157413750886917114e-02 1.165202617645263672e+00
1.958930492401123047e-02 -3.383600711822509766e-02 1.166035294532775879e+00
1.065427064895629883e-02 -2.271854132413864136e-02 1.183455228805541992e+00
5.935296416282653809e-03 -2.042803168296813965e-02 1.187330722808837891e+00
1.771003007888793945e-04 -2.938412129878997803e-02 1.208425402641296387e+00
8.531190454959869385e-03 -3.341445326805114746e-02 1.239821076393127441e+00
-3.317780792713165283e-03 -2.923028171062469482e-02 1.251015067100524902e+00
3.006525337696075439e-03 -2.200919389724731445e-02 1.227394700050354004e+00
8.557319641113281250e-03 -1.012655347585678101e-02 1.185509085655212402e+00
1.850590109825134277e-03 -9.083725512027740479e-03 1.165378451347351074e+00
4.705399274826049805e-03 -1.165450364351272583e-02 1.162903547286987305e+00
7.723093032836914062e-03 -1.405299454927444458e-02 1.178960084915161133e+00
1.310012489557266235e-02 -2.371788024902343750e-02 1.211133360862731934e+00
-7.953934371471405029e-03 -1.712955534458160400e-02 1.202609419822692871e+00
-9.117890149354934692e-03 -2.889296412467956543e-02 1.094565868377685547e+00
-1.487292349338531494e-02 -1.621893048286437988e-02 1.045274257659912109e+00
-1.453509926795959473e-02 -2.271880954504013062e-02 1.133725166320800781e+00
-1.443429291248321533e-02 -2.308361232280731201e-02 1.167733192443847656e+00
-1.565857976675033569e-02 -2.025976777076721191e-02 1.163915514945983887e+00
-9.511172771453857422e-03 -1.916451007127761841e-02 1.185946106910705566e+00
-1.358532905578613281e-02 -1.382898539304733276e-02 1.202320456504821777e+00
-2.849093079566955566e-02 -1.331215724349021912e-02 1.235717654228210449e+00
-2.557348087430000305e-02 -1.951254159212112427e-02 1.274541616439819336e+00
-2.890686690807342529e-02 -9.818006306886672974e-03 1.217164993286132812e+00
-1.695402339100837708e-02 -1.806026697158813477e-02 1.065849304199218750e+00
-1.424068585038185120e-02 -2.296178042888641357e-02 1.074058175086975098e+00
-1.736593618988990784e-02 -2.878469228744506836e-02 1.072073936462402344e+00
-1.493444666266441345e-02 -2.809043228626251221e-02 1.093504190444946289e+00
2.208843827247619629e-03 -2.530079334974288940e-02 1.126721262931823730e+00
-9.308181703090667725e-03 -7.842905819416046143e-03 1.137064814567565918e+00
-1.176975294947624207e-02 -6.247077137231826782e-03 1.125489234924316406e+00
-1.246293634176254272e-02 -7.458351552486419678e-03 1.154326438903808594e+00
-1.281719654798507690e-02 -7.072314620018005371e-03 1.162793517112731934e+00
-1.571400091052055359e-02 -6.960239261388778687e-03 1.181984066963195801e+00
-1.460315659642219543e-02 -2.108497917652130127e-02 1.198948264122009277e+00
-1.957104355096817017e-02 -2.465596795082092285e-02 1.251731991767883301e+00
-1.797902584075927734e-02 -1.013281196355819702e-02 1.284611463546752930e+00
-2.448442205786705017e-02 -3.770813345909118652e-03 1.235541224479675293e+00
-2.818574011325836182e-02 -1.171630248427391052e-02 1.198339343070983887e+00
-2.927428856492042542e-02 -2.757555246353149414e-02 1.197081565856933594e+00
-2.156038954854011536e-02 -1.984098553657531738e-02 1.194606184959411621e+00
-2.281393110752105713e-02 -1.744683086872100830e-02 1.199825525283813477e+00
-1.967070624232292175e-02 -1.620855927467346191e-02 1.200927019119262695e+00
-1.559464260935783386e-02 -1.795571669936180115e-02 1.201078057289123535e+00
-1.880797371268272400e-02 -1.537350565195083618e-02 1.210197448730468750e+00
-2.128092199563980103e-02 -1.001536101102828979e-02 1.203856348991394043e+00
-2.679869532585144043e-02 -1.314387097954750061e-02 1.196914911270141602e+00
-2.320555597543716431e-02 -7.140055298805236816e-03 1.145124077796936035e+00
-1.409920677542686462e-02 -1.590399816632270813e-02 1.137737631797790527e+00
-5.730375647544860840e-03 -2.553675323724746704e-02 1.185595273971557617e+00
1.044876873493194580e-03 -2.797347307205200195e-02 1.237641930580139160e+00
4.195421934127807617e-05 -2.901882678270339966e-02 1.233685016632080078e+00
-2.567991614341735840e-04 -3.234104067087173462e-02 1.191192865371704102e+00
2.809263765811920166e-03 -3.487909585237503052e-02 1.108181953430175781e+00
2.747438848018646240e-03 -2.621619403362274170e-02 1.031060814857482910e+00
3.508754074573516846e-03 -3.382351249456405640e-02 1.059601545333862305e+00
-7.003620266914367676e-03 -3.250539302825927734e-02 1.075084328651428223e+00
-1.174235343933105469e-02 -3.814518451690673828e-02 1.127550244331359863e+00
-2.456900477409362793e-02 -5.559621006250381470e-02 1.137655615806579590e+00
-2.210419252514839172e-02 -7.383725792169570923e-02 1.124649882316589355e+00
-1.803831383585929871e-02 -5.244674533605575562e-02 1.088262915611267090e+00
4.831999540328979492e-03 -4.897653311491012573e-02 1.086035847663879395e+00
5.803585052490234375e-03 -5.179574340581893921e-02 1.079190850257873535e+00
1.047778129577636719e-02 -5.599214136600494385e-02 1.046798229217529297e+00
4.772156476974487305e-03 -5.211626738309860229e-02 1.082627296447753906e+00
-1.097664237022399902e-03 -4.643677175045013428e-02 1.137992739677429199e+00
-1.378983259201049805e-03 -4.452082514762878418e-02 1.152863025665283203e+00
2.545669674873352051e-03 -4.586561024188995361e-02 1.189186334609985352e+00
8.011512458324432373e-03 -4.817904531955718994e-02 1.189396619796752930e+00
1.256301999092102051e-02 -5.328039824962615967e-02 1.181079387664794922e+00
4.919476807117462158e-03 -5.263775587081909180e-02 1.193064093589782715e+00
-6.109312176704406738e-03 -4.482468962669372559e-02 1.213548779487609863e+00
-1.187677681446075439e-02 -4.129362106323242188e-02 1.223612904548645020e+00
-1.118971407413482666e-02 -3.900598734617233276e-02 1.194853782653808594e+00
-2.764850854873657227e-03 -3.726718574762344360e-02 1.166014313697814941e+00
4.536747932434082031e-03 -3.674186766147613525e-02 1.153161883354187012e+00
8.920855820178985596e-03 -3.391182422637939453e-02 1.133826375007629395e+00
3.135681152343750000e-03 -2.638725936412811279e-02 1.093648433685302734e+00
-4.853814840316772461e-03 -2.309520542621612549e-02 1.082180619239807129e+00
-8.872136473655700684e-03 -2.655947208404541016e-02 1.106283187866210938e+00
-1.601539552211761475e-03 -3.128501772880554199e-02 1.104313611984252930e+00
1.211087405681610107e-02 -3.066898882389068604e-02 1.052678585052490234e+00
1.484550535678863525e-02 -2.867528796195983887e-02 1.005752801895141602e+00
1.189975440502166748e-02 -3.060624003410339355e-02 9.697131514549255371e-01
6.970942020416259766e-03 -3.875873982906341553e-02 1.004158377647399902e+00
-5.156740546226501465e-03 -4.158569127321243286e-02 1.117748260498046875e+00
-1.803786307573318481e-02 -3.446073830127716064e-02 1.164235711097717285e+00
-1.358939334750175476e-02 -4.338839650154113770e-02 1.181888222694396973e+00
-2.011358737945556641e-03 -5.679469555616378784e-02 1.140709877014160156e+00
4.816614091396331787e-03 -5.362220108509063721e-02 1.102059245109558105e+00
1.086505502462387085e-02 -5.206283926963806152e-02 1.072242259979248047e+00
1.429535448551177979e-02 -5.758262425661087036e-02 1.049984097480773926e+00
4.956573247909545898e-03 -5.555961281061172485e-02 1.074322104454040527e+00
-1.159275323152542114e-02 -5.813074111938476562e-02 1.128670215606689453e+00
-2.321603149175643921e-02 -5.260623991489410400e-02 1.140108227729797363e+00
-3.650404140353202820e-02 -4.008948057889938354e-02 1.139491796493530273e+00
-2.703133970499038696e-02 -2.727459371089935303e-02 1.178428053855895996e+00
-2.129757776856422424e-02 -1.374097540974617004e-02 1.204861402511596680e+00
-8.822813630104064941e-03 -2.905359119176864624e-02 1.137694001197814941e+00
1.324231922626495361e-02 -2.578492462635040283e-02 9.811318516731262207e-01
1.417125016450881958e-02 -2.277503162622451782e-02 8.319182395935058594e-01
1.191613823175430298e-02 -2.092450857162475586e-02 8.246566057205200195e-01
1.167363673448562622e-02 -1.733096316456794739e-02 8.749883174896240234e-01
8.381605148315429688e-03 -1.469390094280242920e-02 8.538343906402587891e-01
1.063647866249084473e-02 -1.573549956083297729e-02 8.908410668373107910e-01
1.152264326810836792e-02 -2.526450902223587036e-02 9.282020330429077148e-01
1.416824758052825928e-02 -3.422484546899795532e-02 9.393449425697326660e-01
7.357455790042877197e-03 -3.455877304077148438e-02 1.005515575408935547e+00
-1.438949629664421082e-02 -2.379935979843139648e-02 1.026462316513061523e+00
-1.479983329772949219e-03 -1.745951175689697266e-02 1.008554935455322266e+00
1.029133796691894531e-02 -2.390754222869873047e-02 1.121554017066955566e+00
9.411066770553588867e-03 -3.051707893610000610e-02 1.113861083984375000e+00
9.790800511837005615e-03 -3.257960081100463867e-02 1.039207935333251953e+00
5.769573152065277100e-03 -2.521315962076187134e-02 9.979991316795349121e-01
2.140298485755920410e-02 -2.453175187110900879e-02 9.705842733383178711e-01
1.995871216058731079e-02 -1.524800434708595276e-02 9.513620734214782715e-01
2.150501310825347900e-02 -1.154404506087303162e-02 9.752515554428100586e-01
7.593348622322082520e-03 -1.628488302230834961e-02 1.038736820220947266e+00
-2.165737375617027283e-02 8.628830313682556152e-03 9.923135638236999512e-01
-2.295780554413795471e-02 -3.564219921827316284e-03 8.211095929145812988e-01
-1.463629305362701416e-03 -1.237855106592178345e-02 8.114836812019348145e-01
6.170719861984252930e-03 -1.540615409612655640e-02 8.339694142341613770e-01
1.656774431467056274e-02 -2.943027019500732422e-02 8.903120756149291992e-01
2.212446928024291992e-02 -2.813742309808731079e-02 9.510170817375183105e-01
1.544705778360366821e-02 -2.382991462945938110e-02 1.012875199317932129e+00
1.101388782262802124e-02 -2.313392609357833862e-02 1.094614863395690918e+00
4.984632134437561035e-03 -2.434495091438293457e-02 1.142422318458557129e+00
2.332173287868499756e-03 -2.142547816038131714e-02 1.140287518501281738e+00
-2.509348094463348389e-03 -1.795992255210876465e-02 1.179233193397521973e+00
-1.022650301456451416e-02 -1.594504714012145996e-02 1.173444509506225586e+00
-9.296789765357971191e-03 -9.545773267745971680e-03 1.148995637893676758e+00
-6.961390376091003418e-03 -9.528100490570068359e-03 1.164957404136657715e+00
-1.306578516960144043e-03 -1.433008909225463867e-02 1.174903512001037598e+00
2.800345420837402344e-03 -1.745864748954772949e-02 1.167361497879028320e+00
-1.721084117889404297e-04 -1.906225085258483887e-02 1.129132032394409180e+00
2.937763929367065430e-04 -1.627057790756225586e-02 1.100347638130187988e+00
-5.267038941383361816e-03 -1.529005169868469238e-02 1.069087743759155273e+00
-4.481285810470581055e-03 -1.267409324645996094e-02 1.065965175628662109e+00
-4.995100200176239014e-03 -1.452857255935668945e-02 1.117512345314025879e+00
-7.620304822921752930e-03 -1.150003075599670410e-02 1.118743658065795898e+00
-2.531394362449645996e-03 -1.934950053691864014e-02 1.085696578025817871e+00
-2.795010805130004883e-04 -3.277366608381271362e-02 1.025098562240600586e+00
5.013525485992431641e-03 -2.038282901048660278e-02 1.033306479454040527e+00
-7.916700094938278198e-03 -2.488622814416885376e-02 1.100129485130310059e+00
-1.292705535888671875e-02 -2.259239554405212402e-02 1.046202063560485840e+00
8.181914687156677246e-03 -2.815316617488861084e-02 1.112880229949951172e+00
-4.621252417564392090e-03 -2.224042266607284546e-02 1.154262423515319824e+00
-3.489429876208305359e-02 -1.781293004751205444e-02 1.171874642372131348e+00
-9.702488780021667480e-03 -2.101776748895645142e-02 1.143880367279052734e+00
5.222246050834655762e-03 -2.375428378582000732e-02 1.122261762619018555e+00
1.386880874633789062e-02 -3.184384107589721680e-02 1.132432341575622559e+00
6.399996578693389893e-03 -4.269311577081680298e-02 1.131912708282470703e+00
-7.917135953903198242e-04 -4.797064512968063354e-02 1.076756715774536133e+00
-5.406811833381652832e-03 -4.547088593244552612e-02 1.077597498893737793e+00
-5.931004881858825684e-03 -3.634312003850936890e-02 1.036490678787231445e+00
-1.090222597122192383e-02 -2.344973385334014893e-02 1.065943360328674316e+00
-9.163692593574523926e-03 -2.212264388799667358e-02 1.059904813766479492e+00
-4.487961530685424805e-03 -3.221201151609420776e-02 1.125440597534179688e+00
-1.016353443264961243e-02 -2.944660931825637817e-02 1.106322407722473145e+00
-7.299482822418212891e-04 -3.700241446495056152e-02 1.110798597335815430e+00
3.046214580535888672e-03 -3.780290484428405762e-02 1.140291690826416016e+00
7.723294198513031006e-03 -3.992831707000732422e-02 1.116802692413330078e+00
-7.795944809913635254e-03 -2.518814057111740112e-02 1.073599696159362793e+00
2.067542821168899536e-02 -2.967951446771621704e-02 1.111387133598327637e+00
1.642075926065444946e-02 -2.622302621603012085e-02 1.051146388053894043e+00
-4.733979701995849609e-03 -2.411829680204391479e-02 1.157060146331787109e+00
-1.492766290903091431e-02 -4.063071310520172119e-02 1.136736512184143066e+00
1.398529112339019775e-02 -6.087975949048995972e-02 1.053503990173339844e+00
-1.832097768783569336e-05 -5.555821955204010010e-02 9.917581677436828613e-01
1.727178692817687988e-03 -4.805498570203781128e-02 1.002680182456970215e+00
1.873068511486053467e-03 -2.962158620357513428e-02 9.782916307449340820e-01
-7.415391504764556885e-03 -2.203761786222457886e-02 1.000260472297668457e+00
-1.319739967584609985e-02 -3.694641590118408203e-02 1.068321585655212402e+00
-6.208922713994979858e-03 -4.616022109985351562e-02 1.159508109092712402e+00
-1.280545443296432495e-02 -4.898442327976226807e-02 1.193313598632812500e+00
-8.845232427120208740e-03 -4.454193264245986938e-02 1.161032915115356445e+00
-1.482905074954032898e-02 -3.948766738176345825e-02 1.150573849678039551e+00
2.786397933959960938e-03 -4.219315946102142334e-02 1.141861915588378906e+00
7.948644459247589111e-03 -4.166804254055023193e-02 1.175520539283752441e+00
-8.714783936738967896e-03 -3.472977876663208008e-02 1.166967988014221191e+00
-1.659662276506423950e-02 -3.003475815057754517e-02 1.112459421157836914e+00
-9.396806359291076660e-03 -3.435698896646499634e-02 1.052616000175476074e+00
-6.093617528676986694e-03 -2.712576836347579956e-02 1.064465403556823730e+00
-3.171265125274658203e-03 -3.036814928054809570e-02 1.078119874000549316e+00
-1.111907884478569031e-02 -2.503319829702377319e-02 1.075208187103271484e+00
-3.361000865697860718e-02 -2.517486363649368286e-02 1.067244172096252441e+00
-2.756717056035995483e-02 -2.615366131067276001e-02 1.135379552841186523e+00
-3.332961723208427429e-02 -2.685023099184036255e-02 1.198491811752319336e+00
-4.114420711994171143e-02 -1.774585247039794922e-02 1.084825277328491211e+00
-2.385612949728965759e-02 -2.347798645496368408e-02 1.005725979804992676e+00
-4.878886044025421143e-03 -4.446114599704742432e-02 1.028377294540405273e+00
3.430843353271484375e-04 -4.636741429567337036e-02 1.052497625350952148e+00
5.901373922824859619e-03 -4.054483771324157715e-02 1.068755626678466797e+00
1.269561052322387695e-02 -3.986944258213043213e-02 1.056045174598693848e+00
-1.781295612454414368e-02 -4.163293540477752686e-02 1.127650737762451172e+00
-2.230346202850341797e-03 -5.547981709241867065e-02 1.233627915382385254e+00
-2.781927585601806641e-03 -4.354947805404663086e-02 1.106449961662292480e+00
-1.600874587893486023e-02 -4.143725335597991943e-02 1.025061488151550293e+00
-5.063161253929138184e-03 -5.394695699214935303e-02 9.534221291542053223e-01
-1.005004718899726868e-02 -2.515431493520736694e-02 9.541491866111755371e-01
-1.752509549260139465e-02 -9.897634387016296387e-03 1.027406692504882812e+00
-2.334647253155708313e-02 -1.442931592464447021e-02 1.081792473793029785e+00
-1.611187681555747986e-02 -2.971183508634567261e-02 1.099410653114318848e+00
-5.502529442310333252e-03 -3.147260099649429321e-02 1.102324724197387695e+00
-1.211144030094146729e-03 -3.171339631080627441e-02 1.131681084632873535e+00
-9.899593889713287354e-03 -2.585279941558837891e-02 1.138822197914123535e+00
-2.101438865065574646e-02 -2.642794698476791382e-02 1.114331841468811035e+00
-1.992822438478469849e-02 -2.543888986110687256e-02 1.051615118980407715e+00
-1.399115100502967834e-02 -2.547080814838409424e-02 1.006304860115051270e+00
-2.180272340774536133e-02 -2.130077779293060303e-02 1.070586562156677246e+00
-1.854360848665237427e-02 -2.376382052898406982e-02 1.040731787681579590e+00
-1.529119163751602173e-02 -2.456967532634735107e-02 9.956882596015930176e-01
-1.526549085974693298e-02 -1.705674827098846436e-02 9.802070856094360352e-01
-1.656079664826393127e-02 -1.010594516992568970e-02 1.061168789863586426e+00
-2.171910554170608521e-02 -1.224072277545928955e-02 1.127707600593566895e+00
-1.657460629940032959e-02 -2.182783186435699463e-02 1.137432098388671875e+00
-1.547633484005928040e-02 -2.029072493314743042e-02 1.116856813430786133e+00
-8.083544671535491943e-03 -2.529086917638778687e-02 1.025799632072448730e+00
-1.616930589079856873e-02 -2.872817963361740112e-02 1.004294276237487793e+00
-1.447779312729835510e-02 -2.361017465591430664e-02 1.037369966506958008e+00
-4.853218793869018555e-03 -2.322965860366821289e-02 9.966353774070739746e-01
1.856625080108642578e-03 -2.774827182292938232e-02 9.838876724243164062e-01
4.522964358329772949e-03 -2.438637614250183105e-02 1.032954573631286621e+00
-3.356717526912689209e-03 -1.724521070718765259e-02 1.074752092361450195e+00
-2.025707438588142395e-02 -2.042484283447265625e-02 1.129272818565368652e+00
-1.874306797981262207e-02 -2.122519165277481079e-02 1.084919095039367676e+00
-3.148366883397102356e-02 -2.262000739574432373e-02 1.071542501449584961e+00
-2.377514913678169250e-02 -1.483286917209625244e-02 1.064772725105285645e+00
-2.505373209714889526e-02 -1.697832345962524414e-02 1.032169342041015625e+00
-2.170345187187194824e-02 -2.519198507070541382e-02 1.058176279067993164e+00
-2.431067824363708496e-02 -3.144124895334243774e-02 1.116404056549072266e+00
-2.103976905345916748e-02 -3.146722912788391113e-02 1.164977669715881348e+00
-1.285542175173759460e-02 -2.832584083080291748e-02 1.155304551124572754e+00
-1.670909672975540161e-02 -2.930131554603576660e-02 1.162848591804504395e+00
-3.358154743909835815e-02 -3.320507705211639404e-02 1.155881166458129883e+00
-2.725654467940330505e-02 -4.449520260095596313e-02 1.063735842704772949e+00
-3.870282322168350220e-02 -4.236090928316116333e-02 1.026551961898803711e+00
-3.834284096956253052e-02 -3.159628808498382568e-02 1.040439248085021973e+00
3.096342086791992188e-03 -3.608109056949615479e-02 9.826592206954956055e-01
7.247082889080047607e-03 -4.493860900402069092e-02 1.044630050659179688e+00
-2.208395674824714661e-02 -3.765749931335449219e-02 1.130213975906372070e+00
-3.203985840082168579e-02 -2.390459924936294556e-02 1.147663354873657227e+00
-1.735794544219970703e-02 -3.177729994058609009e-02 1.086743474006652832e+00
-1.041531190276145935e-02 -3.637415170669555664e-02 1.056185126304626465e+00
-2.028656750917434692e-02 -1.649573817849159241e-02 1.053845643997192383e+00
-1.328772678971290588e-02 -2.053099870681762695e-02 1.148196578025817871e+00
-1.701960712671279907e-02 -1.241575926542282104e-02 1.129777550697326660e+00
-3.424814343452453613e-02 -1.452307030558586121e-02 1.102943181991577148e+00
-1.684196665883064270e-02 -2.688138186931610107e-02 1.052393674850463867e+00
-1.269885897636413574e-02 -3.013624995946884155e-02 9.842326641082763672e-01
-8.243218064308166504e-03 -2.628577500581741333e-02 9.779505729675292969e-01
-2.084761857986450195e-03 -2.002883702516555786e-02 9.715680480003356934e-01
-3.172516822814941406e-03 -1.378325745463371277e-02 9.653970599174499512e-01
-6.716303527355194092e-03 -1.340274140238761902e-02 9.876148104667663574e-01
-5.474030971527099609e-03 -4.755001515150070190e-02 1.027107238769531250e+00
-1.334714516997337341e-02 -4.042346030473709106e-02 1.042335271835327148e+00
-7.645133882761001587e-03 -2.528741210699081421e-02 9.728285670280456543e-01
-1.410415023565292358e-02 -8.331716060638427734e-03 1.025068283081054688e+00
-1.303645968437194824e-02 -1.568977534770965576e-02 1.033474326133728027e+00
-2.830643579363822937e-02 -1.312770694494247437e-02 1.012232184410095215e+00
-9.202070534229278564e-03 -7.859855890274047852e-03 9.835306406021118164e-01
-2.577587962150573730e-03 -1.339270174503326416e-02 1.038510441780090332e+00
-3.408834338188171387e-03 -1.721256971359252930e-02 1.047304272651672363e+00
-6.011627614498138428e-03 -1.625379920005798340e-02 1.056342482566833496e+00
-1.243849098682403564e-02 -1.955263316631317139e-02 1.106346368789672852e+00
-1.065589487552642822e-02 -2.416552603244781494e-02 1.112535834312438965e+00
-1.046896725893020630e-02 -2.364619076251983643e-02 1.097155094146728516e+00
-1.774848625063896179e-02 -2.304359525442123413e-02 1.109137654304504395e+00
-1.711121574044227600e-02 -2.499822527170181274e-02 1.103274941444396973e+00
-1.441980153322219849e-02 -2.994478493928909302e-02 1.075072050094604492e+00
-1.456075906753540039e-02 -3.522266447544097900e-02 1.066597580909729004e+00
-2.476893365383148193e-03 -3.598535060882568359e-02 1.041943430900573730e+00
-1.152776181697845459e-03 -3.379434347152709961e-02 1.029143929481506348e+00
-1.457121968269348145e-02 -2.540826052427291870e-02 1.053295254707336426e+00
-1.906999200582504272e-02 -1.614272594451904297e-02 1.087893366813659668e+00
-1.183206588029861450e-02 -1.727015897631645203e-02 1.127210140228271484e+00
-2.270042896270751953e-04 -2.029188722372055054e-02 1.177527070045471191e+00
-7.235012948513031006e-03 -2.841646224260330200e-02 1.173852324485778809e+00
1.030907034873962402e-03 -2.141227573156356812e-02 1.134453177452087402e+00
-1.796633005142211914e-04 -1.574633643031120300e-02 1.053267359733581543e+00
-1.999210193753242493e-02 -2.953975647687911987e-02 1.086872100830078125e+00
-1.603585481643676758e-02 -3.651218861341476440e-02 1.133837223052978516e+00
-1.534017547965049744e-02 -3.324446082115173340e-02 1.132434844970703125e+00
-2.305264398455619812e-02 -2.857391536235809326e-02 1.118178009986877441e+00
-2.964346110820770264e-02 -2.627948671579360962e-02 1.082741022109985352e+00
-2.105298638343811035e-02 -2.586253732442855835e-02 1.060876369476318359e+00
-7.097091525793075562e-03 -2.855949103832244873e-02 1.093144416809082031e+00
-1.539736986160278320e-03 -3.078336268663406372e-02 1.110119342803955078e+00
-2.454049885272979736e-03 -3.443247079849243164e-02 1.079565048217773438e+00
-3.559432923793792725e-03 -2.654535323381423950e-02 1.030778884887695312e+00
-8.994143456220626831e-03 -2.585752308368682861e-02 1.043093562126159668e+00
-1.521496474742889404e-02 -3.077735006809234619e-02 1.122979640960693359e+00
-1.572182774543762207e-02 -2.943354845046997070e-02 1.163189649581909180e+00
-1.191263273358345032e-02 -2.285117655992507935e-02 1.140233993530273438e+00
-4.822477698326110840e-03 -1.930908486247062683e-02 1.156638145446777344e+00
1.425988972187042236e-03 -2.290537953376770020e-02 1.169985651969909668e+00
-3.525622189044952393e-03 -3.505624830722808838e-02 1.174286723136901855e+00
-1.142334565520286560e-02 -4.306562244892120361e-02 1.180350899696350098e+00
-2.313265949487686157e-02 -4.721830040216445923e-02 1.197701692581176758e+00
1.641000062227249146e-02 -5.230499804019927979e-02 1.158795833587646484e+00
3.008928894996643066e-02 -4.084278643131256104e-02 1.114879012107849121e+00
4.905713349580764771e-02 -3.804642707109451294e-02 1.140073418617248535e+00
4.367612302303314209e-02 -4.722773283720016479e-02 1.174582481384277344e+00
1.831562072038650513e-02 -3.341493010520935059e-02 1.127523422241210938e+00
2.340056002140045166e-02 -4.139859229326248169e-02 1.001794934272766113e+00
1.710711419582366943e-02 -3.144834935665130615e-02 9.740358591079711914e-01
3.596730530261993408e-03 -4.320316016674041748e-02 9.562102556228637695e-01
1.697085797786712646e-03 -4.497870057821273804e-02 9.950446486473083496e-01
2.155220508575439453e-02 -2.700637280941009521e-02 8.688223361968994141e-01
-3.746226429939270020e-04 -1.330212131142616272e-02 7.472974061965942383e-01
-1.470552012324333191e-02 -1.002367958426475525e-02 6.857978105545043945e-01
-1.972986012697219849e-02 -1.692821830511093140e-02 7.030004262924194336e-01
-1.713014394044876099e-02 -2.404965460300445557e-02 6.312991976737976074e-01
-3.380852565169334412e-02 -3.229645639657974243e-02 5.592558979988098145e-01
-2.093978226184844971e-02 -2.962146699428558350e-02 6.130614876747131348e-01
3.155581653118133545e-03 -3.823637217283248901e-02 7.177158594131469727e-01
1.750320196151733398e-03 1.309293694794178009e-02 7.611848115921020508e-01
-8.245881646871566772e-03 2.431279048323631287e-02 6.962177157402038574e-01
-9.473681449890136719e-03 7.968883961439132690e-03 7.227864265441894531e-01
-8.047483861446380615e-03 -1.658670604228973389e-03 8.006201386451721191e-01
-2.094526216387748718e-02 -8.584532886743545532e-03 8.153801560401916504e-01
-1.700508594512939453e-02 -1.550543680787086487e-02 7.468331456184387207e-01
2.920866012573242188e-03 -2.453108876943588257e-02 6.861608624458312988e-01
-1.760479062795639038e-02 1.610815525054931641e-04 6.615968942642211914e-01
-1.973672211170196533e-02 1.416109502315521240e-03 6.403276920318603516e-01
-2.975623309612274170e-02 7.838539779186248779e-03 6.703708767890930176e-01
-2.239340543746948242e-02 -6.786681711673736572e-03 7.964735627174377441e-01
1.635462045669555664e-03 -1.247608661651611328e-02 8.356600403785705566e-01
-6.535947322845458984e-03 1.419305801391601562e-03 6.720322966575622559e-01
-4.923462867736816406e-03 -4.369974136352539062e-03 6.400341391563415527e-01
-5.042895674705505371e-03 -2.551372349262237549e-02 6.882531046867370605e-01
1.074664294719696045e-02 -2.615016698837280273e-02 6.334362030029296875e-01
1.887749135494232178e-02 -2.226933836936950684e-02 6.551658511161804199e-01
-7.726863026618957520e-03 3.448218107223510742e-03 7.954331636428833008e-01
-6.105467677116394043e-03 -5.698844790458679199e-03 8.793390393257141113e-01
-5.829647183418273926e-03 -1.157480478286743164e-02 8.577398657798767090e-01
-7.056966423988342285e-03 -2.744704484939575195e-03 7.346841692924499512e-01
2.767764031887054443e-03 9.880065917968750000e-04 7.017049789428710938e-01
1.528492569923400879e-02 -2.435854077339172363e-02 6.583960652351379395e-01
-1.095569133758544922e-02 -1.496349275112152100e-02 7.406572699546813965e-01
-8.095219731330871582e-03 1.008251309394836426e-02 7.466142177581787109e-01
4.539713263511657715e-03 1.034915447235107422e-03 6.270712614059448242e-01
-1.088155806064605713e-02 7.241070270538330078e-04 6.905515193939208984e-01
-1.594818383455276489e-02 1.447763666510581970e-02 7.832659482955932617e-01
8.695647120475769043e-04 1.217813044786453247e-02 7.360426783561706543e-01
3.100953996181488037e-03 2.521365880966186523e-03 6.463497877120971680e-01
-1.149502769112586975e-02 -2.445768564939498901e-03 5.410363078117370605e-01
-1.248448342084884644e-02 -1.055064424872398376e-02 5.714662075042724609e-01
1.728796958923339844e-02 -1.905503123998641968e-02 7.538774013519287109e-01
1.606266200542449951e-02 -1.734114065766334534e-02 7.623735070228576660e-01
1.849994063377380371e-03 -1.614641398191452026e-02 7.210994958877563477e-01
-8.541718125343322754e-04 -1.353222876787185669e-02 6.755855679512023926e-01
1.182057708501815796e-02 -3.634922206401824951e-03 7.827982902526855469e-01
-2.200685441493988037e-03 3.361139446496963501e-03 8.199730515480041504e-01
-6.091594696044921875e-05 -3.953751176595687866e-03 8.442828059196472168e-01
1.446155458688735962e-02 -5.750175565481185913e-03 8.548738360404968262e-01
1.291685551404953003e-02 -7.365860044956207275e-03 8.466786146163940430e-01
7.311806082725524902e-03 -7.193770259618759155e-03 8.626965880393981934e-01
4.953101277351379395e-03 -1.382444798946380615e-02 8.697295188903808594e-01
-4.387483000755310059e-03 -5.344636738300323486e-03 8.560277223587036133e-01
-4.634261131286621094e-06 -2.858631312847137451e-03 7.661573290824890137e-01
4.287600517272949219e-03 5.077358335256576538e-03 6.526457667350769043e-01
1.318636536598205566e-02 -1.392785459756851196e-03 6.108342409133911133e-01
-5.008064210414886475e-03 -3.776844590902328491e-03 6.129912137985229492e-01
-1.742171496152877808e-02 -1.000236347317695618e-02 6.144711971282958984e-01
-1.161183044314384460e-02 -1.529106870293617249e-02 6.191295385360717773e-01
-9.106900542974472046e-03 7.724389433860778809e-04 7.310460209846496582e-01
-5.324609577655792236e-03 8.147694170475006104e-03 8.498433232307434082e-01
-2.966672182083129883e-03 3.316622227430343628e-03 8.809086680412292480e-01
3.339864313602447510e-03 1.952048391103744507e-03 7.972747683525085449e-01
1.274468004703521729e-02 1.054521650075912476e-03 7.283592820167541504e-01
5.440965294837951660e-03 7.176600396633148193e-03 6.736842393875122070e-01
-4.800491034984588623e-03 8.511394262313842773e-03 6.103599667549133301e-01
-1.329062879085540771e-02 -1.044435054063796997e-02 6.001031994819641113e-01
-1.659483462572097778e-02 -2.098131924867630005e-02 6.341465115547180176e-01
-1.414153724908828735e-02 -1.889235153794288635e-02 7.370232939720153809e-01
-2.402611076831817627e-03 -1.242105290293693542e-02 7.779794931411743164e-01
2.387017011642456055e-03 8.900091052055358887e-04 7.771376371383666992e-01
8.395425975322723389e-03 8.231647312641143799e-03 7.719986438751220703e-01
1.340583711862564087e-02 1.303709298372268677e-02 7.998986840248107910e-01
1.757968962192535400e-02 1.130785420536994934e-02 8.078576326370239258e-01
-1.535989344120025635e-03 -1.460163667798042297e-02 7.009323239326477051e-01
-1.484293118119239807e-02 -1.898337528109550476e-02 6.440101861953735352e-01
-1.324063912034034729e-02 -2.592897415161132812e-02 7.696993350982666016e-01
1.772030442953109741e-02 -2.779719978570938110e-02 7.361132502555847168e-01
8.355990052223205566e-03 -2.138873934745788574e-02 6.782848238945007324e-01
6.379976868629455566e-03 -2.222180366516113281e-02 7.117598652839660645e-01
1.160798966884613037e-02 -1.795965433120727539e-02 8.145119547843933105e-01
2.492776513099670410e-02 -1.542012393474578857e-02 8.485958576202392578e-01
1.176553964614868164e-02 -1.054978370666503906e-02 7.798301577568054199e-01
-1.639465242624282837e-02 -2.012518048286437988e-02 8.852459788322448730e-01
-2.456215769052505493e-02 -1.900100708007812500e-02 9.746120572090148926e-01
3.942981362342834473e-03 -2.174694836139678955e-02 8.002549409866333008e-01
3.645163774490356445e-02 -2.601820230484008789e-02 7.880846858024597168e-01
3.167349100112915039e-02 -8.492156863212585449e-03 8.241605162620544434e-01
3.256155550479888916e-02 -9.580701589584350586e-03 8.185490965843200684e-01
2.152486145496368408e-02 -4.446357488632202148e-04 8.274242281913757324e-01
3.443913906812667847e-02 -8.536919951438903809e-03 7.750317454338073730e-01
1.093746721744537354e-02 -1.017220318317413330e-02 7.030054926872253418e-01
3.025396168231964111e-02 -2.063992619514465332e-02 6.416333913803100586e-01
3.368352353572845459e-02 -1.144203543663024902e-02 5.940989851951599121e-01
2.532748878002166748e-02 -2.000790834426879883e-02 5.873985886573791504e-01
1.835241913795471191e-03 -1.914192736148834229e-02 5.934595465660095215e-01
-2.966716885566711426e-03 -1.929230988025665283e-02 5.760188698768615723e-01
-1.077726483345031738e-03 -6.794899702072143555e-03 6.535957455635070801e-01
7.926657795906066895e-03 -5.339682102203369141e-03 6.943742632865905762e-01
1.485468447208404541e-02 -2.425044775009155273e-03 6.805830597877502441e-01
3.186765313148498535e-02 -5.440365523099899292e-03 6.873402595520019531e-01
1.742327213287353516e-02 -6.195515394210815430e-03 6.528183817863464355e-01
-2.082982286810874939e-02 -4.135146737098693848e-03 5.845542550086975098e-01
-1.652654632925987244e-02 -2.617394924163818359e-02 5.635778307914733887e-01
-8.012752979993820190e-03 -1.821891218423843384e-02 5.700649619102478027e-01
5.719736218452453613e-03 -1.529242843389511108e-02 5.410750508308410645e-01
2.281920611858367920e-02 -3.663465380668640137e-03 6.154787540435791016e-01
2.904867380857467651e-02 -1.090857386589050293e-02 7.122260332107543945e-01
2.746241539716720581e-02 -7.535081356763839722e-03 7.226949930191040039e-01
1.829045265913009644e-02 -6.072863936424255371e-03 7.668831944465637207e-01
7.622554898262023926e-03 -1.150336489081382751e-02 7.333346009254455566e-01
2.138893306255340576e-02 -2.259358018636703491e-02 7.859995365142822266e-01
1.946905255317687988e-02 -2.844989299774169922e-02 6.900858879089355469e-01
1.484087854623794556e-02 -1.255760714411735535e-02 6.132426261901855469e-01
1.381730288267135620e-02 2.679739147424697876e-03 6.203130483627319336e-01
-8.063837885856628418e-04 7.119145244359970093e-03 6.281086206436157227e-01
1.496516913175582886e-02 -1.244725286960601807e-02 7.286354899406433105e-01
3.962071239948272705e-02 -2.930528670549392700e-02 8.166779875755310059e-01
1.815995573997497559e-02 -1.637608185410499573e-02 7.456663846969604492e-01
5.997538566589355469e-03 -1.206290349364280701e-02 7.369097471237182617e-01
1.793754100799560547e-02 -1.710879430174827576e-02 7.659032344818115234e-01
1.404511183500289917e-02 -2.483630925416946411e-02 7.677496075630187988e-01
6.947435438632965088e-03 6.227105855941772461e-03 6.978538632392883301e-01
7.346093654632568359e-03 8.243352174758911133e-03 6.740729212760925293e-01
1.143485307693481445e-02 -4.377268254756927490e-03 6.717040538787841797e-01
6.628967821598052979e-03 -7.871460169553756714e-03 7.084642052650451660e-01
1.426838338375091553e-03 -1.017730683088302612e-02 7.641077637672424316e-01
-7.940061390399932861e-03 -1.028794795274734497e-02 8.213975429534912109e-01
6.049051880836486816e-04 -1.129950210452079773e-02 7.969268560409545898e-01
1.185221970081329346e-02 -4.081539809703826904e-03 7.886213660240173340e-01
1.717767864465713501e-02 2.820357680320739746e-03 7.112667560577392578e-01
6.835184991359710693e-03 2.547863870859146118e-03 5.785264968872070312e-01
1.897729933261871338e-03 -1.555851474404335022e-02 5.801270604133605957e-01
4.805482923984527588e-03 -2.808436006307601929e-02 5.599702000617980957e-01
7.038481533527374268e-03 -1.454705372452735901e-02 5.797408819198608398e-01
5.494616925716400146e-03 -3.904111683368682861e-03 5.933066606521606445e-01
1.651048660278320312e-02 -3.191109746694564819e-03 5.605205297470092773e-01
2.191743254661560059e-02 9.228259325027465820e-03 5.919383764266967773e-01
3.101652860641479492e-02 7.572434842586517334e-03 6.098586320877075195e-01
4.221075028181076050e-02 -4.931271076202392578e-03 6.358246207237243652e-01
1.685269176959991455e-02 -1.172788441181182861e-02 6.184486746788024902e-01
-3.098279237747192383e-03 -1.840085536241531372e-02 6.001115441322326660e-01
-6.939910352230072021e-03 -9.135603904724121094e-03 5.470300316810607910e-01
-1.854158937931060791e-03 -2.915918827056884766e-03 5.142633318901062012e-01
1.073954999446868896e-02 -6.354048848152160645e-03 5.840229392051696777e-01
1.932175457477569580e-02 5.072891712188720703e-03 6.565652489662170410e-01
2.508093416690826416e-02 5.291551351547241211e-03 6.435444355010986328e-01
3.014691174030303955e-02 -1.395672559738159180e-03 5.806828141212463379e-01
1.844441890716552734e-02 -1.573204994201660156e-03 8.040997385978698730e-01
7.644250988960266113e-03 -6.306931376457214355e-03 8.797082304954528809e-01
1.179450750350952148e-02 -7.185146212577819824e-03 9.530022144317626953e-01
1.878684759140014648e-02 -1.642836630344390869e-02 9.269363284111022949e-01
1.968264579772949219e-03 -4.461765289306640625e-03 7.749332189559936523e-01
-2.054265141487121582e-02 1.534523069858551025e-02 6.859202384948730469e-01
-1.194353401660919189e-02 4.504561424255371094e-03 7.212199568748474121e-01
-8.120328187942504883e-03 3.828555345535278320e-03 7.734888195991516113e-01
-1.144479215145111084e-02 9.791851043701171875e-04 7.914224863052368164e-01
-1.305502653121948242e-02 -1.709853112697601318e-02 7.338394522666931152e-01
-1.571359112858772278e-02 -7.610231637954711914e-03 6.714462637901306152e-01
-9.605664759874343872e-03 -1.539351046085357666e-02 7.190063595771789551e-01
-1.240305975079536438e-02 -1.748476177453994751e-02 8.331066370010375977e-01
-1.125822961330413818e-02 -1.673769205808639526e-02 8.678507804870605469e-01
-2.315667271614074707e-02 -2.160932868719100952e-02 7.476174235343933105e-01
-2.878865599632263184e-02 -2.268416434526443481e-02 8.677934408187866211e-01
-3.043591603636741638e-02 -9.160719811916351318e-03 9.531322121620178223e-01
-2.385240793228149414e-02 -1.433297991752624512e-02 9.925108551979064941e-01
-1.059085130691528320e-03 -1.847475022077560425e-02 9.926739335060119629e-01
-3.937855362892150879e-04 -1.623603329062461853e-02 1.092407107353210449e+00
-1.828243210911750793e-02 -3.000631183385848999e-02 1.101515054702758789e+00
-1.594857499003410339e-02 -2.878760546445846558e-02 1.048193573951721191e+00
-3.931835293769836426e-03 -3.045647591352462769e-02 1.113137602806091309e+00
-2.048552036285400391e-03 -3.469560295343399048e-02 1.122575521469116211e+00
-1.683090627193450928e-02 -3.709664940834045410e-02 1.070030570030212402e+00
-2.325288578867912292e-02 -3.126437962055206299e-02 9.964501261711120605e-01
-1.738767325878143311e-02 -3.272905200719833374e-02 9.773427248001098633e-01
-1.571085676550865173e-02 -2.712722867727279663e-02 9.791824221611022949e-01
-5.524195730686187744e-03 -2.530743926763534546e-02 1.009841680526733398e+00
2.966746687889099121e-04 -3.079780191183090210e-02 1.001393675804138184e+00
7.679909467697143555e-03 -3.692831099033355713e-02 9.874899387359619141e-01
6.002798676490783691e-03 -3.732702136039733887e-02 9.887496829032897949e-01
-6.451562047004699707e-03 -2.122775465250015259e-02 1.017727851867675781e+00
-4.954077303409576416e-03 -1.443095877766609192e-02 9.249907135963439941e-01
-1.470806449651718140e-02 -1.053398847579956055e-02 8.794851899147033691e-01
-1.562086120247840881e-02 7.450256496667861938e-03 7.539919614791870117e-01
-6.508160382509231567e-03 4.113178700208663940e-03 7.747048139572143555e-01
-3.808774054050445557e-03 1.140210777521133423e-03 7.823784947395324707e-01
-1.478851214051246643e-02 2.265810966491699219e-03 8.046885728836059570e-01
-2.527140080928802490e-02 -5.208663642406463623e-03 7.713838815689086914e-01
-2.714466303586959839e-02 -1.769155636429786682e-02 7.542877793312072754e-01
-9.459160268306732178e-03 -1.778177544474601746e-02 8.058488368988037109e-01
7.850751280784606934e-04 -1.607146114110946655e-03 7.805693745613098145e-01
2.207837998867034912e-03 5.191333591938018799e-03 7.910039424896240234e-01
-9.325146675109863281e-04 1.491012796759605408e-02 7.704743146896362305e-01
-1.083150506019592285e-03 7.282990962266921997e-03 7.068535685539245605e-01
1.407966017723083496e-03 -9.273998439311981201e-03 6.927367448806762695e-01
-2.583377063274383545e-03 -1.737177371978759766e-03 7.400692105293273926e-01
-4.499152302742004395e-03 1.097134873270988464e-02 7.815370559692382812e-01
-8.897643536329269409e-03 6.884984672069549561e-03 7.941176295280456543e-01
-2.357144653797149658e-02 8.565329015254974365e-03 8.064733743667602539e-01
-2.916527912020683289e-02 1.118667423725128174e-02 7.787517309188842773e-01
-2.575106918811798096e-03 5.773928016424179077e-03 8.327721953392028809e-01
1.092406362295150757e-02 -7.317982614040374756e-03 7.294974327087402344e-01
5.809262394905090332e-03 -1.150059327483177185e-02 7.155838012695312500e-01
1.338308304548263550e-02 -1.148342713713645935e-02 7.132654786109924316e-01
9.722962975502014160e-03 -3.808937966823577881e-03 7.777693271636962891e-01
1.354935020208358765e-02 -5.970049649477005005e-03 8.206961154937744141e-01
5.668595433235168457e-03 -9.394198656082153320e-03 7.523235678672790527e-01
-5.934506654739379883e-03 1.283988356590270996e-03 8.822596669197082520e-01
-1.420468091964721680e-03 -2.689644694328308105e-03 1.032354474067687988e+00
8.106201887130737305e-03 -1.678963005542755127e-02 9.730663299560546875e-01
-1.557078957557678223e-02 4.207685589790344238e-03 9.041197896003723145e-01
-2.258338779211044312e-02 -4.240319132804870605e-03 8.751665949821472168e-01
-2.320364117622375488e-02 -1.651293039321899414e-02 8.049270510673522949e-01
-2.305641025304794312e-02 -2.321098744869232178e-02 8.374179005622863770e-01
-3.010588884353637695e-02 -1.524803042411804199e-02 8.903266191482543945e-01
-3.822403401136398315e-02 -2.590507268905639648e-02 9.495389461517333984e-01
-2.687547355890274048e-02 -2.652607858180999756e-02 9.872270822525024414e-01
-3.322176635265350342e-03 -3.356886655092239380e-02 9.687081575393676758e-01
-1.308300346136093140e-02 -4.001043736934661865e-02 9.099006056785583496e-01
-1.909183338284492493e-02 -4.011111706495285034e-02 8.867450356483459473e-01
-1.522476971149444580e-02 -3.272657096385955811e-02 9.005040526390075684e-01
-1.939794421195983887e-02 -2.048240602016448975e-02 9.157331585884094238e-01
-1.775487512350082397e-02 -2.151748538017272949e-02 9.250642061233520508e-01
-1.501612365245819092e-02 -1.861133426427841187e-02 9.505056738853454590e-01
-1.582314074039459229e-02 -1.877775788307189941e-02 8.960076570510864258e-01
-9.231060743331909180e-03 -2.489762008190155029e-02 8.774489164352416992e-01
-1.707302033901214600e-02 -2.039624005556106567e-02 8.718610405921936035e-01
-1.641109585762023926e-02 -1.899822801351547241e-02 8.881759643554687500e-01
-1.756835356354713440e-02 -2.201440185308456421e-02 8.794872164726257324e-01
-1.861683651804924011e-02 -2.134797722101211548e-02 8.553833365440368652e-01
-1.747772097587585449e-02 -1.748418435454368591e-02 8.485234379768371582e-01
-1.442638039588928223e-02 -1.530135422945022583e-02 8.549725413322448730e-01
-1.276219263672828674e-02 -1.468794792890548706e-02 8.571869134902954102e-01
-1.076189056038856506e-02 -1.482192799448966980e-02 8.655180335044860840e-01
-8.066665381193161011e-03 -1.650529354810714722e-02 8.726223707199096680e-01
-6.007745862007141113e-03 -1.740760728716850281e-02 8.620541691780090332e-01
-5.445152521133422852e-03 -1.789245754480361938e-02 8.440246582031250000e-01
-4.238300025463104248e-03 -1.525947824120521545e-02 8.459624648094177246e-01
3.776475787162780762e-04 -1.447033509612083435e-02 8.771566748619079590e-01
9.299069643020629883e-05 -1.642773672938346863e-02 9.169716835021972656e-01
-1.310616731643676758e-03 -1.958579942584037781e-02 9.426040649414062500e-01
-3.614723682403564453e-04 -1.941161230206489563e-02 9.618059992790222168e-01
-1.941807568073272705e-03 -1.916223764419555664e-02 9.536740779876708984e-01
-9.166043251752853394e-03 -1.867717131972312927e-02 9.601863026618957520e-01
-1.115527749061584473e-02 -2.063063532114028931e-02 1.001522421836853027e+00
-7.237277925014495850e-03 -1.882134750485420227e-02 1.031981706619262695e+00
-3.041006624698638916e-03 -1.809650287032127380e-02 1.010532140731811523e+00
-1.397036761045455933e-02 -2.063910663127899170e-02 1.042538046836853027e+00
-1.961632817983627319e-02 -2.457807958126068115e-02 1.086637139320373535e+00
-1.841340586543083191e-02 -3.019464761018753052e-02 1.090848803520202637e+00
-2.359936013817787170e-02 -2.449060976505279541e-02 1.061054110527038574e+00
-2.549020573496818542e-02 -1.801940053701400757e-02 1.023790955543518066e+00
-1.845407485961914062e-02 -1.064762473106384277e-02 9.597076177597045898e-01
-1.198416575789451599e-02 -1.387866586446762085e-02 9.381621479988098145e-01
-9.913239628076553345e-03 -1.690889149904251099e-02 9.241484403610229492e-01
-1.340540498495101929e-02 -1.359386369585990906e-02 9.050823450088500977e-01
-2.124912664294242859e-02 -1.667736098170280457e-02 8.964891433715820312e-01
-8.324544876813888550e-03 -2.023244649171829224e-02 9.772402048110961914e-01
-5.209743976593017578e-04 -1.923083513975143433e-02 1.032938241958618164e+00
-1.940801739692687988e-03 -2.623400837182998657e-02 1.051020264625549316e+00
-1.080308109521865845e-02 -3.180630505084991455e-02 1.029720306396484375e+00
-1.779443398118019104e-02 -3.068224340677261353e-02 9.574497938156127930e-01
-1.431273296475410461e-02 -2.984730899333953857e-02 9.107058048248291016e-01
-1.364910602569580078e-02 -2.902715653181076050e-02 8.348444700241088867e-01
-2.550126612186431885e-02 -2.371260523796081543e-02 8.813056349754333496e-01
-2.452769130468368530e-02 -1.889711618423461914e-02 9.450735449790954590e-01
-1.501591876149177551e-02 -1.363271847367286682e-02 9.497703909873962402e-01
-5.725473165512084961e-03 -1.979411393404006958e-02 1.001877188682556152e+00
1.178016513586044312e-02 -2.127145975828170776e-02 1.061501860618591309e+00
8.348539471626281738e-03 -1.716272160410881042e-02 1.047894239425659180e+00
-5.334943532943725586e-03 -2.806320041418075562e-02 1.022580265998840332e+00
-1.320721954107284546e-02 -4.116825759410858154e-02 9.609879851341247559e-01
-9.696453809738159180e-03 -3.737579286098480225e-02 8.492513895034790039e-01
-7.184945046901702881e-03 -3.707572817802429199e-02 8.290085196495056152e-01
-7.131114602088928223e-03 -3.827670216560363770e-02 8.325061202049255371e-01
-7.164634764194488525e-03 -3.408589959144592285e-02 8.794807791709899902e-01
-1.076350361108779907e-02 -2.919918298721313477e-02 9.044139981269836426e-01
-9.170576930046081543e-03 -3.422576189041137695e-02 9.299779534339904785e-01
7.796198129653930664e-03 -3.642794489860534668e-02 9.859080910682678223e-01
1.427903771400451660e-02 -3.017497062683105469e-02 1.003056287765502930e+00
-2.908319234848022461e-03 -2.229937165975570679e-02 9.310925006866455078e-01
-2.841302752494812012e-02 -3.560929745435714722e-02 9.109713435173034668e-01
-3.767433390021324158e-02 -2.971722185611724854e-02 8.185742497444152832e-01
-2.507691085338592529e-02 -2.264922857284545898e-02 8.118187189102172852e-01
-2.136243879795074463e-02 -1.664918661117553711e-02 8.163107633590698242e-01
-1.335230469703674316e-02 -1.771613955497741699e-02 9.006952047348022461e-01
-1.432995498180389404e-02 -2.557400614023208618e-02 8.270424604415893555e-01
-2.226623147726058960e-02 -2.980467677116394043e-02 7.250913977622985840e-01
-2.618223428726196289e-02 -2.447953820228576660e-02 7.064346075057983398e-01
-3.702477365732192993e-02 -2.160213887691497803e-02 8.261674046516418457e-01
-4.597368091344833374e-02 -2.710244804620742798e-02 9.097831249237060547e-01
-3.519768267869949341e-02 -2.793611586093902588e-02 9.703086018562316895e-01
-3.569152578711509705e-02 -2.441282570362091064e-02 9.510999917984008789e-01
-4.775725677609443665e-02 -1.744269952178001404e-02 8.267144560813903809e-01
-2.184282243251800537e-02 -1.259649544954299927e-02 8.139914274215698242e-01
-3.875670582056045532e-02 -8.074127137660980225e-03 7.872219681739807129e-01
-4.998806118965148926e-02 -3.341529518365859985e-03 8.528761267662048340e-01
-4.060213267803192139e-02 -2.989560365676879883e-03 9.187857508659362793e-01
-3.521192073822021484e-02 -9.505365043878555298e-03 9.321091771125793457e-01
-2.772861719131469727e-02 -1.740270480513572693e-02 9.240660667419433594e-01
-1.524999737739562988e-03 -2.964657545089721680e-02 8.478075265884399414e-01
-1.589052379131317139e-03 -2.785916626453399658e-02 8.326365351676940918e-01
-1.412546634674072266e-02 -1.938417553901672363e-02 8.260135650634765625e-01
-9.359780699014663696e-03 -1.239798218011856079e-02 8.124675750732421875e-01
-8.212953805923461914e-03 -1.633491367101669312e-02 7.905086278915405273e-01
-1.448035985231399536e-02 -1.068432256579399109e-02 8.116061687469482422e-01
-1.140847802162170410e-02 -9.245004504919052124e-03 8.472410440444946289e-01
-7.104195654392242432e-03 -1.352160051465034485e-02 9.361808300018310547e-01
-9.694941341876983643e-03 -1.957787945866584778e-02 9.671489596366882324e-01
-2.502147480845451355e-02 -8.496649563312530518e-03 8.866516947746276855e-01
-2.879123389720916748e-02 -1.586282625794410706e-02 8.772383928298950195e-01
-6.782937794923782349e-03 -2.652353048324584961e-02 8.502840399742126465e-01
1.427283883094787598e-02 -2.087063342332839966e-02 7.831537127494812012e-01
1.322304457426071167e-02 -1.634635776281356812e-02 8.199346065521240234e-01
-5.213692784309387207e-03 2.122085541486740112e-03 8.652365207672119141e-01
-7.154569029808044434e-04 1.166021637618541718e-02 8.023766875267028809e-01
-1.271143555641174316e-03 1.371796987950801849e-02 7.127200365066528320e-01
2.025067806243896484e-05 7.090445607900619507e-03 5.926324725151062012e-01
-1.939108595252037048e-02 1.599673368036746979e-02 4.749491214752197266e-01
-2.829296141862869263e-02 2.861665561795234680e-02 4.691692292690277100e-01
-2.460058405995368958e-02 2.201646193861961365e-02 4.836755394935607910e-01
-2.145181968808174133e-02 3.000976331532001495e-02 5.260637402534484863e-01
-1.180541515350341797e-02 3.234751522541046143e-02 5.318146347999572754e-01
-9.543959051370620728e-03 2.459919080138206482e-02 5.209935307502746582e-01
-1.468527689576148987e-02 1.449174620211124420e-02 6.076723337173461914e-01
-7.457703351974487305e-03 5.994852632284164429e-03 6.592347621917724609e-01
5.846895277500152588e-03 6.333954632282257080e-03 6.507980823516845703e-01
6.864249706268310547e-03 5.252905189990997314e-03 5.845793485641479492e-01
-2.918206155300140381e-03 6.932377815246582031e-03 5.809274315834045410e-01
-6.467036902904510498e-03 3.694698214530944824e-03 5.623742938041687012e-01
-4.722706973552703857e-03 1.463957130908966064e-03 5.083237290382385254e-01
2.158947288990020752e-03 1.161038875579833984e-03 4.453340172767639160e-01
6.106786429882049561e-03 9.376976639032363892e-03 3.819271326065063477e-01
-1.084841787815093994e-03 1.157689094543457031e-02 3.799355626106262207e-01
5.985312163829803467e-03 1.062324643135070801e-02 4.375736117362976074e-01
6.542541086673736572e-03 9.424239397048950195e-03 5.514033436775207520e-01
-4.215300083160400391e-03 1.168714463710784912e-02 6.147738099098205566e-01
-1.302726566791534424e-02 1.774564385414123535e-02 6.067622900009155273e-01
-1.074257493019104004e-02 1.757206022739410400e-02 5.967218279838562012e-01
-6.057187914848327637e-03 7.557854056358337402e-03 6.313861608505249023e-01
-6.117254495620727539e-03 -1.104354858398437500e-03 7.061533331871032715e-01
-7.124841213226318359e-03 4.044428467750549316e-03 8.197963833808898926e-01
-1.782642304897308350e-02 3.238499164581298828e-03 8.829903602600097656e-01
-2.735094726085662842e-02 6.461918354034423828e-03 8.443128466606140137e-01
-1.338134706020355225e-02 3.886491060256958008e-03 7.902879714965820312e-01
3.580406308174133301e-03 -1.140391826629638672e-02 7.813890576362609863e-01
-4.861846566200256348e-03 -7.266968488693237305e-03 7.973273396492004395e-01
-2.856981754302978516e-02 1.866728067398071289e-02 6.932870149612426758e-01
-4.404425621032714844e-03 1.293793320655822754e-03 5.312284231185913086e-01
-6.494730710983276367e-03 5.284056067466735840e-03 6.659567356109619141e-01
-3.404140472412109375e-03 1.142393052577972412e-02 6.438748240470886230e-01
-4.385605454444885254e-03 9.944856166839599609e-03 5.399211049079895020e-01
-4.672721028327941895e-03 1.096516847610473633e-02 5.221581459045410156e-01
-1.656576991081237793e-03 2.822905778884887695e-03 5.635421276092529297e-01
-1.193089783191680908e-02 3.070473670959472656e-03 5.791583657264709473e-01
-9.902849793434143066e-03 -7.579535245895385742e-03 5.440676808357238770e-01
-8.193388581275939941e-03 -6.333541125059127808e-03 4.764825403690338135e-01
-7.279518991708755493e-03 -7.607698440551757812e-03 4.775774776935577393e-01
-5.049258470535278320e-05 -1.931793987751007080e-03 4.698553085327148438e-01
2.901412546634674072e-03 -9.532868862152099609e-04 4.717072546482086182e-01
-4.781670868396759033e-03 -2.538137137889862061e-03 5.149318575859069824e-01
-1.071067899465560913e-02 -2.422034740447998047e-03 4.808175861835479736e-01
-6.296776235103607178e-03 2.972278743982315063e-03 4.740150868892669678e-01
-2.209767699241638184e-04 3.478687256574630737e-03 4.802424609661102295e-01
3.367990255355834961e-03 6.673030555248260498e-03 5.247002840042114258e-01
3.804691135883331299e-03 1.055970415472984314e-02 5.478330254554748535e-01
1.777239143848419189e-03 1.239267736673355103e-02 5.581966042518615723e-01
3.094241023063659668e-03 1.205682381987571716e-02 5.076004266738891602e-01
9.111851453781127930e-03 6.583608686923980713e-03 4.880648255348205566e-01
4.981279373168945312e-03 1.100579649209976196e-02 5.098099112510681152e-01
1.764953136444091797e-03 1.641053520143032074e-02 5.188661813735961914e-01
6.096526980400085449e-03 1.356014236807823181e-02 5.047302246093750000e-01
3.867574036121368408e-03 1.652324013411998749e-02 4.628376364707946777e-01
9.155772626399993896e-03 1.171328872442245483e-02 4.750317037105560303e-01
1.082405447959899902e-03 1.818639598786830902e-02 5.241518616676330566e-01
-3.934212028980255127e-03 3.229613974690437317e-02 5.489708781242370605e-01
-4.409618675708770752e-03 3.529464825987815857e-02 5.488025546073913574e-01
-1.316748559474945068e-03 3.002956137061119080e-02 5.478461980819702148e-01
9.890183806419372559e-03 2.472133189439773560e-02 6.185827255249023438e-01
1.729314774274826050e-02 3.464335948228836060e-02 6.759175062179565430e-01
1.658521592617034912e-02 3.046892769634723663e-02 6.597060561180114746e-01
1.202876865863800049e-02 2.041715756058692932e-02 6.713799238204956055e-01
1.157142221927642822e-03 1.591892540454864502e-02 6.764006018638610840e-01
-1.336636021733283997e-02 2.501542493700981140e-02 6.649011969566345215e-01
-1.031398773193359375e-03 1.813337393105030060e-02 6.679763793945312500e-01
4.739142954349517822e-03 2.612844109535217285e-04 7.195703983306884766e-01
-7.987990975379943848e-03 4.188671708106994629e-03 6.347202658653259277e-01
-2.244232222437858582e-02 -1.339461281895637512e-02 6.564581990242004395e-01
-2.477275580167770386e-02 -1.794882118701934814e-02 7.817793488502502441e-01
-3.916937857866287231e-02 -1.072486490011215210e-02 7.015270590782165527e-01
-3.263540938496589661e-02 -1.375130936503410339e-02 7.056778669357299805e-01
-3.304944559931755066e-02 -1.459729671478271484e-02 7.973462939262390137e-01
-5.210347473621368408e-03 -2.794907987117767334e-02 8.626989126205444336e-01
2.064138650894165039e-03 -2.952759712934494019e-02 9.028949737548828125e-01
9.945720434188842773e-03 -2.827936410903930664e-02 8.929631114006042480e-01
1.123382896184921265e-02 -2.290455251932144165e-02 8.759874701499938965e-01
9.259551763534545898e-03 -2.366793900728225708e-02 8.561111092567443848e-01
1.021664589643478394e-02 -1.677634194493293762e-02 8.637186288833618164e-01
9.363219141960144043e-03 -1.903112605214118958e-02 8.620384931564331055e-01
1.136226952075958252e-02 -2.216497063636779785e-02 8.566171526908874512e-01
2.199235558509826660e-02 -2.105353772640228271e-02 9.059743285179138184e-01
2.072031795978546143e-02 -1.062870025634765625e-02 9.580567479133605957e-01
1.444187015295028687e-02 -1.119083538651466370e-02 9.946501851081848145e-01
1.090749353170394897e-02 -1.530615240335464478e-02 1.000875830650329590e+00
1.297699660062789917e-02 -1.796190440654754639e-02 9.871489405632019043e-01
1.100774109363555908e-02 -2.012513577938079834e-02 9.603247046470642090e-01
8.592434227466583252e-03 -1.844658702611923218e-02 9.384458661079406738e-01
2.539455890655517578e-03 -1.478100940585136414e-02 9.274777173995971680e-01
-4.294723272323608398e-03 -1.427093148231506348e-02 8.932097554206848145e-01
-7.078256458044052124e-03 -1.316406577825546265e-02 8.764464259147644043e-01
