4.559250548481941223e-03 -2.942561730742454529e-02 7.299497723579406738e-01
-4.402453545480966568e-03 -2.418527752161026001e-02 7.475341558456420898e-01
-1.283659413456916809e-02 -2.213233523070812225e-02 7.695405483245849609e-01
-2.195077203214168549e-02 -1.871177181601524353e-02 7.755857110023498535e-01
-2.705576270818710327e-02 -1.650593988597393036e-02 7.295309901237487793e-01
-3.158849477767944336e-02 -1.786676235496997833e-02 6.791148185729980469e-01
-3.430655598640441895e-02 -2.284680306911468506e-02 6.364218592643737793e-01
-2.359861508011817932e-02 -1.702149026095867157e-02 5.830276608467102051e-01
-2.912812866270542145e-02 -1.951071061193943024e-02 5.730255246162414551e-01
-4.714623093605041504e-02 -2.438045851886272430e-02 6.064922213554382324e-01
-6.216036155819892883e-02 -2.389055676758289337e-02 6.238033175468444824e-01
-9.591512382030487061e-02 -1.524247787892818451e-02 6.705146431922912598e-01
-1.369407773017883301e-01 -1.331952400505542755e-02 7.473880052566528320e-01
-1.599716246128082275e-01 -2.037956379354000092e-02 7.899737954139709473e-01
-1.704665422439575195e-01 -3.492527827620506287e-02 7.499604225158691406e-01
-1.739542186260223389e-01 -4.796561226248741150e-02 7.071841359138488770e-01
-2.150025218725204468e-01 -4.118296876549720764e-02 7.229593396186828613e-01
-2.522770762443542480e-01 -1.410146057605743408e-02 7.043619155883789062e-01
-2.980514466762542725e-01 -1.077658031135797501e-03 7.121476531028747559e-01
-3.353204727172851562e-01 1.072392100468277931e-03 7.699730992317199707e-01
-4.025884270668029785e-01 -1.336720958352088928e-02 8.683009147644042969e-01
-4.493808746337890625e-01 -2.526394277811050415e-02 8.787703514099121094e-01
-4.630545377731323242e-01 -2.835673466324806213e-02 7.783709764480590820e-01
-4.518787860870361328e-01 -1.208060421049594879e-02 6.731783151626586914e-01
-3.792954087257385254e-01 7.704530376940965652e-03 5.280500650405883789e-01
-4.005545079708099365e-01 1.289123576134443283e-02 5.123082399368286133e-01
-4.304500520229339600e-01 3.916983492672443390e-03 4.986756443977355957e-01
-4.595423936843872070e-01 -1.152429357171058655e-02 4.440194666385650635e-01
-4.201749265193939209e-01 -2.480099722743034363e-02 3.504079282283782959e-01
-4.614678621292114258e-01 -4.228731244802474976e-02 3.762803375720977783e-01
-4.904927015304565430e-01 2.182206511497497559e-02 3.355327248573303223e-01
-5.449456572532653809e-01 -2.205581404268741608e-03 2.944266796112060547e-01
-6.989580988883972168e-01 6.920286454260349274e-03 3.675789535045623779e-01
-8.685038089752197266e-01 1.713855750858783722e-02 3.946369290351867676e-01
-8.545355200767517090e-01 1.847887784242630005e-02 3.211031854152679443e-01
-9.204676747322082520e-01 2.412696182727813721e-02 2.768531739711761475e-01
-9.884309768676757812e-01 1.990029960870742798e-02 2.446486800909042358e-01
-9.886460304260253906e-01 1.883824169635772705e-02 2.041482329368591309e-01
-9.610486626625061035e-01 1.935885101556777954e-02 1.554236710071563721e-01
-8.987073302268981934e-01 7.803635671734809875e-03 1.101714968681335449e-01
-8.471561670303344727e-01 8.533820509910583496e-03 7.237158715724945068e-02
-8.073377013206481934e-01 1.128751318901777267e-02 3.765643388032913208e-02
-8.322494029998779297e-01 9.730791673064231873e-03 1.432054303586483002e-02
-8.553408384323120117e-01 7.889341562986373901e-03 3.206020221114158630e-03
-8.594613075256347656e-01 9.661840274930000305e-03 -1.162266358733177185e-02
-8.610055446624755859e-01 6.079962477087974548e-03 -2.928160689771175385e-02
-8.245178461074829102e-01 -2.673521637916564941e-03 -3.841023147106170654e-02
-7.851334810256958008e-01 -5.741592496633529663e-03 -4.969549179077148438e-02
-7.860443592071533203e-01 1.470383256673812866e-03 -5.992336571216583252e-02
-7.758854031562805176e-01 -4.674885421991348267e-04 -5.792297422885894775e-02
-7.463142871856689453e-01 2.239321172237396240e-02 -7.283166795969009399e-02
-7.703688144683837891e-01 4.473565146327018738e-02 -8.136816322803497314e-02
-8.269492387771606445e-01 4.421754181385040283e-02 -9.398749470710754395e-02
-8.107783198356628418e-01 4.375752061605453491e-02 -8.025002479553222656e-02
-7.606360316276550293e-01 4.211038351058959961e-02 -6.959726661443710327e-02
-7.288418412208557129e-01 4.673932492733001709e-02 -7.298884540796279907e-02
-7.254380583763122559e-01 4.537599533796310425e-02 -6.947220861911773682e-02
-7.212417125701904297e-01 3.325072675943374634e-02 -6.456569582223892212e-02
-7.694075107574462891e-01 2.681560814380645752e-02 -5.766378715634346008e-02
-8.066850304603576660e-01 2.647494152188301086e-02 -5.989114195108413696e-02
-8.258314132690429688e-01 2.992136776447296143e-02 -7.608351111412048340e-02
-8.220030665397644043e-01 3.084105439484119415e-02 -6.417100131511688232e-02
-8.548839092254638672e-01 3.533135354518890381e-02 -5.319496244192123413e-02
-8.910105824470520020e-01 3.643761575222015381e-02 -6.153474375605583191e-02
-8.802770972251892090e-01 3.500191494822502136e-02 -6.898167729377746582e-02
-8.562659621238708496e-01 2.423663251101970673e-02 -6.632465124130249023e-02
-8.655689954757690430e-01 1.378767564892768860e-02 -5.337820947170257568e-02
-8.810692429542541504e-01 1.379248872399330139e-02 -5.055154114961624146e-02
-8.783182501792907715e-01 1.531284581869840622e-02 -5.513072758913040161e-02
-8.877037763595581055e-01 2.268430404365062714e-02 -6.040797755122184753e-02
-9.126829504966735840e-01 2.909748442471027374e-02 -7.082246243953704834e-02
-9.372386932373046875e-01 3.681175783276557922e-02 -7.451952248811721802e-02
-9.591203331947326660e-01 4.015811160206794739e-02 -7.315488159656524658e-02
-9.506646394729614258e-01 3.947605192661285400e-02 -6.456463783979415894e-02
-9.185936450958251953e-01 3.584747016429901123e-02 -6.209535896778106689e-02
-8.608459830284118652e-01 4.118403792381286621e-02 -5.994532629847526550e-02
-8.559696674346923828e-01 4.893560335040092468e-02 -6.135188788175582886e-02
-8.544720411300659180e-01 4.282438009977340698e-02 -6.861656159162521362e-02
-8.158162832260131836e-01 4.256901144981384277e-02 -6.039666756987571716e-02
-8.362170457839965820e-01 3.409858047962188721e-02 -4.938264563679695129e-02
-9.015093445777893066e-01 3.019575402140617371e-02 -4.832485318183898926e-02
-9.039432406425476074e-01 3.764956817030906677e-02 -4.083093628287315369e-02
-9.670549631118774414e-01 3.888356313109397888e-02 -5.598769336938858032e-02
-9.886375069618225098e-01 4.628862068057060242e-02 -6.183366477489471436e-02
-9.135650396347045898e-01 4.969970136880874634e-02 -6.087499111890792847e-02
-8.277469277381896973e-01 3.560039401054382324e-02 -4.545693099498748779e-02
-8.322674036026000977e-01 2.480835840106010437e-02 -4.403874278068542480e-02
-8.664652109146118164e-01 2.715773880481719971e-02 -5.365193262696266174e-02
-8.610724806785583496e-01 3.646009787917137146e-02 -6.557583808898925781e-02
-9.031762480735778809e-01 3.811794519424438477e-02 -6.311652809381484985e-02
-8.702358007431030273e-01 3.535119444131851196e-02 -5.614466220140457153e-02
-7.950105667114257812e-01 2.976756729185581207e-02 -6.789577007293701172e-02
-7.977003455162048340e-01 2.225515991449356079e-02 -7.100703567266464233e-02
-8.116720318794250488e-01 1.641127839684486389e-02 -7.925841212272644043e-02
-8.297674059867858887e-01 2.525116503238677979e-02 -9.313412755727767944e-02
-8.298645615577697754e-01 3.458920493721961975e-02 -1.029803603887557983e-01
-7.901607155799865723e-01 4.173615574836730957e-02 -1.009208559989929199e-01
-7.553877234458923340e-01 5.005412548780441284e-02 -1.034816652536392212e-01
-7.839454412460327148e-01 6.000149995088577271e-02 -1.131398081779479980e-01
-7.485922574996948242e-01 6.506109237670898438e-02 -8.474719524383544922e-02
-7.647991180419921875e-01 2.493357658386230469e-02 -8.280569314956665039e-02
-6.736221909523010254e-01 2.449931204319000244e-02 -9.326173365116119385e-02
-5.935030579566955566e-01 1.406946685165166855e-02 -8.995947241783142090e-02
-5.648925304412841797e-01 1.209388673305511475e-02 -8.441483229398727417e-02
-5.619781017303466797e-01 1.772191561758518219e-02 -8.201095461845397949e-02
-5.860841870307922363e-01 5.547725036740303040e-02 -6.179066747426986694e-02
-6.986827254295349121e-01 5.071382969617843628e-02 -5.360361561179161072e-02
-6.923680901527404785e-01 5.310041457414627075e-02 -5.271312966942787170e-02
-7.089112401008605957e-01 4.006024077534675598e-02 -5.020174756646156311e-02
-7.481225728988647461e-01 3.740511834621429443e-02 -4.628777503967285156e-02
-7.482056617736816406e-01 4.147496074438095093e-02 -4.548029601573944092e-02
-7.729652523994445801e-01 5.066246539354324341e-02 -5.121375620365142822e-02
-7.766156196594238281e-01 5.647908896207809448e-02 -5.151008442044258118e-02
-7.309994697570800781e-01 5.553260818123817444e-02 -4.139572381973266602e-02
-7.504988908767700195e-01 6.036020442843437195e-02 -4.875122383236885071e-02
-7.816659808158874512e-01 5.790313333272933960e-02 -5.390311032533645630e-02
-8.021473288536071777e-01 5.610030144453048706e-02 -4.986790940165519714e-02
-7.754342555999755859e-01 4.083800688385963440e-02 -2.543128095567226410e-02
-7.676206827163696289e-01 5.090190470218658447e-02 -1.520187593996524811e-02
-7.778921723365783691e-01 6.088546663522720337e-02 -1.014003716409206390e-02
-7.851289510726928711e-01 5.604430288076400757e-02 4.886288195848464966e-03
-7.577878832817077637e-01 5.644317343831062317e-02 2.390833012759685516e-02
-7.577976584434509277e-01 4.907757788896560669e-02 2.863387390971183777e-02
-7.354959249496459961e-01 4.295109584927558899e-02 2.606093883514404297e-02
-6.433402895927429199e-01 3.558166697621345520e-02 2.851137332618236542e-02
-6.442013978958129883e-01 4.116411507129669189e-02 5.416191741824150085e-02
-7.114866971969604492e-01 3.858434408903121948e-02 1.105369478464126587e-01
-6.707328557968139648e-01 3.778333216905593872e-02 1.419186741113662720e-01
-6.151061058044433594e-01 3.595969825983047485e-02 1.690082103013992310e-01
-5.884989500045776367e-01 2.431630715727806091e-02 1.920715123414993286e-01
-6.363956928253173828e-01 3.006356209516525269e-02 2.306730002164840698e-01
-7.885437607765197754e-01 4.264969378709793091e-03 3.749624192714691162e-01
-8.267580866813659668e-01 2.431603707373142242e-02 4.496194720268249512e-01
-6.695394515991210938e-01 2.331250905990600586e-02 4.101822674274444580e-01
-5.964288115501403809e-01 1.899476349353790283e-02 3.851725757122039795e-01
-5.623010993003845215e-01 2.379602566361427307e-02 3.639490604400634766e-01
-5.289535522460937500e-01 2.568808197975158691e-02 3.822416067123413086e-01
-5.525983572006225586e-01 2.862464636564254761e-03 4.931845366954803467e-01
-5.302810072898864746e-01 -1.445807144045829773e-02 5.449895262718200684e-01
-3.904027044773101807e-01 1.482082437723875046e-02 4.097469747066497803e-01
-3.723475933074951172e-01 4.312262870371341705e-03 4.327921569347381592e-01
-3.189898729324340820e-01 1.074532605707645416e-02 4.391405880451202393e-01
-3.218931555747985840e-01 2.625897526741027832e-03 5.368885993957519531e-01
-3.644225895404815674e-01 -1.611259020864963531e-02 7.316986322402954102e-01
-3.423275053501129150e-01 -1.343487761914730072e-02 7.904238700866699219e-01
-2.993016839027404785e-01 -1.161490380764007568e-02 7.636864781379699707e-01
-2.832530736923217773e-01 -3.092148900032043457e-02 8.421282768249511719e-01
-2.509475052356719971e-01 -2.474421821534633636e-02 8.625423312187194824e-01
-2.408161610364913940e-01 -9.534783661365509033e-03 8.838657736778259277e-01
-2.221533507108688354e-01 -7.745955139398574829e-03 9.001435637474060059e-01
-2.270272970199584961e-01 -8.948824368417263031e-03 9.476783871650695801e-01
-2.303843945264816284e-01 -8.465632796287536621e-03 9.891805052757263184e-01
-2.188868969678878784e-01 -2.922930289059877396e-03 9.940910935401916504e-01
-2.007920295000076294e-01 3.435779595747590065e-03 9.608054757118225098e-01
-1.926882714033126831e-01 2.735362388193607330e-03 9.727413058280944824e-01
-1.872693151235580444e-01 -2.514585852622985840e-03 1.041124343872070312e+00
-1.659686714410781860e-01 -7.732233498245477676e-03 1.045235276222229004e+00
-1.420589238405227661e-01 -8.417602628469467163e-03 1.023458361625671387e+00
-1.312432140111923218e-01 -1.059654541313648224e-02 1.054593801498413086e+00
-1.232881620526313782e-01 -1.565374433994293213e-02 1.040526628494262695e+00
-1.128405928611755371e-01 -1.236155070364475250e-02 9.942469000816345215e-01
-1.064859256148338318e-01 -3.610169747844338417e-03 9.830020070075988770e-01
-1.061381325125694275e-01 9.209861978888511658e-03 9.985660910606384277e-01
-9.959534555673599243e-02 1.335491612553596497e-02 1.001114487648010254e+00
-9.896398335695266724e-02 5.276252981275320053e-03 1.010889649391174316e+00
-9.642098844051361084e-02 -8.194674737751483917e-04 1.023957252502441406e+00
-8.548887819051742554e-02 -5.534428171813488007e-03 1.013656377792358398e+00
-7.974945753812789917e-02 -7.273666560649871826e-03 1.027419328689575195e+00
-7.386617362499237061e-02 -4.921324551105499268e-03 1.043894767761230469e+00
-6.848588585853576660e-02 -1.148574240505695343e-02 1.012084245681762695e+00
-7.554697990417480469e-02 -1.079030614346265793e-02 1.016511082649230957e+00
-7.671306282281875610e-02 -1.670289784669876099e-02 1.019194483757019043e+00
-7.467614859342575073e-02 -2.422104030847549438e-02 9.908197522163391113e-01
-6.918662786483764648e-02 -2.551516517996788025e-02 9.724634885787963867e-01
-7.017944008111953735e-02 -8.012739941477775574e-03 8.665799498558044434e-01
-7.928915321826934814e-02 -1.725909486413002014e-02 8.268085718154907227e-01
-3.948267921805381775e-02 -7.426139898598194122e-03 9.055550098419189453e-01
-6.017841771245002747e-02 -2.577687613666057587e-02 9.086861610412597656e-01
-7.724306732416152954e-02 -4.607750102877616882e-03 9.572580456733703613e-01
-8.012150973081588745e-02 5.481808446347713470e-03 8.851364254951477051e-01
-7.507669180631637573e-02 -7.768560899421572685e-04 9.076319932937622070e-01
-4.921146109700202942e-02 -2.467482909560203552e-02 1.046976804733276367e+00
-6.070362031459808350e-02 -1.043730974197387695e-02 1.139166235923767090e+00
-5.569981783628463745e-02 -7.206902373582124710e-03 1.094017982482910156e+00
-6.210678443312644958e-02 -7.356103044003248215e-03 1.119820594787597656e+00
-6.333995610475540161e-02 -7.249407004565000534e-03 1.146922826766967773e+00
-6.253683567047119141e-02 -7.162660360336303711e-03 1.111924290657043457e+00
-7.814108580350875854e-02 -2.198403328657150269e-02 1.064113974571228027e+00
-8.037879317998886108e-02 2.324689645320177078e-03 9.396631121635437012e-01
-6.619022041559219360e-02 5.929666105657815933e-03 8.532789945602416992e-01
-6.588508933782577515e-02 5.856386385858058929e-03 8.048431873321533203e-01
-6.203883886337280273e-02 1.955826766788959503e-03 8.003262877464294434e-01
-5.930649489164352417e-02 -6.817428860813379288e-03 8.203702569007873535e-01
-5.602783709764480591e-02 -1.015371456742286682e-02 8.476211428642272949e-01
-6.214666366577148438e-02 -3.283089958131313324e-03 8.476225137710571289e-01
-6.359226256608963013e-02 -2.763880183920264244e-03 8.329508900642395020e-01
-6.343809515237808228e-02 -7.338118739426136017e-03 8.134368658065795898e-01
-6.044646352529525757e-02 -3.310235217213630676e-03 8.493986129760742188e-01
-6.692451983690261841e-02 1.790706440806388855e-02 8.535635471343994141e-01
-7.166300714015960693e-02 9.843504987657070160e-03 9.050590395927429199e-01
-6.061928719282150269e-02 -1.247885520569980145e-04 9.470028877258300781e-01
-4.991973191499710083e-02 -1.215245947241783142e-02 9.890655875205993652e-01
-5.639573186635971069e-02 -1.991592347621917725e-03 1.030940055847167969e+00
-5.355169251561164856e-02 -9.620713070034980774e-03 9.751528501510620117e-01
-6.000028550624847412e-02 -9.697830304503440857e-03 1.009794235229492188e+00
-6.734044104814529419e-02 -1.541453041136264801e-02 1.008563637733459473e+00
-6.586459279060363770e-02 -2.915374562144279480e-02 1.008479833602905273e+00
-4.976490885019302368e-02 -3.592549636960029602e-02 9.943776726722717285e-01
-4.023866355419158936e-02 -2.564278617501258850e-02 9.109320640563964844e-01
-4.691507667303085327e-02 -1.802808046340942383e-02 9.218706488609313965e-01
-5.882410332560539246e-02 -1.428708247840404510e-02 9.463878870010375977e-01
-5.972978472709655762e-02 -1.646198332309722900e-03 9.548319578170776367e-01
-5.033377930521965027e-02 2.502859104424715042e-03 9.317788481712341309e-01
-4.500599950551986694e-02 -2.052047755569219589e-03 8.653075695037841797e-01
-4.967732354998588562e-02 -4.988391883671283722e-03 9.349380135536193848e-01
-5.067556351423263550e-02 -1.285436190664768219e-02 9.340881705284118652e-01
-5.779206380248069763e-02 -2.194356359541416168e-02 8.972689509391784668e-01
-6.420877575874328613e-02 -8.959594182670116425e-03 8.541306853294372559e-01
-6.308104842901229858e-02 4.813440144062042236e-03 8.046159148216247559e-01
-6.523255258798599243e-02 -2.250417508184909821e-02 8.658230900764465332e-01
-7.773385196924209595e-02 -2.751157805323600769e-02 8.657026290893554688e-01
-7.653527706861495972e-02 -2.146718278527259827e-02 8.422327041625976562e-01
-9.139690548181533813e-02 2.597313839942216873e-03 8.789842128753662109e-01
-1.047295778989791870e-01 1.705765351653099060e-02 9.041514992713928223e-01
-1.038681641221046448e-01 1.441580243408679962e-02 9.627169370651245117e-01
-8.852535486221313477e-02 1.353492494672536850e-02 8.844074010848999023e-01
-7.851719856262207031e-02 1.071105618029832840e-02 8.201273083686828613e-01
-8.184333145618438721e-02 -1.543983817100524902e-04 7.893105745315551758e-01
-8.658902347087860107e-02 -6.197327747941017151e-04 7.220803499221801758e-01
-1.116535365581512451e-01 5.866228602826595306e-04 7.827073335647583008e-01
-1.112156733870506287e-01 -1.350126042962074280e-02 8.795840144157409668e-01
-1.204371154308319092e-01 -1.298435311764478683e-02 9.128787517547607422e-01
-1.414498537778854370e-01 -1.289170049130916595e-02 9.684516787528991699e-01
-1.449710726737976074e-01 -1.929628476500511169e-02 9.976710677146911621e-01
-1.516169905662536621e-01 -1.872956007719039917e-02 1.067480444908142090e+00
-1.614104062318801880e-01 -2.001304179430007935e-02 1.094985961914062500e+00
-1.573623120784759521e-01 -2.913711220026016235e-02 1.056599855422973633e+00
-1.565783023834228516e-01 -2.296330220997333527e-02 1.049462795257568359e+00
-1.708147078752517700e-01 -1.888816244900226593e-02 1.026797294616699219e+00
-1.737216114997863770e-01 -1.595851965248584747e-02 9.672078490257263184e-01
-1.930958926677703857e-01 -3.619872964918613434e-03 8.771526217460632324e-01
-2.041385471820831299e-01 5.007161758840084076e-03 8.979058861732482910e-01
-2.211505323648452759e-01 3.478936851024627686e-04 9.470805525779724121e-01
-2.365742325782775879e-01 -1.406288333237171173e-02 9.564080238342285156e-01
-2.390551120042800903e-01 -2.449540421366691589e-02 9.392333030700683594e-01
-2.533828914165496826e-01 -1.734826900064945221e-02 8.979302644729614258e-01
-2.715474069118499756e-01 -1.350485906004905701e-02 8.897882699966430664e-01
-2.942093610763549805e-01 -1.343126408755779266e-02 9.253578782081604004e-01
-3.155067861080169678e-01 -8.724808692932128906e-03 9.214267730712890625e-01
-3.413051068782806396e-01 -4.212278872728347778e-03 9.816227555274963379e-01
-3.548338413238525391e-01 -4.452801309525966644e-03 9.933965802192687988e-01
-3.535986244678497314e-01 -1.508224941790103912e-02 9.680306911468505859e-01
-3.435352146625518799e-01 -2.242226712405681610e-02 9.410673975944519043e-01
-3.540424108505249023e-01 -2.577022649347782135e-02 9.253476262092590332e-01
-3.677321672439575195e-01 -2.181573025882244110e-02 9.107249379158020020e-01
-3.791618049144744873e-01 -1.607166230678558350e-02 8.954587578773498535e-01
-3.764527142047882080e-01 1.302088145166635513e-02 8.779311776161193848e-01
-3.625895082950592041e-01 2.399402298033237457e-02 8.522853851318359375e-01
-3.606439232826232910e-01 -8.188188076019287109e-06 9.125032424926757812e-01
-4.059759974479675293e-01 -1.146860793232917786e-02 9.230892062187194824e-01
-3.748341202735900879e-01 1.241363957524299622e-02 8.297921419143676758e-01
-3.506162762641906738e-01 1.087443716824054718e-02 7.614578604698181152e-01
-3.642073273658752441e-01 1.406441628932952881e-02 7.868962883949279785e-01
-3.782775998115539551e-01 1.660445518791675568e-02 8.010531067848205566e-01
-3.539484441280364990e-01 1.380156911909580231e-02 7.213212251663208008e-01
-3.332935273647308350e-01 5.677556619048118591e-04 6.833591461181640625e-01
-3.796205222606658936e-01 -1.746662077493965626e-03 7.428951859474182129e-01
-4.164122343063354492e-01 -8.194414898753166199e-03 7.597756385803222656e-01
-4.231713712215423584e-01 -1.957193948328495026e-02 7.782871723175048828e-01
-4.475608170032501221e-01 -4.906395077705383301e-02 8.796626329421997070e-01
-4.267227649688720703e-01 -2.527937851846218109e-02 8.670864105224609375e-01
-4.037500321865081787e-01 -3.983755037188529968e-02 8.278276324272155762e-01
-3.781298398971557617e-01 -1.289943419396877289e-02 7.182413339614868164e-01
-3.326334059238433838e-01 -5.856307689100503922e-03 5.869112610816955566e-01
-3.224782943725585938e-01 -1.292254030704498291e-02 5.999424457550048828e-01
-2.969154715538024902e-01 -1.333381980657577515e-02 5.233505368232727051e-01
-2.996834814548492432e-01 -6.650265771895647049e-03 5.131670832633972168e-01
-3.093760609626770020e-01 -3.726118477061390877e-03 5.329577922821044922e-01
-3.282110691070556641e-01 -5.724104121327400208e-03 5.444999337196350098e-01
-3.468677401542663574e-01 -1.982932677492499352e-03 5.676421523094177246e-01
-3.452241718769073486e-01 -3.200238570570945740e-04 5.836823582649230957e-01
-3.461840748786926270e-01 6.870212033390998840e-03 6.053426265716552734e-01
-3.761945664882659912e-01 1.699314638972282410e-02 6.524595022201538086e-01
-3.730200827121734619e-01 1.661464758217334747e-02 6.523658633232116699e-01
-3.533430397510528564e-01 1.915656030178070068e-02 6.246560215950012207e-01
-3.761630356311798096e-01 9.972344152629375458e-03 6.211818456649780273e-01
-4.279849231243133545e-01 -2.050658687949180603e-03 6.595789790153503418e-01
-3.968153893947601318e-01 -2.349818125367164612e-02 6.634106636047363281e-01
-3.598852455615997314e-01 -1.240502111613750458e-03 6.018799543380737305e-01
-3.122337758541107178e-01 3.476952761411666870e-02 5.899499654769897461e-01
-2.921790480613708496e-01 2.560242637991905212e-02 5.743131041526794434e-01
-3.213021755218505859e-01 7.759618572890758514e-03 6.003559827804565430e-01
-3.407309353351593018e-01 1.423096656799316406e-02 6.007146239280700684e-01
-3.303224444389343262e-01 8.250018581748008728e-04 5.528777241706848145e-01
-3.240631222724914551e-01 -3.628428559750318527e-03 5.120723843574523926e-01
-3.192954659461975098e-01 -4.726126790046691895e-03 4.828287363052368164e-01
-2.981615364551544189e-01 4.852236714214086533e-03 4.522258639335632324e-01
-2.962867021560668945e-01 9.192913770675659180e-03 4.486197531223297119e-01
-2.956317365169525146e-01 1.032009348273277283e-02 4.515587091445922852e-01
-3.040715456008911133e-01 1.132008712738752365e-02 4.665949344635009766e-01
-3.141872286796569824e-01 1.360846403986215591e-02 4.719031751155853271e-01
-3.165499567985534668e-01 1.609715633094310760e-02 4.632360041141510010e-01
-3.184725344181060791e-01 1.931139826774597168e-02 4.491445124149322510e-01
-3.245900273323059082e-01 2.373938262462615967e-02 4.360665380954742432e-01
-3.290855884552001953e-01 2.627325989305973053e-02 4.190160632133483887e-01
-3.355001807212829590e-01 2.528797462582588196e-02 4.089589715003967285e-01
-3.348691165447235107e-01 2.100363373756408691e-02 3.991451263427734375e-01
-3.255788087844848633e-01 1.953693106770515442e-02 3.760645687580108643e-01
-3.105157017707824707e-01 2.573104761540889740e-02 3.422446250915527344e-01
-3.067775964736938477e-01 3.023226931691169739e-02 3.236392438411712646e-01
-2.968678176403045654e-01 3.325463458895683289e-02 2.946082353591918945e-01
-2.811818420886993408e-01 3.400308266282081604e-02 2.689993083477020264e-01
-2.804861068725585938e-01 3.434481844305992126e-02 2.540421783924102783e-01
-2.954007983207702637e-01 3.690763562917709351e-02 2.496454715728759766e-01
-3.066277801990509033e-01 3.946897760033607483e-02 2.517412006855010986e-01
-3.110118508338928223e-01 3.406471014022827148e-02 2.513816952705383301e-01
-3.490786254405975342e-01 2.792457304894924164e-02 2.733861207962036133e-01
-3.999875485897064209e-01 3.591480106115341187e-02 2.984879314899444580e-01
-4.502481222152709961e-01 3.977494686841964722e-02 3.167455494403839111e-01
-4.897130131721496582e-01 3.820785135030746460e-02 3.225169181823730469e-01
-5.200479030609130859e-01 4.093492776155471802e-02 3.181133568286895752e-01
-5.659501552581787109e-01 4.915638267993927002e-02 3.212906122207641602e-01
-5.818567276000976562e-01 4.809782654047012329e-02 3.028839230537414551e-01
-5.749816894531250000e-01 4.668558388948440552e-02 2.719306051731109619e-01
-5.942069888114929199e-01 4.051850736141204834e-02 2.520041167736053467e-01
-6.298145651817321777e-01 3.777815029025077820e-02 2.347085773944854736e-01
-7.076948285102844238e-01 2.908182516694068909e-02 2.137104719877243042e-01
-7.543542385101318359e-01 2.371479012072086334e-02 1.860143840312957764e-01
-7.374674081802368164e-01 1.815205439925193787e-02 1.547220051288604736e-01
-7.126207351684570312e-01 1.668596640229225159e-02 1.216408386826515198e-01
-7.596697807312011719e-01 2.281975373625755310e-02 9.015452861785888672e-02
-8.464923501014709473e-01 2.972551807761192322e-02 5.858299136161804199e-02
-9.220905303955078125e-01 5.110131949186325073e-02 -3.074608743190765381e-03
-8.565962910652160645e-01 4.413988068699836731e-02 -5.434266477823257446e-02
-7.709851861000061035e-01 3.925081342458724976e-02 -8.574450761079788208e-02
-8.011583685874938965e-01 5.438538640737533569e-02 -1.410420835018157959e-01
-8.182820677757263184e-01 4.676682502031326294e-02 -1.854227185249328613e-01
-7.360673546791076660e-01 3.822566941380500793e-02 -2.116863727569580078e-01
-7.812106609344482422e-01 5.158276110887527466e-02 -2.936616539955139160e-01
-7.840950489044189453e-01 2.694071643054485321e-02 -3.367273509502410889e-01
-7.471598386764526367e-01 2.029519341886043549e-02 -3.373497128486633301e-01
-7.534388303756713867e-01 3.825698420405387878e-02 -3.860970437526702881e-01
-7.816691994667053223e-01 3.217484802007675171e-02 -4.353948533535003662e-01
-8.337795138359069824e-01 3.106394037604331970e-02 -4.848834574222564697e-01
-8.679507970809936523e-01 2.234238386154174805e-02 -5.493907928466796875e-01
-8.462142944335937500e-01 2.004533074796199799e-02 -5.851400494575500488e-01
-8.393121361732482910e-01 2.970827370882034302e-02 -6.245720982551574707e-01
-8.385417461395263672e-01 3.260424360632896423e-02 -6.542098522186279297e-01
-8.201038241386413574e-01 3.799956291913986206e-02 -6.711252927780151367e-01
-8.121852278709411621e-01 3.717886656522750854e-02 -6.713238358497619629e-01
-8.508636355400085449e-01 3.815342485904693604e-02 -7.068380713462829590e-01
-9.077317118644714355e-01 3.762205690145492554e-02 -7.419663071632385254e-01
-9.187223315238952637e-01 3.308213502168655396e-02 -7.493539452552795410e-01
-9.287535548210144043e-01 3.154157474637031555e-02 -7.567438483238220215e-01
-9.638046026229858398e-01 2.976641803979873657e-02 -7.943700551986694336e-01
-9.995850920677185059e-01 2.315863966941833496e-02 -8.366118669509887695e-01
-9.834914803504943848e-01 2.655110508203506470e-02 -8.317717313766479492e-01
-9.394388794898986816e-01 2.715128101408481598e-02 -7.937662601470947266e-01
-9.003289937973022461e-01 3.536482155323028564e-02 -7.526966929435729980e-01
-8.521773815155029297e-01 3.613716363906860352e-02 -7.095693349838256836e-01
-8.156434297561645508e-01 1.912159658968448639e-02 -6.786161065101623535e-01
-7.681922316551208496e-01 1.689800061285495758e-02 -6.552075147628784180e-01
-7.527090311050415039e-01 2.365084923803806305e-02 -6.465936303138732910e-01
-7.667573094367980957e-01 4.120662808418273926e-02 -6.696672439575195312e-01
-7.646462321281433105e-01 4.321229457855224609e-02 -6.753399968147277832e-01
-7.401095032691955566e-01 4.135335609316825867e-02 -6.525844931602478027e-01
-7.393627762794494629e-01 3.764587268233299255e-02 -6.495676636695861816e-01
-7.753679156303405762e-01 3.479415923357009888e-02 -6.757166385650634766e-01
-7.436546087265014648e-01 2.984870225191116333e-02 -6.399440765380859375e-01
-8.172615170478820801e-01 4.043855890631675720e-02 -7.167904973030090332e-01
-8.591689467430114746e-01 3.741082549095153809e-02 -7.577155232429504395e-01
-8.366023898124694824e-01 3.670591488480567932e-02 -7.578705549240112305e-01
-8.486137390136718750e-01 2.609860152006149292e-02 -7.510049343109130859e-01
-8.762520551681518555e-01 2.415683679282665253e-02 -7.488890290260314941e-01
-8.693941831588745117e-01 2.747433073818683624e-02 -7.098469734191894531e-01
-8.785064220428466797e-01 3.218592330813407898e-02 -7.060301303863525391e-01
-8.886100053787231445e-01 3.435333818197250366e-02 -7.139487266540527344e-01
-8.807462453842163086e-01 3.546290472149848938e-02 -7.293741703033447266e-01
-8.834641575813293457e-01 3.076807782053947449e-02 -7.462674379348754883e-01
-8.820502758026123047e-01 2.441379055380821228e-02 -7.582986354827880859e-01
-9.036490321159362793e-01 1.747029274702072144e-02 -7.788751721382141113e-01
-9.272220730781555176e-01 1.261648163199424744e-02 -7.939031720161437988e-01
-9.319915175437927246e-01 1.172044873237609863e-02 -7.992473244667053223e-01
-9.505379199981689453e-01 2.141081541776657104e-02 -8.150134086608886719e-01
-9.308308959007263184e-01 2.814403921365737915e-02 -7.970920205116271973e-01
-9.270735979080200195e-01 2.906259708106517792e-02 -7.902863025665283203e-01
-9.107439517974853516e-01 2.108236029744148254e-02 -7.626945376396179199e-01
-8.776127099990844727e-01 1.481130346655845642e-02 -7.356764674186706543e-01
-8.886374831199645996e-01 2.578247338533401489e-03 -7.427204251289367676e-01
-9.252775907516479492e-01 -8.243639022111892700e-03 -7.647483944892883301e-01
-9.373323917388916016e-01 -8.143004029989242554e-03 -7.684564590454101562e-01
-9.494759440422058105e-01 -4.979960620403289795e-03 -7.811166048049926758e-01
-9.391602873802185059e-01 -1.230277121067047119e-04 -7.856850624084472656e-01
-9.087373614311218262e-01 1.764129847288131714e-03 -7.526664733886718750e-01
-8.719053864479064941e-01 9.291443973779678345e-03 -7.164347767829895020e-01
-8.539882302284240723e-01 2.065259218215942383e-02 -7.017611265182495117e-01
-8.584213852882385254e-01 3.224566206336021423e-02 -7.086274623870849609e-01
-8.841713070869445801e-01 6.348769366741180420e-02 -7.232576012611389160e-01
-8.577873706817626953e-01 6.594279408454895020e-02 -7.301505208015441895e-01
-8.495290279388427734e-01 3.972324356436729431e-02 -7.137539386749267578e-01
-8.718531727790832520e-01 3.170245885848999023e-02 -7.312873601913452148e-01
-8.758439421653747559e-01 3.654871881008148193e-02 -7.170166373252868652e-01
-8.251228332519531250e-01 5.222902819514274597e-02 -6.998305916786193848e-01
-8.514457345008850098e-01 5.616907030344009399e-02 -7.339321374893188477e-01
-8.540118932723999023e-01 4.730795323848724365e-02 -7.269361615180969238e-01
-8.945488929748535156e-01 4.563306644558906555e-02 -7.535047531127929688e-01
-9.271851181983947754e-01 3.793881833553314209e-02 -8.154015541076660156e-01
-9.368976950645446777e-01 4.760064557194709778e-02 -8.094898462295532227e-01
-9.768116474151611328e-01 5.343315750360488892e-02 -8.196485638618469238e-01
-9.631685614585876465e-01 5.927795916795730591e-02 -8.091993331909179688e-01
-9.927888512611389160e-01 5.748901516199111938e-02 -8.568134903907775879e-01
-1.036075711250305176e+00 5.628896132111549377e-02 -9.139370322227478027e-01
-1.039531826972961426e+00 5.070305243134498596e-02 -9.097282290458679199e-01
-1.008065938949584961e+00 4.883562773466110229e-02 -8.653854131698608398e-01
-9.859790205955505371e-01 4.192942753434181213e-02 -8.339343667030334473e-01
-9.717286229133605957e-01 4.415080696344375610e-02 -8.061532974243164062e-01
-9.467140436172485352e-01 4.069890081882476807e-02 -7.724739909172058105e-01
-8.995552062988281250e-01 4.678760468959808350e-02 -7.478393912315368652e-01
-8.618181347846984863e-01 4.334104433655738831e-02 -7.469524741172790527e-01
-8.755860924720764160e-01 5.653613433241844177e-02 -7.240027189254760742e-01
-7.939434051513671875e-01 5.358920246362686157e-02 -6.961933374404907227e-01
-7.437793016433715820e-01 4.464369267225265503e-02 -6.507669091224670410e-01
-8.244138360023498535e-01 6.092426180839538574e-02 -7.130604982376098633e-01
-9.099970459938049316e-01 5.062075704336166382e-02 -7.526450157165527344e-01
-8.743707537651062012e-01 1.629708334803581238e-02 -7.084216475486755371e-01
-8.678290247917175293e-01 1.033341512084007263e-02 -7.207916378974914551e-01
-8.353096842765808105e-01 1.836156845092773438e-02 -7.090335488319396973e-01
-8.373841643333435059e-01 1.328854262828826904e-02 -7.010045647621154785e-01
-8.222113847732543945e-01 1.567172259092330933e-02 -6.635322570800781250e-01
-7.975001335144042969e-01 1.323995366692543030e-02 -6.383063197135925293e-01
-8.195150494575500488e-01 2.235054783523082733e-02 -6.705685853958129883e-01
-9.059623479843139648e-01 3.551569953560829163e-02 -7.474562525749206543e-01
-9.769154191017150879e-01 4.617901891469955444e-02 -8.092154264450073242e-01
-1.002604722976684570e+00 5.134779214859008789e-02 -8.456553220748901367e-01
-9.941177368164062500e-01 3.892779350280761719e-02 -8.460230827331542969e-01
-1.010145306587219238e+00 2.670202776789665222e-02 -8.402431011199951172e-01
-1.032675385475158691e+00 3.811271861195564270e-02 -8.526206016540527344e-01
-1.029464721679687500e+00 3.719380497932434082e-02 -8.535218238830566406e-01
-1.020961880683898926e+00 3.587539494037628174e-02 -8.540731668472290039e-01
-1.025146961212158203e+00 4.409142583608627319e-02 -8.634371757507324219e-01
-9.580036997795104980e-01 3.581290319561958313e-02 -8.121578097343444824e-01
-9.039975404739379883e-01 3.390092402696609497e-02 -7.703327536582946777e-01
-8.970948457717895508e-01 2.894333004951477051e-02 -7.515826821327209473e-01
-8.628841638565063477e-01 3.261161223053932190e-02 -7.284946441650390625e-01
-8.702771067619323730e-01 4.381595924496650696e-02 -7.529510855674743652e-01
-8.989879488945007324e-01 4.461070150136947632e-02 -7.761373519897460938e-01
-8.841517567634582520e-01 3.379733860492706299e-02 -7.541221380233764648e-01
-8.470821380615234375e-01 2.954803965985774994e-02 -7.284477949142456055e-01
-8.268139958381652832e-01 2.686920203268527985e-02 -7.327225208282470703e-01
-8.030179142951965332e-01 3.127271309494972229e-02 -7.366981506347656250e-01
-7.969012260437011719e-01 3.948081284761428833e-02 -7.583980560302734375e-01
-7.796998620033264160e-01 3.921161219477653503e-02 -7.857754826545715332e-01
-7.303614020347595215e-01 3.213977068662643433e-02 -7.949700951576232910e-01
-6.906021833419799805e-01 3.300615027546882629e-02 -8.049829006195068359e-01
-6.839731335639953613e-01 2.900742739439010620e-02 -8.083460927009582520e-01
-6.529014110565185547e-01 5.229603499174118042e-03 -8.277094364166259766e-01
-5.168716907501220703e-01 -2.917478233575820923e-02 -7.075915336608886719e-01
-3.237619400024414062e-01 -1.624842360615730286e-02 -5.330774188041687012e-01
-3.117223381996154785e-01 9.995773434638977051e-03 -6.096882820129394531e-01
-3.296268284320831299e-01 -7.868759334087371826e-03 -6.508367061614990234e-01
-2.954888343811035156e-01 -1.293842494487762451e-02 -6.724209785461425781e-01
-2.719202041625976562e-01 1.198779977858066559e-02 -7.586728334426879883e-01
-2.689330875873565674e-01 1.536612026393413544e-02 -8.405706882476806641e-01
-2.415271848440170288e-01 1.237299479544162750e-02 -9.129843711853027344e-01
-1.928642690181732178e-01 5.690930411219596863e-03 -8.608344793319702148e-01
-1.528942286968231201e-01 8.320322260260581970e-03 -8.887166976928710938e-01
-1.127805113792419434e-01 1.289632543921470642e-02 -8.728374838829040527e-01
-5.765052884817123413e-02 1.773417368531227112e-02 -8.631815314292907715e-01
-9.952768683433532715e-03 4.610816389322280884e-02 -8.661922812461853027e-01
5.320628732442855835e-02 5.460374057292938232e-02 -7.125535011291503906e-01
6.793179363012313843e-02 3.168548643589019775e-02 -5.760596394538879395e-01
8.498714864253997803e-02 2.730908244848251343e-02 -4.880860149860382080e-01
9.534669667482376099e-02 2.074106037616729736e-02 -5.203912258148193359e-01
1.079151183366775513e-01 8.930696174502372742e-03 -5.416745543479919434e-01
1.335411667823791504e-01 2.230849117040634155e-03 -5.269719362258911133e-01
1.656145751476287842e-01 8.418005891144275665e-03 -5.431932210922241211e-01
2.218114435672760010e-01 6.560341455042362213e-03 -6.019733548164367676e-01
2.843849658966064453e-01 8.945500478148460388e-03 -6.824082732200622559e-01
3.393704295158386230e-01 7.786302827298641205e-03 -7.399537563323974609e-01
3.703804612159729004e-01 1.248714420944452286e-02 -7.121283411979675293e-01
4.725014567375183105e-01 2.732892706990242004e-02 -8.045606613159179688e-01
5.265046358108520508e-01 2.054650895297527313e-02 -8.510872721672058105e-01
5.246303081512451172e-01 1.862791180610656738e-02 -8.261584043502807617e-01
5.258208513259887695e-01 1.587204635143280029e-02 -7.946979403495788574e-01
5.303114652633666992e-01 2.072727307677268982e-03 -7.576798796653747559e-01
5.093652606010437012e-01 3.173166885972023010e-03 -7.010062932968139648e-01
5.029568672180175781e-01 7.159391418099403381e-03 -6.948894858360290527e-01
5.200607776641845703e-01 3.583695739507675171e-03 -7.045706510543823242e-01
5.468418598175048828e-01 3.874629735946655273e-03 -7.177416682243347168e-01
5.547207593917846680e-01 4.606552422046661377e-03 -7.248280048370361328e-01
5.698749423027038574e-01 9.284065105020999908e-03 -7.306499481201171875e-01
5.896117091178894043e-01 9.107869118452072144e-03 -7.439728379249572754e-01
5.572342872619628906e-01 8.922818116843700409e-03 -6.976242661476135254e-01
5.418317317962646484e-01 7.893541827797889709e-03 -6.749527454376220703e-01
5.725340247154235840e-01 1.039475668221712112e-02 -6.851429939270019531e-01
5.941689610481262207e-01 7.483824156224727631e-03 -7.174137234687805176e-01
6.076837182044982910e-01 -4.040233790874481201e-03 -7.347977161407470703e-01
6.011339426040649414e-01 -6.572518497705459595e-03 -7.150751352310180664e-01
5.942606329917907715e-01 -5.105240270495414734e-03 -7.108612060546875000e-01
5.912559628486633301e-01 -1.024237275123596191e-02 -7.132070660591125488e-01
6.030197143554687500e-01 -1.192110776901245117e-02 -7.267519831657409668e-01
5.956037044525146484e-01 -1.610293053090572357e-02 -7.057521343231201172e-01
5.841901898384094238e-01 -1.172806881368160248e-02 -6.882539391517639160e-01
5.931214690208435059e-01 -3.323721699416637421e-03 -6.997759342193603516e-01
6.099997758865356445e-01 1.893796958029270172e-03 -7.284557819366455078e-01
6.213493347167968750e-01 5.150783807039260864e-03 -7.589036226272583008e-01
6.199983954429626465e-01 8.101504296064376831e-03 -7.554550766944885254e-01
6.304224133491516113e-01 1.582625880837440491e-02 -7.493803501129150391e-01
6.551463007926940918e-01 2.165890857577323914e-02 -7.994839549064636230e-01
6.248567104339599609e-01 -3.923747688531875610e-03 -7.713206410408020020e-01
6.033678054809570312e-01 -2.079457044601440430e-03 -7.170841693878173828e-01
5.623093843460083008e-01 1.138374768197536469e-02 -6.877812743186950684e-01
5.337750911712646484e-01 9.294854477047920227e-03 -6.792100071907043457e-01
5.105319619178771973e-01 2.278884686529636383e-02 -6.422056555747985840e-01
5.557026267051696777e-01 1.728371158242225647e-02 -6.976205706596374512e-01
6.035295128822326660e-01 6.165016442537307739e-03 -7.476529479026794434e-01
6.144403815269470215e-01 -1.645507104694843292e-02 -7.790964245796203613e-01
6.034044623374938965e-01 -1.690148189663887024e-02 -7.756322026252746582e-01
5.793498754501342773e-01 2.787234261631965637e-03 -7.295994162559509277e-01
5.996423959732055664e-01 2.342603169381618500e-02 -7.516769170761108398e-01
6.119908690452575684e-01 3.246347233653068542e-02 -7.882254719734191895e-01
6.200578808784484863e-01 2.665935643017292023e-02 -7.952707409858703613e-01
5.937417149543762207e-01 6.925448775291442871e-03 -7.482618093490600586e-01
5.742942094802856445e-01 -6.593771278858184814e-03 -7.200536727905273438e-01
5.377656817436218262e-01 -1.072428934276103973e-02 -6.898463964462280273e-01
5.547431707382202148e-01 -1.765038818120956421e-03 -7.043401598930358887e-01
5.792261958122253418e-01 -4.378650337457656860e-03 -7.351328134536743164e-01
5.754719972610473633e-01 -1.493189483880996704e-02 -7.290772199630737305e-01
6.033625602722167969e-01 -1.983210258185863495e-02 -7.410011291503906250e-01
6.239809989929199219e-01 -6.514597684144973755e-03 -7.756744623184204102e-01
6.369693875312805176e-01 5.214521661400794983e-03 -7.981802225112915039e-01
5.978222489356994629e-01 1.069440133869647980e-02 -7.456663250923156738e-01
5.673995614051818848e-01 9.282552637159824371e-03 -7.229785919189453125e-01
5.536188483238220215e-01 1.058520842343568802e-02 -7.251809835433959961e-01
5.657498240470886230e-01 1.797255873680114746e-02 -7.216641306877136230e-01
5.410216450691223145e-01 1.737424172461032867e-02 -6.869518160820007324e-01
4.894409775733947754e-01 2.853675745427608490e-02 -6.221110224723815918e-01
4.530435800552368164e-01 4.748054593801498413e-02 -5.712717175483703613e-01
4.206651151180267334e-01 3.857237845659255981e-02 -5.577481985092163086e-01
3.967551589012145996e-01 2.354590222239494324e-02 -5.759115815162658691e-01
3.911693990230560303e-01 1.525234617292881012e-02 -6.332808136940002441e-01
3.783945143222808838e-01 2.149546332657337189e-02 -6.519013047218322754e-01
3.577681481838226318e-01 2.965394593775272369e-02 -6.551874279975891113e-01
3.466713428497314453e-01 3.726295754313468933e-02 -7.038304805755615234e-01
3.369946479797363281e-01 2.671158500015735626e-02 -7.279577851295471191e-01
3.283849656581878662e-01 2.929540909826755524e-02 -7.960866689682006836e-01
3.081583082675933838e-01 2.041635289788246155e-02 -8.598137497901916504e-01
2.743991315364837646e-01 1.345631200820207596e-02 -8.679617643356323242e-01
2.700326442718505859e-01 1.508851442486047745e-02 -9.715986251831054688e-01
2.366247028112411499e-01 1.218033861368894577e-02 -9.195435047149658203e-01
2.015199661254882812e-01 -1.358846202492713928e-03 -8.412150740623474121e-01
1.673886775970458984e-01 -3.846770152449607849e-03 -7.921712398529052734e-01
1.359224766492843628e-01 3.494918346405029297e-04 -7.789808511734008789e-01
1.278462857007980347e-01 1.262965612113475800e-02 -8.243851065635681152e-01
1.179447993636131287e-01 1.464759279042482376e-02 -8.105787038803100586e-01
8.268419653177261353e-02 2.830393612384796143e-03 -7.802904844284057617e-01
8.156918734312057495e-02 -2.982279285788536072e-03 -7.339285016059875488e-01
6.704063713550567627e-02 -9.684562683105468750e-03 -6.937565207481384277e-01
4.735562950372695923e-02 -2.558476664125919342e-02 -6.360658407211303711e-01
3.730769455432891846e-02 -8.982500061392784119e-03 -6.311046481132507324e-01
3.889990597963333130e-02 1.527396868914365768e-02 -6.250518560409545898e-01
6.156954914331436157e-02 3.271510079503059387e-02 -6.097108721733093262e-01
4.791858047246932983e-02 1.578564010560512543e-02 -6.029357314109802246e-01
4.124326258897781372e-02 9.946530684828758240e-03 -5.762115716934204102e-01
4.498959332704544067e-02 2.116776071488857269e-02 -6.629890799522399902e-01
5.998982489109039307e-02 2.771439775824546814e-02 -6.912944316864013672e-01
5.383382365107536316e-02 2.161754108965396881e-02 -6.391798853874206543e-01
5.360448360443115234e-02 1.206219941377639771e-02 -6.163344383239746094e-01
6.233474984765052795e-02 1.408425439149141312e-02 -6.717332005500793457e-01
6.684684753417968750e-02 2.300913818180561066e-02 -6.823021173477172852e-01
7.596027106046676636e-02 2.395402081310749054e-02 -7.103204727172851562e-01
7.514198124408721924e-02 8.687600493431091309e-03 -6.806435585021972656e-01
6.822442263364791870e-02 8.422536775469779968e-03 -6.040031313896179199e-01
6.079201772809028625e-02 2.820317819714546204e-02 -6.447436213493347168e-01
5.207180976867675781e-02 9.226517751812934875e-03 -7.141536474227905273e-01
6.289376318454742432e-02 1.421804632991552353e-02 -7.044998407363891602e-01
5.839484184980392456e-02 2.264312654733657837e-02 -7.816634774208068848e-01
6.439721584320068359e-02 2.680653519928455353e-02 -8.866032958030700684e-01
7.547949254512786865e-02 3.684436902403831482e-02 -9.187762737274169922e-01
8.772817254066467285e-02 5.411750823259353638e-02 -9.362595677375793457e-01
8.102895319461822510e-02 5.488434433937072754e-02 -9.323600530624389648e-01
5.606722086668014526e-02 3.643522039055824280e-02 -9.332823753356933594e-01
4.141349717974662781e-02 3.274242952466011047e-02 -9.258511066436767578e-01
3.428894281387329102e-02 2.783400937914848328e-02 -9.090670943260192871e-01
5.051689594984054565e-02 3.213351592421531677e-02 -9.999073147773742676e-01
8.018222451210021973e-02 4.540675878524780273e-02 -1.005226492881774902e+00
9.988229721784591675e-02 5.657960474491119385e-02 -9.636881947517395020e-01
1.012653931975364685e-01 5.725141987204551697e-02 -9.998130798339843750e-01
9.073993563652038574e-02 5.867113918066024780e-02 -1.020117163658142090e+00
7.019997388124465942e-02 3.304003924131393433e-02 -8.840050697326660156e-01
7.741260528564453125e-02 1.669340766966342926e-02 -8.414636850357055664e-01
4.916876181960105896e-02 5.241790786385536194e-02 -9.018114805221557617e-01
4.248947650194168091e-02 5.360481515526771545e-02 -9.721289873123168945e-01
4.756500571966171265e-02 4.916332662105560303e-02 -9.709547758102416992e-01
3.120126016438007355e-02 3.570267558097839355e-02 -8.748000264167785645e-01
3.046895004808902740e-02 3.347865492105484009e-02 -8.469508886337280273e-01
3.339552506804466248e-02 3.699601814150810242e-02 -8.314216732978820801e-01
3.481617569923400879e-02 4.118650779128074646e-02 -7.969236373901367188e-01
5.340275168418884277e-02 2.646466717123985291e-02 -7.777094244956970215e-01
5.751009657979011536e-02 2.644658647477626801e-02 -7.527229189872741699e-01
6.046470254659652710e-02 2.552279829978942871e-02 -7.731540799140930176e-01
6.683152168989181519e-02 2.766100876033306122e-02 -8.667029738426208496e-01
6.291171163320541382e-02 2.102500945329666138e-02 -9.852108359336853027e-01
6.851881742477416992e-02 1.015480235219001770e-02 -1.035911917686462402e+00
6.938702613115310669e-02 4.614826291799545288e-03 -1.050391197204589844e+00
6.740368902683258057e-02 1.491524279117584229e-03 -1.038816809654235840e+00
4.133307933807373047e-02 1.442984119057655334e-02 -9.787818193435668945e-01
2.897165343165397644e-02 2.586110308766365051e-02 -9.205790758132934570e-01
3.235107660293579102e-02 4.337601363658905029e-02 -8.469446301460266113e-01
3.826703131198883057e-02 3.552185744047164917e-02 -8.168036341667175293e-01
4.071792215108871460e-02 1.943579874932765961e-02 -8.186908364295959473e-01
5.747182667255401611e-02 1.679883152246475220e-02 -7.534139156341552734e-01
8.264292031526565552e-02 2.775586023926734924e-02 -8.038543462753295898e-01
8.026306331157684326e-02 1.953112706542015076e-02 -8.909358978271484375e-01
7.813586294651031494e-02 4.122390970587730408e-02 -8.901430368423461914e-01
6.420341879129409790e-02 4.206530377268791199e-02 -8.797311186790466309e-01
6.446713209152221680e-02 3.679653629660606384e-02 -8.787086606025695801e-01
6.360656023025512695e-02 3.531079366803169250e-02 -9.166200757026672363e-01
4.773904010653495789e-02 3.346560522913932800e-02 -8.706939220428466797e-01
5.284408852458000183e-02 5.070384219288825989e-02 -8.765491247177124023e-01
4.418783634901046753e-02 5.134471505880355835e-02 -8.818828463554382324e-01
1.983025670051574707e-02 4.005521908402442932e-02 -7.833669781684875488e-01
1.940709352493286133e-02 1.870737224817276001e-02 -8.354671597480773926e-01
2.615539729595184326e-02 1.308904215693473816e-02 -8.720149397850036621e-01
1.751329004764556885e-02 8.099513128399848938e-03 -7.603548765182495117e-01
1.682092249393463135e-02 1.533419638872146606e-02 -6.848300099372863770e-01
1.466218661516904831e-02 1.972689107060432434e-02 -6.604653596878051758e-01
-1.061908714473247528e-02 1.693718135356903076e-02 -6.639760732650756836e-01
-2.144714072346687317e-02 1.140025630593299866e-02 -6.601681113243103027e-01
-2.372925728559494019e-02 2.669322863221168518e-02 -7.235000133514404297e-01
-2.345686033368110657e-02 2.947566285729408264e-02 -7.820060253143310547e-01
-1.776431314647197723e-02 3.069560602307319641e-02 -8.654023408889770508e-01
-1.990229077637195587e-02 2.773511037230491638e-02 -8.877080082893371582e-01
-2.419403195381164551e-02 3.840958327054977417e-02 -8.716259002685546875e-01
-3.101093322038650513e-02 3.217067942023277283e-02 -7.720438241958618164e-01
-2.884916961193084717e-02 3.021596185863018036e-02 -7.077254056930541992e-01
-2.611164189875125885e-02 3.070938214659690857e-02 -7.213340401649475098e-01
-2.578895725309848785e-02 3.656654059886932373e-02 -7.715289592742919922e-01
-3.992845118045806885e-02 4.657741636037826538e-02 -6.910337805747985840e-01
-3.849686682224273682e-02 1.885776780545711517e-02 -6.434208750724792480e-01
-5.288114398717880249e-02 2.710676752030849457e-02 -7.075442671775817871e-01
-7.029765844345092773e-02 3.102724999189376831e-02 -7.062839865684509277e-01
-7.236703485250473022e-02 2.784303389489650726e-02 -6.854047179222106934e-01
-6.318674236536026001e-02 2.248030528426170349e-02 -6.985357403755187988e-01
-4.600100964307785034e-02 1.589158922433853149e-02 -7.369288802146911621e-01
-2.244657650589942932e-02 1.697342470288276672e-02 -7.248335480690002441e-01
-5.096685141324996948e-03 2.049074880778789520e-02 -6.774194836616516113e-01
7.365410216152667999e-03 3.225411474704742432e-02 -6.490232944488525391e-01
-8.343462832272052765e-04 4.082289710640907288e-02 -6.380185484886169434e-01
1.618899870663881302e-03 4.846501722931861877e-02 -6.563816666603088379e-01
1.871684798970818520e-03 3.399895876646041870e-02 -6.442570686340332031e-01
-8.047714829444885254e-03 2.769422344863414764e-02 -5.847685337066650391e-01
2.749337116256356239e-03 4.253698885440826416e-02 -6.275346875190734863e-01
-1.179184019565582275e-02 3.703922778367996216e-02 -7.523629069328308105e-01
-1.182633917778730392e-02 1.180827617645263672e-02 -8.526958227157592773e-01
1.510111615061759949e-03 1.997844129800796509e-02 -7.806584835052490234e-01
8.299810811877250671e-03 2.942728810012340546e-02 -6.720232367515563965e-01
-1.430373638868331909e-03 2.551674284040927887e-02 -6.416240334510803223e-01
7.974276319146156311e-03 2.578720450401306152e-02 -6.825728416442871094e-01
3.952728584408760071e-03 2.786190807819366455e-02 -7.083570957183837891e-01
2.842895686626434326e-03 2.124802023172378540e-02 -6.693401932716369629e-01
1.093860156834125519e-02 2.007579803466796875e-02 -6.754589080810546875e-01
1.375037245452404022e-02 2.428237721323966980e-02 -6.780575513839721680e-01
1.764969155192375183e-02 2.525959536433219910e-02 -6.863576769828796387e-01
1.760094426572322845e-02 2.391245216131210327e-02 -6.710175275802612305e-01
1.216848939657211304e-02 1.850091852247714996e-02 -6.484581828117370605e-01
1.937154494225978851e-02 1.739960722625255585e-02 -6.702163219451904297e-01
3.271016478538513184e-02 3.495731949806213379e-02 -6.761968731880187988e-01
3.373622894287109375e-02 3.635065630078315735e-02 -7.036508321762084961e-01
2.527138590812683105e-02 3.109212592244148254e-02 -6.675754785537719727e-01
3.225819393992424011e-02 1.244920305907726288e-02 -6.139550805091857910e-01
3.762370347976684570e-02 2.212898060679435730e-02 -6.615646481513977051e-01
2.619282528758049011e-02 2.250159718096256256e-02 -6.731503605842590332e-01
1.329329423606395721e-02 2.402222715318202972e-02 -7.103670835494995117e-01
1.945972070097923279e-02 2.426435053348541260e-02 -7.784469127655029297e-01
2.974594756960868835e-02 2.301923558115959167e-02 -8.278614282608032227e-01
2.624476887285709381e-02 1.580232381820678711e-02 -7.991878390312194824e-01
2.640355192124843597e-02 1.675435900688171387e-02 -7.804511785507202148e-01
1.442919299006462097e-02 1.924160867929458618e-02 -7.387148141860961914e-01
1.744366250932216644e-02 2.095461823046207428e-02 -7.174000144004821777e-01
1.841850392520427704e-02 2.539228275418281555e-02 -7.141258120536804199e-01
2.031664177775382996e-02 2.470921911299228668e-02 -7.019311189651489258e-01
2.141222171485424042e-02 2.462158910930156708e-02 -6.965066790580749512e-01
2.207429148256778717e-02 2.467676997184753418e-02 -6.955323815345764160e-01
2.259637415409088135e-02 2.496168948709964752e-02 -6.963824033737182617e-01
2.299317531287670135e-02 2.517505362629890442e-02 -6.978685259819030762e-01
2.340891957283020020e-02 2.541209384799003601e-02 -6.991243362426757812e-01
2.395037375390529633e-02 2.564607746899127960e-02 -7.000228166580200195e-01
2.383618056774139404e-02 2.640547044575214386e-02 -7.007383108139038086e-01
2.274783141911029816e-02 2.717262692749500275e-02 -7.013846039772033691e-01
2.281203307211399078e-02 2.716827392578125000e-02 -7.352696061134338379e-01
3.250379860401153564e-02 2.078165486454963684e-02 -7.765781879425048828e-01
3.448858857154846191e-02 1.671032793819904327e-02 -7.716247439384460449e-01
3.676703199744224548e-02 1.999183185398578644e-02 -7.762075662612915039e-01
3.586860001087188721e-02 2.224265038967132568e-02 -7.473908066749572754e-01
3.444753959774971008e-02 3.080199658870697021e-02 -7.697325348854064941e-01
3.910937905311584473e-02 3.391300886869430542e-02 -7.546584010124206543e-01
4.651181772351264954e-02 3.397006168961524963e-02 -7.747309207916259766e-01
4.421079158782958984e-02 2.921136468648910522e-02 -8.089885115623474121e-01
2.962685003876686096e-02 3.352787718176841736e-02 -7.933934926986694336e-01
2.186383679509162903e-02 2.976246923208236694e-02 -7.335312366485595703e-01
2.651585265994071960e-02 3.093625605106353760e-02 -7.053017020225524902e-01
2.133486419916152954e-02 2.954934909939765930e-02 -7.065101861953735352e-01
1.824263855814933777e-02 2.652204595506191254e-02 -7.313659787178039551e-01
2.295549772679805756e-02 2.958291396498680115e-02 -7.437634468078613281e-01
2.282724156975746155e-02 3.480688109993934631e-02 -7.442575693130493164e-01
2.634919807314872742e-02 3.804552555084228516e-02 -7.286974191665649414e-01
2.773257158696651459e-02 3.703607991337776184e-02 -7.536628842353820801e-01
2.340741269290447235e-02 3.659838810563087463e-02 -7.782096266746520996e-01
2.118407003581523895e-02 3.269983455538749695e-02 -7.690360546112060547e-01
2.464182488620281219e-02 2.949982881546020508e-02 -7.451747655868530273e-01
2.953653410077095032e-02 3.047132678329944611e-02 -7.262530922889709473e-01
2.686741203069686890e-02 3.039320930838584900e-02 -7.600548863410949707e-01
2.931123226881027222e-02 2.956081740558147430e-02 -7.616520524024963379e-01
3.027216531336307526e-02 2.875933982431888580e-02 -7.383298873901367188e-01
2.796881645917892456e-02 3.101224452257156372e-02 -7.152904272079467773e-01
2.524011768400669098e-02 3.047634102404117584e-02 -7.054937481880187988e-01
2.548216655850410461e-02 2.927436865866184235e-02 -7.384659051895141602e-01
2.928924560546875000e-02 2.962301112711429596e-02 -7.548113465309143066e-01
3.730298206210136414e-02 3.012825362384319305e-02 -7.828242182731628418e-01
5.056572705507278442e-02 3.318676352500915527e-02 -8.161361217498779297e-01
5.994480475783348083e-02 3.665502741932868958e-02 -7.957816123962402344e-01
6.411401182413101196e-02 3.342806920409202576e-02 -7.482819557189941406e-01
6.734939664602279663e-02 2.431903406977653503e-02 -7.160278558731079102e-01
7.438702881336212158e-02 9.296385571360588074e-03 -6.914060115814208984e-01
8.155608922243118286e-02 -1.152726262807846069e-02 -7.142125368118286133e-01
8.706318587064743042e-02 -1.469480060040950775e-02 -7.294572591781616211e-01
9.346226602792739868e-02 -1.721845939755439758e-03 -7.337103486061096191e-01
1.044994667172431946e-01 5.679758265614509583e-03 -7.515980601310729980e-01
1.110364720225334167e-01 4.728844389319419861e-03 -7.629230618476867676e-01
1.168034225702285767e-01 7.175903767347335815e-03 -7.476810812950134277e-01
1.316482126712799072e-01 1.768675073981285095e-02 -7.274685502052307129e-01
1.480023860931396484e-01 1.340451464056968689e-02 -7.467256188392639160e-01
1.701657623052597046e-01 1.299630850553512573e-03 -7.537950277328491211e-01
1.628697663545608521e-01 -9.924415498971939087e-04 -6.550380587577819824e-01
1.627957075834274292e-01 7.196416147053241730e-03 -6.487259864807128906e-01
1.596446484327316284e-01 1.340491697192192078e-03 -6.676940321922302246e-01
1.489959359169006348e-01 -1.632614992558956146e-02 -6.001765727996826172e-01
1.683855503797531128e-01 -1.256472989916801453e-02 -5.505762696266174316e-01
2.041763216257095337e-01 3.698579967021942139e-04 -5.862944722175598145e-01
2.377106547355651855e-01 5.264421924948692322e-03 -5.983760356903076172e-01
2.292382568120956421e-01 1.586310565471649170e-02 -5.537213087081909180e-01
2.902241647243499756e-01 1.765487529337406158e-02 -6.136703491210937500e-01
3.300618231296539307e-01 2.253032848238945007e-02 -6.193335056304931641e-01
3.461849093437194824e-01 2.550683729350566864e-02 -5.971263647079467773e-01
3.628387153148651123e-01 3.153465688228607178e-02 -5.726768970489501953e-01
3.849824666976928711e-01 2.099382318556308746e-02 -5.378953218460083008e-01
3.830668032169342041e-01 1.009596697986125946e-02 -5.122251510620117188e-01
4.000148177146911621e-01 1.413487270474433899e-02 -4.659530818462371826e-01
4.549395143985748291e-01 5.807230249047279358e-03 -4.933297038078308105e-01
3.120583891868591309e-01 -1.875720918178558350e-03 -3.152135312557220459e-01
2.995141446590423584e-01 -1.128534786403179169e-02 -2.721682488918304443e-01
2.553025186061859131e-01 7.916027680039405823e-03 -2.060994058847427368e-01
2.048795521259307861e-01 3.118765074759721756e-03 -1.520666033029556274e-01
2.706093490123748779e-01 1.270504202693700790e-02 -1.725240647792816162e-01
2.925570309162139893e-01 8.963551372289657593e-03 -1.633742153644561768e-01
4.216988682746887207e-01 -2.181231975555419922e-04 -2.171392142772674561e-01
5.753768682479858398e-01 1.163133047521114349e-02 -2.626927793025970459e-01
6.601621508598327637e-01 8.600329980254173279e-03 -2.593835592269897461e-01
6.722875833511352539e-01 -2.941215410828590393e-03 -2.363463789224624634e-01
6.028242707252502441e-01 -5.491705611348152161e-03 -1.903073489665985107e-01
5.631908774375915527e-01 4.180753603577613831e-04 -1.258595138788223267e-01
6.897494196891784668e-01 -8.792509324848651886e-03 -1.194888055324554443e-01
8.164045810699462891e-01 -2.173992805182933807e-03 -1.140685304999351501e-01
8.561913371086120605e-01 -7.387124933302402496e-03 -9.432421624660491943e-02
9.158731102943420410e-01 -1.398746948689222336e-02 -7.278104871511459351e-02
8.557732701301574707e-01 -2.205723896622657776e-02 -6.852813065052032471e-02
8.838089108467102051e-01 -1.938823424279689789e-02 -4.130388423800468445e-02
8.318604826927185059e-01 -1.220204774290323257e-02 -1.557371951639652252e-02
7.716496586799621582e-01 -1.162530295550823212e-02 -1.006976235657930374e-02
8.380008935928344727e-01 -1.264121010899543762e-02 1.234749518334865570e-02
9.170103669166564941e-01 -1.344735454767942429e-02 1.988535746932029724e-02
8.863787055015563965e-01 -1.504888385534286499e-02 2.129053138196468353e-02
8.747292160987854004e-01 -5.778775550425052643e-03 2.678346447646617889e-02
9.344289898872375488e-01 -2.844095695763826370e-03 5.172645300626754761e-02
1.040469884872436523e+00 -1.437189709395170212e-02 4.672363400459289551e-02
1.062771916389465332e+00 -1.729542016983032227e-02 4.560426622629165649e-02
1.023189067840576172e+00 -3.896954003721475601e-03 5.226653814315795898e-02
1.000743508338928223e+00 2.032970543950796127e-03 5.909697711467742920e-02
1.078848958015441895e+00 -1.576167065650224686e-03 8.285357803106307983e-02
1.069960713386535645e+00 3.705934621393680573e-03 8.580148220062255859e-02
1.095725893974304199e+00 -7.433490827679634094e-04 7.540248334407806396e-02
1.084524869918823242e+00 -1.116152293980121613e-02 7.392769306898117065e-02
1.075506925582885742e+00 -1.094805309548974037e-03 8.219978213310241699e-02
1.096988677978515625e+00 4.236495587974786758e-03 9.777693450450897217e-02
1.137847304344177246e+00 2.773949527181684971e-04 9.942156821489334106e-02
1.175686597824096680e+00 -5.215474404394626617e-03 9.819679707288742065e-02
1.180716156959533691e+00 -5.777669139206409454e-03 9.487732499837875366e-02
1.097467660903930664e+00 -8.531042374670505524e-03 7.973425835371017456e-02
1.103044748306274414e+00 1.160922925919294357e-03 8.725228905677795410e-02
1.084750175476074219e+00 4.181903786957263947e-04 7.344214618206024170e-02
9.489765167236328125e-01 2.814113628119230270e-03 4.149973392486572266e-02
9.583494067192077637e-01 -6.869829259812831879e-03 5.062277242541313171e-02
1.019092679023742676e+00 -6.579539738595485687e-03 7.156272232532501221e-02
1.037761807441711426e+00 5.052517168223857880e-03 7.775446027517318726e-02
1.159781932830810547e+00 -3.689798293635249138e-03 9.425219148397445679e-02
1.164184689521789551e+00 2.154715918004512787e-02 1.094160601496696472e-01
1.081908822059631348e+00 2.460092678666114807e-02 1.024280413985252380e-01
1.075292468070983887e+00 2.608189731836318970e-02 1.111824512481689453e-01
1.114573717117309570e+00 -1.014869660139083862e-03 8.829641342163085938e-02
1.088831782341003418e+00 2.876598853617906570e-03 8.825970441102981567e-02
1.054163336753845215e+00 5.375327076762914658e-03 7.705767452716827393e-02
1.028105139732360840e+00 1.043270807713270187e-03 6.577868014574050903e-02
1.068840265274047852e+00 -1.322201453149318695e-03 6.863483786582946777e-02
1.175723433494567871e+00 4.573277197778224945e-03 9.451454877853393555e-02
1.147453546524047852e+00 8.785190992057323456e-03 8.925008773803710938e-02
1.088069438934326172e+00 -6.773241795599460602e-03 7.179613411426544189e-02
1.157845616340637207e+00 6.882197689265012741e-03 9.423759579658508301e-02
1.171790480613708496e+00 1.704267691820859909e-03 9.658809006214141846e-02
1.150598049163818359e+00 1.489630900323390961e-03 8.804686367511749268e-02
1.122682690620422363e+00 -2.153872512280941010e-03 8.440579473972320557e-02
1.164094567298889160e+00 -2.118078991770744324e-03 8.643507212400436401e-02
1.122421145439147949e+00 -4.675751086324453354e-03 8.875101059675216675e-02
1.129104614257812500e+00 -9.326262399554252625e-03 9.790215641260147095e-02
1.141592025756835938e+00 -4.618179518729448318e-03 9.617506712675094604e-02
1.158302545547485352e+00 -5.345274694263935089e-03 9.881053864955902100e-02
1.148513913154602051e+00 -1.065148599445819855e-02 1.046604663133621216e-01
1.110032916069030762e+00 -1.228969264775514603e-02 1.048019677400588989e-01
1.037076711654663086e+00 -1.860715914517641068e-03 9.579923748970031738e-02
1.129553675651550293e+00 -2.759527880698442459e-03 9.439000487327575684e-02
1.188836693763732910e+00 7.059378549456596375e-04 1.029784455895423889e-01
1.179928421974182129e+00 -1.147167291492223740e-03 1.103235036134719849e-01
1.148835897445678711e+00 4.375015851110219955e-03 1.120075285434722900e-01
1.129190325736999512e+00 1.031521707773208618e-03 1.090305149555206299e-01
1.101969838142395020e+00 -1.857214607298374176e-03 1.071435511112213135e-01
1.004641175270080566e+00 -6.978247780352830887e-03 9.614054113626480103e-02
1.022826433181762695e+00 -1.584147103130817413e-04 9.901436418294906616e-02
1.087201833724975586e+00 -2.526617608964443207e-03 9.638866782188415527e-02
1.069757103919982910e+00 -5.388066638261079788e-03 9.209679067134857178e-02
1.079918622970581055e+00 -8.012764155864715576e-04 9.793475270271301270e-02
1.133352041244506836e+00 -5.068091209977865219e-03 9.924128651618957520e-02
1.146231532096862793e+00 -4.966722801327705383e-03 1.055766344070434570e-01
1.093275547027587891e+00 -1.606089621782302856e-02 9.023994952440261841e-02
1.098223805427551270e+00 -5.228206515312194824e-03 9.217523783445358276e-02
1.160828828811645508e+00 3.486889414489269257e-03 1.042415872216224670e-01
1.150537848472595215e+00 8.276952430605888367e-03 1.026022434234619141e-01
1.105863690376281738e+00 -2.007898408919572830e-03 8.414527773857116699e-02
1.062686204910278320e+00 -1.110623031854629517e-02 7.453529536724090576e-02
1.037221670150756836e+00 -1.322708744555711746e-02 6.033847853541374207e-02
9.971274137496948242e-01 -2.611307986080646515e-02 2.594910934567451477e-02
1.060115814208984375e+00 -1.611654087901115417e-02 4.281003773212432861e-02
1.118404746055603027e+00 -8.259931579232215881e-03 6.506703048944473267e-02
1.068450450897216797e+00 -8.790541440248489380e-03 6.168295443058013916e-02
1.075956344604492188e+00 -5.779035855084657669e-03 7.337996363639831543e-02
1.124972462654113770e+00 -1.791104674339294434e-03 7.827900350093841553e-02
1.177813649177551270e+00 5.294103175401687622e-06 8.213819563388824463e-02
1.194834232330322266e+00 -9.675852954387664795e-03 7.821661233901977539e-02
1.191342234611511230e+00 -1.126741524785757065e-02 8.475898206233978271e-02
1.173492193222045898e+00 -5.689170211553573608e-03 7.264970242977142334e-02
1.197105288505554199e+00 -1.112734153866767883e-02 7.893430441617965698e-02
1.192840218544006348e+00 -6.661410909146070480e-03 8.798335492610931396e-02
1.070374965667724609e+00 -4.268711432814598083e-03 6.811552494764328003e-02
1.000394821166992188e+00 -8.362684398889541626e-03 5.331998318433761597e-02
9.970819354057312012e-01 -1.458684820681810379e-02 5.726201087236404419e-02
9.869180917739868164e-01 -1.217061653733253479e-02 6.035682186484336853e-02
1.007867813110351562e+00 -2.472140267491340637e-02 5.983453989028930664e-02
1.038868546485900879e+00 -2.328991144895553589e-02 5.966387316584587097e-02
1.059400796890258789e+00 -1.940885186195373535e-02 5.325363576412200928e-02
1.043687224388122559e+00 -2.089690044522285461e-02 5.395542830228805542e-02
1.036955237388610840e+00 -2.281871065497398376e-02 5.968847870826721191e-02
1.044177889823913574e+00 -2.591275796294212341e-02 8.123698830604553223e-02
1.029175877571105957e+00 -1.620717905461788177e-02 1.027060076594352722e-01
1.013525962829589844e+00 -1.624378003180027008e-02 8.185664564371109009e-02
1.036797881126403809e+00 -9.548847563564777374e-03 7.818922400474548340e-02
1.054988384246826172e+00 -3.942942246794700623e-03 9.005136042833328247e-02
1.022866129875183105e+00 -8.403310552239418030e-03 7.665443420410156250e-02
1.015032410621643066e+00 -1.274817995727062225e-02 6.077229231595993042e-02
1.069275259971618652e+00 -1.369503140449523926e-02 5.406340956687927246e-02
1.054799675941467285e+00 -1.496659591794013977e-02 5.743264034390449524e-02
1.041398644447326660e+00 -1.723792776465415955e-02 6.220810487866401672e-02
1.001437664031982422e+00 -1.724195852875709534e-02 6.595130264759063721e-02
9.981489181518554688e-01 -1.531635969877243042e-02 6.969629973173141479e-02
1.002525329589843750e+00 -8.748948574066162109e-03 6.517641246318817139e-02
1.045277714729309082e+00 2.897095866501331329e-03 4.584860429167747498e-02
1.087196469306945801e+00 7.025016006082296371e-03 4.612549394369125366e-02
1.182579040527343750e+00 1.345666963607072830e-02 4.678236693143844604e-02
1.169796347618103027e+00 -4.856274463236331940e-03 6.051604449748992920e-02
1.139189124107360840e+00 -1.059320382773876190e-02 7.235173135995864868e-02
1.110894083976745605e+00 -5.629877559840679169e-03 9.395228326320648193e-02
1.043772339820861816e+00 -4.176450893282890320e-04 1.078671067953109741e-01
9.586933851242065430e-01 2.613468095660209656e-04 9.983564913272857666e-02
9.297286868095397949e-01 -2.270174678415060043e-03 9.760349988937377930e-02
8.880435824394226074e-01 -9.889322333037853241e-03 9.398052096366882324e-02
8.292471766471862793e-01 -1.389538310468196869e-02 9.011964499950408936e-02
8.191397190093994141e-01 -6.423784419894218445e-03 9.861753135919570923e-02
8.138856887817382812e-01 -8.224356919527053833e-03 1.079243198037147522e-01
8.195150494575500488e-01 -1.427323278039693832e-02 1.148106232285499573e-01
8.158937692642211914e-01 -1.125904358923435211e-02 1.289339214563369751e-01
8.535704016685485840e-01 -1.139974594116210938e-02 1.491906493902206421e-01
9.080343246459960938e-01 -1.021689269691705704e-02 1.451207846403121948e-01
8.471413850784301758e-01 -2.133460016921162605e-03 1.438722759485244751e-01
7.429968118667602539e-01 8.283255156129598618e-04 1.603621542453765869e-01
7.779790759086608887e-01 -3.541104728356003761e-03 1.925711035728454590e-01
7.433094978332519531e-01 2.211460843682289124e-03 1.967993676662445068e-01
6.826066970825195312e-01 -4.802421666681766510e-03 1.908613443374633789e-01
7.043206095695495605e-01 -9.835215285420417786e-03 2.018981277942657471e-01
6.997765898704528809e-01 -2.091218344867229462e-02 2.119440734386444092e-01
6.973215937614440918e-01 -2.931378781795501709e-02 2.274839580059051514e-01
6.038707494735717773e-01 -1.552399247884750366e-02 2.235109955072402954e-01
5.751352310180664062e-01 -2.009314112365245819e-02 2.360034435987472534e-01
5.709077119827270508e-01 -1.839931868016719818e-02 2.528248727321624756e-01
5.444701910018920898e-01 -1.848980411887168884e-02 2.716310620307922363e-01
5.734654664993286133e-01 -2.173443883657455444e-02 3.240632712841033936e-01
5.558473467826843262e-01 -2.772086858749389648e-02 3.509080708026885986e-01
6.022123694419860840e-01 -3.153786435723304749e-02 4.320209026336669922e-01
5.516186952590942383e-01 -3.258909657597541809e-02 4.608632326126098633e-01
4.981417953968048096e-01 -4.848054796457290649e-02 4.756960570812225342e-01
4.744360744953155518e-01 -5.035009980201721191e-02 4.853878021240234375e-01
3.868559300899505615e-01 -3.883893042802810669e-02 4.536067843437194824e-01
3.530340790748596191e-01 -4.239430278539657593e-02 4.544498622417449951e-01
3.071426451206207275e-01 -3.102857246994972229e-02 4.636026918888092041e-01
2.964951992034912109e-01 -3.820291906595230103e-02 5.402414202690124512e-01
2.891472578048706055e-01 -3.697405755519866943e-02 5.713537931442260742e-01
2.740142941474914551e-01 -2.274543792009353638e-02 5.820293426513671875e-01
2.448304891586303711e-01 -8.535662665963172913e-03 6.074377894401550293e-01
2.077147364616394043e-01 3.394572064280509949e-03 6.263511180877685547e-01
1.908756196498870850e-01 9.071391075849533081e-03 6.749438643455505371e-01
1.567098945379257202e-01 2.006303146481513977e-02 6.790024638175964355e-01
1.423749625682830811e-01 1.236980408430099487e-02 7.203291654586791992e-01
1.538911312818527222e-01 -6.248670164495706558e-03 8.372714519500732422e-01
1.414782851934432983e-01 -1.353775244206190109e-02 9.250819683074951172e-01
1.276489794254302979e-01 -2.242465689778327942e-02 9.897612333297729492e-01
1.141820251941680908e-01 -1.894777640700340271e-02 1.057112097740173340e+00
9.266749024391174316e-02 -4.254939965903759003e-03 1.074527740478515625e+00
7.660842686891555786e-02 -5.212555639445781708e-03 1.070968151092529297e+00
6.574124842882156372e-02 -9.275140240788459778e-03 1.072587966918945312e+00
5.632207542657852173e-02 -1.209639105945825577e-02 1.081388473510742188e+00
4.941873624920845032e-02 -9.484745562076568604e-03 1.090800046920776367e+00
4.452682286500930786e-02 -1.398913469165563583e-02 1.107049465179443359e+00
2.756193652749061584e-02 -1.755267567932605743e-02 1.145180106163024902e+00
1.208546105772256851e-02 -1.383853703737258911e-02 1.173177838325500488e+00
-5.430672317743301392e-04 -1.276368647813796997e-02 1.155941605567932129e+00
-1.259359810501337051e-02 -2.683712542057037354e-02 1.122438311576843262e+00
-2.549932524561882019e-02 -3.390686586499214172e-02 1.084856748580932617e+00
-3.125721588730812073e-02 -3.084578551352024078e-02 1.073147773742675781e+00
-3.129791095852851868e-02 -2.483311295509338379e-02 1.055610060691833496e+00
-3.499768674373626709e-02 -2.297322824597358704e-02 1.042446255683898926e+00
-4.569214954972267151e-02 -1.605091802775859833e-02 9.852584600448608398e-01
-5.687928944826126099e-02 -6.205232813954353333e-03 8.323526382446289062e-01
-4.894816130399703979e-02 -1.319836359471082687e-02 7.162055373191833496e-01
-5.256605520844459534e-02 -2.288047224283218384e-02 7.936999201774597168e-01
-6.196033209562301636e-02 -1.521361805498600006e-02 8.953205943107604980e-01
-4.761157557368278503e-02 -1.385384239256381989e-03 9.412054419517517090e-01
-3.580478951334953308e-02 -1.777563709765672684e-03 9.381142258644104004e-01
-4.905537515878677368e-02 -1.804665196686983109e-03 9.728000164031982422e-01
-6.805153191089630127e-02 -2.673506736755371094e-03 1.046799898147583008e+00
-8.414171636104583740e-02 -1.686740666627883911e-03 1.144019961357116699e+00
-8.336294442415237427e-02 -9.646140038967132568e-03 1.169762253761291504e+00
-7.680524140596389771e-02 -2.190521731972694397e-02 1.135351419448852539e+00
-7.657483965158462524e-02 -2.083344757556915283e-02 1.105820536613464355e+00
-6.726996600627899170e-02 -1.631523482501506805e-02 1.052568078041076660e+00
-5.787503719329833984e-02 -1.241576950997114182e-02 9.717690348625183105e-01
-6.502746045589447021e-02 -1.216869615018367767e-02 9.673898220062255859e-01
-6.031231582164764404e-02 -4.785660654306411743e-03 9.745537638664245605e-01
-4.863660782575607300e-02 8.633611723780632019e-04 9.839239120483398438e-01
-5.030345544219017029e-02 -3.330361098051071167e-03 9.542463421821594238e-01
-6.250145286321640015e-02 -1.389794051647186279e-03 9.411107897758483887e-01
-6.271690130233764648e-02 1.561681739985942841e-03 9.502060413360595703e-01
-6.517896801233291626e-02 1.175815239548683167e-03 9.780346155166625977e-01
-6.155267357826232910e-02 -3.166431561112403870e-03 9.702286124229431152e-01
-5.848825722932815552e-02 -4.723555408418178558e-03 9.621847271919250488e-01
-5.676611512899398804e-02 -7.706218399107456207e-03 9.926487803459167480e-01
-4.735563695430755615e-02 -1.182560343295335770e-02 1.011646389961242676e+00
-4.706840962171554565e-02 -1.693527773022651672e-02 1.002886891365051270e+00
-4.980086535215377808e-02 -1.644283905625343323e-02 9.599702954292297363e-01
-4.924495145678520203e-02 -1.147944852709770203e-02 9.020304679870605469e-01
-4.279159009456634521e-02 -8.369091898202896118e-03 8.634928464889526367e-01
-4.363976418972015381e-02 -6.450035143643617630e-03 8.082036375999450684e-01
-4.665000364184379578e-02 -2.779003232717514038e-03 7.872758507728576660e-01
-3.796252608299255371e-02 -5.763113033026456833e-03 8.236765265464782715e-01
-2.712437324225902557e-02 -7.314038462936878204e-03 8.385833501815795898e-01
-3.289660066366195679e-02 -2.153902314603328705e-03 8.396186828613281250e-01
-3.744308650493621826e-02 -1.141426619142293930e-02 8.930292725563049316e-01
-3.537563979625701904e-02 -1.527731679379940033e-02 8.928860425949096680e-01
-3.248900547623634338e-02 -1.004898827522993088e-02 9.185265898704528809e-01
-3.693378716707229614e-02 -8.966764435172080994e-03 9.455789923667907715e-01
-4.069419577717781067e-02 -1.467107422649860382e-02 9.801809787750244141e-01
-4.596259817481040955e-02 -1.770762354135513306e-02 1.022318124771118164e+00
-5.373499542474746704e-02 -2.169815450906753540e-02 1.043990254402160645e+00
-5.379015952348709106e-02 -2.359907515347003937e-02 1.051600813865661621e+00
-4.950015991926193237e-02 -2.590061724185943604e-02 1.084920048713684082e+00
-4.882450029253959656e-02 -2.767816931009292603e-02 1.069284439086914062e+00
-4.498920962214469910e-02 -2.358806878328323364e-02 1.052079439163208008e+00
-4.659695178270339966e-02 -2.589413337409496307e-02 1.074083566665649414e+00
-5.206626653671264648e-02 -2.684027515351772308e-02 1.065413117408752441e+00
-6.146668642759323120e-02 -2.379305474460124969e-02 1.005263209342956543e+00
-6.969190388917922974e-02 -1.463538873940706253e-02 9.735161662101745605e-01
-6.537914276123046875e-02 -5.751572549343109131e-03 9.411383867263793945e-01
-5.498968809843063354e-02 2.987546846270561218e-03 8.742450475692749023e-01
-5.954676494002342224e-02 7.300847209990024567e-03 8.613341450691223145e-01
-6.197613850235939026e-02 3.668722929432988167e-03 8.540357947349548340e-01
-6.886054575443267822e-02 3.151417011395096779e-03 8.430949449539184570e-01
-7.452356815338134766e-02 6.470197811722755432e-03 8.452485799789428711e-01
-7.001624256372451782e-02 2.809656085446476936e-03 8.707017898559570312e-01
-5.781522393226623535e-02 -8.571689948439598083e-03 8.902086615562438965e-01
-5.537508428096771240e-02 -1.259322650730609894e-02 9.006066918373107910e-01
-4.940360412001609802e-02 5.113927181810140610e-04 8.674223423004150391e-01
-5.051217973232269287e-02 1.391670666635036469e-04 8.900906443595886230e-01
-5.658218637108802795e-02 -3.075060201808810234e-03 9.373417496681213379e-01
-6.576891988515853882e-02 -6.070133298635482788e-03 9.520942568778991699e-01
-7.317209988832473755e-02 -5.731389857828617096e-03 9.777752161026000977e-01
-8.028950542211532593e-02 -2.791966311633586884e-03 1.024297714233398438e+00
-7.783862203359603882e-02 -2.640750724822282791e-03 1.064353585243225098e+00
-7.431242614984512329e-02 -3.673735540360212326e-03 1.062545776367187500e+00
-6.873381882905960083e-02 -4.460822790861129761e-03 1.034494519233703613e+00
-6.656123697757720947e-02 -5.761615000665187836e-03 1.025640130043029785e+00
-6.314394623041152954e-02 -7.793727330863475800e-03 1.038484811782836914e+00
-6.136756390333175659e-02 -7.620373740792274475e-03 1.049408674240112305e+00
-6.709168106317520142e-02 -2.605388872325420380e-03 1.074651837348937988e+00
-5.963214486837387085e-02 -3.916149027645587921e-03 1.099913716316223145e+00
-5.524200201034545898e-02 1.323727890849113464e-03 1.090804457664489746e+00
-5.398063361644744873e-02 3.288881387561559677e-03 1.091692090034484863e+00
-5.772214382886886597e-02 2.281123306602239609e-03 1.108399033546447754e+00
-6.704956293106079102e-02 -2.553592436015605927e-03 1.120128750801086426e+00
-7.903563231229782104e-02 -4.607121925801038742e-03 1.153799533843994141e+00
-9.011925011873245239e-02 -7.434134371578693390e-03 1.213389277458190918e+00
-9.034678339958190918e-02 -9.323815815150737762e-03 1.247171044349670410e+00
-9.084872901439666748e-02 -1.487176772207021713e-02 1.253170609474182129e+00
-9.038170427083969116e-02 -1.796192489564418793e-02 1.248071432113647461e+00
-8.850724995136260986e-02 -1.579031720757484436e-02 1.218005895614624023e+00
-9.181173145771026611e-02 -1.971213147044181824e-02 1.200217366218566895e+00
-9.867500513792037964e-02 -2.287102863192558289e-02 1.207820534706115723e+00
-9.114200621843338013e-02 -1.790052652359008789e-02 1.158362030982971191e+00
-9.041971713304519653e-02 -2.158107236027717590e-02 1.166902303695678711e+00
-9.446372836828231812e-02 -2.654061466455459595e-02 1.166886568069458008e+00
-1.029546633362770081e-01 -3.215446695685386658e-02 1.107643961906433105e+00
-1.082713156938552856e-01 -3.726142272353172302e-02 1.020306944847106934e+00
-1.139391362667083740e-01 -4.085977002978324890e-02 9.626200795173645020e-01
-1.157939285039901733e-01 -3.081564046442508698e-02 9.275548458099365234e-01
-1.149798184633255005e-01 -1.934961974620819092e-02 8.988996148109436035e-01
-1.222239583730697632e-01 -4.188844561576843262e-02 9.103358983993530273e-01
-1.043754667043685913e-01 -4.849030077457427979e-02 9.117035865783691406e-01
-1.193461120128631592e-01 -4.406318068504333496e-02 9.039548039436340332e-01
-1.459157913923263550e-01 -2.807982452213764191e-02 8.656012415885925293e-01
-1.449532061815261841e-01 -1.826132647693157196e-02 8.602305650711059570e-01
-1.359149813652038574e-01 -1.395778823643922806e-02 8.859704136848449707e-01
-1.298462897539138794e-01 -1.978987455368041992e-02 9.325747489929199219e-01
-1.277584582567214966e-01 -2.408083714544773102e-02 9.507346153259277344e-01
-1.278663575649261475e-01 -2.390113100409507751e-02 9.327145218849182129e-01
-1.198454201221466064e-01 -1.700363866984844208e-02 8.811324238777160645e-01
-1.100250929594039917e-01 -1.013930514454841614e-02 8.377722501754760742e-01
-1.047101318836212158e-01 -6.006905809044837952e-03 8.269578814506530762e-01
-1.012889742851257324e-01 -4.153088666498661041e-03 8.121548891067504883e-01
-9.799469262361526489e-02 -6.179806077852845192e-04 7.817494273185729980e-01
-9.429767727851867676e-02 -2.317982027307152748e-03 7.690176963806152344e-01
-9.531034529209136963e-02 -7.305749692022800446e-03 7.944419384002685547e-01
-9.468689560890197754e-02 -1.166553888469934464e-02 8.071035742759704590e-01
-9.227702766656875610e-02 -9.407099336385726929e-03 8.247928023338317871e-01
-8.751855790615081787e-02 -1.187312789261341095e-02 8.451684713363647461e-01
-8.331847935914993286e-02 -1.611769013106822968e-02 8.401055932044982910e-01
-7.908787578344345093e-02 -2.245084755122661591e-02 8.198305368423461914e-01
-7.554645091295242310e-02 -2.474897168576717377e-02 7.982636094093322754e-01
-7.263890653848648071e-02 -2.210987545549869537e-02 7.969801425933837891e-01
-6.807252764701843262e-02 -1.823985576629638672e-02 7.853235602378845215e-01
-6.155318766832351685e-02 -1.687300764024257660e-02 7.712544798851013184e-01
-6.098424643278121948e-02 -1.146375481039285660e-02 7.850918173789978027e-01
-5.760854482650756836e-02 -9.500028565526008606e-03 7.694385051727294922e-01
-4.646382108330726624e-02 -1.212004758417606354e-02 7.431140542030334473e-01
-3.714971989393234253e-02 -1.233595330268144608e-02 6.975938081741333008e-01
-3.075134754180908203e-02 -7.304100319743156433e-03 7.104561328887939453e-01
-3.093500807881355286e-02 -7.596402429044246674e-03 7.169973850250244141e-01
-1.881710998713970184e-02 -4.403433762490749359e-03 6.955717206001281738e-01
-2.021377719938755035e-02 -1.737349107861518860e-02 7.755946516990661621e-01
-2.643084526062011719e-02 -2.539334073662757874e-02 8.735395669937133789e-01
-1.744419150054454803e-02 -2.646627835929393768e-02 9.655392169952392578e-01
-1.716046966612339020e-02 -3.744740411639213562e-02 1.010454535484313965e+00
-1.548633351922035217e-02 -3.526423498988151550e-02 1.064047574996948242e+00
-2.836893498897552490e-02 -3.053963556885719299e-02 1.117463469505310059e+00
-4.467662051320075989e-02 -3.150633722543716431e-02 1.091272950172424316e+00
-5.942305177450180054e-02 -2.771697565913200378e-02 1.048559308052062988e+00
-8.304227143526077271e-02 -2.631199546158313751e-02 1.067225337028503418e+00
-1.103380322456359863e-01 -2.464056387543678284e-02 1.066277265548706055e+00
-1.282482147216796875e-01 -1.521683763712644577e-02 1.035626888275146484e+00
-1.407023519277572632e-01 -1.428803429007530212e-02 1.012937545776367188e+00
-1.622765064239501953e-01 -2.349482104182243347e-02 9.862913489341735840e-01
-2.009983807802200317e-01 -1.476460509002208710e-02 9.704572558403015137e-01
-2.428069114685058594e-01 -1.391661725938320160e-02 9.990476369857788086e-01
-2.595939338207244873e-01 -1.959728449583053589e-02 9.983469247817993164e-01
-2.575445473194122314e-01 -2.029648423194885254e-02 9.449462294578552246e-01
-2.406855970621109009e-01 -6.134841591119766235e-03 8.711566925048828125e-01
-2.182389199733734131e-01 -4.010304808616638184e-03 8.211165070533752441e-01
-2.183813601732254028e-01 -7.313912734389305115e-03 8.251874446868896484e-01
-2.313989102840423584e-01 -7.545748725533485413e-03 8.706098794937133789e-01
-2.420884668827056885e-01 -6.489902734756469727e-04 9.279452562332153320e-01
-2.307644188404083252e-01 1.221846789121627808e-03 9.538404345512390137e-01
-2.047985643148422241e-01 2.873631194233894348e-03 9.169182181358337402e-01
-1.831978708505630493e-01 2.521319314837455750e-03 8.615412712097167969e-01
-1.710401028394699097e-01 5.642209202051162720e-03 8.453428745269775391e-01
-1.693185716867446899e-01 1.010498311370611191e-02 8.634045124053955078e-01
-1.691522300243377686e-01 1.126002147793769836e-02 8.865945935249328613e-01
-1.677553802728652954e-01 1.045512128621339798e-02 9.032487273216247559e-01
-1.652621030807495117e-01 8.284368552267551422e-03 9.098822474479675293e-01
-1.642752736806869507e-01 6.948950700461864471e-03 9.147920012474060059e-01
-1.630040854215621948e-01 1.158301718533039093e-03 9.278370141983032227e-01
-1.620088517665863037e-01 -1.022011693567037582e-02 9.462065100669860840e-01
-1.623828709125518799e-01 -1.517437677830457687e-02 9.536300301551818848e-01
-1.644894778728485107e-01 -1.298600155860185623e-02 9.558625817298889160e-01
-1.659567207098007202e-01 -1.093216054141521454e-02 9.572067856788635254e-01
-1.677293926477432251e-01 -9.617767296731472015e-03 9.576764106750488281e-01
-1.684828400611877441e-01 -8.125118911266326904e-03 9.561812877655029297e-01
