-1.489351596683263779e-02 1.405054936185479164e-03 8.958733081817626953e-01
-5.168707575649023056e-04 -6.424476392567157745e-03 8.906539082527160645e-01
2.898926381021738052e-03 -1.467597112059593201e-02 8.944630026817321777e-01
3.454909194260835648e-03 -3.336954861879348755e-03 8.517723083496093750e-01
4.163097124546766281e-03 4.867826122790575027e-03 8.486772775650024414e-01
3.839684650301933289e-03 -8.836998604238033295e-03 8.797907233238220215e-01
2.621491439640522003e-03 -1.309224683791399002e-02 9.294613003730773926e-01
2.001681132242083549e-03 -1.781311072409152985e-02 9.209575653076171875e-01
-2.060122787952423096e-04 -2.214579656720161438e-02 8.821753859519958496e-01
1.751316944137215614e-03 -1.299193594604730606e-02 8.448787331581115723e-01
7.010476663708686829e-03 -9.527002461254596710e-03 8.600441813468933105e-01
1.120506599545478821e-02 -7.486854214221239090e-03 8.697925806045532227e-01
1.647170260548591614e-02 -5.749502684921026230e-03 9.301036596298217773e-01
1.228475756943225861e-02 3.818087978288531303e-03 9.354823827743530273e-01
2.996886614710092545e-03 1.144772209227085114e-02 8.995878100395202637e-01
-2.702512778341770172e-03 8.734782226383686066e-03 8.840886950492858887e-01
-6.898971740156412125e-03 4.013850353658199310e-03 8.794711232185363770e-01
-8.660675957798957825e-03 -2.200217917561531067e-03 8.714737296104431152e-01
-3.492392599582672119e-03 -9.486552327871322632e-03 8.345089554786682129e-01
-5.621789023280143738e-04 -6.847129203379154205e-03 7.918908596038818359e-01
-3.265338018536567688e-04 -8.918195962905883789e-03 7.301324605941772461e-01
-7.103926967829465866e-03 -1.834103465080261230e-02 7.045376300811767578e-01
-1.384483184665441513e-02 -2.450437843799591064e-02 7.368317246437072754e-01
-1.095387618988752365e-02 -2.171100676059722900e-02 7.326130867004394531e-01
-1.343039982020854950e-02 -2.388564497232437134e-02 7.323807477951049805e-01
-6.163571029901504517e-03 -1.855295151472091675e-02 7.759264111518859863e-01
-7.817553356289863586e-03 -6.564270704984664917e-03 7.705549001693725586e-01
-9.001270867884159088e-03 -6.182581651955842972e-03 8.435490727424621582e-01
-1.422316208481788635e-02 -1.473306864500045776e-02 9.513151049613952637e-01
-1.972223818302154541e-02 -1.360316295176744461e-02 1.049970984458923340e+00
-2.396645024418830872e-02 -2.025014907121658325e-02 1.113814592361450195e+00
-2.981785126030445099e-02 -3.115599043667316437e-02 1.061628341674804688e+00
-2.042218856513500214e-02 -2.651306241750717163e-02 9.097826480865478516e-01
-2.167352475225925446e-02 -2.308488637208938599e-02 9.075650572776794434e-01
-2.008684724569320679e-02 -1.877853833138942719e-02 9.340856075286865234e-01
-1.581992208957672119e-02 -1.207716204226016998e-02 9.125341773033142090e-01
-4.295825958251953125e-03 -3.944294992834329605e-03 9.939869046211242676e-01
-2.304951287806034088e-02 -2.887032367289066315e-02 1.064353466033935547e+00
-1.605345122516155243e-02 -2.016725577414035797e-02 1.067623972892761230e+00
-6.944619119167327881e-03 -2.077454887330532074e-02 1.054326772689819336e+00
-1.337040588259696960e-02 -2.824746631085872650e-02 1.081594109535217285e+00
-1.453612372279167175e-02 -3.903569281101226807e-02 1.092959165573120117e+00
-1.309645548462867737e-02 -2.880007401108741760e-02 1.095813512802124023e+00
-2.596038952469825745e-02 -2.161170355975627899e-02 1.142441630363464355e+00
-2.343263104557991028e-02 -1.883794553577899933e-02 1.100049495697021484e+00
-6.009458005428314209e-02 7.828967645764350891e-03 1.077190995216369629e+00
-7.090312987565994263e-02 1.571526378393173218e-02 1.079131841659545898e+00
-6.252410262823104858e-02 7.292592432349920273e-03 1.022414326667785645e+00
-6.543572247028350830e-02 -1.792891649529337883e-03 1.018498778343200684e+00
-7.025329768657684326e-02 -5.869110114872455597e-03 1.000761628150939941e+00
-6.141106784343719482e-02 -7.740968372672796249e-03 9.623801112174987793e-01
-5.413292348384857178e-02 -2.192161045968532562e-03 9.176560640335083008e-01
-4.907298088073730469e-02 6.116332951933145523e-03 9.311288595199584961e-01
-4.025916755199432373e-02 8.920558728277683258e-03 9.428544044494628906e-01
-3.843724355101585388e-02 7.199344225227832794e-03 9.577320814132690430e-01
-2.728105708956718445e-02 1.748973131179809570e-02 9.902109503746032715e-01
-1.227379590272903442e-02 2.812498435378074646e-02 1.007608294486999512e+00
1.476638950407505035e-03 2.093939483165740967e-02 9.730280637741088867e-01
5.861423909664154053e-03 1.317996717989444733e-02 9.313178658485412598e-01
3.033972904086112976e-02 1.676666550338268280e-03 8.801950812339782715e-01
3.179702535271644592e-02 -1.190979778766632080e-02 8.551272153854370117e-01
2.733194082975387573e-02 -1.789787784218788147e-02 7.963652014732360840e-01
3.535826504230499268e-02 -1.057405769824981689e-02 7.978314757347106934e-01
6.093899160623550415e-02 -8.244767785072326660e-03 8.147190213203430176e-01
6.655706465244293213e-02 -1.350214984267950058e-02 7.827823162078857422e-01
8.274814486503601074e-02 -1.509618945419788361e-02 7.499290108680725098e-01
8.702303469181060791e-02 -9.608316235244274139e-03 7.320010066032409668e-01
1.026401072740554810e-01 -1.700519397854804993e-02 7.578248977661132812e-01
9.488634765148162842e-02 -1.623620465397834778e-02 7.290432453155517578e-01
1.022297441959381104e-01 -6.137037649750709534e-03 7.967246770858764648e-01
1.097209379076957703e-01 -1.599040627479553223e-02 8.385986685752868652e-01
1.361275911331176758e-01 -2.309284545481204987e-02 8.886537551879882812e-01
1.520694494247436523e-01 -2.357942238450050354e-02 9.169505834579467773e-01
1.730096936225891113e-01 -3.092260286211967468e-02 9.507775306701660156e-01
2.099194973707199097e-01 -4.433606937527656555e-02 1.045020699501037598e+00
2.447401136159896851e-01 -5.068171024322509766e-02 1.092463493347167969e+00
2.690186500549316406e-01 -4.403342306613922119e-02 1.042022228240966797e+00
2.723771035671234131e-01 -2.766791172325611115e-02 9.493473172187805176e-01
2.629599571228027344e-01 -1.033038832247257233e-03 9.007371068000793457e-01
2.822426259517669678e-01 -1.962721347808837891e-02 8.931300640106201172e-01
3.254688084125518799e-01 -2.945350110530853271e-02 8.620141744613647461e-01
3.400241136550903320e-01 -1.359176263213157654e-02 8.428010940551757812e-01
3.666520416736602783e-01 -5.987562239170074463e-03 8.885560631752014160e-01
3.892805278301239014e-01 -2.062374725937843323e-02 8.179075717926025391e-01
3.858706355094909668e-01 -2.555874921381473541e-02 7.285239100456237793e-01
4.028866291046142578e-01 -3.975664079189300537e-02 7.205589413642883301e-01
4.159757792949676514e-01 -3.978607058525085449e-02 6.806985735893249512e-01
4.203290939331054688e-01 -4.551605880260467529e-02 6.098663806915283203e-01
4.632073044776916504e-01 -4.067418351769447327e-02 6.045507788658142090e-01
5.421369075775146484e-01 -4.382371529936790466e-02 6.363394260406494141e-01
6.247563362121582031e-01 -7.751080393791198730e-02 6.424673795700073242e-01
6.820892095565795898e-01 -6.846491992473602295e-02 6.307821869850158691e-01
6.952984929084777832e-01 -6.357378512620925903e-02 5.463065505027770996e-01
7.530258893966674805e-01 -6.752522289752960205e-02 5.333696007728576660e-01
7.602993249893188477e-01 -5.655533075332641602e-02 4.775343239307403564e-01
7.533785700798034668e-01 -4.762804880738258362e-02 4.111469686031341553e-01
6.975266337394714355e-01 -4.357880353927612305e-02 3.424664139747619629e-01
6.558393239974975586e-01 -4.346088320016860962e-02 2.890833616256713867e-01
6.893367767333984375e-01 -6.010346487164497375e-02 2.558822631835937500e-01
7.756944894790649414e-01 -8.745210617780685425e-02 2.116793543100357056e-01
7.781772613525390625e-01 -9.114597737789154053e-02 1.592166721820831299e-01
9.200843572616577148e-01 -1.070034950971603394e-01 1.928758174180984497e-01
9.058547616004943848e-01 -9.184074401855468750e-02 1.393391489982604980e-01
8.943782448768615723e-01 -6.870747357606887817e-02 1.051018089056015015e-01
9.250815510749816895e-01 -7.057300209999084473e-02 7.419538497924804688e-02
9.898954629898071289e-01 -7.112635672092437744e-02 5.945881083607673645e-02
1.056568980216979980e+00 -7.421302050352096558e-02 4.492470249533653259e-02
1.063627123832702637e+00 -7.395890355110168457e-02 3.326658532023429871e-02
1.045877456665039062e+00 -7.498848438262939453e-02 9.715135209262371063e-03
1.044988989830017090e+00 -7.604438066482543945e-02 -8.199349977076053619e-04
1.005432605743408203e+00 -7.318437844514846802e-02 -9.451596066355705261e-03
9.893204569816589355e-01 -6.977813690900802612e-02 -2.030058205127716064e-02
9.769586920738220215e-01 -6.122658774256706238e-02 -2.362418547272682190e-02
9.641426801681518555e-01 -5.589887499809265137e-02 -2.280098758637905121e-02
9.906473159790039062e-01 -5.849131196737289429e-02 -2.284195274114608765e-02
1.041538476943969727e+00 -6.743752211332321167e-02 -2.975033409893512726e-02
1.077922821044921875e+00 -6.083946675062179565e-02 -3.495845571160316467e-02
1.113013625144958496e+00 -8.539596945047378540e-02 -3.129907697439193726e-02
1.086239337921142578e+00 -9.081751108169555664e-02 -1.972587220370769501e-02
1.086501240730285645e+00 -9.858848899602890015e-02 -2.943985722959041595e-02
1.091949462890625000e+00 -1.014399677515029907e-01 -4.861832410097122192e-02
1.058713197708129883e+00 -8.002719283103942871e-02 -3.760729730129241943e-02
1.018370628356933594e+00 -6.780851632356643677e-02 -2.816990576684474945e-02
1.022975683212280273e+00 -6.466499716043472290e-02 -2.585256285965442657e-02
1.029824137687683105e+00 -7.578477263450622559e-02 -2.469916641712188721e-02
1.023654699325561523e+00 -8.763864636421203613e-02 -2.665902301669120789e-02
1.033213376998901367e+00 -9.228212386369705200e-02 -2.673620358109474182e-02
1.018640756607055664e+00 -9.273064136505126953e-02 -2.436327561736106873e-02
1.003502249717712402e+00 -8.619517087936401367e-02 -1.474223192781209946e-02
9.724076390266418457e-01 -7.494249194860458374e-02 -4.872023127973079681e-04
9.450630545616149902e-01 -8.024452626705169678e-02 -2.828012453392148018e-03
9.898513555526733398e-01 -8.298060297966003418e-02 1.660641049966216087e-03
9.870579838752746582e-01 -7.661365717649459839e-02 9.051376953721046448e-03
1.003056883811950684e+00 -7.508986443281173706e-02 1.352574769407510757e-02
1.016465187072753906e+00 -6.848355382680892944e-02 1.927090063691139221e-02
1.012079000473022461e+00 -6.716518849134445190e-02 2.688228152692317963e-02
9.798587560653686523e-01 -6.861320883035659790e-02 3.554541990160942078e-02
9.703173041343688965e-01 -7.155536860227584839e-02 4.297158494591712952e-02
9.916058778762817383e-01 -7.034125924110412598e-02 4.870667308568954468e-02
1.002614498138427734e+00 -6.503432989120483398e-02 5.324812233448028564e-02
1.006601572036743164e+00 -6.234157085418701172e-02 6.246478110551834106e-02
9.979400634765625000e-01 -6.104578077793121338e-02 6.812128424644470215e-02
9.630790948867797852e-01 -5.977340042591094971e-02 6.683354079723358154e-02
9.324868917465209961e-01 -6.105083599686622620e-02 6.743087619543075562e-02
9.406889081001281738e-01 -6.285052001476287842e-02 7.207824289798736572e-02
9.703773856163024902e-01 -6.498286128044128418e-02 8.069843798875808716e-02
1.005783438682556152e+00 -6.803879886865615845e-02 8.915026485919952393e-02
1.029294848442077637e+00 -7.360287010669708252e-02 9.251299500465393066e-02
1.031573057174682617e+00 -7.972374558448791504e-02 9.275543689727783203e-02
1.024256348609924316e+00 -8.527822792530059814e-02 9.026687592267990112e-02
1.053270578384399414e+00 -8.747221529483795166e-02 8.820691704750061035e-02
1.105690836906433105e+00 -9.296023845672607422e-02 8.715541660785675049e-02
1.118482947349548340e+00 -9.435994923114776611e-02 8.001399040222167969e-02
1.085435152053833008e+00 -8.192635327577590942e-02 9.278975427150726318e-02
1.086320161819458008e+00 -7.420182228088378906e-02 1.055833175778388977e-01
1.057725667953491211e+00 -7.417367398738861084e-02 1.118861958384513855e-01
1.000128984451293945e+00 -8.468813449144363403e-02 1.157492697238922119e-01
9.664735198020935059e-01 -9.183721244335174561e-02 1.192769780755043030e-01
9.854838848114013672e-01 -9.719534218311309814e-02 1.272365599870681763e-01
1.000564932823181152e+00 -1.001915559172630310e-01 1.317300796508789062e-01
1.044283390045166016e+00 -1.073938161134719849e-01 1.364559233188629150e-01
1.088818073272705078e+00 -1.294024586677551270e-01 1.444859355688095093e-01
1.040283441543579102e+00 -1.261303573846817017e-01 1.331955641508102417e-01
1.016837239265441895e+00 -1.126890555024147034e-01 1.420987248420715332e-01
1.022030234336853027e+00 -1.107558310031890869e-01 1.632345467805862427e-01
1.049679756164550781e+00 -1.012545749545097351e-01 1.882113218307495117e-01
1.053428173065185547e+00 -1.046368256211280823e-01 1.869010031223297119e-01
1.098651289939880371e+00 -1.120992153882980347e-01 2.059773057699203491e-01
1.106810331344604492e+00 -1.147385612130165100e-01 2.077490985393524170e-01
1.076809406280517578e+00 -1.147789806127548218e-01 2.027329206466674805e-01
1.045204877853393555e+00 -1.181517839431762695e-01 2.012210935354232788e-01
1.048714756965637207e+00 -1.187830492854118347e-01 2.091893553733825684e-01
1.061251997947692871e+00 -1.205103918910026550e-01 2.152714580297470093e-01
1.047953009605407715e+00 -1.089644134044647217e-01 2.038854360580444336e-01
1.042624354362487793e+00 -1.062256544828414917e-01 2.056096345186233521e-01
1.044233202934265137e+00 -1.061671450734138489e-01 2.183021008968353271e-01
1.047713160514831543e+00 -1.121376976370811462e-01 2.162247300148010254e-01
1.035010576248168945e+00 -1.214889734983444214e-01 2.072470784187316895e-01
1.011568307876586914e+00 -1.111023426055908203e-01 2.213941365480422974e-01
1.001712679862976074e+00 -1.076535731554031372e-01 2.309375405311584473e-01
9.764792323112487793e-01 -1.052720695734024048e-01 1.988716721534729004e-01
9.806946516036987305e-01 -1.172721534967422485e-01 1.873977184295654297e-01
9.562515020370483398e-01 -1.053218245506286621e-01 1.988499760627746582e-01
9.679694771766662598e-01 -1.089796349406242371e-01 2.044675052165985107e-01
9.686080217361450195e-01 -1.095419302582740784e-01 2.028260827064514160e-01
9.744790792465209961e-01 -1.116537526249885559e-01 2.154217213392257690e-01
9.626135826110839844e-01 -1.074151396751403809e-01 2.155535072088241577e-01
9.129089117050170898e-01 -9.406930208206176758e-02 2.025143355131149292e-01
9.070741534233093262e-01 -9.375328570604324341e-02 1.888764351606369019e-01
9.641167521476745605e-01 -8.747027814388275146e-02 1.841239333152770996e-01
9.677065610885620117e-01 -8.139733970165252686e-02 1.775477528572082520e-01
9.560645222663879395e-01 -8.374064415693283081e-02 1.681010723114013672e-01
9.606987833976745605e-01 -8.472103625535964966e-02 1.663492023944854736e-01
9.595763683319091797e-01 -7.401130348443984985e-02 1.649093627929687500e-01
9.395486712455749512e-01 -7.670376449823379517e-02 1.686886399984359741e-01
9.521015286445617676e-01 -7.877937704324722290e-02 1.753830015659332275e-01
9.831778407096862793e-01 -7.906208932399749756e-02 1.854316443204879761e-01
1.032448410987854004e+00 -7.580780237913131714e-02 2.014915645122528076e-01
1.064183115959167480e+00 -7.473889738321304321e-02 2.096070349216461182e-01
1.046316266059875488e+00 -8.494894206523895264e-02 2.034323215484619141e-01
1.031364560127258301e+00 -8.874168992042541504e-02 1.877107024192810059e-01
1.033459067344665527e+00 -8.939063549041748047e-02 1.786304712295532227e-01
1.052137970924377441e+00 -9.285121411085128784e-02 1.903970241546630859e-01
1.060181617736816406e+00 -1.010674387216567993e-01 1.993650645017623901e-01
1.063827157020568848e+00 -9.754549711942672729e-02 2.168310582637786865e-01
1.066866278648376465e+00 -9.404939413070678711e-02 2.457386553287506104e-01
1.062818884849548340e+00 -9.533802419900894165e-02 2.636822462081909180e-01
1.054233551025390625e+00 -9.619374573230743408e-02 2.763730585575103760e-01
1.025724887847900391e+00 -9.153220802545547485e-02 2.804273664951324463e-01
1.011800765991210938e+00 -9.049715101718902588e-02 2.802673578262329102e-01
1.006530046463012695e+00 -1.019375324249267578e-01 2.824004888534545898e-01
1.016405701637268066e+00 -1.117048263549804688e-01 2.816026210784912109e-01
1.027891516685485840e+00 -1.160685122013092041e-01 2.865678071975708008e-01
1.039319515228271484e+00 -1.137769371271133423e-01 3.045642673969268799e-01
1.082252860069274902e+00 -1.332718282938003540e-01 3.211193680763244629e-01
1.124452710151672363e+00 -1.484988331794738770e-01 3.397627472877502441e-01
1.150985240936279297e+00 -1.487365067005157471e-01 3.700127899646759033e-01
1.164269447326660156e+00 -1.443564444780349731e-01 3.939097523689270020e-01
1.142338871955871582e+00 -1.361555904150009155e-01 4.040325284004211426e-01
1.112488031387329102e+00 -1.284443438053131104e-01 4.072251021862030029e-01
1.088402748107910156e+00 -1.259794831275939941e-01 4.098980724811553955e-01
1.079345345497131348e+00 -1.165842860937118530e-01 4.206001758575439453e-01
1.078314542770385742e+00 -1.003064513206481934e-01 4.328990578651428223e-01
1.063697218894958496e+00 -7.920695096254348755e-02 4.404366314411163330e-01
1.084443449974060059e+00 -9.512448310852050781e-02 4.404538869857788086e-01
1.029925823211669922e+00 -9.896956384181976318e-02 4.399625957012176514e-01
1.014996647834777832e+00 -1.132623180747032166e-01 4.425785839557647705e-01
9.674035906791687012e-01 -1.149856597185134888e-01 4.218496084213256836e-01
9.540411233901977539e-01 -1.185094937682151794e-01 4.198904335498809814e-01
9.341983795166015625e-01 -1.194552183151245117e-01 4.253832399845123291e-01
9.219576120376586914e-01 -1.187639087438583374e-01 4.306000471115112305e-01
9.525223970413208008e-01 -1.236707717180252075e-01 4.534031152725219727e-01
9.667281508445739746e-01 -1.229006201028823853e-01 4.605694711208343506e-01
9.952819943428039551e-01 -1.137191653251647949e-01 4.858250021934509277e-01
1.014312148094177246e+00 -1.042958125472068787e-01 5.037183165550231934e-01
1.036008834838867188e+00 -1.064145267009735107e-01 5.159268975257873535e-01
1.025897502899169922e+00 -1.042734384536743164e-01 5.169966220855712891e-01
9.754844903945922852e-01 -8.515038341283798218e-02 4.997437596321105957e-01
9.700396656990051270e-01 -6.905499845743179321e-02 5.066115260124206543e-01
9.999846816062927246e-01 -7.934821397066116333e-02 5.131866931915283203e-01
1.005766868591308594e+00 -9.183061867952346802e-02 5.134414434432983398e-01
1.005911588668823242e+00 -9.571412950754165649e-02 5.139560103416442871e-01
9.838614463806152344e-01 -9.614183753728866577e-02 5.036522150039672852e-01
9.798017740249633789e-01 -1.025096774101257324e-01 5.058895349502563477e-01
9.567770361900329590e-01 -9.792388230562210083e-02 5.068168640136718750e-01
9.522809982299804688e-01 -9.626954048871994019e-02 5.185378789901733398e-01
9.779822230339050293e-01 -1.007575765252113342e-01 5.479631423950195312e-01
9.930579066276550293e-01 -1.017833948135375977e-01 5.617805719375610352e-01
9.977577328681945801e-01 -9.274818003177642822e-02 5.785932540893554688e-01
1.001234769821166992e+00 -9.151641279458999634e-02 5.850141644477844238e-01
1.005343079566955566e+00 -9.211196750402450562e-02 5.877686738967895508e-01
9.808422327041625977e-01 -9.139035642147064209e-02 5.828296542167663574e-01
9.493143558502197266e-01 -9.871247410774230957e-02 5.572519302368164062e-01
9.385184645652770996e-01 -1.082430705428123474e-01 5.496691465377807617e-01
9.058003425598144531e-01 -1.196026429533958435e-01 5.385153889656066895e-01
8.172426819801330566e-01 -1.169602572917938232e-01 4.956500232219696045e-01
7.247946262359619141e-01 -1.007195338606834412e-01 4.444526433944702148e-01
7.365826368331909180e-01 -1.253726184368133545e-01 4.852571487426757812e-01
7.044212818145751953e-01 -1.214756220579147339e-01 4.643764495849609375e-01
6.904304027557373047e-01 -1.121333539485931396e-01 4.500802159309387207e-01
7.215862274169921875e-01 -1.024190187454223633e-01 4.569450616836547852e-01
7.512239217758178711e-01 -1.000876575708389282e-01 4.770031869411468506e-01
7.265843749046325684e-01 -9.278127551078796387e-02 4.756049215793609619e-01
7.011736631393432617e-01 -9.388098120689392090e-02 4.745203852653503418e-01
6.892390847206115723e-01 -9.684331715106964111e-02 4.704780876636505127e-01
6.887125372886657715e-01 -9.896337240934371948e-02 4.832181632518768311e-01
6.853685975074768066e-01 -9.985072910785675049e-02 4.953746795654296875e-01
7.031142711639404297e-01 -9.932104498147964478e-02 5.180332660675048828e-01
7.199242711067199707e-01 -9.573814272880554199e-02 5.390591025352478027e-01
6.900427341461181641e-01 -9.362926334142684937e-02 5.220963954925537109e-01
6.823998689651489258e-01 -9.195818006992340088e-02 5.260540843009948730e-01
6.795415282249450684e-01 -9.408751130104064941e-02 5.232554674148559570e-01
6.974782347679138184e-01 -9.361580014228820801e-02 5.392363071441650391e-01
6.605362892150878906e-01 -9.258119761943817139e-02 5.179710984230041504e-01
5.865483880043029785e-01 -8.627250790596008301e-02 4.768639802932739258e-01
5.801653861999511719e-01 -7.953138649463653564e-02 4.952843189239501953e-01
5.939160585403442383e-01 -8.154400438070297241e-02 5.300977826118469238e-01
5.746890306472778320e-01 -8.363089710474014282e-02 5.262740850448608398e-01
5.791202187538146973e-01 -8.749697357416152954e-02 5.308738350868225098e-01
5.864430069923400879e-01 -9.021757543087005615e-02 5.469688773155212402e-01
6.597341895103454590e-01 -9.038786590099334717e-02 6.078713536262512207e-01
7.006866335868835449e-01 -9.385133534669876099e-02 6.396787166595458984e-01
7.094114422798156738e-01 -8.964301645755767822e-02 6.532743573188781738e-01
7.369675040245056152e-01 -8.157622814178466797e-02 6.822557449340820312e-01
8.019122481346130371e-01 -8.667706698179244995e-02 7.262254357337951660e-01
8.150065541267395020e-01 -8.484655618667602539e-02 7.272481322288513184e-01
7.334639430046081543e-01 -6.797385215759277344e-02 6.568523645401000977e-01
6.898912191390991211e-01 -5.069341138005256653e-02 6.214337944984436035e-01
7.006052732467651367e-01 -4.719716310501098633e-02 6.463332176208496094e-01
7.062875032424926758e-01 -5.187750235199928284e-02 6.772089600563049316e-01
7.397130131721496582e-01 -6.294738501310348511e-02 7.347069978713989258e-01
7.831908464431762695e-01 -7.289399951696395874e-02 7.788139581680297852e-01
8.216026425361633301e-01 -7.979546487331390381e-02 8.173658251762390137e-01
8.136022090911865234e-01 -7.767398655414581299e-02 8.211400508880615234e-01
7.877950072288513184e-01 -9.655842185020446777e-02 8.513435721397399902e-01
7.432736754417419434e-01 -9.828219562768936157e-02 7.805753946304321289e-01
7.030035853385925293e-01 -8.725079149007797241e-02 7.233091592788696289e-01
6.683127880096435547e-01 -7.869143784046173096e-02 6.919136047363281250e-01
6.830173730850219727e-01 -9.213499724864959717e-02 7.215899825096130371e-01
7.047033905982971191e-01 -9.829867631196975708e-02 7.682734131813049316e-01
6.929250359535217285e-01 -7.615292072296142578e-02 7.751721739768981934e-01
6.807624101638793945e-01 -6.909933686256408691e-02 7.680699825286865234e-01
7.105010151863098145e-01 -7.913368940353393555e-02 8.089379072189331055e-01
7.239764332771301270e-01 -8.031928539276123047e-02 8.034843802452087402e-01
7.090073227882385254e-01 -7.695600390434265137e-02 8.012206554412841797e-01
7.098403573036193848e-01 -7.494059205055236816e-02 7.905547618865966797e-01
7.061933279037475586e-01 -7.610093802213668823e-02 7.807049751281738281e-01
6.905902624130249023e-01 -6.263332813978195190e-02 7.644740939140319824e-01
7.051958441734313965e-01 -6.406966596841812134e-02 7.667466998100280762e-01
7.196915745735168457e-01 -7.113834470510482788e-02 7.789341807365417480e-01
7.424214482307434082e-01 -8.348313719034194946e-02 7.996515035629272461e-01
7.458559870719909668e-01 -8.997517079114913940e-02 7.992063164710998535e-01
7.626745104789733887e-01 -8.804381638765335083e-02 8.111213445663452148e-01
7.583700418472290039e-01 -8.642923086881637573e-02 7.992281913757324219e-01
7.155100107192993164e-01 -8.772790431976318359e-02 7.493808865547180176e-01
6.942881941795349121e-01 -8.224531263113021851e-02 7.243291735649108887e-01
6.749542355537414551e-01 -7.497998327016830444e-02 7.008281350135803223e-01
6.521148085594177246e-01 -7.154654711484909058e-02 6.759313344955444336e-01
6.729351878166198730e-01 -6.203908100724220276e-02 6.941668391227722168e-01
7.142791152000427246e-01 -6.783838570117950439e-02 7.200905680656433105e-01
7.355778813362121582e-01 -6.993084400892257690e-02 7.333115339279174805e-01
7.317807078361511230e-01 -6.622627377510070801e-02 7.195512056350708008e-01
6.953505873680114746e-01 -7.320971041917800903e-02 6.940481662750244141e-01
6.825625896453857422e-01 -8.028796315193176270e-02 6.828103065490722656e-01
6.693378090858459473e-01 -6.498936563730239868e-02 6.552808284759521484e-01
6.994051933288574219e-01 -8.775236457586288452e-02 6.604627370834350586e-01
7.346363067626953125e-01 -8.091114461421966553e-02 7.157516479492187500e-01
7.532523274421691895e-01 -8.550483733415603638e-02 7.270528674125671387e-01
7.638679146766662598e-01 -8.958693593740463257e-02 7.084831595420837402e-01
7.673962116241455078e-01 -9.327325969934463501e-02 6.902927160263061523e-01
7.758554220199584961e-01 -1.000278741121292114e-01 7.036179900169372559e-01
7.774253487586975098e-01 -1.014845073223114014e-01 7.076755762100219727e-01
8.028395175933837891e-01 -8.213427662849426270e-02 7.055978178977966309e-01
8.098952174186706543e-01 -8.331857621669769287e-02 6.970317959785461426e-01
7.735202312469482422e-01 -7.913886010646820068e-02 6.642393469810485840e-01
7.739773392677307129e-01 -8.574723452329635620e-02 6.194368600845336914e-01
7.915956377983093262e-01 -1.142988055944442749e-01 6.146336793899536133e-01
8.330788016319274902e-01 -1.121262237429618835e-01 6.435185670852661133e-01
8.281227946281433105e-01 -1.027509421110153198e-01 6.258392333984375000e-01
8.128065466880798340e-01 -1.051631271839141846e-01 6.016295552253723145e-01
8.111271262168884277e-01 -9.861619025468826294e-02 5.873827338218688965e-01
8.350645303726196289e-01 -9.372125566005706787e-02 5.928438305854797363e-01
8.370656967163085938e-01 -9.310481697320938110e-02 5.932690501213073730e-01
8.542113900184631348e-01 -9.171077609062194824e-02 5.989820361137390137e-01
8.913065791130065918e-01 -8.939695358276367188e-02 6.161590218544006348e-01
8.777531981468200684e-01 -8.431574702262878418e-02 6.032100915908813477e-01
8.951427936553955078e-01 -9.345804154872894287e-02 5.740436315536499023e-01
8.723241090774536133e-01 -8.715425431728363037e-02 5.863157510757446289e-01
8.529630899429321289e-01 -8.896480500698089600e-02 5.518563985824584961e-01
8.505708575248718262e-01 -9.315522015094757080e-02 5.449078679084777832e-01
8.519496321678161621e-01 -8.560388535261154175e-02 5.382853746414184570e-01
8.415892124176025391e-01 -7.570471614599227905e-02 5.175966024398803711e-01
8.549063801765441895e-01 -6.296826899051666260e-02 5.206679701805114746e-01
8.865423202514648438e-01 -5.636798590421676636e-02 5.368025898933410645e-01
9.100355505943298340e-01 -5.262370407581329346e-02 5.591002106666564941e-01
9.123051762580871582e-01 -5.887713283300399780e-02 5.587067604064941406e-01
9.312574863433837891e-01 -7.279098778963088989e-02 5.638238191604614258e-01
9.739402532577514648e-01 -1.082962527871131897e-01 5.767558813095092773e-01
9.902344346046447754e-01 -1.231089979410171509e-01 5.646031498908996582e-01
9.619131088256835938e-01 -1.038402095437049866e-01 5.499908328056335449e-01
9.681560993194580078e-01 -7.041221112012863159e-02 5.581133365631103516e-01
9.752818942070007324e-01 -6.137291342020034790e-02 5.580946803092956543e-01
9.576866626739501953e-01 -5.952751263976097107e-02 5.587464570999145508e-01
9.568617343902587891e-01 -8.106151968240737915e-02 5.602149963378906250e-01
8.880857229232788086e-01 -8.624280989170074463e-02 5.267630219459533691e-01
8.550207018852233887e-01 -6.972195953130722046e-02 5.162251591682434082e-01
8.635420799255371094e-01 -7.714098691940307617e-02 5.274292826652526855e-01
8.410108089447021484e-01 -6.730163842439651489e-02 4.991578757762908936e-01
8.231754302978515625e-01 -7.539480179548263550e-02 4.796218574047088623e-01
8.007867932319641113e-01 -7.212843000888824463e-02 4.687351882457733154e-01
7.881854176521301270e-01 -7.202949374914169312e-02 4.338814020156860352e-01
7.692880630493164062e-01 -6.942196935415267944e-02 4.171136617660522461e-01
7.762562036514282227e-01 -7.420988380908966064e-02 4.121508598327636719e-01
7.986061573028564453e-01 -8.326002955436706543e-02 4.150429666042327881e-01
7.955482602119445801e-01 -8.302292227745056152e-02 4.051542580127716064e-01
8.092995882034301758e-01 -7.991997152566909790e-02 4.083544909954071045e-01
8.673625588417053223e-01 -8.313181996345520020e-02 4.299817085266113281e-01
8.954830169677734375e-01 -8.989848196506500244e-02 4.380091130733489990e-01
8.938707113265991211e-01 -9.511429071426391602e-02 4.272604286670684814e-01
8.721362948417663574e-01 -9.649261832237243652e-02 4.038653373718261719e-01
8.262136578559875488e-01 -9.488514810800552368e-02 3.917881846427917480e-01
8.655884861946105957e-01 -9.057042747735977173e-02 3.880423009395599365e-01
8.966041803359985352e-01 -8.815304189920425415e-02 3.786130249500274658e-01
9.474589824676513672e-01 -1.115047261118888855e-01 3.837806284427642822e-01
1.039562225341796875e+00 -1.338384449481964111e-01 4.103800952434539795e-01
1.077852368354797363e+00 -1.375631988048553467e-01 4.272203445434570312e-01
1.053981423377990723e+00 -1.339976787567138672e-01 4.155446588993072510e-01
1.007786512374877930e+00 -1.299134939908981323e-01 3.926917612552642822e-01
9.534140825271606445e-01 -1.188605278730392456e-01 3.663986921310424805e-01
9.285615682601928711e-01 -1.080807074904441833e-01 3.608377575874328613e-01
9.097799062728881836e-01 -9.632331132888793945e-02 3.500218391418457031e-01
8.810874819755554199e-01 -8.427770435810089111e-02 3.259527981281280518e-01
8.719301223754882812e-01 -8.042727410793304443e-02 3.103822469711303711e-01
8.945297002792358398e-01 -8.783403784036636353e-02 3.134674429893493652e-01
9.430729150772094727e-01 -9.916308522224426270e-02 3.334034681320190430e-01
1.003114700317382812e+00 -1.154564693570137024e-01 3.610054254531860352e-01
1.007340550422668457e+00 -1.240994855761528015e-01 3.603382110595703125e-01
9.879066348075866699e-01 -1.249573081731796265e-01 3.423698246479034424e-01
9.700469970703125000e-01 -1.205766052007675171e-01 3.249424397945404053e-01
9.764204621315002441e-01 -1.155857965350151062e-01 3.246776163578033447e-01
1.006558418273925781e+00 -1.218483969569206238e-01 3.417288064956665039e-01
1.025478482246398926e+00 -1.294316649436950684e-01 3.466076254844665527e-01
1.012507319450378418e+00 -1.311947554349899292e-01 3.373461961746215820e-01
9.872881174087524414e-01 -1.254508346319198608e-01 3.161674439907073975e-01
1.005465745925903320e+00 -1.236226409673690796e-01 3.073069453239440918e-01
1.025038361549377441e+00 -1.189275830984115601e-01 3.072088062763214111e-01
1.029470562934875488e+00 -1.144113540649414062e-01 3.016369342803955078e-01
1.032485365867614746e+00 -1.151181161403656006e-01 2.929981052875518799e-01
1.042283654212951660e+00 -1.209791228175163269e-01 2.883247137069702148e-01
1.049190044403076172e+00 -1.218081340193748474e-01 2.838975787162780762e-01
1.043951988220214844e+00 -1.229510605335235596e-01 2.796374559402465820e-01
1.019452929496765137e+00 -1.202021166682243347e-01 2.790057063102722168e-01
9.988273978233337402e-01 -1.127826943993568420e-01 2.751082479953765869e-01
9.865784645080566406e-01 -1.062801033258438110e-01 2.704483866691589355e-01
9.569860100746154785e-01 -1.066119372844696045e-01 2.602342367172241211e-01
8.927260637283325195e-01 -1.064904108643531799e-01 2.436029464006423950e-01
8.842799067497253418e-01 -1.079079434275627136e-01 2.405135333538055420e-01
8.911591172218322754e-01 -1.070930510759353638e-01 2.358115017414093018e-01
9.110305905342102051e-01 -1.061046272516250610e-01 2.333088517189025879e-01
9.186756610870361328e-01 -9.834304451942443848e-02 2.296295762062072754e-01
8.865799307823181152e-01 -8.973563462495803833e-02 2.218734323978424072e-01
8.734697699546813965e-01 -9.495417028665542603e-02 2.210206836462020874e-01
8.746933937072753906e-01 -1.012687608599662781e-01 2.174714058637619019e-01
8.634630441665649414e-01 -1.082255095243453979e-01 2.157583832740783691e-01
8.508744835853576660e-01 -1.090596914291381836e-01 2.161764353513717651e-01
8.822320699691772461e-01 -1.008115261793136597e-01 2.124340832233428955e-01
9.175717830657958984e-01 -9.372345358133316040e-02 2.079825252294540405e-01
9.495607018470764160e-01 -9.298268705606460571e-02 2.013854384422302246e-01
9.564720988273620605e-01 -1.009939461946487427e-01 1.905427575111389160e-01
9.407520294189453125e-01 -1.062048599123954773e-01 1.834151446819305420e-01
9.514820575714111328e-01 -1.083281040191650391e-01 1.775319427251815796e-01
9.448486566543579102e-01 -1.097867786884307861e-01 1.794314086437225342e-01
9.405904412269592285e-01 -1.051288247108459473e-01 1.757640540599822998e-01
9.788836836814880371e-01 -1.046584248542785645e-01 1.748423725366592407e-01
1.049890995025634766e+00 -1.162894517183303833e-01 1.812862306833267212e-01
1.080673933029174805e+00 -1.303878575563430786e-01 1.578264236450195312e-01
9.957283735275268555e-01 -1.150894761085510254e-01 1.546596735715866089e-01
9.778082370758056641e-01 -1.142093837261199951e-01 1.329224556684494019e-01
9.824937582015991211e-01 -1.226537078619003296e-01 1.238118261098861694e-01
1.002944827079772949e+00 -1.252556443214416504e-01 1.347085237503051758e-01
9.877067208290100098e-01 -1.245900914072990417e-01 1.397785246372222900e-01
9.691081643104553223e-01 -1.070695966482162476e-01 1.495289355516433716e-01
9.873233437538146973e-01 -1.054419577121734619e-01 1.581590324640274048e-01
1.036191940307617188e+00 -1.119745597243309021e-01 1.677871495485305786e-01
1.109299182891845703e+00 -1.239908635616302490e-01 1.803887933492660522e-01
1.155580282211303711e+00 -1.401614248752593994e-01 1.747916489839553833e-01
1.151105165481567383e+00 -1.381057351827621460e-01 1.769462078809738159e-01
1.152527332305908203e+00 -1.174181327223777771e-01 1.433992981910705566e-01
1.140079975128173828e+00 -1.099605783820152283e-01 1.193929463624954224e-01
1.131158947944641113e+00 -1.043823584914207458e-01 1.144663989543914795e-01
1.113512754440307617e+00 -1.001355499029159546e-01 1.276631355285644531e-01
1.139232993125915527e+00 -1.163000389933586121e-01 1.362272351980209351e-01
1.124039292335510254e+00 -1.457268744707107544e-01 1.171335652470588684e-01
1.122676849365234375e+00 -1.555445045232772827e-01 1.153158545494079590e-01
1.121717691421508789e+00 -1.382756233215332031e-01 1.052211672067642212e-01
1.091328978538513184e+00 -1.240052208304405212e-01 9.112410992383956909e-02
1.060613632202148438e+00 -1.160370633006095886e-01 8.971064537763595581e-02
1.020233392715454102e+00 -1.112341508269309998e-01 8.162385225296020508e-02
1.024410128593444824e+00 -1.088816896080970764e-01 8.086763322353363037e-02
1.036641359329223633e+00 -9.934946149587631226e-02 6.355832517147064209e-02
1.102460980415344238e+00 -9.985761344432830811e-02 7.237019389867782593e-02
1.100177168846130371e+00 -1.147746071219444275e-01 5.986256897449493408e-02
1.063806295394897461e+00 -1.158335357904434204e-01 5.677073076367378235e-02
1.044903278350830078e+00 -1.166144013404846191e-01 5.544441193342208862e-02
1.036323666572570801e+00 -1.168381571769714355e-01 5.069991946220397949e-02
1.024895906448364258e+00 -1.157410591840744019e-01 4.282088577747344971e-02
1.014830708503723145e+00 -1.142087727785110474e-01 3.674946725368499756e-02
1.013232707977294922e+00 -1.157169640064239502e-01 2.957714535295963287e-02
1.034687638282775879e+00 -1.206250935792922974e-01 2.158034779131412506e-02
1.064355254173278809e+00 -1.256960034370422363e-01 1.446218416094779968e-02
1.063627839088439941e+00 -1.268735527992248535e-01 9.733097627758979797e-03
1.044752001762390137e+00 -1.213401630520820618e-01 9.559437632560729980e-03
1.033316373825073242e+00 -1.151334345340728760e-01 1.013010833412408829e-02
1.042187333106994629e+00 -1.131666600704193115e-01 2.631614916026592255e-03
1.027832269668579102e+00 -1.137016415596008301e-01 2.968558808788657188e-03
1.016480565071105957e+00 -1.120031476020812988e-01 7.912264205515384674e-03
1.028242707252502441e+00 -1.109651103615760803e-01 1.255091652274131775e-02
1.030549764633178711e+00 -1.047763824462890625e-01 1.631887815892696381e-02
1.022126078605651855e+00 -1.125932484865188599e-01 2.503277175128459930e-02
1.013840675354003906e+00 -1.139729842543601990e-01 1.576711423695087433e-02
1.009333729743957520e+00 -1.099646538496017456e-01 2.024956978857517242e-02
9.994210004806518555e-01 -1.013977080583572388e-01 2.665894478559494019e-02
9.880821108818054199e-01 -9.812694042921066284e-02 1.854102127254009247e-02
1.006069540977478027e+00 -9.126870334148406982e-02 1.402559876441955566e-02
1.022660970687866211e+00 -7.576931267976760864e-02 9.278099983930587769e-03
1.021883368492126465e+00 -7.176697254180908203e-02 9.608443826436996460e-03
1.013940453529357910e+00 -7.312189787626266479e-02 1.305024418979883194e-02
1.057843565940856934e+00 -8.186154812574386597e-02 3.367585316300392151e-02
1.066135048866271973e+00 -9.984348714351654053e-02 4.487373307347297668e-02
1.033602595329284668e+00 -9.308105707168579102e-02 3.552013635635375977e-02
9.997777342796325684e-01 -6.432145088911056519e-02 3.730756416916847229e-02
9.590011239051818848e-01 -6.278371065855026245e-02 2.817785181105136871e-02
9.614067673683166504e-01 -8.102923631668090820e-02 3.342802822589874268e-02
9.941431283950805664e-01 -9.279819577932357788e-02 3.336820006370544434e-02
1.014556288719177246e+00 -1.057515963912010193e-01 3.561617434024810791e-02
1.011355876922607422e+00 -1.059445217251777649e-01 3.848756849765777588e-02
1.015525698661804199e+00 -1.150080338120460510e-01 3.771024942398071289e-02
1.019385576248168945e+00 -1.228578537702560425e-01 3.825864940881729126e-02
1.028777480125427246e+00 -1.211251169443130493e-01 5.036073178052902222e-02
1.047797083854675293e+00 -1.229922249913215637e-01 6.349343806505203247e-02
1.081680059432983398e+00 -1.241681426763534546e-01 7.044623792171478271e-02
1.090983748435974121e+00 -1.240435764193534851e-01 7.387742400169372559e-02
1.082626938819885254e+00 -1.241721138358116150e-01 7.201991230249404907e-02
1.031190276145935059e+00 -1.173660010099411011e-01 6.585422903299331665e-02
1.017627835273742676e+00 -1.107759103178977966e-01 6.142938137054443359e-02
1.045952677726745605e+00 -1.033821627497673035e-01 7.133054733276367188e-02
1.011009812355041504e+00 -8.976329863071441650e-02 7.219436764717102051e-02
9.831699132919311523e-01 -8.669073879718780518e-02 8.292483538389205933e-02
9.117542505264282227e-01 -8.236629515886306763e-02 7.818023860454559326e-02
8.900424838066101074e-01 -8.209037035703659058e-02 8.894409984350204468e-02
8.827510476112365723e-01 -8.531301468610763550e-02 9.412490576505661011e-02
8.576000332832336426e-01 -7.583007216453552246e-02 9.439263492822647095e-02
8.190076947212219238e-01 -6.072355806827545166e-02 9.562290459871292114e-02
8.028416633605957031e-01 -5.203673616051673889e-02 9.833867102861404419e-02
8.002157211303710938e-01 -4.242414236068725586e-02 1.020830422639846802e-01
7.903743982315063477e-01 -3.312845528125762939e-02 1.033409312367439270e-01
7.640369534492492676e-01 -3.052804991602897644e-02 1.020202115178108215e-01
7.026662230491638184e-01 -2.702958136796951294e-02 9.740290790796279907e-02
6.072932481765747070e-01 -2.584727108478546143e-02 8.487735688686370850e-02
5.113953948020935059e-01 -2.946862950921058655e-02 7.906897366046905518e-02
4.475285112857818604e-01 -3.367246687412261963e-02 6.930665671825408936e-02
4.145784676074981689e-01 -3.584046661853790283e-02 6.287023425102233887e-02
4.096863567829132080e-01 -3.565757721662521362e-02 6.473906338214874268e-02
3.255522549152374268e-01 -6.205291301012039185e-02 6.963865458965301514e-02
3.042998909950256348e-01 -5.851905792951583862e-02 7.478824257850646973e-02
4.138628542423248291e-01 -6.302313506603240967e-02 8.050534129142761230e-02
4.923980832099914551e-01 -9.370121359825134277e-02 5.761158093810081482e-02
5.579782128334045410e-01 -8.487948030233383179e-02 3.638603538274765015e-02
6.591362953186035156e-01 -6.233331561088562012e-02 5.251351371407508850e-02
6.729053258895874023e-01 -6.233936548233032227e-02 5.946716666221618652e-02
7.035961747169494629e-01 -6.565621495246887207e-02 6.400826573371887207e-02
7.790189385414123535e-01 -8.871484547853469849e-02 6.243339926004409790e-02
8.169199228286743164e-01 -9.443257749080657959e-02 7.273449003696441650e-02
8.546926975250244141e-01 -1.068501546978950500e-01 7.884778827428817749e-02
8.450092673301696777e-01 -1.057713925838470459e-01 6.324429064989089966e-02
8.080087900161743164e-01 -9.376940131187438965e-02 6.913767009973526001e-02
8.077874183654785156e-01 -1.008970662951469421e-01 8.007672429084777832e-02
7.280334234237670898e-01 -7.954774051904678345e-02 8.719664812088012695e-02
7.531159520149230957e-01 -9.097908437252044678e-02 8.747516572475433350e-02
7.739062309265136719e-01 -1.064755097031593323e-01 7.193829864263534546e-02
7.311478257179260254e-01 -1.111397966742515564e-01 5.673861503601074219e-02
6.683621406555175781e-01 -9.641972184181213379e-02 5.413208901882171631e-02
7.146099209785461426e-01 -9.131363034248352051e-02 7.182402908802032471e-02
7.718833088874816895e-01 -9.587688744068145752e-02 7.817158102989196777e-02
8.398513197898864746e-01 -1.151227131485939026e-01 6.827137619256973267e-02
8.711705207824707031e-01 -1.376309841871261597e-01 6.901125609874725342e-02
9.146736264228820801e-01 -1.511428058147430420e-01 7.063509523868560791e-02
9.551358819007873535e-01 -1.537510007619857788e-01 7.717292010784149170e-02
9.988471865653991699e-01 -1.534683704376220703e-01 8.802465349435806274e-02
9.996916651725769043e-01 -1.537877172231674194e-01 8.676894009113311768e-02
9.615013599395751953e-01 -1.365971863269805908e-01 8.507649600505828857e-02
9.001248478889465332e-01 -1.188881844282150269e-01 9.048932790756225586e-02
8.480619192123413086e-01 -1.098204702138900757e-01 9.044903516769409180e-02
8.320719003677368164e-01 -1.091654524207115173e-01 7.868302613496780396e-02
8.194631934165954590e-01 -1.107378080487251282e-01 7.245197892189025879e-02
8.190128803253173828e-01 -1.147596687078475952e-01 7.955872267484664917e-02
7.341955900192260742e-01 -9.971553087234497070e-02 6.414305418729782104e-02
7.549293041229248047e-01 -1.063318029046058655e-01 7.562813162803649902e-02
8.657003641128540039e-01 -1.367489993572235107e-01 9.527666866779327393e-02
1.001261234283447266e+00 -1.359188258647918701e-01 9.576226025819778442e-02
1.025871515274047852e+00 -1.223595216870307922e-01 9.894894808530807495e-02
8.833720088005065918e-01 -1.278933584690093994e-01 9.470302611589431763e-02
6.418587565422058105e-01 -8.221399039030075073e-02 8.626273274421691895e-02
4.470905363559722900e-01 -3.460942581295967102e-02 5.920572578907012939e-02
4.504973590373992920e-01 -5.704958736896514893e-02 6.347119063138961792e-02
5.802284479141235352e-01 -7.786786556243896484e-02 8.326751738786697388e-02
6.871061325073242188e-01 -8.592642098665237427e-02 4.988422989845275879e-02
7.882228493690490723e-01 -9.656472504138946533e-02 6.637462973594665527e-02
9.240169525146484375e-01 -1.014125794172286987e-01 9.728396683931350708e-02
9.592875242233276367e-01 -1.259035915136337280e-01 1.176717355847358704e-01
9.637345671653747559e-01 -1.335032135248184204e-01 1.120191216468811035e-01
1.024335980415344238e+00 -1.474109739065170288e-01 1.022330373525619507e-01
1.027753114700317383e+00 -1.478760242462158203e-01 1.103392094373703003e-01
9.683980941772460938e-01 -1.397839486598968506e-01 1.136386096477508545e-01
9.277210831642150879e-01 -1.112725064158439636e-01 9.840830415487289429e-02
9.890001416206359863e-01 -1.197526901960372925e-01 1.036628782749176025e-01
9.984713196754455566e-01 -1.211885362863540649e-01 1.179559752345085144e-01
1.059584856033325195e+00 -1.260561943054199219e-01 1.242388263344764709e-01
1.118030309677124023e+00 -1.199232637882232666e-01 1.259451508522033691e-01
1.091512918472290039e+00 -1.609758436679840088e-01 1.252115666866302490e-01
8.609020709991455078e-01 -7.421764731407165527e-02 1.247011423110961914e-01
6.858047246932983398e-01 -6.779148429632186890e-02 1.005522310733795166e-01
5.833782553672790527e-01 -5.128053948283195496e-02 8.463778346776962280e-02
5.281626582145690918e-01 -4.896677285432815552e-02 6.381016224622726440e-02
5.243054628372192383e-01 -6.864057481288909912e-02 9.989009052515029907e-02
5.254486799240112305e-01 -7.613635808229446411e-02 9.477950632572174072e-02
6.099599599838256836e-01 -1.062807589769363403e-01 1.024908721446990967e-01
8.576448559761047363e-01 -1.173967272043228149e-01 1.265607774257659912e-01
8.938975930213928223e-01 -1.427784562110900879e-01 1.314358562231063843e-01
9.229289889335632324e-01 -1.558005511760711670e-01 1.165893226861953735e-01
1.000048637390136719e+00 -1.585162431001663208e-01 1.332734823226928711e-01
1.052686810493469238e+00 -1.512311249971389771e-01 1.532950252294540405e-01
9.898134469985961914e-01 -1.398800164461135864e-01 1.466697454452514648e-01
9.014106988906860352e-01 -1.291878223419189453e-01 1.457678824663162231e-01
9.708731174468994141e-01 -1.465373337268829346e-01 1.559800952672958374e-01
1.028398036956787109e+00 -1.343019753694534302e-01 1.648844629526138306e-01
1.037128329277038574e+00 -1.356809437274932861e-01 1.617528647184371948e-01
1.036109924316406250e+00 -1.375515162944793701e-01 1.692626774311065674e-01
1.033790946006774902e+00 -1.368189752101898193e-01 1.839697957038879395e-01
1.029607772827148438e+00 -1.405028849840164185e-01 1.901687681674957275e-01
9.451646804809570312e-01 -1.350997090339660645e-01 1.781731545925140381e-01
8.212781548500061035e-01 -1.322463452816009521e-01 1.549586206674575806e-01
8.269184827804565430e-01 -1.439895629882812500e-01 1.707268357276916504e-01
8.999195098876953125e-01 -1.403087079524993896e-01 1.975589990615844727e-01
9.516785740852355957e-01 -1.332987099885940552e-01 2.127549350261688232e-01
9.484255909919738770e-01 -1.301915794610977173e-01 2.240613996982574463e-01
9.446271657943725586e-01 -1.291577070951461792e-01 2.237101495265960693e-01
1.010390043258666992e+00 -1.384504735469818115e-01 2.208792716264724731e-01
9.972024559974670410e-01 -1.595028042793273926e-01 2.158194333314895630e-01
1.007250785827636719e+00 -1.195974722504615784e-01 2.321598678827285767e-01
9.531621932983398438e-01 -1.157554537057876587e-01 2.618405222892761230e-01
9.163457155227661133e-01 -1.087151393294334412e-01 2.715558111667633057e-01
8.831761479377746582e-01 -1.042602434754371643e-01 2.616334259510040283e-01
8.603626489639282227e-01 -9.931264072656631470e-02 2.564259469509124756e-01
8.376829028129577637e-01 -9.414960443973541260e-02 2.530715465545654297e-01
8.104126453399658203e-01 -9.813449531793594360e-02 2.497284710407257080e-01
7.717606425285339355e-01 -1.091758310794830322e-01 2.323693931102752686e-01
8.397006988525390625e-01 -1.213131099939346313e-01 2.437078207731246948e-01
9.359697699546813965e-01 -1.236371323466300964e-01 2.767810523509979248e-01
8.964250683784484863e-01 -1.380109339952468872e-01 2.561376690864562988e-01
8.315027356147766113e-01 -1.202337890863418579e-01 2.362120151519775391e-01
7.572241425514221191e-01 -1.023900285363197327e-01 2.417630404233932495e-01
6.895893812179565430e-01 -9.010358154773712158e-02 2.263032346963882446e-01
6.725751757621765137e-01 -1.008153185248374939e-01 2.280001342296600342e-01
7.119075059890747070e-01 -1.085397452116012573e-01 2.402071058750152588e-01
7.737708687782287598e-01 -1.094682142138481140e-01 2.633572816848754883e-01
7.968686223030090332e-01 -1.111267879605293274e-01 2.673642933368682861e-01
8.099659681320190430e-01 -9.929278492927551270e-02 2.745505571365356445e-01
7.794834375381469727e-01 -8.421859890222549438e-02 2.659594118595123291e-01
7.507561445236206055e-01 -8.034355193376541138e-02 2.451480180025100708e-01
7.685757279396057129e-01 -8.111229538917541504e-02 2.433619052171707153e-01
8.332818746566772461e-01 -1.005235388875007629e-01 2.521670162677764893e-01
8.784610033035278320e-01 -1.391722559928894043e-01 2.589267194271087646e-01
8.136414885520935059e-01 -1.352003365755081177e-01 2.417428046464920044e-01
7.086408138275146484e-01 -1.038770377635955811e-01 2.107908576726913452e-01
6.827740073204040527e-01 -9.046410024166107178e-02 2.215719521045684814e-01
6.346054673194885254e-01 -7.433473318815231323e-02 2.310570627450942993e-01
6.065448522567749023e-01 -7.226227223873138428e-02 2.357723563909530640e-01
5.936628580093383789e-01 -7.592935860157012939e-02 2.138617336750030518e-01
5.813905596733093262e-01 -7.931530475616455078e-02 1.899817436933517456e-01
6.238399147987365723e-01 -8.632349967956542969e-02 1.833326965570449829e-01
7.097316384315490723e-01 -1.001243516802787781e-01 2.027679383754730225e-01
7.300394177436828613e-01 -8.889582753181457520e-02 2.360284775495529175e-01
7.308655381202697754e-01 -8.562987297773361206e-02 2.550690770149230957e-01
7.408047318458557129e-01 -7.853083312511444092e-02 2.617475688457489014e-01
7.306358814239501953e-01 -6.953650712966918945e-02 2.563879787921905518e-01
7.339532971382141113e-01 -6.203437224030494690e-02 2.566772401332855225e-01
7.205204367637634277e-01 -6.096313893795013428e-02 2.505194842815399170e-01
6.936330199241638184e-01 -6.109935790300369263e-02 2.465750575065612793e-01
6.572484970092773438e-01 -6.131257489323616028e-02 2.273901253938674927e-01
6.545080542564392090e-01 -8.036247640848159790e-02 2.165791988372802734e-01
6.486980915069580078e-01 -8.298739045858383179e-02 2.219061255455017090e-01
6.667212843894958496e-01 -7.199716567993164062e-02 2.248883992433547974e-01
7.292014956474304199e-01 -9.535741060972213745e-02 2.297075241804122925e-01
7.347964048385620117e-01 -9.167423844337463379e-02 2.356702834367752075e-01
7.804441452026367188e-01 -9.562264382839202881e-02 2.812421023845672607e-01
8.299140930175781250e-01 -1.252086162567138672e-01 2.867083251476287842e-01
8.339321017265319824e-01 -1.481636464595794678e-01 2.850655913352966309e-01
8.102832436561584473e-01 -1.161432117223739624e-01 2.662454545497894287e-01
8.138216137886047363e-01 -1.097762882709503174e-01 2.759025692939758301e-01
7.982810139656066895e-01 -1.104619354009628296e-01 2.631091475486755371e-01
7.456163763999938965e-01 -1.094246432185173035e-01 2.520419061183929443e-01
7.606691122055053711e-01 -1.150157228112220764e-01 2.598771154880523682e-01
7.934291958808898926e-01 -1.266541481018066406e-01 2.537988424301147461e-01
8.079511523246765137e-01 -1.454337835311889648e-01 2.495532929897308350e-01
7.726594805717468262e-01 -1.354194730520248413e-01 2.339662909507751465e-01
7.931656241416931152e-01 -1.045487672090530396e-01 2.524914145469665527e-01
8.799934387207031250e-01 -9.208939224481582642e-02 2.879854142665863037e-01
9.875948429107666016e-01 -1.032975465059280396e-01 3.239679634571075439e-01
9.946599602699279785e-01 -1.002612784504890442e-01 3.238058090209960938e-01
9.421930313110351562e-01 -1.131275370717048645e-01 3.044264316558837891e-01
8.912693858146667480e-01 -1.179299876093864441e-01 2.983300685882568359e-01
9.199903607368469238e-01 -1.256432831287384033e-01 3.115047812461853027e-01
9.511237144470214844e-01 -1.245210021734237671e-01 3.152349293231964111e-01
9.416129589080810547e-01 -1.114007085561752319e-01 3.077191710472106934e-01
9.268239736557006836e-01 -1.107310429215431213e-01 2.931196987628936768e-01
9.257717728614807129e-01 -9.469135850667953491e-02 2.912248373031616211e-01
8.938749432563781738e-01 -9.377205371856689453e-02 2.878227531909942627e-01
8.769251704216003418e-01 -9.842956811189651489e-02 2.793726027011871338e-01
8.889510631561279297e-01 -1.007948964834213257e-01 2.844567298889160156e-01
9.210793972015380859e-01 -1.015715673565864563e-01 2.948117256164550781e-01
9.322353601455688477e-01 -9.441489726305007935e-02 2.996895313262939453e-01
8.988841176033020020e-01 -9.458190947771072388e-02 2.985278069972991943e-01
8.626841902732849121e-01 -9.423499554395675659e-02 2.886803448200225830e-01
8.970740437507629395e-01 -9.432530403137207031e-02 2.978054285049438477e-01
9.097798466682434082e-01 -8.523653447628021240e-02 3.058673739433288574e-01
9.182913899421691895e-01 -9.016323089599609375e-02 3.019973337650299072e-01
8.891841769218444824e-01 -8.688303828239440918e-02 2.995669841766357422e-01
8.644667863845825195e-01 -9.143998473882675171e-02 3.007682561874389648e-01
8.612405061721801758e-01 -9.198869019746780396e-02 3.007864654064178467e-01
8.858033418655395508e-01 -8.753471076488494873e-02 3.073278069496154785e-01
9.070110321044921875e-01 -9.037022292613983154e-02 3.110506832599639893e-01
8.948160409927368164e-01 -9.137025475502014160e-02 3.060769140720367432e-01
8.756705522537231445e-01 -8.802826702594757080e-02 3.038158416748046875e-01
8.398622870445251465e-01 -8.677008748054504395e-02 2.902117669582366943e-01
7.966278791427612305e-01 -8.509910106658935547e-02 2.697871327400207520e-01
7.853350639343261719e-01 -1.005643457174301147e-01 2.568268477916717529e-01
7.976120710372924805e-01 -1.036441996693611145e-01 2.589271962642669678e-01
8.052118420600891113e-01 -1.029963791370391846e-01 2.631854414939880371e-01
8.135903477668762207e-01 -1.044386476278305054e-01 2.628889679908752441e-01
8.224509358406066895e-01 -1.071584969758987427e-01 2.645768225193023682e-01
8.236034512519836426e-01 -1.095111593604087830e-01 2.662290930747985840e-01
8.185446262359619141e-01 -1.155861765146255493e-01 2.600254714488983154e-01
8.132309317588806152e-01 -1.222968697547912598e-01 2.530805170536041260e-01
8.005116581916809082e-01 -1.207170635461807251e-01 2.516489326953887939e-01
8.032025694847106934e-01 -1.182782649993896484e-01 2.566585242748260498e-01
7.997081875801086426e-01 -1.154411137104034424e-01 2.590130567550659180e-01
7.864922285079956055e-01 -1.106754392385482788e-01 2.618228197097778320e-01
7.999843358993530273e-01 -1.056601628661155701e-01 2.761040925979614258e-01
7.948762178421020508e-01 -1.046633124351501465e-01 2.811525762081146240e-01
8.090582489967346191e-01 -1.130698770284652710e-01 2.828798592090606689e-01
8.313304185867309570e-01 -1.207577139139175415e-01 2.890351414680480957e-01
8.533405065536499023e-01 -1.237030029296875000e-01 3.023141920566558838e-01
8.688319921493530273e-01 -1.274447888135910034e-01 3.133663237094879150e-01
8.987940549850463867e-01 -1.322687417268753052e-01 3.303291201591491699e-01
9.149660468101501465e-01 -1.359096169471740723e-01 3.400850296020507812e-01
9.484706521034240723e-01 -1.424304991960525513e-01 3.557350933551788330e-01
9.847831726074218750e-01 -1.464772969484329224e-01 3.719545006752014160e-01
1.025569319725036621e+00 -1.387542039155960083e-01 3.743032217025756836e-01
1.053339958190917969e+00 -1.320676952600479126e-01 3.716587126255035400e-01
1.057353496551513672e+00 -1.293645799160003662e-01 3.714540004730224609e-01
1.049905180931091309e+00 -1.377648711204528809e-01 3.694846332073211670e-01
1.038771271705627441e+00 -1.394229084253311157e-01 3.658037483692169189e-01
1.034814953804016113e+00 -1.362746059894561768e-01 3.666950762271881104e-01
1.034868955612182617e+00 -1.398576796054840088e-01 3.711060285568237305e-01
1.041379690170288086e+00 -1.440569162368774414e-01 3.693406581878662109e-01
1.050944924354553223e+00 -1.484497785568237305e-01 3.641358613967895508e-01
1.061339974403381348e+00 -1.500855386257171631e-01 3.630150854587554932e-01
1.072174787521362305e+00 -1.549079418182373047e-01 3.670448064804077148e-01
1.067128181457519531e+00 -1.572150588035583496e-01 3.624539673328399658e-01
1.080966353416442871e+00 -1.557490080595016479e-01 3.647727668285369873e-01
1.079960703849792480e+00 -1.524656713008880615e-01 3.569209277629852295e-01
1.071887254714965820e+00 -1.574283540248870850e-01 3.485733866691589355e-01
1.069272518157958984e+00 -1.639456301927566528e-01 3.439001142978668213e-01
1.063052892684936523e+00 -1.675096005201339722e-01 3.394728302955627441e-01
1.069230318069458008e+00 -1.664097905158996582e-01 3.389664888381958008e-01
1.063932776451110840e+00 -1.635848283767700195e-01 3.406018912792205811e-01
1.053834915161132812e+00 -1.626584678888320923e-01 3.330195844173431396e-01
1.036662697792053223e+00 -1.659762263298034668e-01 3.351434171199798584e-01
1.012102365493774414e+00 -1.737501621246337891e-01 3.417418003082275391e-01
9.951451420783996582e-01 -1.733107864856719971e-01 3.517062962055206299e-01
9.863967895507812500e-01 -1.695982217788696289e-01 3.746640980243682861e-01
9.907462596893310547e-01 -1.619088649749755859e-01 3.994168639183044434e-01
9.710364937782287598e-01 -1.593758165836334229e-01 4.164525866508483887e-01
9.773137569427490234e-01 -1.551228165626525879e-01 4.395150542259216309e-01
9.654638171195983887e-01 -1.408436894416809082e-01 4.526492357254028320e-01
9.101731777191162109e-01 -1.254603862762451172e-01 4.584800601005554199e-01
9.334342479705810547e-01 -1.404918879270553589e-01 4.990141391754150391e-01
9.539611339569091797e-01 -1.550391018390655518e-01 5.316744446754455566e-01
9.132499098777770996e-01 -1.324180066585540771e-01 5.467314720153808594e-01
7.748528718948364258e-01 -9.727384150028228760e-02 4.859897792339324951e-01
7.195380926132202148e-01 -8.145622909069061279e-02 4.443238377571105957e-01
7.189912199974060059e-01 -8.430816233158111572e-02 4.415764510631561279e-01
7.182984948158264160e-01 -9.390190243721008301e-02 4.303812980651855469e-01
7.525581717491149902e-01 -1.126618087291717529e-01 4.360192418098449707e-01
8.006791472434997559e-01 -1.223466768860816956e-01 4.614934325218200684e-01
7.577193379402160645e-01 -1.081826835870742798e-01 4.252620041370391846e-01
6.659659743309020996e-01 -8.237977325916290283e-02 3.489719033241271973e-01
6.403715610504150391e-01 -9.326880425214767456e-02 3.195200562477111816e-01
6.098238825798034668e-01 -8.936564624309539795e-02 2.864991426467895508e-01
5.712969303131103516e-01 -7.765974849462509155e-02 2.538913190364837646e-01
5.824682712554931641e-01 -8.037867397069931030e-02 2.343113720417022705e-01
5.966197848320007324e-01 -9.264575690031051636e-02 2.160313725471496582e-01
5.854481458663940430e-01 -9.277622401714324951e-02 2.092109471559524536e-01
6.114638447761535645e-01 -8.958117663860321045e-02 2.212323397397994995e-01
6.569401621818542480e-01 -9.427297115325927734e-02 2.361608594655990601e-01
6.955803036689758301e-01 -9.470113366842269897e-02 2.491908669471740723e-01
7.244473099708557129e-01 -9.228373318910598755e-02 2.490248084068298340e-01
7.220939397811889648e-01 -9.170579165220260620e-02 2.415512353181838989e-01
6.980348825454711914e-01 -9.247020632028579712e-02 2.311314791440963745e-01
6.875956654548645020e-01 -9.275674819946289062e-02 2.308396100997924805e-01
6.936495900154113770e-01 -9.291690587997436523e-02 2.335906177759170532e-01
7.090899944305419922e-01 -9.486440569162368774e-02 2.373790442943572998e-01
6.891579031944274902e-01 -8.969834446907043457e-02 2.325793951749801636e-01
6.434855461120605469e-01 -8.377037942409515381e-02 2.174667268991470337e-01
5.940957665443420410e-01 -7.996433973312377930e-02 2.000110745429992676e-01
5.667676329612731934e-01 -7.472679764032363892e-02 1.990214139223098755e-01
5.214447975158691406e-01 -6.249302998185157776e-02 1.941199898719787598e-01
4.885178506374359131e-01 -4.963710531592369080e-02 1.880644112825393677e-01
4.868580698966979980e-01 -4.645543545484542847e-02 1.906432807445526123e-01
5.104190707206726074e-01 -5.270504578948020935e-02 2.049818485975265503e-01
5.253202319145202637e-01 -5.607867240905761719e-02 2.267999798059463501e-01
5.451207160949707031e-01 -5.673918873071670532e-02 2.480460852384567261e-01
5.621624588966369629e-01 -5.634403973817825317e-02 2.652794122695922852e-01
5.460686683654785156e-01 -5.780787020921707153e-02 2.689759433269500732e-01
5.134344100952148438e-01 -5.887282639741897583e-02 2.664484977722167969e-01
4.862785935401916504e-01 -5.256550759077072144e-02 2.680400907993316650e-01
4.717120826244354248e-01 -4.807106405496597290e-02 2.708729505538940430e-01
4.559617638587951660e-01 -4.617774486541748047e-02 2.735106945037841797e-01
4.607535898685455322e-01 -4.923290014266967773e-02 2.879951596260070801e-01
4.902774095535278320e-01 -5.678250268101692200e-02 3.157257735729217529e-01
5.064668655395507812e-01 -6.793422251939773560e-02 3.346373140811920166e-01
4.859614670276641846e-01 -6.693631410598754883e-02 3.474090695381164551e-01
4.821593463420867920e-01 -6.107385084033012390e-02 3.608425557613372803e-01
5.048216581344604492e-01 -6.119129806756973267e-02 3.781635761260986328e-01
5.326380729675292969e-01 -6.406637281179428101e-02 3.980793654918670654e-01
5.529701113700866699e-01 -6.655202805995941162e-02 4.156588017940521240e-01
5.372726917266845703e-01 -6.192703917622566223e-02 4.071198105812072754e-01
5.078146457672119141e-01 -5.240772664546966553e-02 3.914262950420379639e-01
4.884940385818481445e-01 -4.661842063069343567e-02 3.843936324119567871e-01
