-2.422814071178436279e-02 1.882211118936538696e-02 1.024404168128967285e-02
-2.000016719102859497e-02 1.725855469703674316e-02 5.950190126895904541e-03
-1.869942247867584229e-02 1.097099483013153076e-02 7.650420069694519043e-03
-2.139329165220260620e-02 5.439884960651397705e-03 9.703192859888076782e-03
-1.237167418003082275e-02 -5.855649709701538086e-03 8.602596819400787354e-03
-5.773447453975677490e-03 -1.158761233091354370e-02 6.827656179666519165e-03
-1.527123153209686279e-03 -6.525844335556030273e-03 1.181866973638534546e-03
-7.403321564197540283e-03 4.230968654155731201e-03 -4.177033901214599609e-03
-1.267497986555099487e-02 6.254740059375762939e-03 -4.997357726097106934e-03
-8.305728435516357422e-03 3.148831427097320557e-03 -7.202215492725372314e-03
3.329515457153320312e-03 -4.731342196464538574e-04 -1.009108126163482666e-02
7.469065487384796143e-03 -1.926012337207794189e-03 -1.151388138532638550e-02
6.203681230545043945e-03 -6.771750748157501221e-03 -7.833890616893768311e-03
-4.546567797660827637e-04 -8.515752851963043213e-03 9.341835975646972656e-04
-4.557155072689056396e-03 5.861371755599975586e-05 -2.146519720554351807e-03
3.754884004592895508e-03 -4.103682935237884521e-03 -4.952952265739440918e-03
6.073065102100372314e-03 -4.829153418540954590e-03 -7.599070668220520020e-03
3.293633460998535156e-03 -8.092455565929412842e-03 -6.274189800024032593e-03
-6.093829870223999023e-04 -4.967235028743743896e-03 -2.477914094924926758e-04
-3.113687038421630859e-03 -9.719781577587127686e-03 1.618327945470809937e-02
-7.262155413627624512e-03 -1.017516106367111206e-02 2.239939570426940918e-02
-6.218574941158294678e-03 -8.356116712093353271e-03 2.540914714336395264e-02
-6.918556988239288330e-03 -1.745596528053283691e-03 1.932874321937561035e-03
-4.026763141155242920e-03 -2.300515770912170410e-03 2.541027963161468506e-03
-3.358356654644012451e-03 7.954157888889312744e-03 -6.228320300579071045e-03
-7.310587912797927856e-03 7.451832294464111328e-03 -6.405968219041824341e-03
2.022162079811096191e-04 -4.403501749038696289e-03 -3.382965922355651855e-03
1.089544594287872314e-02 -7.786490023136138916e-03 -7.796995341777801514e-03
1.212284713983535767e-02 -9.710915386676788330e-03 -9.490471333265304565e-03
1.761125028133392334e-02 -1.638937741518020630e-02 -8.177336305379867554e-03
1.295407861471176147e-02 -1.456478238105773926e-02 -4.757013171911239624e-03
6.309255957603454590e-03 -1.067503541707992554e-02 -2.815861254930496216e-03
4.806242883205413818e-03 -1.101275533437728882e-02 2.767965197563171387e-04
9.753100574016571045e-03 -1.489537209272384644e-02 9.656175971031188965e-04
1.212373375892639160e-02 -1.461166888475418091e-02 7.488504052162170410e-04
1.256141811609268188e-02 -1.203117519617080688e-02 -1.863051205873489380e-03
1.149010658264160156e-02 -6.861917674541473389e-03 -6.193004548549652100e-03
1.139679551124572754e-02 -4.390306770801544189e-03 -9.179085493087768555e-03
8.793368935585021973e-03 -3.986038267612457275e-03 -7.654994726181030273e-03
4.548624157905578613e-03 -3.224901854991912842e-03 -5.824420601129531860e-03
1.654379069805145264e-03 -3.683686256408691406e-03 -3.619156777858734131e-03
5.332753062248229980e-04 -3.621213138103485107e-03 -3.324415534734725952e-03
1.256518065929412842e-03 -4.003860056400299072e-03 -3.779109567403793335e-03
4.149705171585083008e-03 -5.484282970428466797e-03 -4.572942852973937988e-03
6.600193679332733154e-03 -5.914442241191864014e-03 -5.520291626453399658e-03
8.926793932914733887e-03 -4.588492214679718018e-03 -8.310232311487197876e-03
1.102103292942047119e-02 -3.795087337493896484e-03 -9.816762059926986694e-03
1.262812316417694092e-02 -5.610048770904541016e-03 -9.169809520244598389e-03
1.411556452512741089e-02 -8.647464215755462646e-03 -8.069369941949844360e-03
1.518245786428451538e-02 -1.092863082885742188e-02 -7.119435817003250122e-03
1.692873984575271606e-02 -1.368239521980285645e-02 -5.929443985223770142e-03
2.012643218040466309e-02 -1.747422665357589722e-02 -5.384761840105056763e-03
2.261869609355926514e-02 -1.976408064365386963e-02 -6.147854030132293701e-03
2.333876490592956543e-02 -1.984967291355133057e-02 -6.949055939912796021e-03
2.155715227127075195e-02 -1.747485995292663574e-02 -7.183007895946502686e-03
2.025313675403594971e-02 -1.809960603713989258e-02 -7.606443017721176147e-03
2.116912603378295898e-02 -2.128411084413528442e-02 -7.126256823539733887e-03
2.122392505407333374e-02 -2.409967780113220215e-02 -5.828220397233963013e-03
2.108196169137954712e-02 -2.610277384519577026e-02 -5.311220884323120117e-03
2.242182195186614990e-02 -2.931853383779525757e-02 -5.057204514741897583e-03
2.130455523729324341e-02 -2.621969580650329590e-02 -6.650190800428390503e-03
2.025897055864334106e-02 -2.366483211517333984e-02 -6.503477692604064941e-03
2.126488089561462402e-02 -2.598277479410171509e-02 -5.771283060312271118e-03
2.280406653881072998e-02 -2.972526848316192627e-02 -5.450878292322158813e-03
2.413538098335266113e-02 -3.132442384958267212e-02 -4.727438092231750488e-03
2.537809312343597412e-02 -3.354973345994949341e-02 -2.700343728065490723e-03
2.781012654304504395e-02 -3.849599510431289673e-02 -1.379743218421936035e-03
2.891552448272705078e-02 -3.883985430002212524e-02 -2.589300274848937988e-03
2.969233691692352295e-02 -3.697692602872848511e-02 -3.852233290672302246e-03
3.214876353740692139e-02 -3.624624758958816528e-02 -4.577994346618652344e-03
3.334081918001174927e-02 -3.620824217796325684e-02 -2.908125519752502441e-03
2.620147913694381714e-02 -3.521896898746490479e-02 -5.922168493270874023e-04
1.745449751615524292e-02 -3.511721640825271606e-02 2.400934696197509766e-03
2.462022006511688232e-03 3.647468984127044678e-03 -1.473844051361083984e-03
-4.985243082046508789e-03 1.823643594980239868e-02 -9.126290678977966309e-03
-3.408119082450866699e-04 1.084219664335250854e-02 -1.412649452686309814e-02
1.006548106670379639e-02 2.231744676828384399e-02 -3.282357752323150635e-02
-3.073886036872863770e-03 1.904117316007614136e-02 -1.961103826761245728e-02
-8.679628372192382812e-03 1.454582065343856812e-02 -8.307404816150665283e-03
-1.177509129047393799e-02 7.924996316432952881e-03 -4.995819181203842163e-03
-1.101553440093994141e-02 6.383337080478668213e-03 -4.343636333942413330e-03
-9.574204683303833008e-03 5.270577967166900635e-03 -6.043601781129837036e-03
-5.856499075889587402e-03 1.406244933605194092e-03 -5.024578422307968140e-03
-8.167326450347900391e-05 6.409518420696258545e-03 -8.747979998588562012e-03
-1.861259341239929199e-03 6.285361945629119873e-03 -1.046961545944213867e-02
-3.634601831436157227e-03 5.592666566371917725e-03 -1.017596945166587830e-02
1.736506819725036621e-04 1.518476754426956177e-02 -1.832457631826400757e-02
-3.662258386611938477e-03 2.309109643101692200e-02 -2.309763245284557343e-02
-6.894446909427642822e-03 1.890578493475914001e-02 -2.181918546557426453e-02
-7.874943315982818604e-03 1.422029733657836914e-02 -1.547817513346672058e-02
3.890022635459899902e-04 1.326331123709678650e-02 -2.165443077683448792e-02
2.967111766338348389e-03 1.226114481687545776e-02 -2.021908015012741089e-02
9.654544293880462646e-03 1.125221699476242065e-02 -2.402243018150329590e-02
-1.864900812506675720e-02 2.767670154571533203e-02 -9.170826524496078491e-03
-9.897150099277496338e-03 8.120626211166381836e-03 9.946525096893310547e-04
-5.482822656631469727e-03 3.240242600440979004e-03 3.670312464237213135e-03
-7.986407727003097534e-03 -2.635233104228973389e-03 4.043385386466979980e-03
-5.532979965209960938e-03 -7.379561662673950195e-03 5.640223622322082520e-03
2.466611564159393311e-03 -1.705308258533477783e-02 5.901142954826354980e-03
1.022641360759735107e-02 -1.330345869064331055e-02 8.241757750511169434e-04
3.243006765842437744e-03 -6.468527019023895264e-03 -6.725106388330459595e-03
-2.656609565019607544e-02 -5.415432155132293701e-03 -2.610333263874053955e-03
-3.525160253047943115e-03 1.275358349084854126e-02 -3.007926046848297119e-03
6.416440010070800781e-05 2.350451424717903137e-02 -1.152306050062179565e-02
-6.538070738315582275e-03 7.288895547389984131e-03 -5.782995373010635376e-03
-2.566779032349586487e-02 1.987472176551818848e-03 6.116963922977447510e-04
-2.268850058317184448e-02 8.882075548171997070e-03 1.617763191461563110e-03
-1.405820623040199280e-02 -2.396836876869201660e-03 3.872066736221313477e-05
-2.175920084118843079e-02 -6.370544433593750000e-04 -2.563979476690292358e-03
2.737902104854583740e-03 1.009672135114669800e-02 -1.859526336193084717e-02
-1.430279761552810669e-02 -1.784712076187133789e-04 5.846831947565078735e-03
-1.958905160427093506e-02 -6.829947233200073242e-03 1.912592351436614990e-02
-1.558399572968482971e-02 -1.714055240154266357e-02 2.077519148588180542e-02
-1.306506991386413574e-02 -1.865886151790618896e-02 1.842280477285385132e-02
-1.121347025036811829e-02 -1.951795071363449097e-02 1.751124486327171326e-02
-7.587566971778869629e-03 -2.380108088254928589e-02 1.630052179098129272e-02
-4.938751459121704102e-03 -2.798215299844741821e-02 1.705502346158027649e-02
-5.629837512969970703e-03 -2.105657011270523071e-02 1.407692953944206238e-02
-6.428956985473632812e-03 -1.604472845792770386e-02 1.194931194186210632e-02
-2.801857888698577881e-03 -1.411345601081848145e-02 8.582115173339843750e-03
-2.136349678039550781e-03 -1.178571581840515137e-02 6.616607308387756348e-03
-3.699205815792083740e-03 -4.403442144393920898e-03 4.134997725486755371e-03
-1.034140586853027344e-04 4.544362425804138184e-03 -2.570468932390213013e-03
-8.299924433231353760e-03 4.313595592975616455e-03 -8.294843137264251709e-04
-1.728697493672370911e-02 1.296510547399520874e-02 -1.062747091054916382e-02
-1.404888927936553955e-02 8.702948689460754395e-03 4.347786307334899902e-04
-1.574238389730453491e-02 4.134967923164367676e-03 -4.948396235704421997e-03
-1.237597689032554626e-02 1.954101026058197021e-03 -7.888190448284149170e-03
-9.910121560096740723e-03 1.267485320568084717e-03 -5.980774760246276855e-03
-9.222447872161865234e-03 7.163681089878082275e-03 -4.499159753322601318e-03
-9.322911500930786133e-03 1.319309324026107788e-02 -9.211644530296325684e-03
-7.760353386402130127e-03 8.546225726604461670e-03 -1.022563129663467407e-02
-1.147380471229553223e-02 1.372491568326950073e-02 -8.969224989414215088e-03
-1.846612989902496338e-02 2.339062839746475220e-02 -5.485162138938903809e-03
-1.980216056108474731e-02 2.141516655683517456e-02 -4.915200173854827881e-03
-1.314690709114074707e-02 2.134921401739120483e-02 -1.291350275278091431e-02
-1.074103266000747681e-02 2.061719447374343872e-02 -1.673479750752449036e-02
-1.435601711273193359e-02 1.396072655916213989e-02 -6.337646394968032837e-03
-1.606561243534088135e-02 8.153595030307769775e-03 -1.362398266792297363e-03
-8.667469024658203125e-03 4.164151847362518311e-03 -3.237038850784301758e-03
-7.280424237251281738e-03 2.907715737819671631e-03 -5.300495773553848267e-03
-1.493048667907714844e-02 8.234150707721710205e-03 -2.586748450994491577e-03
-1.826517283916473389e-02 1.121930032968521118e-02 -1.100834459066390991e-03
-1.961975544691085815e-02 1.899508386850357056e-02 -7.390677928924560547e-04
-2.336488664150238037e-02 2.015123516321182251e-02 5.083307623863220215e-04
-2.082066237926483154e-02 9.509958326816558838e-03 3.039568662643432617e-03
-2.011874318122863770e-02 9.649641811847686768e-03 2.989917993545532227e-03
-2.254553139209747314e-02 1.033849269151687622e-02 4.715979099273681641e-03
-2.129746973514556885e-02 1.051554828882217407e-02 2.532489597797393799e-03
-2.066253125667572021e-02 1.088134199380874634e-02 -4.905462265014648438e-05
-2.098692208528518677e-02 1.173894107341766357e-02 -1.187756657600402832e-03
-1.978881284594535828e-02 1.317523047327995300e-02 -1.044020056724548340e-03
-2.399901300668716431e-02 2.220399677753448486e-02 -6.650663912296295166e-03
-2.121674269437789917e-02 2.476974576711654663e-02 -1.126156747341156006e-02
-1.307292282581329346e-02 1.430107280611991882e-02 -6.743203848600387573e-03
-1.510521396994590759e-02 1.096452027559280396e-02 2.103395760059356689e-03
-1.354781165719032288e-02 1.275474578142166138e-02 -1.461032778024673462e-03
-1.208230480551719666e-02 1.128023862838745117e-02 -4.518039524555206299e-03
-1.048583164811134338e-02 1.015904545783996582e-02 -5.551595240831375122e-03
-1.101725548505783081e-02 5.882829427719116211e-03 1.071501523256301880e-03
-1.930327713489532471e-02 9.880073368549346924e-03 7.496297359466552734e-03
-2.155660092830657959e-02 2.685315907001495361e-03 1.163459569215774536e-02
-1.527813449501991272e-02 -3.427810966968536377e-03 1.085888966917991638e-02
-1.447334140539169312e-02 -6.202220916748046875e-03 1.056205481290817261e-02
-1.141107082366943359e-02 -2.348588407039642334e-02 1.559292525053024292e-02
-7.464472204446792603e-03 -2.370134741067886353e-02 1.290213316679000854e-02
-5.108989775180816650e-03 -2.659621089696884155e-02 1.247807592153549194e-02
-7.113888859748840332e-04 -2.940512448549270630e-02 1.354071870446205139e-02
-2.934157848358154297e-03 -2.776148915290832520e-02 1.455540955066680908e-02
-7.594123482704162598e-03 -2.627604454755783081e-02 1.521740481257438660e-02
-8.097756654024124146e-03 -2.450864017009735107e-02 1.289255544543266296e-02
-7.680706679821014404e-03 -2.392232418060302734e-02 1.261027157306671143e-02
-5.333647131919860840e-03 -2.073507010936737061e-02 8.113116025924682617e-03
-4.394620656967163086e-03 -1.793338358402252197e-02 6.015025079250335693e-03
-3.194279968738555908e-03 -1.719325035810470581e-02 5.862299352884292603e-03
-4.273101687431335449e-03 -1.781257987022399902e-02 7.265686988830566406e-03
-6.293281912803649902e-03 -1.763520389795303345e-02 8.138418197631835938e-03
-5.296766757965087891e-03 -1.738809049129486084e-02 7.189102470874786377e-03
-3.699623048305511475e-03 -2.098139375448226929e-02 8.631072938442230225e-03
-6.391789764165878296e-03 -2.482376247644424438e-02 1.188504323363304138e-02
-3.718800842761993408e-03 -2.749869972467422485e-02 1.309315115213394165e-02
-1.351520419120788574e-03 -2.959528565406799316e-02 1.340690255165100098e-02
-1.893006265163421631e-03 -2.829230576753616333e-02 1.299230381846427917e-02
-7.257476449012756348e-03 -2.828303724527359009e-02 1.616851612925529480e-02
-1.204930990934371948e-02 -2.901730686426162720e-02 1.703080162405967712e-02
-1.011664047837257385e-02 -2.817187458276748657e-02 1.538906618952751160e-02
-7.670726627111434937e-03 -2.794808894395828247e-02 1.740156859159469604e-02
-6.477605551481246948e-03 -2.193665504455566406e-02 1.412801444530487061e-02
-7.168781012296676636e-03 -1.820005476474761963e-02 1.197915151715278625e-02
-6.466437131166458130e-03 -1.686403155326843262e-02 1.019984483718872070e-02
-5.218781530857086182e-03 -1.146996021270751953e-02 6.566777825355529785e-03
-3.638312220573425293e-03 -1.223355531692504883e-02 8.606266230344772339e-03
-4.647985100746154785e-03 -8.964940905570983887e-03 9.676419198513031006e-03
-3.495380282402038574e-03 -7.718972861766815186e-03 1.034031063318252563e-02
-4.848629236221313477e-03 -7.196150720119476318e-03 8.704982697963714600e-03
-1.064316928386688232e-02 -9.619817137718200684e-04 6.322290748357772827e-03
-1.281894743442535400e-02 1.659937202930450439e-03 7.269520312547683716e-03
-1.252193748950958252e-02 -2.177767455577850342e-03 7.748462259769439697e-03
-6.808370351791381836e-03 -4.410229623317718506e-03 -6.384290754795074463e-03
-5.024842917919158936e-03 1.417770981788635254e-04 -1.457522064447402954e-02
-1.070231944322586060e-02 1.224841922521591187e-02 -1.905803382396697998e-02
-1.221196353435516357e-02 8.159615099430084229e-03 -1.233499497175216675e-02
-1.778666675090789795e-02 1.225023716688156128e-02 -1.250024884939193726e-02
-2.176811546087265015e-02 1.761750131845474243e-02 -1.571968197822570801e-02
-2.233386039733886719e-02 1.782216876745223999e-02 -1.451116055250167847e-02
-1.454720646142959595e-02 1.952647417783737183e-02 -1.349516957998275757e-02
-1.335617154836654663e-02 2.371317893266677856e-02 -2.097886800765991211e-02
-1.497021317481994629e-02 2.664171904325485229e-02 -2.682294696569442749e-02
-1.572079211473464966e-02 3.002264350652694702e-02 -2.540434151887893677e-02
-1.766531169414520264e-02 2.930154651403427124e-02 -1.997891440987586975e-02
-1.631298661231994629e-02 2.606264501810073853e-02 -1.702672243118286133e-02
-1.628148555755615234e-02 2.658065408468246460e-02 -1.750319823622703552e-02
-1.557914912700653076e-02 2.669838815927505493e-02 -1.833686977624893188e-02
-1.784771680831909180e-02 2.410530298948287964e-02 -1.587189733982086182e-02
-1.740061491727828979e-02 1.819910481572151184e-02 -1.081955432891845703e-02
-1.131914928555488586e-02 9.607449173927307129e-03 -8.661855012178421021e-03
-7.439315319061279297e-03 5.005083978176116943e-03 -8.534040302038192749e-03
-4.363462328910827637e-03 2.070166170597076416e-03 -1.079829782247543335e-02
-2.555944025516510010e-03 -3.402322530746459961e-03 -5.300853401422500610e-03
1.089796423912048340e-04 -3.853991627693176270e-03 -1.146184280514717102e-02
6.016269326210021973e-04 -5.450628697872161865e-03 -7.802132517099380493e-03
-3.260463476181030273e-03 -2.470061182975769043e-03 1.637522131204605103e-03
-7.177699357271194458e-03 6.162971258163452148e-04 5.367055535316467285e-03
-1.200579479336738586e-02 1.096881926059722900e-03 4.285492002964019775e-03
-8.667558431625366211e-03 3.719255328178405762e-03 -1.210022717714309692e-03
-7.094461470842361450e-03 2.254076302051544189e-03 -2.170056104660034180e-03
-7.053364068269729614e-03 2.686075866222381592e-03 -1.934688538312911987e-03
-7.074646651744842529e-03 1.940175890922546387e-03 -1.876249909400939941e-03
-7.406428456306457520e-03 3.396086394786834717e-03 -3.439579159021377563e-03
-8.444771170616149902e-03 5.123630166053771973e-03 -3.431703895330429077e-03
-1.006514579057693481e-02 2.605229616165161133e-03 5.399920046329498291e-04
-9.373329579830169678e-03 -1.865774393081665039e-04 3.038868308067321777e-04
-9.848877787590026855e-03 -2.712979912757873535e-04 -7.511265575885772705e-04
-1.236604526638984680e-02 -6.559938192367553711e-04 -7.215701043605804443e-04
-9.465839713811874390e-03 -2.571173012256622314e-03 -8.054412901401519775e-04
-7.119171321392059326e-03 -2.479963004589080811e-03 -4.461482167243957520e-04
-5.978252738714218140e-03 -1.442849636077880859e-03 -4.673972725868225098e-04
-4.496000707149505615e-03 -2.124741673469543457e-03 -1.881718635559082031e-03
-4.581056535243988037e-03 -1.744717359542846680e-03 -3.269113600254058838e-03
-3.964155912399291992e-03 -2.013526856899261475e-03 -6.038565188646316528e-03
-5.210757255554199219e-03 -1.075245440006256104e-03 -7.259670644998550415e-03
-5.144260823726654053e-03 -1.218594610691070557e-03 -6.747446954250335693e-03
-9.170942008495330811e-03 -1.850321888923645020e-03 -5.402974784374237061e-03
-9.881246834993362427e-03 -2.145402133464813232e-03 -4.254028201103210449e-03
-1.037867367267608643e-02 -1.871310174465179443e-03 -1.904554665088653564e-04
-7.920421659946441650e-03 -1.630686223506927490e-03 2.182383090257644653e-03
-5.842104554176330566e-03 -2.055130898952484131e-03 4.508346319198608398e-03
-4.460804164409637451e-03 -1.081980764865875244e-03 4.388481378555297852e-03
-5.392387509346008301e-03 -8.488222956657409668e-04 3.589063882827758789e-03
-6.528291851282119751e-03 -1.346707344055175781e-03 2.651911228895187378e-03
-6.250832229852676392e-03 -3.010727465152740479e-03 2.720467746257781982e-03
-9.649738669395446777e-03 -5.438104271888732910e-04 3.555677831172943115e-03
-7.776167243719100952e-03 1.772865653038024902e-04 3.676228225231170654e-03
-4.555664956569671631e-03 2.117902040481567383e-04 1.839589327573776245e-03
-5.994047969579696655e-03 1.222327351570129395e-03 -2.927713096141815186e-03
-2.115637063980102539e-03 6.941705942153930664e-05 -6.202947348356246948e-03
-2.160504460334777832e-03 -3.514960408210754395e-04 -4.952691495418548584e-03
-5.768910050392150879e-03 2.964101731777191162e-03 -1.480266451835632324e-03
-4.117965698242187500e-03 5.796961486339569092e-03 -2.266868948936462402e-03
-3.471583127975463867e-03 7.621474564075469971e-03 -2.361826598644256592e-03
-3.725409507751464844e-03 9.533040225505828857e-03 -2.956271171569824219e-03
-3.622755408287048340e-03 8.509226143360137939e-03 -3.493446856737136841e-03
-2.263605594635009766e-03 4.043959081172943115e-03 -3.885746002197265625e-03
-8.530914783477783203e-04 -3.194443881511688232e-03 -4.655651748180389404e-03
-6.411671638488769531e-04 -1.345224678516387939e-03 -7.114931941032409668e-03
-2.154380083084106445e-03 1.527406275272369385e-03 -3.601219505071640015e-03
-4.512965679168701172e-03 5.601868033409118652e-04 -1.599598675966262817e-03
-4.751868546009063721e-03 1.792982220649719238e-04 -3.442034125328063965e-03
-4.701033234596252441e-03 -9.522587060928344727e-05 -4.446867853403091431e-03
-3.985948860645294189e-03 -1.012511551380157471e-03 -5.277276039123535156e-03
-3.426432609558105469e-03 -1.915119588375091553e-03 -5.487449467182159424e-03
-4.348710179328918457e-03 -8.757486939430236816e-04 -4.952330142259597778e-03
-5.176931619644165039e-03 8.355826139450073242e-05 -4.205260425806045532e-03
-5.197592079639434814e-03 -1.078173518180847168e-04 -4.767127335071563721e-03
-4.795715212821960449e-03 -8.899345993995666504e-04 -3.928899765014648438e-03
-4.693239927291870117e-03 -1.144282519817352295e-03 -3.478087484836578369e-03
-5.770921707153320312e-03 -6.905943155288696289e-05 -1.481477171182632446e-03
-6.348051130771636963e-03 7.070973515510559082e-04 -1.590628176927566528e-03
-6.879273802042007446e-03 1.556843519210815430e-03 -1.644354313611984253e-03
-7.440585643053054810e-03 1.917250454425811768e-03 -2.012215554714202881e-03
-8.501563221216201782e-03 1.496650278568267822e-03 -3.191914409399032593e-03
-8.438024669885635376e-03 1.808322966098785400e-03 -1.869160681962966919e-03
-8.804023265838623047e-03 1.890562474727630615e-03 -9.135827422142028809e-04
-9.702704846858978271e-03 2.861246466636657715e-03 -1.818768680095672607e-03
-9.267583489418029785e-03 3.354281187057495117e-03 -1.534610986709594727e-03
-9.182665497064590454e-03 3.391832113265991211e-03 -2.723287791013717651e-03
-9.872850030660629272e-03 4.217699170112609863e-03 -3.221906721591949463e-03
-9.921807795763015747e-03 4.564292728900909424e-03 -3.298997879028320312e-03
-9.582206606864929199e-03 4.559434950351715088e-03 -2.829700708389282227e-03
-9.272936731576919556e-03 4.381954669952392578e-03 -3.893490880727767944e-03
-8.870095014572143555e-03 4.604183137416839600e-03 -4.854947328567504883e-03
-8.560631424188613892e-03 5.179941654205322266e-03 -5.410391837358474731e-03
-8.798919618129730225e-03 5.815789103507995605e-03 -5.412898957729339600e-03
-8.576422929763793945e-03 5.829662084579467773e-03 -5.081918090581893921e-03
-8.304987102746963501e-03 5.576178431510925293e-03 -4.691429436206817627e-03
-7.969640195369720459e-03 5.712755024433135986e-03 -3.867819905281066895e-03
-8.020367473363876343e-03 4.837244749069213867e-03 -3.992713987827301025e-03
-7.731251418590545654e-03 4.593394696712493896e-03 -3.529045730829238892e-03
-7.627245038747787476e-03 4.417374730110168457e-03 -3.759216517210006714e-03
-7.344890385866165161e-03 4.176571965217590332e-03 -5.056370049715042114e-03
-7.675874978303909302e-03 4.626929759979248047e-03 -5.436409264802932739e-03
-8.397564291954040527e-03 4.829771816730499268e-03 -5.892787128686904907e-03
-7.506851106882095337e-03 4.403889179229736328e-03 -4.681274294853210449e-03
-6.097629666328430176e-03 4.257939755916595459e-03 -4.010733217000961304e-03
-5.585923790931701660e-03 4.315383732318878174e-03 -3.717727959156036377e-03
-5.762919783592224121e-03 5.060978233814239502e-03 -3.245409578084945679e-03
-6.998360157012939453e-03 6.250336766242980957e-03 -2.743978053331375122e-03
-7.832746952772140503e-03 6.294168531894683838e-03 -1.314010471105575562e-03
-8.174918591976165771e-03 6.160177290439605713e-03 -4.425235092639923096e-04
-7.343225181102752686e-03 5.574546754360198975e-03 -1.046229153871536255e-03
-8.661046624183654785e-03 5.711331963539123535e-03 2.861320972442626953e-04
-8.337710052728652954e-03 5.780361592769622803e-03 1.044884324073791504e-03
-7.344406098127365112e-03 5.377016961574554443e-03 1.012116670608520508e-03
-7.147248834371566772e-03 5.245275795459747314e-03 1.728825271129608154e-03
-7.083401083946228027e-03 5.377426743507385254e-03 2.354517579078674316e-03
-9.526297450065612793e-03 6.934665143489837646e-03 2.470288425683975220e-03
-1.048817858099937439e-02 6.898626685142517090e-03 2.132374793291091919e-03
-9.485360234975814819e-03 5.393393337726593018e-03 1.567907631397247314e-03
-9.637784212827682495e-03 4.925251007080078125e-03 2.149216830730438232e-03
-1.116440072655677795e-02 6.356053054332733154e-03 3.316361457109451294e-03
-1.240826398134231567e-02 8.180908858776092529e-03 3.277372568845748901e-03
-1.224635541439056396e-02 8.700154721736907959e-03 2.909123897552490234e-03
-1.258469372987747192e-02 8.781686425209045410e-03 3.197696059942245483e-03
-1.379504799842834473e-02 9.685501456260681152e-03 4.094362258911132812e-03
-1.370285451412200928e-02 1.010274142026901245e-02 5.037695169448852539e-03
-1.373301446437835693e-02 1.025636494159698486e-02 5.491495132446289062e-03
-1.305083185434341431e-02 9.256519377231597900e-03 5.191594362258911133e-03
-1.217304170131683350e-02 8.188463747501373291e-03 4.796870052814483643e-03
-1.184386759996414185e-02 8.470930159091949463e-03 3.828067332506179810e-03
-1.101207733154296875e-02 7.666066288948059082e-03 3.216162323951721191e-03
-1.248856633901596069e-02 7.513627409934997559e-03 4.105966538190841675e-03
-1.298200339078903198e-02 7.073365151882171631e-03 4.598461091518402100e-03
-1.252053678035736084e-02 7.244847714900970459e-03 3.265514969825744629e-03
-1.230268180370330811e-02 7.273666560649871826e-03 2.693116664886474609e-03
-1.247887313365936279e-02 7.112629711627960205e-03 2.708345651626586914e-03
-1.269724965095520020e-02 7.224202156066894531e-03 2.309709787368774414e-03
-1.214917749166488647e-02 6.234452128410339355e-03 3.196679055690765381e-03
-1.183091104030609131e-02 4.896156489849090576e-03 4.034265875816345215e-03
-1.179179549217224121e-02 4.876598715782165527e-03 4.525229334831237793e-03
-1.195171475410461426e-02 5.139656364917755127e-03 3.503024578094482422e-03
-1.146495342254638672e-02 5.239568650722503662e-03 2.064295113086700439e-03
-1.126614212989807129e-02 5.057774484157562256e-03 1.419030129909515381e-03
-1.052030920982360840e-02 4.634134471416473389e-03 7.557310163974761963e-04
-9.874392300844192505e-03 5.020916461944580078e-03 -8.921511471271514893e-04
-9.838402271270751953e-03 5.384534597396850586e-03 -2.436041831970214844e-03
-8.706647902727127075e-03 5.281165242195129395e-03 -2.643119543790817261e-03
-7.897932082414627075e-03 4.929900169372558594e-03 -2.735428512096405029e-03
-9.188551455736160278e-03 5.529828369617462158e-03 -3.257270902395248413e-03
-9.853299707174301147e-03 6.081402301788330078e-03 -3.042712807655334473e-03
-8.827783167362213135e-03 6.657868623733520508e-03 -3.335237503051757812e-03
-6.228975951671600342e-03 5.659654736518859863e-03 -4.350107163190841675e-03
-4.252441227436065674e-03 4.886984825134277344e-03 -4.347085952758789062e-03
-4.305228590965270996e-03 5.248546600341796875e-03 -4.950385540723800659e-03
-4.802167415618896484e-03 5.648739635944366455e-03 -5.458656698465347290e-03
-5.891755223274230957e-03 6.559334695339202881e-03 -4.561863839626312256e-03
-6.760265678167343140e-03 7.081486284732818604e-03 -3.689277917146682739e-03
-7.673345506191253662e-03 7.199361920356750488e-03 -2.889156341552734375e-03
-6.237134337425231934e-03 6.200335919857025146e-03 -3.191739320755004883e-03
-4.929505288600921631e-03 5.777567625045776367e-03 -3.052294254302978516e-03
-3.778390586376190186e-03 4.898585379123687744e-03 -3.670424222946166992e-03
-3.479368984699249268e-03 3.444723784923553467e-03 -3.865074366331100464e-03
-3.717698156833648682e-03 1.709938049316406250e-03 -3.937453031539916992e-03
-4.818059504032135010e-03 1.641802489757537842e-03 -4.799656569957733154e-03
-5.156539380550384521e-03 2.539470791816711426e-03 -4.890188574790954590e-03
-6.420634686946868896e-03 3.760471940040588379e-03 -4.681456834077835083e-03
-8.371479809284210205e-03 2.903193235397338867e-03 -4.986334592103958130e-03
-7.798053324222564697e-03 1.473575830459594727e-04 -3.881964832544326782e-03
-8.165258914232254028e-03 4.325382411479949951e-03 -1.126542687416076660e-03
-1.441315561532974243e-02 8.652143180370330811e-03 7.195584475994110107e-04
-1.157718151807785034e-02 8.864708244800567627e-03 -2.468351274728775024e-03
-6.236482411623001099e-03 5.194664001464843750e-03 -2.869650721549987793e-03
-4.395268857479095459e-03 3.113098442554473877e-03 -2.364438027143478394e-03
-2.299517393112182617e-03 2.390742301940917969e-03 -5.233984440565109253e-03
-2.798557281494140625e-03 6.741583347320556641e-04 -6.269801408052444458e-03
-3.593064844608306885e-03 5.431994795799255371e-04 -8.164100348949432373e-03
-3.695353865623474121e-03 2.635270357131958008e-04 -8.675873279571533203e-03
-4.759021103382110596e-03 1.165449619293212891e-03 -7.985856384038925171e-03
-5.737110972404479980e-03 1.592062413692474365e-03 -7.074315100908279419e-03
-6.679423153400421143e-03 1.511901617050170898e-03 -5.976147949695587158e-03
-7.020469754934310913e-03 1.404926180839538574e-03 -5.455292761325836182e-03
-6.414018571376800537e-03 1.451924443244934082e-03 -6.223667412996292114e-03
-5.994804203510284424e-03 1.833304762840270996e-03 -7.014293223619461060e-03
-5.988705903291702271e-03 1.965597271919250488e-03 -6.852377206087112427e-03
-5.613915622234344482e-03 1.485750079154968262e-03 -6.043616682291030884e-03
-5.392625927925109863e-03 1.190669834613800049e-03 -5.580130964517593384e-03
-5.377531051635742188e-03 1.705326139926910400e-03 -5.579922348260879517e-03
-5.465835332870483398e-03 1.421280205249786377e-03 -5.657453089952468872e-03
-5.145147442817687988e-03 4.223212599754333496e-04 -4.611428827047348022e-03
-4.623383283615112305e-03 1.286193728446960449e-04 -4.501715302467346191e-03
-4.065722227096557617e-03 7.287785410881042480e-04 -5.172614008188247681e-03
-4.293486475944519043e-03 1.671187579631805420e-03 -5.377370864152908325e-03
-5.088187754154205322e-03 2.201579511165618896e-03 -5.088813602924346924e-03
-6.043091416358947754e-03 2.118580043315887451e-03 -4.192683845758438110e-03
-5.109235644340515137e-03 1.069746911525726318e-03 -4.065401852130889893e-03
-3.044292330741882324e-03 -8.668750524520874023e-05 -4.741001874208450317e-03
-2.814181149005889893e-03 -3.555342555046081543e-04 -5.426362156867980957e-03
-3.964260220527648926e-03 -5.718320608139038086e-05 -5.125317722558975220e-03
-3.871768712997436523e-03 -7.678940892219543457e-04 -3.163009881973266602e-03
-2.434268593788146973e-03 -1.686252653598785400e-03 -2.261169254779815674e-03
-1.409947872161865234e-03 -2.828277647495269775e-03 -3.745757043361663818e-03
-1.630783081054687500e-04 -4.001460969448089600e-03 -4.428341984748840332e-03
3.118216991424560547e-04 -4.532389342784881592e-03 -4.008449614048004150e-03
1.068934798240661621e-04 -4.877872765064239502e-03 -3.405131399631500244e-03
-3.465563058853149414e-04 -4.962794482707977295e-03 -2.834834158420562744e-03
-1.220658421516418457e-03 -5.724616348743438721e-03 -1.960851252079010010e-03
-2.418711781501770020e-03 -5.988143384456634521e-03 -1.903861761093139648e-03
-3.503888845443725586e-03 -5.397073924541473389e-03 -1.713488250970840454e-03
-4.587568342685699463e-03 -3.686763346195220947e-03 -2.154022455215454102e-03
-5.943275988101959229e-03 -2.132862806320190430e-03 -2.774406224489212036e-03
-6.598807871341705322e-03 -1.781262457370758057e-03 -2.946626394987106323e-03
-6.739377975463867188e-03 -1.789264380931854248e-03 -3.447383642196655273e-03
-6.903026252985000610e-03 -5.342066287994384766e-04 -4.606757313013076782e-03
-6.447058171033859253e-03 5.659461021423339844e-05 -5.580674856901168823e-03
-6.471689790487289429e-03 1.060731709003448486e-03 -5.307462066411972046e-03
-6.056755781173706055e-03 1.299194991588592529e-03 -4.385303705930709839e-03
-5.969952791929244995e-03 1.331500709056854248e-03 -4.978582262992858887e-03
-5.729705095291137695e-03 1.966938376426696777e-03 -4.813484847545623779e-03
-5.671016871929168701e-03 2.465240657329559326e-03 -4.807267338037490845e-03
-5.161844193935394287e-03 1.703567802906036377e-03 -4.507992416620254517e-03
-4.712954163551330566e-03 6.468743085861206055e-04 -4.451360553503036499e-03
-3.994151949882507324e-03 -5.839318037033081055e-04 -4.535909742116928101e-03
-3.076724708080291748e-03 -2.231106162071228027e-03 -4.746090620756149292e-03
-3.068827092647552490e-03 -3.285892307758331299e-03 -4.337888211011886597e-03
-3.787972033023834229e-03 -3.267467021942138672e-03 -4.315689206123352051e-03
-4.334039986133575439e-03 -2.313256263732910156e-03 -5.072597414255142212e-03
-4.564687609672546387e-03 -7.882043719291687012e-04 -6.287634372711181641e-03
-4.709117114543914795e-03 -1.465409994125366211e-03 -7.007725536823272705e-03
-5.434870719909667969e-03 -2.289906144142150879e-03 -4.958797246217727661e-03
-4.857815802097320557e-03 -3.883793950080871582e-03 -4.603631794452667236e-03
-4.860624670982360840e-03 -4.427321255207061768e-03 -3.983214497566223145e-03
-4.835270345211029053e-03 -3.586404025554656982e-03 -4.981148988008499146e-03
-5.587995052337646484e-03 -1.757487654685974121e-03 -4.682090133428573608e-03
-5.195230245590209961e-03 -2.400554716587066650e-03 -3.694728016853332520e-03
-5.123712122440338135e-03 -1.436822116374969482e-03 -3.807019442319869995e-03
-5.060471594333648682e-03 -7.831379771232604980e-04 -3.193564713001251221e-03
-5.198925733566284180e-03 -1.499280333518981934e-03 -3.197703510522842407e-03
-5.005478858947753906e-03 -6.940141320228576660e-04 -3.997836261987686157e-03
-4.913762211799621582e-03 -1.819245517253875732e-03 -3.525163978338241577e-03
-6.493072956800460815e-03 -3.346465528011322021e-03 -2.727266401052474976e-03
-7.211558520793914795e-03 -4.192642867565155029e-03 -1.489527523517608643e-03
-7.493633776903152466e-03 -3.905706107616424561e-03 -1.064430922269821167e-03
-6.342981010675430298e-03 -5.131356418132781982e-03 -4.329867660999298096e-04
-5.825459957122802734e-03 -4.335254430770874023e-03 -1.958534121513366699e-03
-6.197452545166015625e-03 -3.412276506423950195e-03 -1.518700271844863892e-03
-5.992420017719268799e-03 -3.365397453308105469e-03 1.506056636571884155e-03
-5.256108939647674561e-03 -4.955656826496124268e-03 2.181351184844970703e-03
-4.485711455345153809e-03 -6.366461515426635742e-03 2.942454069852828979e-03
-4.047371447086334229e-03 -6.639577448368072510e-03 2.629537135362625122e-03
-4.195049405097961426e-03 -5.598179996013641357e-03 3.060203045606613159e-03
-5.356505513191223145e-03 -3.599591553211212158e-03 2.930734306573867798e-03
-5.499511957168579102e-03 -2.665169537067413330e-03 3.759108483791351318e-03
-5.078271031379699707e-03 -3.063298761844635010e-03 4.811711609363555908e-03
-5.338743329048156738e-03 -5.152963101863861084e-03 7.141835987567901611e-03
-6.197243928909301758e-03 -5.584485828876495361e-03 8.739728480577468872e-03
-7.467448711395263672e-03 -4.004664719104766846e-03 8.231718093156814575e-03
-8.650764822959899902e-03 -1.721754670143127441e-04 6.386633962392807007e-03
-1.069128513336181641e-02 2.553828060626983643e-03 5.016226321458816528e-03
-1.124292612075805664e-02 5.980409681797027588e-03 1.593567430973052979e-03
-1.249089837074279785e-02 7.958658039569854736e-03 -3.432258963584899902e-04
-1.281449198722839355e-02 6.686471402645111084e-03 1.071222126483917236e-03
-1.280732452869415283e-02 3.594733774662017822e-03 5.471635609865188599e-03
-1.303155720233917236e-02 1.960717141628265381e-03 7.358219474554061890e-03
-1.602745056152343750e-02 2.749361097812652588e-03 8.913066238164901733e-03
-1.828919351100921631e-02 3.681980073451995850e-03 1.109286397695541382e-02
-1.914803683757781982e-02 2.666808664798736572e-03 1.161071658134460449e-02
-1.759304106235504150e-02 2.505399286746978760e-03 1.012048125267028809e-02
-1.515610516071319580e-02 4.904948174953460693e-03 7.180027663707733154e-03
-1.316760480403900146e-02 6.433732807636260986e-03 5.647890269756317139e-03
-1.135969161987304688e-02 6.215535104274749756e-03 1.112263649702072144e-03
-9.080618619918823242e-03 2.591423690319061279e-03 -4.017096012830734253e-03
-5.870245397090911865e-03 -1.559183001518249512e-04 -4.117280244827270508e-03
-4.040226340293884277e-03 -7.763653993606567383e-04 -4.345662891864776611e-03
-4.557110369205474854e-03 2.828538417816162109e-04 -3.658320754766464233e-03
-6.727077066898345947e-03 2.627357840538024902e-03 -1.846581697463989258e-03
-9.879473596811294556e-03 5.670323967933654785e-03 -7.219947874546051025e-04
-1.117970049381256104e-02 7.949300110340118408e-03 7.682293653488159180e-05
-9.960081428289413452e-03 7.942356169223785400e-03 1.909583806991577148e-05
-8.955251425504684448e-03 7.848918437957763672e-03 -1.151755452156066895e-03
-9.373400360345840454e-03 8.274741470813751221e-03 -3.700532019138336182e-03
-9.346794337034225464e-03 6.693370640277862549e-03 -4.262186586856842041e-03
-9.951144456863403320e-03 6.988137960433959961e-03 -4.165593534708023071e-03
-7.328286767005920410e-03 3.376387059688568115e-03 -2.980057150125503540e-03
-5.590319633483886719e-03 1.969486474990844727e-04 -1.858282834291458130e-03
-5.394712090492248535e-03 1.268401741981506348e-03 -3.112442791461944580e-03
-4.867739975452423096e-03 1.496359705924987793e-03 -3.719896078109741211e-03
-4.709340631961822510e-03 1.303918659687042236e-03 -5.075272172689437866e-03
-5.114853382110595703e-03 1.427419483661651611e-03 -5.876727402210235596e-03
-6.039761006832122803e-03 9.501203894615173340e-04 -6.294101476669311523e-03
-6.005257368087768555e-03 7.903352379798889160e-04 -6.269793957471847534e-03
-5.425028502941131592e-03 1.349769532680511475e-03 -6.752874702215194702e-03
-6.634097546339035034e-03 2.339035272598266602e-03 -6.570436060428619385e-03
-7.766339927911758423e-03 3.321461379528045654e-03 -6.105225533246994019e-03
-7.918175309896469116e-03 2.964951097965240479e-03 -6.312545388936996460e-03
-7.490552961826324463e-03 2.092182636260986328e-03 -5.852177739143371582e-03
-7.366135716438293457e-03 1.438304781913757324e-03 -6.220523267984390259e-03
-6.290126591920852661e-03 7.847398519515991211e-04 -6.474483758211135864e-03
-5.230017006397247314e-03 1.050680875778198242e-03 -8.336294442415237427e-03
-5.036637187004089355e-03 2.140328288078308105e-04 -9.201429784297943115e-03
-5.535982549190521240e-03 7.603615522384643555e-04 -9.486701339483261108e-03
-5.074232816696166992e-03 8.147358894348144531e-04 -9.324349462985992432e-03
-3.593429923057556152e-03 1.922369003295898438e-03 -8.741986006498336792e-03
-3.348395228385925293e-03 2.936244010925292969e-03 -8.149310946464538574e-03
-3.364920616149902344e-03 2.279855310916900635e-03 -7.482226938009262085e-03
-2.983875572681427002e-03 2.701945602893829346e-03 -8.480567485094070435e-03
-2.567723393440246582e-03 1.701571047306060791e-03 -9.094513952732086182e-03
-2.121090888977050781e-03 -9.418651461601257324e-04 -7.370341569185256958e-03
-3.482684493064880371e-03 -1.887388527393341064e-03 -7.071103900671005249e-03
-4.203453660011291504e-03 -1.531846821308135986e-03 -6.987981498241424561e-03
-4.755295813083648682e-03 -1.947507262229919434e-03 -5.545645952224731445e-03
-5.180254578590393066e-03 -2.138860523700714111e-03 -4.021126776933670044e-03
-5.130641162395477295e-03 -2.797223627567291260e-03 -3.856390714645385742e-03
-6.236393004655838013e-03 -3.612190485000610352e-03 -2.867970615625381470e-03
-7.136553525924682617e-03 -3.681428730487823486e-03 -1.877468079328536987e-03
-7.597222924232482910e-03 -4.614673554897308350e-03 -1.588050276041030884e-03
-7.386416196823120117e-03 -4.934318363666534424e-03 -8.295290172100067139e-04
-8.297383785247802734e-03 -4.784114658832550049e-03 4.889741539955139160e-04
-9.337097406387329102e-03 -4.979290068149566650e-03 1.243326812982559204e-03
-8.893087506294250488e-03 -6.715871393680572510e-03 3.774978220462799072e-03
-9.696573019027709961e-03 -5.236141383647918701e-03 4.216879606246948242e-03
-1.079720258712768555e-02 -3.861583769321441650e-03 3.308255225419998169e-03
-1.064263284206390381e-02 -1.129336655139923096e-03 4.145875573158264160e-05
-9.502798318862915039e-03 1.349374651908874512e-04 -2.104789018630981445e-06
-9.019970893859863281e-03 -1.552499830722808838e-03 -1.957528293132781982e-04
-1.024100184440612793e-02 -2.266161143779754639e-03 8.228085935115814209e-04
-1.266604661941528320e-02 1.826427876949310303e-03 5.021207034587860107e-04
-1.173627376556396484e-02 2.485193312168121338e-03 -1.431822776794433594e-03
-8.904784917831420898e-03 2.637736499309539795e-03 -4.325002431869506836e-03
-7.900655269622802734e-03 6.853565573692321777e-04 -2.308756113052368164e-03
-7.592558860778808594e-03 -5.892664194107055664e-05 -6.799511611461639404e-04
-8.243307471275329590e-03 -1.345984637737274170e-03 -3.647431731224060059e-04
-8.753299713134765625e-03 -2.507202327251434326e-03 5.294606089591979980e-04
-9.242534637451171875e-03 -1.052297651767730713e-03 4.273504018783569336e-04
-1.008811593055725098e-02 1.237265765666961670e-03 1.908555626869201660e-03
-1.219619810581207275e-02 3.304086625576019287e-03 2.862818539142608643e-03
-1.232873648405075073e-02 2.509951591491699219e-03 2.432696521282196045e-03
-1.148942112922668457e-02 1.767002046108245850e-03 1.368004828691482544e-03
-1.222376897931098938e-02 3.147266805171966553e-03 8.841678500175476074e-04
-1.342688128352165222e-02 3.418482840061187744e-03 1.055933535099029541e-03
-1.417755335569381714e-02 3.788024187088012695e-03 1.066636294126510620e-03
-1.456191390752792358e-02 2.411633729934692383e-03 1.803006976842880249e-03
-1.464502885937690735e-02 -5.434453487396240234e-04 3.331877291202545166e-03
-1.358560100197792053e-02 -3.618776798248291016e-03 5.375124514102935791e-03
-1.229451969265937805e-02 -5.668796598911285400e-03 6.882578134536743164e-03
-1.549742743372917175e-02 -5.182713270187377930e-03 8.210469037294387817e-03
-1.906417310237884521e-02 -3.424890339374542236e-03 9.615540504455566406e-03
-2.018840238451957703e-02 -2.576716244220733643e-03 9.890876710414886475e-03
-1.842390745878219604e-02 -4.083134233951568604e-03 9.239073842763900757e-03
-1.778849586844444275e-02 -6.069101393222808838e-03 8.322197943925857544e-03
-2.025677263736724854e-02 -1.018889248371124268e-03 6.381396204233169556e-03
-1.902185007929801941e-02 2.964779734611511230e-03 6.380449980497360229e-03
-1.834789663553237915e-02 3.548450767993927002e-03 6.650023162364959717e-03
-1.884255558252334595e-02 2.618886530399322510e-03 4.477161914110183716e-03
-1.719493791460990906e-02 9.068846702575683594e-04 2.985667437314987183e-03
-1.640004292130470276e-02 3.010608255863189697e-03 1.723788678646087646e-03
-1.692686975002288818e-02 4.855304956436157227e-03 1.830436289310455322e-03
-1.705700531601905823e-02 6.269641220569610596e-03 2.351138740777969360e-03
-1.611068844795227051e-02 6.047435104846954346e-03 2.862982451915740967e-03
-1.578333601355552673e-02 6.451956927776336670e-03 2.667114138603210449e-03
-1.556919142603874207e-02 7.730714976787567139e-03 6.745718419551849365e-04
-1.586103066802024841e-02 7.971227169036865234e-03 -2.300579100847244263e-03
-1.484115421772003174e-02 5.983203649520874023e-03 -5.241744220256805420e-04
-1.446386799216270447e-02 5.380563437938690186e-03 5.134381353855133057e-04
-1.410629972815513611e-02 4.584297537803649902e-03 5.097389221191406250e-04
-1.333247497677803040e-02 5.427882075309753418e-03 -4.236511886119842529e-04
-1.221394166350364685e-02 5.982711911201477051e-03 -1.260302960872650146e-03
-1.132628694176673889e-02 6.035320460796356201e-03 -3.748673945665359497e-03
-1.111328229308128357e-02 5.298748612403869629e-03 -5.745016038417816162e-03
-1.014457270503044128e-02 4.861690104007720947e-03 -7.083341479301452637e-03
-8.778858929872512817e-03 5.179949104785919189e-03 -9.501568973064422607e-03
-7.772047072649002075e-03 4.910133779048919678e-03 -1.087934151291847229e-02
-7.276929914951324463e-03 5.245953798294067383e-03 -1.301786489784717560e-02
-6.259422749280929565e-03 5.975291132926940918e-03 -1.604504697024822235e-02
-5.300946533679962158e-03 4.515290260314941406e-03 -1.458114385604858398e-02
-4.503667354583740234e-03 3.350764513015747070e-03 -1.202894002199172974e-02
-5.642943084239959717e-03 2.325020730495452881e-03 -1.167302578687667847e-02
-5.661658942699432373e-03 2.053655683994293213e-03 -1.218796893954277039e-02
-5.994156002998352051e-03 3.148585557937622070e-03 -1.487723737955093384e-02
-6.583973765373229980e-03 2.996347844600677490e-03 -1.507539302110671997e-02
-7.254347205162048340e-03 2.945400774478912354e-03 -1.546558365225791931e-02
-8.416548371315002441e-03 4.071779549121856689e-03 -1.268431171774864197e-02
-1.031088829040527344e-02 4.825420677661895752e-03 -8.510176092386245728e-03
-1.087078452110290527e-02 2.795346081256866455e-03 -5.349993705749511719e-03
-9.049400687217712402e-03 -1.380138099193572998e-03 -4.912763833999633789e-03
-8.894398808479309082e-03 -4.551179707050323486e-03 -3.280971199274063110e-03
-1.096449792385101318e-02 -5.453534424304962158e-03 9.117648005485534668e-04
-1.138018071651458740e-02 -5.231179296970367432e-03 1.423381268978118896e-03
-8.355125784873962402e-03 -4.716910421848297119e-03 -1.846808940172195435e-03
-5.045056343078613281e-03 -5.526132881641387939e-03 -1.286700367927551270e-03
-4.160761833190917969e-03 -3.144152462482452393e-03 -2.419877797365188599e-03
-4.783615469932556152e-03 -2.304755151271820068e-03 1.473192125558853149e-03
-6.332099437713623047e-03 -4.773400723934173584e-03 3.557577729225158691e-04
-5.350947380065917969e-03 -7.146440446376800537e-03 -3.230284899473190308e-03
-6.002560257911682129e-03 -4.990704357624053955e-03 -1.671414822340011597e-03
-4.691243171691894531e-03 -6.311632692813873291e-03 3.487467765808105469e-03
-1.044929027557373047e-03 -1.030098646879196167e-02 4.271596670150756836e-03
-1.254305243492126465e-03 -1.129300147294998169e-02 9.821239858865737915e-03
-1.564547419548034668e-03 -5.460612475872039795e-03 5.380917340517044067e-03
-2.700433135032653809e-03 -7.396914064884185791e-03 5.526371300220489502e-03
-5.608662962913513184e-03 -7.234647870063781738e-03 1.028034463524818420e-02
-8.241053670644760132e-03 -1.279495656490325928e-03 1.165897771716117859e-02
-9.174402803182601929e-03 -8.785426616668701172e-04 1.278658956289291382e-02
-1.563678309321403503e-02 1.090034842491149902e-03 8.594699203968048096e-03
-1.936947554349899292e-02 6.980791687965393066e-03 2.925932407379150391e-03
-1.527823135256767273e-02 -1.618511974811553955e-03 8.564934134483337402e-03
-1.100211217999458313e-02 -2.043999731540679932e-03 2.605162560939788818e-03
-6.356600672006607056e-03 2.251364290714263916e-03 -4.511415958404541016e-03
-1.033402979373931885e-02 6.840832531452178955e-03 -8.244920521974563599e-03
-1.226348057389259338e-02 6.633728742599487305e-03 -5.969062447547912598e-03
-8.780676871538162231e-03 5.629807710647583008e-04 -5.946207791566848755e-03
-8.349653333425521851e-03 3.014802932739257812e-04 -3.346245735883712769e-03
-8.689902722835540771e-03 3.485657274723052979e-03 -5.005683749914169312e-03
-1.229999586939811707e-02 2.715297043323516846e-03 -7.329508662223815918e-04
-1.333792507648468018e-02 8.377283811569213867e-04 1.994021236896514893e-03
-1.335724070668220520e-02 1.080855727195739746e-04 2.984911203384399414e-03
-1.124129444360733032e-02 2.651572227478027344e-03 -6.285943090915679932e-04
-1.062961667776107788e-02 2.353355288505554199e-03 -2.598006278276443481e-03
-1.041185110807418823e-02 2.067409455776214600e-03 1.728959381580352783e-03
-9.004916995763778687e-03 -6.334111094474792480e-04 4.622966051101684570e-03
-8.500229567289352417e-03 -2.903982996940612793e-03 7.154244929552078247e-03
-7.678881287574768066e-03 -5.556382238864898682e-03 6.672549992799758911e-03
-7.391747087240219116e-03 -6.629429757595062256e-03 3.797546029090881348e-03
-1.185385510325431824e-02 -4.473529756069183350e-03 2.979010343551635742e-03
-1.491331681609153748e-02 4.809722304344177246e-04 5.030073225498199463e-03
-1.478470861911773682e-02 4.025720059871673584e-03 9.373277425765991211e-04
-1.558004692196846008e-02 5.429729819297790527e-03 3.720484673976898193e-04
-1.554824039340019226e-02 5.568735301494598389e-03 1.033641397953033447e-03
-1.724332198500633240e-02 3.741182386875152588e-03 1.960035413503646851e-03
-1.823099702596664429e-02 4.517495632171630859e-03 -6.510578095912933350e-04
-1.570019498467445374e-02 7.265999913215637207e-03 -3.850050270557403564e-03
-1.569532975554466248e-02 6.275489926338195801e-03 -7.155723869800567627e-04
-1.660523936152458191e-02 5.092486739158630371e-03 3.818385303020477295e-04
-1.889082789421081543e-02 4.438914358615875244e-03 3.552526235580444336e-03
-2.059270069003105164e-02 6.259053945541381836e-03 3.583054989576339722e-03
-1.666853204369544983e-02 6.696492433547973633e-03 3.682523965835571289e-04
-1.353218033909797668e-02 9.528234601020812988e-03 -3.216210752725601196e-03
-1.119457185268402100e-02 1.024978607892990112e-02 -3.866214305162429810e-03
-1.415137574076652527e-02 1.001452654600143433e-02 -3.975931555032730103e-03
-1.564897224307060242e-02 1.114805787801742554e-02 -5.559224635362625122e-03
-1.560961082577705383e-02 9.593047201633453369e-03 -4.218932241201400757e-03
-1.496066153049468994e-02 9.558744728565216064e-03 -4.467278718948364258e-03
-1.657981425523757935e-02 9.888507425785064697e-03 -2.947069704532623291e-03
-1.914395391941070557e-02 1.091145724058151245e-02 -4.030834883451461792e-03
-1.818794757127761841e-02 1.237969845533370972e-02 -5.265846848487854004e-03
-1.734772324562072754e-02 1.275314390659332275e-02 -2.677347511053085327e-03
-1.704764366149902344e-02 9.963564574718475342e-03 -6.085075438022613525e-04
-1.778528839349746704e-02 9.629279375076293945e-03 -1.954853534698486328e-03
-1.722928136587142944e-02 1.095874607563018799e-02 -3.588009625673294067e-03
-1.786750555038452148e-02 1.066862791776657104e-02 -2.558447420597076416e-03
-1.767934858798980713e-02 1.064386963844299316e-02 -3.000706434249877930e-03
-1.755008101463317871e-02 6.870843470096588135e-03 -4.528492689132690430e-03
-1.973733305931091309e-02 1.185894757509231567e-02 -7.166702300310134888e-03
-2.038331329822540283e-02 1.303002983331680298e-02 -2.638086676597595215e-03
-1.854920387268066406e-02 1.247199624776840210e-02 3.615483641624450684e-03
-2.022752165794372559e-02 1.326488703489303589e-02 1.820173114538192749e-03
-2.108686417341232300e-02 1.178365200757980347e-02 5.782544612884521484e-04
-2.032949775457382202e-02 1.152015477418899536e-02 -1.728836447000503540e-03
-1.989481598138809204e-02 1.210793107748031616e-02 -1.897975802421569824e-03
-2.116144448518753052e-02 1.335714012384414673e-02 -5.987212061882019043e-04
-2.162851393222808838e-02 1.361459493637084961e-02 -8.441954851150512695e-04
-1.895092427730560303e-02 1.311112195253372192e-02 -2.954170107841491699e-03
-1.694333553314208984e-02 1.302658766508102417e-02 -4.648432135581970215e-03
-1.665629446506500244e-02 1.022877544164657593e-02 -3.029480576515197754e-03
-1.697910949587821960e-02 8.821025490760803223e-03 -1.923799514770507812e-03
-1.748665049672126770e-02 8.573070168495178223e-03 6.177052855491638184e-04
-1.671263575553894043e-02 7.999718189239501953e-03 -1.074403524398803711e-03
-1.580757275223731995e-02 8.404433727264404297e-03 -2.376805990934371948e-03
-1.570274680852890015e-02 4.992760717868804932e-03 -5.760565400123596191e-04
-1.327924057841300964e-02 2.537660300731658936e-03 1.104194670915603638e-03
-1.031709089875221252e-02 1.561678946018218994e-03 -7.145255804061889648e-04
-1.378156244754791260e-02 5.083285272121429443e-03 -4.790131002664566040e-03
-1.291017234325408936e-02 3.934226930141448975e-03 -6.042607128620147705e-03
-1.296725124120712280e-02 -1.140877604484558105e-03 -6.128959357738494873e-03
-1.331795379519462585e-02 1.028820872306823730e-02 -1.628326252102851868e-02
-8.788183331489562988e-03 1.174146682024002075e-02 -4.829689860343933105e-03
-1.190743967890739441e-02 9.701922535896301270e-03 -7.548928260803222656e-04
-1.090101525187492371e-02 8.281499147415161133e-03 -2.997811883687973022e-03
-1.080936193466186523e-02 9.039014577865600586e-03 -4.348188638687133789e-03
-1.096993684768676758e-02 8.374713361263275146e-03 -8.266318589448928833e-03
-1.085735112428665161e-02 7.838644087314605713e-03 -7.542151957750320435e-03
-1.138655841350555420e-02 7.509090006351470947e-03 -5.576804280281066895e-03
-1.322280243039131165e-02 7.357165217399597168e-03 -4.382915794849395752e-03
-1.314294710755348206e-02 7.343530654907226562e-03 -4.313886165618896484e-03
-1.261546090245246887e-02 7.515460252761840820e-03 -3.403827548027038574e-03
-1.185075938701629639e-02 7.629014551639556885e-03 -3.694690763950347900e-03
-1.046160236001014709e-02 7.254078984260559082e-03 -4.455883055925369263e-03
-9.138155728578567505e-03 7.769107818603515625e-03 -4.897236824035644531e-03
-9.492401033639907837e-03 7.338270545005798340e-03 -4.602674394845962524e-03
-1.004916802048683167e-02 7.202960550785064697e-03 -3.599196672439575195e-03
-9.568970650434494019e-03 7.319934666156768799e-03 -3.512281924486160278e-03
-9.531836956739425659e-03 7.919318974018096924e-03 -3.272950649261474609e-03
-9.528342634439468384e-03 8.736401796340942383e-03 -2.472978085279464722e-03
-1.019671186804771423e-02 8.954122662544250488e-03 -1.861244440078735352e-03
-1.016318425536155701e-02 8.788056671619415283e-03 -2.002231776714324951e-03
-1.087843999266624451e-02 8.164584636688232422e-03 -3.012653440237045288e-03
-1.038286089897155762e-02 9.020254015922546387e-03 -2.325624227523803711e-03
-9.852439165115356445e-03 8.238531649112701416e-03 -1.105014234781265259e-03
-9.889904409646987915e-03 8.078046143054962158e-03 2.825520932674407959e-04
-1.155729591846466064e-02 7.837310433387756348e-03 1.088403165340423584e-03
-1.247761771082878113e-02 8.486390113830566406e-03 -5.037188529968261719e-04
-1.152990758419036865e-02 8.000202476978302002e-03 -5.807578563690185547e-04
-9.853009134531021118e-03 3.781974315643310547e-03 1.113500446081161499e-03
-1.177212595939636230e-02 1.797027885913848877e-03 9.256899356842041016e-04
-1.206877827644348145e-02 4.191115498542785645e-03 -2.806738018989562988e-03
-1.224534958600997925e-02 6.662085652351379395e-04 -1.431465148925781250e-03
-1.559370756149291992e-02 6.971232593059539795e-03 -3.928050398826599121e-03
-1.754128932952880859e-02 8.855246007442474365e-03 -3.077324479818344116e-03
-1.494340598583221436e-02 9.134732186794281006e-03 -4.994258284568786621e-03
-1.475603878498077393e-02 6.880760192871093750e-03 -2.688676118850708008e-03
-1.197599619626998901e-02 7.062643766403198242e-03 -1.078069210052490234e-03
-1.033867895603179932e-02 6.742082536220550537e-03 -2.051807940006256104e-03
-7.473602890968322754e-03 5.381718277931213379e-03 -4.450984299182891846e-03
-8.233651518821716309e-03 5.630657076835632324e-03 -1.091671735048294067e-02
-7.954180240631103516e-03 5.902551114559173584e-03 -1.170892640948295593e-02
-5.972422659397125244e-03 7.585167884826660156e-03 -4.978004842996597290e-03
-8.187472820281982422e-03 6.661131978034973145e-03 -3.278084099292755127e-03
-8.622460067272186279e-03 7.233150303363800049e-03 -4.205316305160522461e-03
-8.261688053607940674e-03 6.723552942276000977e-03 -4.583299160003662109e-03
-8.260436356067657471e-03 7.766738533973693848e-03 -9.448729455471038818e-03
-5.650192499160766602e-03 8.300073444843292236e-03 -5.828082561492919922e-03
-1.227290928363800049e-02 1.158555597066879272e-02 -2.387918531894683838e-03
-1.433996856212615967e-02 9.449280798435211182e-03 -1.272559165954589844e-03
-1.393626630306243896e-02 9.142585098743438721e-03 -1.878246665000915527e-03
-1.281650364398956299e-02 9.005218744277954102e-03 -3.668576478958129883e-03
-1.316422224044799805e-02 9.794048964977264404e-03 -4.541464149951934814e-03
-1.049013435840606689e-02 7.548905909061431885e-03 -3.447718918323516846e-03
-8.703663945198059082e-03 5.725510418415069580e-03 -6.103694438934326172e-03
-9.073633700609207153e-03 6.498016417026519775e-03 -6.634254008531570435e-03
-7.500011473894119263e-03 8.759461343288421631e-03 -4.430502653121948242e-03
-7.179301232099533081e-03 6.665632128715515137e-03 -2.967309206724166870e-03
-7.221717387437820435e-03 6.651222705841064453e-03 -2.714030444622039795e-03
-5.619153380393981934e-03 5.578503012657165527e-03 -8.332841098308563232e-03
-8.362665772438049316e-03 7.732540369033813477e-03 -1.220677047967910767e-02
-8.783813565969467163e-03 9.536042809486389160e-03 -1.371767185628414154e-02
-1.070152968168258667e-02 1.011073589324951172e-02 -7.020324468612670898e-03
-9.659439325332641602e-03 6.809644401073455811e-03 -6.645604968070983887e-03
-1.103829592466354370e-02 3.444649279117584229e-03 -7.065705955028533936e-03
-1.039311662316322327e-02 1.561701297760009766e-03 -6.923981010913848877e-03
-1.519196480512619019e-02 1.403199881315231323e-02 -1.415505260229110718e-02
-1.359492167830467224e-02 1.350824907422065735e-02 -1.239422336220741272e-02
-1.058556511998176575e-02 1.360290497541427612e-02 -1.244224235415458679e-02
-8.073300123214721680e-03 1.416568085551261902e-02 -5.696278065443038940e-03
-1.376156881451606750e-02 1.239024847745895386e-02 -6.802305579185485840e-04
-1.451295614242553711e-02 1.113741844892501831e-02 6.404332816600799561e-04
-1.420351862907409668e-02 1.145018637180328369e-02 1.591179519891738892e-03
-1.381581649184226990e-02 1.101094484329223633e-02 1.375131309032440186e-03
-1.330140233039855957e-02 1.177094876766204834e-02 -3.629550337791442871e-05
-1.324508711695671082e-02 1.213986426591873169e-02 -1.091055572032928467e-03
-1.335356384515762329e-02 1.118785887956619263e-02 -1.677662134170532227e-03
-1.432469859719276428e-02 1.073452085256576538e-02 -3.121707588434219360e-03
-1.688836887478828430e-02 1.159361004829406738e-02 -3.952167928218841553e-03
-1.757283508777618408e-02 9.598076343536376953e-03 -6.069235503673553467e-03
-1.771547645330429077e-02 1.172878593206405640e-02 -9.614400565624237061e-03
-1.458715647459030151e-02 1.342834904789924622e-02 -3.454413264989852905e-03
-1.364181563258171082e-02 1.202906668186187744e-02 -2.822205424308776855e-04
-1.507202163338661194e-02 1.268479228019714355e-02 -4.767701029777526855e-04
-1.484232768416404724e-02 1.230439543724060059e-02 -4.961155354976654053e-04
-1.502684131264686584e-02 1.142369210720062256e-02 -3.885626792907714844e-04
-1.529570296406745911e-02 1.020547747611999512e-02 6.284900009632110596e-04
-1.558763161301612854e-02 9.261853992938995361e-03 1.040626317262649536e-03
-1.640916615724563599e-02 8.765473961830139160e-03 8.605644106864929199e-04
-1.554372161626815796e-02 8.797541260719299316e-03 2.554286271333694458e-03
-1.525134965777397156e-02 8.741751313209533691e-03 1.720625907182693481e-03
-1.597454398870468140e-02 9.014628827571868896e-03 -1.656565815210342407e-03
-1.497139036655426025e-02 8.650325238704681396e-03 -7.022917270660400391e-04
-1.582367345690727234e-02 7.720291614532470703e-03 4.438497126102447510e-04
-1.628415659070014954e-02 7.173672318458557129e-03 7.781498134136199951e-04
-1.511741429567337036e-02 7.374309003353118896e-03 1.714486628770828247e-03
-1.463508605957031250e-02 6.998062133789062500e-03 4.103332757949829102e-04
-1.463787257671356201e-02 7.429674267768859863e-03 -6.449446082115173340e-04
-1.471898704767227173e-02 7.791958749294281006e-03 1.302957534790039062e-04
-1.426173746585845947e-02 7.500439882278442383e-03 9.441375732421875000e-04
-1.519691944122314453e-02 7.552750408649444580e-03 1.766622066497802734e-03
-1.637680828571319580e-02 6.955318152904510498e-03 2.297937870025634766e-03
-1.654680818319320679e-02 5.578488111495971680e-03 2.004332840442657471e-03
-1.620928943157196045e-02 5.307018756866455078e-03 1.570574939250946045e-03
-1.551913470029830933e-02 4.749417304992675781e-03 1.190107315778732300e-03
-1.516105979681015015e-02 5.093656480312347412e-03 6.867721676826477051e-04
-1.513169705867767334e-02 4.990704357624053955e-03 4.501566290855407715e-04
-1.537786424160003662e-02 4.927881062030792236e-03 4.482604563236236572e-04
-1.807063817977905273e-02 9.995624423027038574e-04 -3.188252449035644531e-04
-1.643902063369750977e-02 5.776211619377136230e-04 -7.864728569984436035e-03
-1.725454628467559814e-02 7.443137466907501221e-03 -7.462650537490844727e-03
-1.606701314449310303e-02 8.179657161235809326e-03 -2.668239176273345947e-04
-1.351751387119293213e-02 6.655536592006683350e-03 4.450358450412750244e-03
-1.444634795188903809e-02 5.207665264606475830e-03 5.703419446945190430e-03
-1.694667339324951172e-02 5.991615355014801025e-03 2.757497131824493408e-03
-1.771284639835357666e-02 7.419548928737640381e-03 1.407548785209655762e-03
-1.865173876285552979e-02 8.193522691726684570e-03 1.412279903888702393e-03
-1.963894814252853394e-02 9.362615644931793213e-03 1.247163861989974976e-03
-1.737838983535766602e-02 9.600974619388580322e-03 1.261260360479354858e-03
-1.618668064475059509e-02 9.609207510948181152e-03 5.570352077484130859e-04
-1.529869064688682556e-02 8.932009339332580566e-03 -1.485668122768402100e-03
-1.564649865031242371e-02 9.586669504642486572e-03 -3.748096525669097900e-03
-1.639322564005851746e-02 1.084339618682861328e-02 -3.476306796073913574e-03
-1.523979008197784424e-02 1.150718331336975098e-02 -4.842489957809448242e-03
-1.488180458545684814e-02 8.615814149379730225e-03 -2.926375716924667358e-03
-1.674120873212814331e-02 1.105873286724090576e-02 -3.288608044385910034e-03
-1.854019984602928162e-02 1.230403780937194824e-02 -3.015190362930297852e-03
-1.755287498235702515e-02 1.210688054561614990e-02 -4.006322473287582397e-03
-1.754554361104965210e-02 1.272782683372497559e-02 -4.340421408414840698e-03
-1.721103116869926453e-02 1.294493675231933594e-02 -4.501797258853912354e-03
-1.593248173594474792e-02 1.210504025220870972e-02 -4.107337445020675659e-03
-1.591522991657257080e-02 1.199582964181900024e-02 -3.510851413011550903e-03
-1.609944924712181091e-02 1.190318912267684937e-02 -2.688322216272354126e-03
-1.683729887008666992e-02 1.200874149799346924e-02 -2.688948065042495728e-03
-1.822839677333831787e-02 1.152023673057556152e-02 -1.349911093711853027e-03
-1.840510219335556030e-02 9.597748517990112305e-03 -7.940456271171569824e-05
-1.846811175346374512e-02 8.538946509361267090e-03 7.373951375484466553e-04
-1.888010278344154358e-02 7.851101458072662354e-03 1.858346164226531982e-03
-1.899083331227302551e-02 8.412055671215057373e-03 2.296715974807739258e-03
-1.855846866965293884e-02 8.280187845230102539e-03 2.315215766429901123e-03
-1.801358535885810852e-02 7.508076727390289307e-03 1.318268477916717529e-03
-1.760585978627204895e-02 7.355429232120513916e-03 7.688701152801513672e-04
-1.822193711996078491e-02 8.002452552318572998e-03 9.522624313831329346e-04
-1.842055842280387878e-02 8.582964539527893066e-03 1.103784888982772827e-03
-1.790468767285346985e-02 8.420169353485107422e-03 1.443017274141311646e-03
-1.826063543558120728e-02 8.434645831584930420e-03 1.231715083122253418e-03
-1.719820499420166016e-02 6.813026964664459229e-03 1.822609454393386841e-03
-1.803659275174140930e-02 6.688579916954040527e-03 1.744691282510757446e-03
-1.887857168912887573e-02 8.571900427341461182e-03 5.278401076793670654e-04
-1.963032782077789307e-02 9.441964328289031982e-03 3.774687647819519043e-04
-1.977845653891563416e-02 9.666457772254943848e-03 4.381462931632995605e-04
-1.922068744897842407e-02 9.662650525569915771e-03 -3.709122538566589355e-04
-1.885940879583358765e-02 9.576663374900817871e-03 -1.517828553915023804e-03
-1.858115941286087036e-02 9.885475039482116699e-03 -2.151578664779663086e-03
-1.963147893548011780e-02 1.122978329658508301e-02 -2.843592315912246704e-03
-2.257456257939338684e-02 1.212937384843826294e-02 -3.694318234920501709e-03
-2.378772944211959839e-02 1.196219772100448608e-02 -3.741391003131866455e-03
-2.353734895586967468e-02 1.206693053245544434e-02 -3.955490887165069580e-03
-2.523123472929000854e-02 9.558461606502532959e-03 -1.569222658872604370e-03
-2.596278488636016846e-02 7.689043879508972168e-03 5.851574242115020752e-04
-2.554010972380638123e-02 7.095776498317718506e-03 1.016307622194290161e-03
-2.531322836875915527e-02 8.041039109230041504e-03 -5.619227886199951172e-04
-2.363815903663635254e-02 9.096711874008178711e-03 -2.434965223073959351e-03
-2.411428093910217285e-02 4.848934710025787354e-03 1.126740127801895142e-03
-2.958425879478454590e-02 4.621095955371856689e-03 4.310183227062225342e-03
-3.123940527439117432e-02 8.576206862926483154e-03 2.078372985124588013e-03
-3.009116649627685547e-02 1.421044021844863892e-02 1.146413385868072510e-03
-2.870476990938186646e-02 1.507858186960220337e-02 2.181984484195709229e-03
-3.035247325897216797e-02 1.335368305444717407e-02 2.909425646066665649e-03
-3.206323087215423584e-02 1.465818285942077637e-02 2.316411584615707397e-03
-2.826684713363647461e-02 1.639000326395034790e-02 2.914000302553176880e-03
-2.970547974109649658e-02 2.347189933061599731e-02 -1.404583454132080078e-03
-3.038965910673141479e-02 1.439581066370010376e-02 4.563771188259124756e-03
-3.034350275993347168e-02 1.488392800092697144e-02 4.816569387912750244e-03
-2.972807735204696655e-02 1.492958515882492065e-02 5.612902343273162842e-03
-2.876482903957366943e-02 1.493058353662490845e-02 7.625170052051544189e-03
-2.819611877202987671e-02 1.660384982824325562e-02 6.550200283527374268e-03
-2.794221043586730957e-02 1.596104353666305542e-02 7.004246115684509277e-03
-2.682767063379287720e-02 1.473736017942428589e-02 6.609238684177398682e-03
-2.631530910730361938e-02 1.342523843050003052e-02 5.918174982070922852e-03
-2.553246170282363892e-02 1.176073402166366577e-02 5.661725997924804688e-03
-2.444110810756683350e-02 1.186741143465042114e-02 6.171386688947677612e-03
-2.455844730138778687e-02 1.142989099025726318e-02 6.469987332820892334e-03
-2.415830269455909729e-02 1.235768944025039673e-02 7.379494607448577881e-03
-2.461316436529159546e-02 1.383012160658836365e-02 4.688888788223266602e-03
-2.445210516452789307e-02 1.422331482172012329e-02 3.649599850177764893e-03
-2.431233972311019897e-02 1.445268839597702026e-02 4.830408841371536255e-03
-2.293101325631141663e-02 1.437487080693244934e-02 5.588565021753311157e-03
-2.271835505962371826e-02 1.378110423684120178e-02 6.704710423946380615e-03
-2.439506351947784424e-02 1.499781012535095215e-02 7.207091897726058960e-03
-2.614166215062141418e-02 1.617471128702163696e-02 7.708139717578887939e-03
-2.651479467749595642e-02 1.663010567426681519e-02 7.830202579498291016e-03
-2.630656957626342773e-02 1.413458213210105896e-02 1.047555357217788696e-02
-2.690653130412101746e-02 1.288243383169174194e-02 1.290035992860794067e-02
-2.638659626245498657e-02 1.114714145660400391e-02 1.443316787481307983e-02
-2.840306237339973450e-02 9.451135993003845215e-03 1.590758934617042542e-02
-3.028442338109016418e-02 8.874721825122833252e-03 1.700476557016372681e-02
-3.020349517464637756e-02 5.441837012767791748e-03 1.807992160320281982e-02
-2.916605770587921143e-02 3.283113241195678711e-03 1.824378967285156250e-02
-2.908459678292274475e-02 2.161547541618347168e-03 1.912210136651992798e-02
-2.604718878865242004e-02 6.331503391265869141e-05 1.977434754371643066e-02
-2.334110438823699951e-02 6.119608879089355469e-04 2.002776414155960083e-02
-2.064954489469528198e-02 8.545294404029846191e-04 1.855138689279556274e-02
-1.697788015007972717e-02 3.579758107662200928e-03 1.272328943014144897e-02
-1.551770046353340149e-02 5.124822258949279785e-03 9.232267737388610840e-03
-1.173602417111396790e-02 4.006028175354003906e-03 5.633365362882614136e-03
-9.982973337173461914e-03 4.273742437362670898e-03 6.410330533981323242e-04
-8.851680904626846313e-03 5.451433360576629639e-03 -3.350548446178436279e-03
-6.239008158445358276e-03 5.742549896240234375e-03 -7.284879684448242188e-03
-8.966006338596343994e-03 5.432985723018646240e-03 -1.527036912739276886e-02
-1.535750925540924072e-02 1.049443334341049194e-02 -2.030406519770622253e-02
-1.561929285526275635e-02 1.376704126596450806e-02 -2.460604719817638397e-02
-1.432489603757858276e-02 1.664492860436439514e-02 -2.385654486715793610e-02
-1.307332888245582581e-02 1.857132837176322937e-02 -1.815336383879184723e-02
-1.831044629216194153e-02 1.565626263618469238e-02 -1.270267739892005920e-02
-1.673370599746704102e-02 1.214013248682022095e-02 -1.158276945352554321e-02
-1.699076965451240540e-02 1.290392875671386719e-02 -1.291439309716224670e-02
-1.454911381006240845e-02 1.394057273864746094e-02 -1.275945827364921570e-02
-8.684188127517700195e-03 9.812295436859130859e-03 -1.291305199265480042e-02
-3.903865814208984375e-03 -3.107860684394836426e-03 -7.853478193283081055e-03
2.181954681873321533e-03 4.329830408096313477e-03 -1.483466662466526031e-02
-5.913980305194854736e-03 5.039379000663757324e-03 -8.374977856874465942e-03
-4.877991974353790283e-03 8.545935153961181641e-03 -1.118991151452064514e-02
-1.871079206466674805e-03 9.730584919452667236e-03 -1.696675829589366913e-02
-5.062818527221679688e-04 8.703097701072692871e-03 -1.875899545848369598e-02
-5.504041910171508789e-04 1.239743083715438843e-02 -1.877703890204429626e-02
1.804679632186889648e-04 7.496371865272521973e-03 -1.774977147579193115e-02
-3.978967666625976562e-03 -1.364201307296752930e-05 -1.027987152338027954e-02
-8.849635720252990723e-03 1.641236245632171631e-03 -4.979763180017471313e-03
-6.677582859992980957e-03 4.337452352046966553e-03 -7.492005825042724609e-03
-6.727308034896850586e-03 8.212380111217498779e-03 -6.491288542747497559e-03
-6.142660975456237793e-03 9.956873953342437744e-03 -9.342461824417114258e-03
-5.026027560234069824e-03 1.305117458105087280e-02 -9.383603930473327637e-03
-1.543581485748291016e-03 7.239528000354766846e-03 -1.360345259308815002e-02
5.743972957134246826e-03 3.702364861965179443e-03 -8.787672966718673706e-03
7.412880659103393555e-03 9.848795831203460693e-03 -1.264575123786926270e-02
6.655067205429077148e-03 1.673104614019393921e-02 -1.782411336898803711e-02
4.971347749233245850e-03 2.659802883863449097e-02 -2.596574649214744568e-02
2.456709742546081543e-03 2.866504341363906860e-02 -2.650272101163864136e-02
2.807065844535827637e-03 2.178483456373214722e-02 -2.247332036495208740e-02
6.335519254207611084e-03 2.137605100870132446e-02 -2.349623292684555054e-02
1.074331998825073242e-02 1.753648370504379272e-02 -2.692333608865737915e-02
1.290270686149597168e-02 1.582395285367965698e-02 -2.534826844930648804e-02
1.305545866489410400e-02 1.337306946516036987e-02 -2.114808559417724609e-02
1.234947890043258667e-02 1.430740207433700562e-02 -2.099692821502685547e-02
1.182021200656890869e-02 1.512857526540756226e-02 -2.152830362319946289e-02
6.998486816883087158e-03 1.914555579423904419e-02 -1.949577033519744873e-02
3.805570304393768311e-03 1.996442303061485291e-02 -1.938116550445556641e-02
1.928374171257019043e-03 2.260094508528709412e-02 -2.337078563868999481e-02
1.842632889747619629e-03 2.267373353242874146e-02 -2.467279694974422455e-02
9.472221136093139648e-04 2.193897217512130737e-02 -2.389323338866233826e-02
-4.878565669059753418e-04 2.230793610215187073e-02 -2.604728192090988159e-02
8.742809295654296875e-04 2.020834013819694519e-02 -2.648717723786830902e-02
6.605014204978942871e-04 1.732281222939491272e-02 -2.434921450912952423e-02
-3.385208547115325928e-03 1.937415078282356262e-02 -2.255519479513168335e-02
-9.465768933296203613e-03 2.148352935910224915e-02 -2.079620212316513062e-02
-9.485073387622833252e-03 1.793891191482543945e-02 -1.852471008896827698e-02
-6.512578576803207397e-03 1.061595231294631958e-02 -1.563429273664951324e-02
-6.257764995098114014e-03 1.113499701023101807e-02 -9.966950863599777222e-03
-4.413411021232604980e-03 8.580490946769714355e-03 -6.061639636754989624e-03
-2.734698355197906494e-03 -4.151836037635803223e-04 -5.005072802305221558e-03
-3.634899854660034180e-03 -7.148571312427520752e-03 -8.604791015386581421e-03
-8.759826421737670898e-03 -3.638260066509246826e-03 -1.097159460186958313e-02
-7.425032556056976318e-03 5.455836653709411621e-04 -1.367609575390815735e-02
-7.301539182662963867e-03 2.845868468284606934e-03 -1.234431564807891846e-02
-7.379826158285140991e-03 3.342241048812866211e-03 -4.924561828374862671e-03
-4.003189504146575928e-03 1.055940985679626465e-03 -2.608027309179306030e-03
-3.589652478694915771e-03 5.228534340858459473e-03 1.801848411560058594e-03
-5.086220800876617432e-03 9.481661021709442139e-03 1.673050224781036377e-03
-6.415862590074539185e-03 1.010973751544952393e-02 3.674704581499099731e-03
-6.876073777675628662e-03 6.832763552665710449e-03 4.376493394374847412e-03
-9.339436888694763184e-03 7.416874170303344727e-03 1.069679856300354004e-04
-1.646826788783073425e-02 7.739037275314331055e-03 3.221668303012847900e-04
-1.893382892012596130e-02 1.453130692243576050e-02 -5.728669464588165283e-03
-1.879766955971717834e-02 1.825929060578346252e-02 -6.322801113128662109e-03
-2.568952739238739014e-02 2.467966824769973755e-02 -4.083465784788131714e-03
-2.905988693237304688e-02 2.673663944005966187e-02 -3.118246793746948242e-03
-2.795403078198432922e-02 2.649682387709617615e-02 -3.946252167224884033e-03
-2.315587550401687622e-02 2.573173865675926208e-02 -2.758197486400604248e-03
-2.108575403690338135e-02 2.790416777133941650e-02 -6.252653896808624268e-03
-2.127079293131828308e-02 2.764761820435523987e-02 -8.068379014730453491e-03
-2.087434008717536926e-02 2.367075905203819275e-02 -6.118100136518478394e-03
-1.953506469726562500e-02 2.263781800866127014e-02 -5.229413509368896484e-03
-1.681279391050338745e-02 2.133569866418838501e-02 -5.603358149528503418e-03
-1.554343849420547485e-02 1.662451401352882385e-02 -2.549905329942703247e-03
-1.733509451150894165e-02 1.275850832462310791e-02 -1.612156629562377930e-04
-2.210665121674537659e-02 1.558702811598777771e-02 5.422383546829223633e-04
-2.317785099148750305e-02 2.314793691039085388e-02 -3.547284752130508423e-03
-1.803198829293251038e-02 2.970116212964057922e-02 -9.817842394113540649e-03
-1.761975884437561035e-02 3.258958458900451660e-02 -1.317156851291656494e-02
-1.493838429450988770e-02 3.207966685295104980e-02 -1.518663763999938965e-02
-1.321233063936233521e-02 3.126156330108642578e-02 -1.726088672876358032e-02
-1.358698308467864990e-02 2.697778493165969849e-02 -1.802831888198852539e-02
-9.905375540256500244e-03 2.398977428674697876e-02 -1.610375195741653442e-02
-8.223980665206909180e-03 1.697244495153427124e-02 -9.520620107650756836e-03
-6.967552006244659424e-03 1.456866413354873657e-02 -5.122490227222442627e-03
-1.069126278162002563e-02 1.319567114114761353e-02 -5.626335740089416504e-03
-1.011883467435836792e-02 1.244688779115676880e-02 -7.674925029277801514e-03
-8.423775434494018555e-03 1.378445327281951904e-02 -9.018793702125549316e-03
-6.707400083541870117e-03 1.361817866563796997e-02 -9.039498865604400635e-03
-6.690680980682373047e-03 1.314193755388259888e-02 -1.044669747352600098e-02
-4.297666251659393311e-03 1.112001389265060425e-02 -1.239926367998123169e-02
-3.837019205093383789e-03 8.679755032062530518e-03 -1.221200078725814819e-02
-7.317259907722473145e-03 8.089669048786163330e-03 -1.056673377752304077e-02
-1.065729558467864990e-02 7.096834480762481689e-03 -8.453488349914550781e-03
-1.010945439338684082e-02 8.451111614704132080e-03 -1.179126650094985962e-02
-7.392406463623046875e-03 7.735647261142730713e-03 -1.441709324717521667e-02
-3.500103950500488281e-03 6.680615246295928955e-03 -1.546827703714370728e-02
-3.220684826374053955e-03 8.278690278530120850e-03 -1.655267551541328430e-02
-3.354072570800781250e-03 6.986238062381744385e-03 -1.711280271410942078e-02
-1.184731721878051758e-03 6.423287093639373779e-03 -1.896917447447776794e-02
-4.686936736106872559e-04 4.969798028469085693e-03 -1.787201315164566040e-02
-7.274001836776733398e-04 3.761142492294311523e-03 -1.662632822990417480e-02
-2.036005258560180664e-03 3.171801567077636719e-03 -1.416153833270072937e-02
-1.957684755325317383e-03 4.749841988086700439e-03 -9.004585444927215576e-03
-2.055108547210693359e-03 6.542839109897613525e-03 -9.014777839183807373e-03
-6.271935999393463135e-03 6.890349090099334717e-03 -9.214699268341064453e-03
-1.178127527236938477e-02 1.201699674129486084e-02 -9.702917188405990601e-03
-1.321891322731971741e-02 1.958611235022544861e-02 -8.825071156024932861e-03
-1.513461768627166748e-02 2.236831933259963989e-02 -8.303634822368621826e-03
-1.453180238604545593e-02 2.444901689887046814e-02 -9.592141956090927124e-03
-1.392192393541336060e-02 2.551747113466262817e-02 -9.694863110780715942e-03
-1.324703916907310486e-02 2.433310449123382568e-02 -8.515920490026473999e-03
-1.297197863459587097e-02 2.331450581550598145e-02 -8.544880896806716919e-03
-1.320259273052215576e-02 2.285462245345115662e-02 -8.341331034898757935e-03
-1.369089260697364807e-02 2.476458624005317688e-02 -8.179064840078353882e-03
-1.327517256140708923e-02 2.397956326603889465e-02 -7.621545344591140747e-03
-1.319862157106399536e-02 2.475854381918907166e-02 -7.471378892660140991e-03
-1.327201351523399353e-02 2.610410749912261963e-02 -7.373835891485214233e-03
-1.410408318042755127e-02 2.586352825164794922e-02 -6.846632808446884155e-03
-1.626565307378768921e-02 2.617064118385314941e-02 -7.738873362541198730e-03
-1.830555871129035950e-02 2.783862128853797913e-02 -8.102443069219589233e-03
-1.717136800289154053e-02 2.783744409680366516e-02 -9.178843349218368530e-03
-1.574182137846946716e-02 2.601376548409461975e-02 -1.044680550694465637e-02
-1.405705511569976807e-02 2.320231869816780090e-02 -1.161743327975273132e-02
-1.272865384817123413e-02 2.143308892846107483e-02 -1.198503375053405762e-02
-1.201986521482467651e-02 1.945221796631813049e-02 -1.126151904463768005e-02
-1.335901767015457153e-02 1.998062804341316223e-02 -1.114264875650405884e-02
-1.366258412599563599e-02 1.995666697621345520e-02 -1.174464821815490723e-02
-1.383015885949134827e-02 2.147309854626655579e-02 -1.231466978788375854e-02
-1.478629186749458313e-02 2.160022780299186707e-02 -1.144668832421302795e-02
-1.479572057723999023e-02 2.077683061361312866e-02 -1.164541766047477722e-02
-1.502509415149688721e-02 2.013724669814109802e-02 -1.229360699653625488e-02
-1.545959338545799255e-02 1.970465853810310364e-02 -1.223336532711982727e-02
-1.729595661163330078e-02 2.231134474277496338e-02 -1.080805063247680664e-02
-1.635504141449928284e-02 2.148345485329627991e-02 -9.593896567821502686e-03
-1.216830685734748840e-02 1.827563717961311340e-02 -9.293235838413238525e-03
-1.294034719467163086e-02 1.760146021842956543e-02 -8.631054311990737915e-03
-1.607280969619750977e-02 1.620952785015106201e-02 -5.368195474147796631e-03
-1.325787976384162903e-02 1.470629125833511353e-02 3.716699779033660889e-03
-1.255990564823150635e-02 6.953440606594085693e-03 -6.899535655975341797e-04
-1.275393739342689514e-02 6.000116467475891113e-03 -2.229027450084686279e-04
-1.396321505308151245e-02 6.449557840824127197e-03 -1.045130193233489990e-04
-1.417842507362365723e-02 5.851648747920989990e-03 -1.894872635602951050e-03
-1.374861598014831543e-02 7.232613861560821533e-03 -4.395909607410430908e-03
-1.276101171970367432e-02 8.896984159946441650e-03 -4.405982792377471924e-03
-1.161527633666992188e-02 7.205672562122344971e-03 -5.170591175556182861e-03
-1.483426988124847412e-02 9.065978229045867920e-03 -3.782093524932861328e-03
-1.405102014541625977e-02 9.926117956638336182e-03 -5.902096629142761230e-03
-1.327268779277801514e-02 8.507885038852691650e-03 -7.668320089578628540e-03
-1.410385966300964355e-02 7.832311093807220459e-03 -9.305167943239212036e-03
-1.535119116306304932e-02 6.763719022274017334e-03 -1.215104386210441589e-02
-1.900944113731384277e-02 7.098071277141571045e-03 -1.139497011899948120e-02
-1.786115765571594238e-02 6.283782422542572021e-03 -1.008718833327293396e-02
-1.269622147083282471e-02 2.787135541439056396e-03 -9.269189089536666870e-03
-1.212783157825469971e-02 2.340979874134063721e-03 -7.968779653310775757e-03
-1.372839510440826416e-02 -1.652978360652923584e-03 -1.926418393850326538e-03
-1.329696178436279297e-02 -3.707982599735260010e-03 3.139015287160873413e-03
-1.320531964302062988e-02 -2.151422202587127686e-03 4.608891904354095459e-04
-1.422607898712158203e-02 -9.947344660758972168e-04 -4.393458366394042969e-03
-1.523624360561370850e-02 2.265401184558868408e-03 -3.704287111759185791e-03
-1.526534557342529297e-02 4.114009439945220947e-03 -2.165220677852630615e-03
-1.382727921009063721e-02 5.703575909137725830e-03 -9.260028600692749023e-04
-1.291123032569885254e-02 5.126819014549255371e-04 -5.956545472145080566e-03
-1.491612195968627930e-02 -1.248940825462341309e-04 -7.658429443836212158e-03
-1.656598225235939026e-02 1.416414976119995117e-03 -7.267288863658905029e-03
-1.713721454143524170e-02 -8.559226989746093750e-05 -5.549889057874679565e-03
-1.818436011672019958e-02 -1.797534525394439697e-03 -1.581560820341110229e-03
-2.001953497529029846e-02 1.024477183818817139e-03 -5.209706723690032959e-04
-2.178628370165824890e-02 3.053218126296997070e-03 -8.770450949668884277e-05
-2.246350795030593872e-02 2.633959054946899414e-03 -3.779754042625427246e-04
-2.230750024318695068e-02 1.523368060588836670e-03 1.856572926044464111e-04
-2.326157689094543457e-02 2.658292651176452637e-03 -1.096427440643310547e-04
-2.279748767614364624e-02 3.789417445659637451e-03 -1.584257930517196655e-03
-2.087328210473060608e-02 3.811143338680267334e-03 -3.941189497709274292e-03
-2.104799449443817139e-02 3.977566957473754883e-03 -3.661353141069412231e-03
-1.986563205718994141e-02 3.820128738880157471e-03 -3.716416656970977783e-03
-1.878114417195320129e-02 3.453604876995086670e-03 -2.460859715938568115e-03
-1.891663298010826111e-02 5.420573055744171143e-03 -6.220486015081405640e-03
-1.841465756297111511e-02 7.429875433444976807e-03 -5.927499383687973022e-03
-1.874073594808578491e-02 9.662628173828125000e-03 -2.417482435703277588e-03
-1.849300786852836609e-02 8.499063551425933838e-03 -4.594862461090087891e-03
-1.717594265937805176e-02 3.132089972496032715e-03 -8.216369897127151489e-03
-1.594557613134384155e-02 -1.698240637779235840e-03 -6.588920950889587402e-05
-1.683539524674415588e-02 -2.982154488563537598e-03 2.163387835025787354e-04
-1.623728871345520020e-02 -2.007730305194854736e-03 -1.935299485921859741e-03
-1.615387201309204102e-02 -2.538591623306274414e-03 -4.126664251089096069e-03
-1.546720787882804871e-02 -1.260489225387573242e-03 -7.765386253595352173e-03
-1.467986032366752625e-02 4.708021879196166992e-05 -8.863918483257293701e-03
-1.349003612995147705e-02 -1.697242259979248047e-03 -8.469808846712112427e-03
-1.222530379891395569e-02 -4.480034112930297852e-04 -1.013301685452461243e-02
-1.296669989824295044e-02 4.247494041919708252e-03 -1.262665167450904846e-02
-1.175384968519210815e-02 5.822688341140747070e-03 -1.296826452016830444e-02
-9.127158671617507935e-03 5.349718034267425537e-03 -1.613261550664901733e-02
-6.546698510646820068e-03 5.136787891387939453e-03 -1.473721675574779510e-02
-5.817301571369171143e-03 3.912694752216339111e-03 -1.316950470209121704e-02
-4.780434072017669678e-03 3.956384956836700439e-03 -1.079173758625984192e-02
-3.433123230934143066e-03 3.534376621246337891e-03 -1.200528815388679504e-02
-6.843715906143188477e-03 3.562770783901214600e-03 -1.248968392610549927e-02
-1.076649501919746399e-02 7.240794599056243896e-03 -1.343452930450439453e-02
-1.301924139261245728e-02 1.152948290109634399e-02 -1.444536074995994568e-02
-1.450332999229431152e-02 1.349151507019996643e-02 -1.416495069861412048e-02
-1.428620517253875732e-02 1.249265670776367188e-02 -1.251679286360740662e-02
-1.337664201855659485e-02 1.105096936225891113e-02 -1.096303761005401611e-02
-1.408385485410690308e-02 1.160902529954910278e-02 -1.100996509194374084e-02
-1.669364795088768005e-02 1.436772942543029785e-02 -1.172012463212013245e-02
-1.736600324511528015e-02 1.453597843647003174e-02 -1.118104159832000732e-02
-1.351986080408096313e-02 1.205001026391983032e-02 -8.658215403556823730e-03
-1.110293716192245483e-02 1.061090081930160522e-02 -7.358271628618240356e-03
-9.708467870950698853e-03 9.203203022480010986e-03 -6.456665694713592529e-03
-8.742664009332656860e-03 8.708544075489044189e-03 -5.794968456029891968e-03
-9.253777563571929932e-03 1.064357906579971313e-02 -5.460008978843688965e-03
-1.130619272589683533e-02 1.142913848161697388e-02 -4.687901586294174194e-03
-1.255933567881584167e-02 1.275291293859481812e-02 -5.260493606328964233e-03
-1.350919157266616821e-02 1.327980682253837585e-02 -4.781015217304229736e-03
-1.427953690290451050e-02 1.365530863404273987e-02 -4.099983721971511841e-03
-1.455330103635787964e-02 1.344743371009826660e-02 -4.167042672634124756e-03
-1.404552906751632690e-02 1.306753233075141907e-02 -4.230499267578125000e-03
-1.152923703193664551e-02 1.127041876316070557e-02 -2.684690058231353760e-03
