-1.856900006532669067e-02 -3.866448998451232910e-03 2.224325388669967651e-02
-1.666869968175888062e-02 -2.715237438678741455e-03 2.014677226543426514e-02
-1.490050554275512695e-02 -1.741774380207061768e-03 1.917928457260131836e-02
-1.756237447261810303e-02 3.181762993335723877e-03 1.935145258903503418e-02
-2.315030246973037720e-02 4.081286489963531494e-03 1.960445940494537354e-02
-2.225024998188018799e-02 8.650459349155426025e-03 1.543865352869033813e-02
-2.204168587923049927e-02 8.337065577507019043e-03 1.400198787450790405e-02
-1.704753935337066650e-02 5.701676011085510254e-03 1.171827688813209534e-02
-1.240658015012741089e-02 2.975314855575561523e-03 1.069870218634605408e-02
-6.556726992130279541e-03 6.679229438304901123e-03 -2.103194594383239746e-03
-6.484091281890869141e-03 8.716762065887451172e-03 -5.393899977207183838e-03
-8.065775036811828613e-03 1.614033430814743042e-02 -1.031758636236190796e-02
-7.429547607898712158e-03 2.523060142993927002e-02 -2.068213745951652527e-02
-6.815820932388305664e-03 2.302354946732521057e-02 -2.105069532990455627e-02
-6.699539721012115479e-03 1.770095527172088623e-02 -1.695233955979347229e-02
-1.177780330181121826e-02 1.941033825278282166e-02 -1.276249065995216370e-02
-4.431776702404022217e-03 1.371854916214942932e-02 -7.847800850868225098e-03
-1.094795763492584229e-03 -1.006918400526046753e-02 2.502857893705368042e-02
-2.621918916702270508e-03 -1.750940829515457153e-02 2.154849469661712646e-02
7.762238383293151855e-03 -2.040269225835800171e-02 2.007649093866348267e-02
4.745252430438995361e-03 -1.365827769041061401e-02 1.362388581037521362e-02
5.362860858440399170e-03 -7.272355258464813232e-03 1.079235225915908813e-02
-1.661874353885650635e-03 -1.057627052068710327e-02 1.722798123955726624e-02
5.010493099689483643e-03 -1.809217035770416260e-02 1.891975104808807373e-02
-1.301487535238265991e-02 -9.959712624549865723e-04 1.565705984830856323e-03
-1.359771937131881714e-02 -1.876160502433776855e-03 5.907077342271804810e-03
-1.878568902611732483e-02 -2.373367547988891602e-03 8.008200675249099731e-03
-1.478055492043495178e-02 -5.155600607395172119e-03 6.750680506229400635e-03
-1.020107418298721313e-02 -6.654687225818634033e-03 2.714164555072784424e-03
-1.064661890268325806e-02 -7.211953401565551758e-03 1.879990100860595703e-03
-1.040376722812652588e-02 -6.872326135635375977e-03 1.504782587289810181e-03
-1.157030090689659119e-02 -4.980504512786865234e-03 3.816906362771987915e-03
-1.365082710981369019e-02 -3.780767321586608887e-03 5.849968641996383667e-03
-1.416052132844924927e-02 -3.248661756515502930e-03 6.375968456268310547e-03
-1.434722915291786194e-02 -3.674626350402832031e-04 6.537124514579772949e-03
-1.640571653842926025e-02 1.763179898262023926e-03 7.535133510828018188e-03
-1.709479466080665588e-02 1.368179917335510254e-03 6.428346037864685059e-03
-1.681965589523315430e-02 2.741962671279907227e-04 6.387270987033843994e-03
-1.512013003230094910e-02 4.205644130706787109e-03 2.573136240243911743e-03
-1.123369857668876648e-02 8.229844272136688232e-03 -1.744057983160018921e-03
-1.140948012471199036e-02 1.925632357597351074e-03 2.332322299480438232e-03
-1.357418298721313477e-02 3.192231059074401855e-03 6.944499909877777100e-04
-8.719503879547119141e-03 5.276404321193695068e-03 1.485917717218399048e-03
-1.108269020915031433e-02 7.031984627246856689e-03 -2.634864300489425659e-03
-8.806619793176651001e-03 3.862343728542327881e-03 -2.469878643751144409e-03
-1.076035574078559875e-02 3.170669078826904297e-03 9.183809161186218262e-04
-1.473858579993247986e-02 -1.187548041343688965e-03 7.158987224102020264e-03
-1.209612935781478882e-02 -2.955518662929534912e-03 5.628731101751327515e-03
-8.977636694908142090e-03 -2.544879913330078125e-03 1.488745212554931641e-03
-9.113598614931106567e-03 -7.592886686325073242e-04 -1.319739967584609985e-03
-1.022275909781455994e-02 6.890073418617248535e-04 -3.107801079750061035e-03
-1.138962060213088989e-02 6.178840994834899902e-04 -2.146542072296142578e-03
-1.239239424467086792e-02 -7.466599345207214355e-04 -5.929842591285705566e-04
-1.386164873838424683e-02 6.896853446960449219e-04 3.276988863945007324e-04
-1.384858042001724243e-02 8.625537157058715820e-05 2.557598054409027100e-04
-1.497990638017654419e-02 1.215077936649322510e-03 -5.287304520606994629e-04
-1.544838026165962219e-02 4.675760865211486816e-04 1.316070556640625000e-03
-1.396173983812332153e-02 -2.561271190643310547e-03 2.338770776987075806e-03
-1.489285752177238464e-02 -3.094173967838287354e-03 3.727201372385025024e-03
-1.665742322802543640e-02 -3.332175314426422119e-03 5.978848785161972046e-03
-1.647303625941276550e-02 -6.580799818038940430e-04 3.093451261520385742e-03
-1.682282611727714539e-02 2.562582492828369141e-03 4.551671445369720459e-04
-1.451212167739868164e-02 1.543581485748291016e-03 -1.643728464841842651e-03
-1.329881697893142700e-02 1.254297792911529541e-03 -2.512738108634948730e-03
-1.207168400287628174e-02 2.072803676128387451e-03 -3.823012113571166992e-03
-1.071980595588684082e-02 1.804523169994354248e-03 -4.115194082260131836e-03
-1.034145057201385498e-02 -1.940876245498657227e-05 -2.038955688476562500e-03
-1.086370646953582764e-02 6.544813513755798340e-04 -1.584708690643310547e-03
-1.382312923669815063e-02 1.111470162868499756e-03 1.795478165149688721e-03
-1.380774378776550293e-02 4.881396889686584473e-04 4.290863871574401855e-03
-1.426417380571365356e-02 2.702072262763977051e-03 2.932645380496978760e-03
-1.299288868904113770e-02 1.730762422084808350e-03 1.289248466491699219e-04
-1.231591403484344482e-02 -4.940554499626159668e-04 8.766502141952514648e-04
-1.359411329030990601e-02 9.774938225746154785e-04 2.898983657360076904e-03
-1.539495587348937988e-02 5.295075476169586182e-03 1.340359449386596680e-03
-1.433170586824417114e-02 7.940463721752166748e-03 -2.392262220382690430e-03
-1.382969319820404053e-02 7.296353578567504883e-03 -2.057567238807678223e-03
-1.404263079166412354e-02 6.952889263629913330e-03 8.411556482315063477e-04
-1.535842567682266235e-02 7.553346455097198486e-03 2.422109246253967285e-03
-1.690088212490081787e-02 6.015039980411529541e-03 6.480589509010314941e-03
-1.792942732572555542e-02 4.057087004184722900e-03 7.533423602581024170e-03
-1.922060549259185791e-02 1.295067369937896729e-03 6.628215312957763672e-03
-2.121397107839584351e-02 3.746248781681060791e-03 3.009609878063201904e-03
-2.331650257110595703e-02 5.999349057674407959e-03 3.130294382572174072e-03
-1.979921013116836548e-02 7.396414875984191895e-04 5.363762378692626953e-03
-1.659721881151199341e-02 -1.711778342723846436e-03 7.115587592124938965e-03
-1.559490337967872620e-02 1.341208815574645996e-03 3.655150532722473145e-03
-1.608886197209358215e-02 8.484296500682830811e-03 -1.060865819454193115e-03
-1.819848269224166870e-02 1.232111454010009766e-02 -2.947587519884109497e-03
-1.908975467085838318e-02 1.240099966526031494e-02 -5.505219101905822754e-03
-1.906851306557655334e-02 9.711965918540954590e-03 -6.388869136571884155e-03
-1.787480711936950684e-02 8.277863264083862305e-03 -6.973609328269958496e-03
-1.722639054059982300e-02 6.188593804836273193e-03 -4.743427038192749023e-03
-1.630874350666999817e-02 3.654614090919494629e-03 -3.722421824932098389e-03
-1.521993800997734070e-02 3.528200089931488037e-03 -6.220269948244094849e-03
-1.533676683902740479e-02 1.606486737728118896e-03 -6.731692701578140259e-03
-1.663548499345779419e-02 -1.646019518375396729e-03 -3.726720809936523438e-03
-1.636670902371406555e-02 -4.224158823490142822e-03 -2.949327230453491211e-03
-1.441198587417602539e-02 -5.271330475807189941e-03 -3.698024898767471313e-03
-1.328577846288681030e-02 -6.830617785453796387e-03 -3.325566649436950684e-03
-1.029715314507484436e-02 -8.688472211360931396e-03 -3.043971955776214600e-03
-8.850809186697006226e-03 -9.982861578464508057e-03 -1.227557659149169922e-03
-8.482288569211959839e-03 -9.192526340484619141e-03 -8.694790303707122803e-04
-9.839002043008804321e-03 -7.398046553134918213e-03 -1.562315970659255981e-03
-1.335644349455833435e-02 -1.751199364662170410e-03 -1.202587038278579712e-03
-1.290345937013626099e-02 1.613736152648925781e-03 -1.711647957563400269e-03
-1.275493949651718140e-02 3.332458436489105225e-03 -2.927880734205245972e-03
-1.020881161093711853e-02 2.710029482841491699e-03 -2.337522804737091064e-03
-7.789872586727142334e-03 6.298571825027465820e-04 -1.228582113981246948e-03
-4.482030868530273438e-03 -1.219734549522399902e-03 -1.781567931175231934e-03
-6.023868918418884277e-04 -2.417862415313720703e-03 -5.652904510498046875e-04
-3.441356122493743896e-03 -2.843454480171203613e-03 4.299595952033996582e-03
-5.115091800689697266e-03 -2.613142132759094238e-04 2.235937863588333130e-03
-6.149832159280776978e-03 2.182133495807647705e-03 1.782041043043136597e-03
-5.280300974845886230e-03 7.476806640625000000e-03 -8.517950773239135742e-04
-7.079858332872390747e-03 -1.510024070739746094e-03 -5.741409957408905029e-03
-7.691919803619384766e-03 7.794521749019622803e-03 -1.430276036262512207e-02
-1.031748950481414795e-02 1.321424543857574463e-02 -1.664170622825622559e-02
-9.037170559167861938e-03 1.193076372146606445e-02 -8.999876677989959717e-03
-6.409436464309692383e-03 5.049966275691986084e-03 5.623482167720794678e-03
-3.499642014503479004e-03 -7.511980831623077393e-03 1.420437917113304138e-02
-1.036580279469490051e-02 4.723854362964630127e-03 5.867283791303634644e-03
-1.758324727416038513e-02 3.370754420757293701e-03 6.039656698703765869e-03
-1.415453106164932251e-02 3.768116235733032227e-03 1.555066555738449097e-03
-1.305008307099342346e-02 3.307223320007324219e-03 -1.284826546907424927e-03
-1.093996316194534302e-02 2.733774483203887939e-03 -1.923263072967529297e-03
-8.929759263992309570e-03 1.051343977451324463e-03 -6.626322865486145020e-04
-8.697289973497390747e-03 8.239597082138061523e-04 -9.839572012424468994e-04
-1.105967164039611816e-02 2.705737948417663574e-03 -2.620331943035125732e-03
-1.056572049856185913e-02 5.139410495758056641e-03 -3.877654671669006348e-03
-1.003977656364440918e-02 1.437149941921234131e-03 -5.915388464927673340e-04
-9.617395699024200439e-03 5.796477198600769043e-04 -1.960307359695434570e-03
-8.644677698612213135e-03 6.095990538597106934e-04 -3.670319914817810059e-03
-5.445703864097595215e-03 1.621991395950317383e-05 -5.494117736816406250e-03
-5.095720291137695312e-03 1.669950783252716064e-03 -5.073547363281250000e-03
-5.824975669384002686e-03 3.897570073604583740e-03 -5.307108163833618164e-03
-5.867876112461090088e-03 6.906218826770782471e-03 -7.995441555976867676e-03
-4.892036318778991699e-03 6.115593016147613525e-03 -9.518563747406005859e-03
-5.278050899505615234e-03 5.433745682239532471e-03 -8.452594280242919922e-03
-4.202082753181457520e-03 4.695422947406768799e-03 -7.598876953125000000e-03
-1.651450991630554199e-03 3.087125718593597412e-03 -7.850155234336853027e-03
-2.161115407943725586e-03 3.327004611492156982e-03 -7.882297039031982422e-03
-3.113269805908203125e-03 3.953911364078521729e-03 -7.891774177551269531e-03
-4.972964525222778320e-03 2.530299127101898193e-03 -6.297886371612548828e-03
-6.590843200683593750e-03 -6.753578782081604004e-04 -3.843620419502258301e-03
-8.966349065303802490e-03 2.860426902770996094e-04 -1.906931400299072266e-03
-1.262561231851577759e-02 3.652498126029968262e-04 5.244195461273193359e-03
-1.242788136005401611e-02 3.344051539897918701e-03 3.549166023731231689e-03
-1.015695184469223022e-02 6.813660264015197754e-03 2.495054155588150024e-03
-7.479086518287658691e-03 5.819670855998992920e-03 3.028191626071929932e-03
8.421733975410461426e-03 -1.301983743906021118e-02 9.072054177522659302e-03
8.003212511539459229e-03 5.517490208148956299e-03 -7.048882544040679932e-03
2.125792205333709717e-03 4.184864461421966553e-03 -2.544399350881576538e-03
1.083388924598693848e-04 4.503250122070312500e-03 -2.389300614595413208e-03
1.301959156990051270e-03 1.020713895559310913e-02 -4.720114171504974365e-03
1.300564408302307129e-02 -8.419416844844818115e-03 -3.783416002988815308e-03
6.639137864112854004e-04 -3.839321434497833252e-03 6.112053990364074707e-03
-2.717047929763793945e-03 -3.943905234336853027e-03 2.878166735172271729e-03
-8.943561464548110962e-03 4.010923206806182861e-03 -1.644980162382125854e-03
-1.492552831768989563e-02 1.205132156610488892e-02 -9.230040013790130615e-04
-1.751884073019027710e-02 1.204100996255874634e-02 5.239993333816528320e-05
-1.346936821937561035e-02 7.756300270557403564e-03 8.425973355770111084e-04
-1.261593773961067200e-02 5.638912320137023926e-03 2.657335251569747925e-03
-9.842056781053543091e-03 2.008303999900817871e-04 3.228478133678436279e-03
-1.802094280719757080e-03 -8.791260421276092529e-03 4.730116575956344604e-03
1.679298281669616699e-02 -2.055218070745468140e-02 5.217216908931732178e-03
2.408170700073242188e-02 -1.630013436079025269e-02 3.059640526771545410e-03
1.799449324607849121e-02 -3.672555088996887207e-03 -4.442811012268066406e-03
7.309220731258392334e-03 8.564792573451995850e-03 -1.214221119880676270e-02
-1.015156507492065430e-03 6.435468792915344238e-03 -5.389042198657989502e-03
-6.031561642885208130e-03 9.933233261108398438e-03 -3.232184797525405884e-03
-8.582551032304763794e-03 1.318359375000000000e-02 -2.506911754608154297e-03
-1.009757444262504578e-02 1.769060268998146057e-02 -5.385909229516983032e-03
-8.388426154851913452e-03 1.528854668140411377e-02 -6.570406258106231689e-03
-7.103350013494491577e-03 1.229266822338104248e-02 -6.773296743631362915e-03
-6.228104233741760254e-03 1.074527204036712646e-02 -8.253905922174453735e-03
-3.935307264328002930e-03 8.768059313297271729e-03 -8.673947304487228394e-03
-4.452005028724670410e-03 1.086501777172088623e-02 -8.037641644477844238e-03
-5.966648459434509277e-03 1.225908100605010986e-02 -7.065668702125549316e-03
-3.487706184387207031e-03 1.058440655469894409e-02 -8.620843291282653809e-03
1.900069415569305420e-03 9.945884346961975098e-03 -1.180564612150192261e-02
1.804153621196746826e-02 -5.219794809818267822e-03 -9.714048355817794800e-03
1.385723799467086792e-02 -1.957000046968460083e-02 7.457811385393142700e-03
7.148168981075286865e-03 -2.785867452621459961e-02 1.965990662574768066e-02
2.301163971424102783e-03 -2.453250437974929810e-02 1.863390952348709106e-02
5.003638565540313721e-03 -2.216640114784240723e-02 2.002362906932830811e-02
-6.559044122695922852e-04 -1.486108452081680298e-02 1.751952618360519409e-02
3.711283206939697266e-04 -1.991536468267440796e-02 2.144305408000946045e-02
-3.261543810367584229e-03 -2.145525068044662476e-02 1.972901076078414917e-02
-3.461353480815887451e-03 -1.822786778211593628e-02 1.760565117001533508e-02
-4.154071211814880371e-03 -1.692049205303192139e-02 1.720092818140983582e-02
-2.369493246078491211e-03 -1.723863929510116577e-02 1.525269448757171631e-02
-2.935051918029785156e-03 -1.187273859977722168e-02 1.097024977207183838e-02
-4.564166069030761719e-03 -9.515695273876190186e-03 1.470268890261650085e-02
-4.446998238563537598e-03 -3.100700676441192627e-03 7.503896951675415039e-03
-3.909431397914886475e-03 6.206847727298736572e-03 -7.641188800334930420e-03
-8.101105690002441406e-03 -1.131050288677215576e-03 -1.655176281929016113e-03
-1.267965137958526611e-02 5.694553256034851074e-04 -3.178164362907409668e-03
-1.487974822521209717e-02 -1.198627054691314697e-03 -1.070141792297363281e-03
-1.654027402400970459e-02 5.466490983963012695e-05 2.819746732711791992e-04
-1.669377833604812622e-02 2.229884266853332520e-04 8.164644241333007812e-04
-1.601193845272064209e-02 -1.815848052501678467e-03 1.260250806808471680e-03
-1.726762950420379639e-02 -1.759774982929229736e-03 1.540213823318481445e-03
-1.820951700210571289e-02 -1.041986048221588135e-03 -3.906488418579101562e-04
-1.910951733589172363e-02 5.080550909042358398e-05 -4.018843173980712891e-03
-1.835258305072784424e-02 1.419954001903533936e-03 -7.563740015029907227e-03
-1.554392278194427490e-02 -1.039542257785797119e-03 -8.646354079246520996e-03
-1.298373937606811523e-02 -2.257667481899261475e-03 -8.515477180480957031e-03
-1.520124077796936035e-02 -3.872290253639221191e-04 -8.497327566146850586e-03
-1.624880731105804443e-02 1.390345394611358643e-03 -7.547259330749511719e-03
-1.658450067043304443e-02 3.900997340679168701e-03 -6.529599428176879883e-03
-1.399657130241394043e-02 2.522788941860198975e-03 -5.813419818878173828e-03
-1.119363307952880859e-02 2.334542572498321533e-03 -6.144434213638305664e-03
-9.444139897823333740e-03 4.539318382740020752e-03 -8.267790079116821289e-03
-8.762743324041366577e-03 4.469864070415496826e-03 -7.785610854625701904e-03
-8.115027099847793579e-03 2.906672656536102295e-03 -6.063774228096008301e-03
-1.027951389551162720e-02 3.094121813774108887e-03 -5.584012717008590698e-03
-2.195234596729278564e-02 1.493011787533760071e-02 -9.597204625606536865e-04
-1.615414768457412720e-02 1.283735781908035278e-02 6.318245083093643188e-03
4.972681403160095215e-03 7.600113749504089355e-04 -2.399988472461700439e-03
-5.485892295837402344e-03 1.075349003076553345e-02 -3.141243010759353638e-03
-6.640739738941192627e-03 1.527146622538566589e-02 -1.613013446331024170e-03
-1.698143780231475830e-03 1.387729495763778687e-02 -2.253383398056030273e-03
7.615037262439727783e-03 4.323124885559082031e-04 7.787719368934631348e-04
1.219919323921203613e-02 -5.534663796424865723e-03 -3.001593053340911865e-03
1.114104688167572021e-02 -1.248455792665481567e-02 1.313690096139907837e-03
7.403425872325897217e-03 -7.522575557231903076e-03 -2.515625208616256714e-03
9.402073919773101807e-03 -1.067306846380233765e-02 -1.670032739639282227e-03
1.075276732444763184e-02 -5.702167749404907227e-03 -5.778860300779342651e-03
2.006702870130538940e-02 1.023984700441360474e-02 -2.941184677183628082e-02
1.584345847368240356e-02 7.497891783714294434e-03 -2.767627313733100891e-02
1.134020835161209106e-02 7.512509822845458984e-03 -2.203547954559326172e-02
2.407170832157135010e-03 1.815147697925567627e-03 -9.263578802347183228e-03
7.626272737979888916e-03 -1.126748323440551758e-02 -3.895316272974014282e-03
9.978547692298889160e-03 -2.471081912517547607e-03 -9.639859199523925781e-04
1.719344407320022583e-02 -9.386286139488220215e-03 7.552728056907653809e-04
-7.145430892705917358e-03 1.374199241399765015e-02 -4.244953393936157227e-03
-1.167070493102073669e-02 1.764801889657974243e-02 -2.399604767560958862e-03
-1.355697214603424072e-02 1.892489939928054810e-02 2.178914844989776611e-03
-7.570683956146240234e-04 7.061883807182312012e-03 2.380982041358947754e-04
-8.134786039590835571e-03 2.200206741690635681e-02 -9.667657315731048584e-03
-2.350755035877227783e-02 3.214582800865173340e-02 2.517133951187133789e-03
-2.253723144531250000e-02 3.201856836676597595e-02 -2.479758113622665405e-03
-2.579031884670257568e-02 2.810610458254814148e-02 1.909278333187103271e-03
-2.529245242476463318e-02 2.605408802628517151e-02 4.169497638940811157e-03
-2.053927257657051086e-02 2.068615704774856567e-02 -2.207607030868530273e-04
-1.989017799496650696e-02 1.851046085357666016e-02 -1.144867390394210815e-03
-2.084351703524589539e-02 1.830966025590896606e-02 3.541857004165649414e-03
-1.391128823161125183e-02 3.292396664619445801e-03 8.633680641651153564e-03
2.209678292274475098e-03 -1.721998304128646851e-02 1.369975507259368896e-02
5.957260727882385254e-04 3.517448902130126953e-03 3.568388521671295166e-03
-8.719630539417266846e-03 1.088202744722366333e-02 -3.380015492439270020e-03
-7.788635790348052979e-03 3.989428281784057617e-03 2.620782703161239624e-03
-4.801839590072631836e-03 1.836359500885009766e-03 2.981271594762802124e-03
-2.000220119953155518e-03 -2.974271774291992188e-04 2.609480172395706177e-03
-2.225361764430999756e-03 -2.173177897930145264e-03 1.338135451078414917e-03
-7.399678230285644531e-03 3.336034715175628662e-03 2.268254756927490234e-04
-9.740680456161499023e-03 4.921175539493560791e-03 -7.037818431854248047e-05
-2.671837806701660156e-03 -3.101490437984466553e-03 3.171794116497039795e-03
-2.682641148567199707e-03 -6.362013518810272217e-03 4.095576703548431396e-03
-8.682161569595336914e-03 -2.327598631381988525e-03 4.233062267303466797e-03
-6.668996065855026245e-03 -1.687742769718170166e-03 2.164784818887710571e-03
-3.962554037570953369e-03 -7.842630147933959961e-03 4.617054015398025513e-03
-2.430826425552368164e-03 -6.452657282352447510e-03 1.437440514564514160e-03
-3.784373402595520020e-03 -2.374418079853057861e-03 -3.765877336263656616e-03
-4.287853837013244629e-03 2.050295472145080566e-03 -5.890082567930221558e-03
-1.124626398086547852e-02 1.329921931028366089e-02 -6.584584712982177734e-03
-7.910940796136856079e-03 -5.061417818069458008e-03 2.243301272392272949e-02
-1.190309226512908936e-02 9.789571166038513184e-03 -6.635509431362152100e-03
-4.947766661643981934e-03 2.553664147853851318e-03 -4.727773368358612061e-03
