1.100142113864421844e-02 4.240811802446842194e-03 7.793834209442138672e-01
1.627380214631557465e-02 2.297554165124893188e-04 8.461678028106689453e-01
1.765099167823791504e-02 -7.467241957783699036e-04 9.442142844200134277e-01
1.083415746688842773e-02 1.797096803784370422e-03 9.430788755416870117e-01
-2.278364729136228561e-03 -5.081738345324993134e-04 9.032301306724548340e-01
-3.584355115890502930e-03 1.147114671766757965e-04 8.842068314552307129e-01
4.320520907640457153e-03 -9.848317131400108337e-03 8.586320877075195312e-01
5.777439568191766739e-03 -7.386625744402408600e-03 8.803475499153137207e-01
1.989974174648523331e-03 -5.028315354138612747e-03 9.382912516593933105e-01
7.132937898859381676e-04 -9.807446971535682678e-03 1.008007526397705078e+00
-2.233896404504776001e-03 -1.387775223702192307e-02 1.061832904815673828e+00
1.991736935451626778e-04 -1.215397613123059273e-03 1.058658719062805176e+00
-7.544918451458215714e-03 -1.703279558569192886e-04 1.009004235267639160e+00
3.592055756598711014e-03 -1.717766374349594116e-02 1.063215255737304688e+00
-4.566396120935678482e-03 -1.729387044906616211e-02 1.086649656295776367e+00
-2.202437445521354675e-02 -4.247503355145454407e-03 1.103859424591064453e+00
-2.304517850279808044e-02 -9.178742766380310059e-03 1.081139326095581055e+00
-2.800524234771728516e-03 -2.806610800325870514e-02 1.031624913215637207e+00
5.584384780377149582e-03 -2.066243439912796021e-02 1.003972530364990234e+00
3.068159334361553192e-03 -1.260467991232872009e-02 9.578493833541870117e-01
1.963906735181808472e-02 -2.434623613953590393e-02 9.517430663108825684e-01
1.418181415647268295e-02 -4.586811363697052002e-02 9.217391014099121094e-01
9.394669905304908752e-03 -3.673648834228515625e-02 8.936985135078430176e-01
-3.311160951852798462e-03 -4.499556496739387512e-02 1.022701263427734375e+00
-1.431882940232753754e-02 -4.034785181283950806e-02 1.007782936096191406e+00
-3.846444562077522278e-02 -3.297766298055648804e-02 9.066020250320434570e-01
-3.800735995173454285e-02 -1.541963592171669006e-02 6.872978210449218750e-01
-6.645614746958017349e-03 -9.716684930026531219e-03 6.912767887115478516e-01
-5.898462142795324326e-03 -2.059121429920196533e-02 8.005779981613159180e-01
-4.935658071190118790e-03 -2.381920441985130310e-02 8.279128670692443848e-01
1.626173965632915497e-03 -2.007354423403739929e-02 8.164747357368469238e-01
-1.088561955839395523e-03 -1.301397476345300674e-02 7.567867636680603027e-01
-6.140784826129674911e-03 -7.807665504515171051e-03 7.260567545890808105e-01
-8.448028936982154846e-03 -1.007023639976978302e-02 7.792934179306030273e-01
-6.450921762734651566e-03 -8.224146440625190735e-03 8.683584928512573242e-01
-8.943072520196437836e-03 -6.063394248485565186e-03 9.162889719009399414e-01
-8.033240213990211487e-03 -3.261569654569029808e-03 9.542679190635681152e-01
-1.289853081107139587e-02 -3.561361227184534073e-03 1.018457770347595215e+00
-1.746442168951034546e-02 -3.631021827459335327e-03 1.060894846916198730e+00
-1.747032068669795990e-02 -4.096549004316329956e-03 1.065811276435852051e+00
-1.222512219101190567e-02 -6.956431549042463303e-03 1.053456187248229980e+00
-7.314192596822977066e-03 -1.122667826712131500e-02 1.014512777328491211e+00
-3.200907260179519653e-03 -1.286236569285392761e-02 9.892534613609313965e-01
8.192751556634902954e-05 -1.021908782422542572e-02 9.705030918121337891e-01
-1.751293893903493881e-04 -5.145096220076084137e-03 9.337822794914245605e-01
-1.516689313575625420e-03 -6.840268615633249283e-04 8.846419453620910645e-01
-6.879643537104129791e-03 1.245502382516860962e-03 8.421272039413452148e-01
-1.243230886757373810e-02 3.596609458327293396e-03 8.252386450767517090e-01
-1.327207311987876892e-02 5.472519434988498688e-03 8.162651062011718750e-01
-1.089366897940635681e-02 3.694224637001752853e-03 8.258607983589172363e-01
-1.037112437188625336e-02 -1.049065031111240387e-04 8.395186662673950195e-01
-1.000831648707389832e-02 -1.639817375689744949e-03 8.554379343986511230e-01
-9.446373209357261658e-03 -1.383693888783454895e-04 8.639866709709167480e-01
-8.847221732139587402e-03 2.266978845000267029e-03 8.651355504989624023e-01
-6.695486605167388916e-03 4.205331206321716309e-04 8.793061375617980957e-01
-1.011836063116788864e-02 5.856715142726898193e-04 9.088125824928283691e-01
-1.508762314915657043e-02 2.017802558839321136e-03 9.090378880500793457e-01
-1.431787945330142975e-02 2.526793628931045532e-03 9.172186255455017090e-01
-1.910119317471981049e-02 4.101149737834930420e-03 9.186142683029174805e-01
-1.997639052569866180e-02 7.075672969222068787e-03 9.085713624954223633e-01
-1.239790488034486771e-02 6.286683492362499237e-03 9.134507775306701660e-01
-8.853088133037090302e-03 7.207422517240047455e-03 9.078652858734130859e-01
-1.462714187800884247e-02 6.115984171628952026e-03 8.748013377189636230e-01
-1.949897035956382751e-02 4.524686373770236969e-03 8.396790623664855957e-01
-2.144343219697475433e-02 4.946914501488208771e-03 8.170023560523986816e-01
-2.259372547268867493e-02 5.798354744911193848e-03 8.009967207908630371e-01
-2.520900033414363861e-02 9.176184423267841339e-03 8.000205755233764648e-01
-2.095369063317775726e-02 6.743420846760272980e-03 8.113518953323364258e-01
-1.551940292119979858e-02 5.136489868164062500e-03 7.876713275909423828e-01
-6.688113790005445480e-03 -5.027186125516891479e-05 7.456300854682922363e-01
1.843544654548168182e-03 -8.721675723791122437e-03 7.162827253341674805e-01
1.558289863169193268e-03 -1.480025984346866608e-02 7.063729763031005859e-01
5.639567039906978607e-03 -2.019774913787841797e-02 7.512137293815612793e-01
1.256238110363483429e-02 -1.262953784316778183e-02 8.723005056381225586e-01
1.218945626169443130e-02 -3.797835670411586761e-04 9.291219711303710938e-01
2.591349184513092041e-04 -1.582039054483175278e-03 9.254280328750610352e-01
-6.910058669745922089e-03 -3.637971356511116028e-03 8.921830654144287109e-01
6.989850662648677826e-04 -1.659034751355648041e-05 8.053785562515258789e-01
1.211948040872812271e-02 -1.164318807423114777e-02 8.095709681510925293e-01
1.152643281966447830e-02 -1.345922052860260010e-02 8.096548318862915039e-01
1.079942379146814346e-02 -1.368296053260564804e-02 8.217781186103820801e-01
8.515848778188228607e-03 -8.719220757484436035e-03 8.147962093353271484e-01
1.598158967681229115e-03 -3.721333341673016548e-03 7.403466701507568359e-01
2.976490650326013565e-04 3.870346117764711380e-04 7.047218680381774902e-01
-6.589071359485387802e-03 6.057442165911197662e-03 7.131144404411315918e-01
-4.391029011458158493e-03 3.244671272113919258e-03 7.509598731994628906e-01
-6.471033208072185516e-03 -5.384523421525955200e-03 8.246551752090454102e-01
-4.792784340679645538e-03 -1.339066307991743088e-02 7.729254961013793945e-01
-6.110933609306812286e-03 -1.439543813467025757e-02 7.529820799827575684e-01
-5.284800194203853607e-03 -5.283378530293703079e-03 6.854225397109985352e-01
8.613750338554382324e-03 -1.782261021435260773e-02 6.606832742691040039e-01
2.255133911967277527e-02 -2.330835163593292236e-02 6.619948148727416992e-01
7.109908387064933777e-03 -9.552036412060260773e-03 6.045078039169311523e-01
-1.268190424889326096e-02 -9.766950272023677826e-03 5.989202260971069336e-01
1.872199214994907379e-02 -2.088124677538871765e-02 7.657790780067443848e-01
1.541544869542121887e-02 -1.983997412025928497e-02 7.908198833465576172e-01
1.111504901200532913e-02 -1.708603650331497192e-02 6.012997627258300781e-01
-1.288735773414373398e-03 -8.888021111488342285e-03 5.823758244514465332e-01
-2.282726764678955078e-02 -8.748020045459270477e-03 6.593462228775024414e-01
-2.769999951124191284e-02 -1.867795549333095551e-02 7.489174604415893555e-01
-1.526629552245140076e-02 -4.726095125079154968e-03 8.282738327980041504e-01
-3.210824355483055115e-02 1.368915103375911713e-02 6.583189368247985840e-01
-1.138972491025924683e-02 -5.475490819662809372e-03 6.728048324584960938e-01
9.317839518189430237e-03 -1.204880326986312866e-02 7.810019850730895996e-01
1.551815215498209000e-02 1.089480007067322731e-03 8.114808201789855957e-01
-1.210179645568132401e-02 5.829964578151702881e-02 8.767679333686828613e-01
2.384955296292901039e-03 3.704428672790527344e-02 9.132481813430786133e-01
-8.618720807135105133e-03 2.740239724516868591e-02 9.318515062332153320e-01
-1.104534789919853210e-02 3.124930709600448608e-02 9.135860204696655273e-01
1.711662486195564270e-02 -1.675682514905929565e-02 8.905423283576965332e-01
-1.303704630117863417e-04 -1.249572448432445526e-02 9.156360030174255371e-01
5.689030513167381287e-03 -1.848380826413631439e-02 9.158754944801330566e-01
-2.185598015785217285e-03 -2.295623160898685455e-02 8.979417085647583008e-01
-1.091177202761173248e-02 -1.967826485633850098e-02 8.475596308708190918e-01
-1.129622198641300201e-02 -1.668212190270423889e-02 8.264494538307189941e-01
-1.081605535000562668e-02 -1.461817137897014618e-02 8.287454843521118164e-01
-9.554112330079078674e-03 -1.547240465879440308e-02 8.252374529838562012e-01
-6.804909557104110718e-03 -1.862239278852939606e-02 8.113186359405517578e-01
-2.859872067347168922e-03 -1.728746294975280762e-02 8.158926963806152344e-01
-2.886312082409858704e-03 -1.842983812093734741e-02 8.008166551589965820e-01
-3.246888518333435059e-03 -1.981784589588642120e-02 8.078954219818115234e-01
-4.636092111468315125e-03 -1.851031370460987091e-02 8.060616254806518555e-01
-4.379049874842166901e-03 -1.743611879646778107e-02 8.034570217132568359e-01
-1.131101977080106735e-02 -1.321312505751848221e-02 7.875938415527343750e-01
-6.286310032010078430e-03 -1.588373444974422455e-02 7.774492502212524414e-01
-9.160770103335380554e-03 9.069073013961315155e-03 7.841337323188781738e-01
-5.782287567853927612e-03 1.865246146917343140e-02 8.567116856575012207e-01
-9.316961281001567841e-03 1.640230789780616760e-02 8.982961773872375488e-01
-1.441661547869443893e-02 9.259168058633804321e-03 9.150313735008239746e-01
-3.401073860004544258e-03 -1.597213000059127808e-02 8.637371063232421875e-01
-1.819073222577571869e-03 -2.698526531457901001e-02 8.283631205558776855e-01
-2.208607643842697144e-02 -1.544914580881595612e-02 8.053105473518371582e-01
-2.915494143962860107e-02 -8.271519094705581665e-03 7.928475141525268555e-01
-2.673737891018390656e-02 -7.119911722838878632e-03 7.856484055519104004e-01
-2.244891412556171417e-02 -9.928127750754356384e-03 7.766847610473632812e-01
-1.011518295854330063e-02 -1.843562163412570953e-02 7.547975182533264160e-01
-2.995842602103948593e-03 -1.688553765416145325e-02 7.546437382698059082e-01
-4.316188395023345947e-03 -1.438765320926904678e-02 7.244380712509155273e-01
-2.305460628122091293e-03 -1.370671112090349197e-02 6.919543147087097168e-01
2.939381636679172516e-03 -1.508918963372707367e-02 7.305431365966796875e-01
-9.525825735181570053e-04 -1.767355948686599731e-02 7.473677992820739746e-01
-6.121890153735876083e-03 -9.559661149978637695e-03 7.625258564949035645e-01
-1.009346824139356613e-02 -6.483951583504676819e-03 8.004143238067626953e-01
-2.092445082962512970e-02 -5.817931611090898514e-03 7.818475961685180664e-01
-2.857202664017677307e-02 -4.802938550710678101e-03 7.476627230644226074e-01
-3.060326725244522095e-02 -6.016780156642198563e-03 7.075094580650329590e-01
-2.975106053054332733e-02 -8.950415998697280884e-03 6.815508604049682617e-01
-2.932948805391788483e-02 -1.075687631964683533e-02 6.986919045448303223e-01
-2.708126232028007507e-02 -1.396271400153636932e-02 7.406651973724365234e-01
-2.687083184719085693e-02 -1.177278347313404083e-02 7.989909052848815918e-01
-2.798204682767391205e-02 -1.017368771135807037e-02 8.492968082427978516e-01
-3.491514921188354492e-02 -8.357778191566467285e-03 8.630319833755493164e-01
-3.322477638721466064e-02 -1.002945005893707275e-02 8.696341514587402344e-01
-3.429017588496208191e-02 -1.138343382626771927e-02 8.683099746704101562e-01
-3.531702607870101929e-02 -1.504278555512428284e-02 8.946656584739685059e-01
-2.944756858050823212e-02 -1.557419449090957642e-02 9.319770336151123047e-01
-3.023991361260414124e-02 -1.509595662355422974e-02 9.554176926612854004e-01
-2.273166924715042114e-02 -1.613538898527622223e-02 9.991742968559265137e-01
-1.781800761818885803e-02 -1.734456419944763184e-02 1.025983929634094238e+00
-1.338570751249790192e-02 -1.431207358837127686e-02 1.052664756774902344e+00
-4.828452132642269135e-03 -1.291009597480297089e-02 1.068345785140991211e+00
3.961677430197596550e-04 -1.619671657681465149e-02 1.104827404022216797e+00
-1.156516722403466702e-03 -1.792583614587783813e-02 1.105567574501037598e+00
-2.032956806942820549e-03 -1.691496372222900391e-02 1.118711709976196289e+00
-7.372811436653137207e-03 -1.758774183690547943e-02 1.139458298683166504e+00
-1.188893150538206100e-02 -2.047198824584484100e-02 1.186259984970092773e+00
-1.506100501865148544e-02 -2.215711027383804321e-02 1.208060026168823242e+00
-1.414493191987276077e-02 -2.946128509938716888e-02 1.217316985130310059e+00
-1.509115565568208694e-02 -3.144901618361473083e-02 1.216339468955993652e+00
-1.568254083395004272e-02 -2.917616441845893860e-02 1.213160157203674316e+00
-2.020857483148574829e-02 -3.321765363216400146e-02 1.183438062667846680e+00
-2.074734494090080261e-02 -3.186393529176712036e-02 1.171098828315734863e+00
-1.543058641254901886e-02 -3.507116436958312988e-02 1.182193636894226074e+00
-1.426619477570056915e-02 -3.378113359212875366e-02 1.176281094551086426e+00
-1.343057118356227875e-02 -3.353108093142509460e-02 1.174191713333129883e+00
-1.431852020323276520e-02 -3.359797224402427673e-02 1.157037258148193359e+00
-1.404921151697635651e-02 -3.100357763469219208e-02 1.143761754035949707e+00
-1.466902717947959900e-02 -2.946086972951889038e-02 1.160686612129211426e+00
-1.672511547803878784e-02 -3.137253224849700928e-02 1.166003584861755371e+00
-1.452444214373826981e-02 -3.246920183300971985e-02 1.163592576980590820e+00
-1.584913209080696106e-02 -3.685958310961723328e-02 1.186726331710815430e+00
-1.831911504268646240e-02 -4.080192744731903076e-02 1.213912963867187500e+00
-2.546362020075321198e-02 -4.008502885699272156e-02 1.218047022819519043e+00
-2.816829085350036621e-02 -3.467645123600959778e-02 1.203905224800109863e+00
-2.341731823980808258e-02 -3.079265914857387543e-02 1.181514859199523926e+00
-2.532604523003101349e-02 -2.909373492002487183e-02 1.107418894767761230e+00
-2.093790657818317413e-02 -3.175497055053710938e-02 1.057079195976257324e+00
-1.470131985843181610e-02 -2.596710808575153351e-02 9.771774411201477051e-01
-1.445620320737361908e-02 -1.969283819198608398e-02 9.348816275596618652e-01
-1.894957572221755981e-02 -2.174220420420169830e-02 9.348164200782775879e-01
-1.397915743291378021e-02 -2.265383303165435791e-02 9.532744884490966797e-01
-8.684049360454082489e-03 -2.820628508925437927e-02 9.655100703239440918e-01
-1.253036968410015106e-02 -2.509747631847858429e-02 9.643382430076599121e-01
-1.571971550583839417e-02 -2.825272083282470703e-02 1.001258611679077148e+00
-1.510854158550500870e-02 -2.597495913505554199e-02 9.828404784202575684e-01
-6.620162166655063629e-03 -1.882642693817615509e-02 9.476997256278991699e-01
-1.518984325230121613e-03 -1.631607860326766968e-02 9.172623157501220703e-01
1.340075163170695305e-03 -1.454613916575908661e-02 8.733746409416198730e-01
2.711052540689706802e-03 -2.397928573191165924e-02 8.529584407806396484e-01
6.283709313720464706e-03 -2.528582140803337097e-02 8.627194166183471680e-01
2.173089236021041870e-02 -1.862723939120769501e-02 8.860908746719360352e-01
2.222352102398872375e-02 -2.050408907234668732e-02 8.511474132537841797e-01
1.694492436945438385e-02 -1.916513033211231232e-02 8.249509334564208984e-01
1.790815778076648712e-02 -1.490411814302206039e-02 8.410787582397460938e-01
8.775851689279079437e-03 -9.579885751008987427e-03 8.639321327209472656e-01
2.083635423332452774e-03 -9.428175166249275208e-03 8.689336776733398438e-01
4.775328096002340317e-03 -4.557008389383554459e-03 8.833066225051879883e-01
1.546690147370100021e-02 -1.144470274448394775e-02 8.736376762390136719e-01
1.775151677429676056e-02 -1.157410629093647003e-02 8.499708771705627441e-01
1.147287804633378983e-02 -5.652373656630516052e-03 7.833582162857055664e-01
9.932817891240119934e-03 -1.877235714346170425e-03 7.758234739303588867e-01
8.799604140222072601e-03 -5.104569718241691589e-04 7.743933200836181641e-01
6.764518097043037415e-03 8.361111395061016083e-04 7.429220080375671387e-01
6.027918774634599686e-03 4.736417904496192932e-04 7.141485214233398438e-01
6.021722219884395599e-03 4.733125679194927216e-04 6.635721325874328613e-01
9.621361270546913147e-03 -4.586847033351659775e-03 6.364609003067016602e-01
1.100729126483201981e-02 -7.389146834611892700e-03 6.043953299522399902e-01
2.567543648183345795e-02 -1.498942077159881592e-02 5.927395820617675781e-01
2.993020042777061462e-02 -8.033953607082366943e-03 6.087750196456909180e-01
2.858138270676136017e-02 -1.056184340268373489e-02 5.626200437545776367e-01
2.961005456745624542e-02 -8.320820517838001251e-03 5.334840416908264160e-01
2.754412963986396790e-02 -1.172684319317340851e-02 5.286599397659301758e-01
2.223712764680385590e-02 -7.315402850508689880e-03 5.364148616790771484e-01
2.122714370489120483e-02 -8.258062414824962616e-03 5.593880414962768555e-01
1.793311163783073425e-02 -1.096294261515140533e-02 5.617942214012145996e-01
1.469764299690723419e-02 -1.094740815460681915e-02 5.470885634422302246e-01
1.171024516224861145e-02 -1.088097412139177322e-02 5.485137701034545898e-01
1.049525104463100433e-02 -1.003392972052097321e-02 5.399389863014221191e-01
7.877245545387268066e-03 -8.066392503678798676e-03 5.399670600891113281e-01
7.063481956720352173e-03 -5.164147820323705673e-03 5.476233959197998047e-01
7.752262055873870850e-03 -6.401518359780311584e-03 5.597869753837585449e-01
1.169801596552133560e-02 -6.874476559460163116e-03 5.493470430374145508e-01
1.128153502941131592e-02 -5.765809677541255951e-03 5.475577116012573242e-01
1.341806817799806595e-02 -5.957245826721191406e-03 5.525633096694946289e-01
1.296387147158384323e-02 -7.867260836064815521e-03 5.471970438957214355e-01
1.443050429224967957e-02 -1.054900791496038437e-02 5.481113791465759277e-01
1.516795344650745392e-02 -1.400130707770586014e-02 5.396154522895812988e-01
1.719049736857414246e-02 -1.812349818646907806e-02 5.103589296340942383e-01
1.823033578693866730e-02 -1.873136311769485474e-02 4.992189109325408936e-01
2.032350376248359680e-02 -2.166488207876682281e-02 4.991850852966308594e-01
2.083205990493297577e-02 -2.118925005197525024e-02 5.162163972854614258e-01
1.941090263426303864e-02 -2.057706378400325775e-02 5.374517440795898438e-01
1.315386407077312469e-02 -1.989565417170524597e-02 5.251981019973754883e-01
8.384794928133487701e-03 -1.276699919253587723e-02 4.947443008422851562e-01
1.029952056705951691e-02 -1.457780972123146057e-02 4.874813556671142578e-01
1.356897689402103424e-02 -1.425316929817199707e-02 4.821487963199615479e-01
1.308501884341239929e-02 -1.907320693135261536e-02 5.012451410293579102e-01
1.581018976867198944e-02 -1.938275061547756195e-02 5.391157865524291992e-01
1.459721662104129791e-02 -2.096881903707981110e-02 5.542470216751098633e-01
1.200535893440246582e-02 -2.476648800075054169e-02 5.392999649047851562e-01
1.364661380648612976e-02 -2.245189249515533447e-02 5.227072834968566895e-01
7.849477231502532959e-03 -2.256240881979465485e-02 5.261358022689819336e-01
9.997981600463390350e-03 -2.183200046420097351e-02 5.081096291542053223e-01
2.097002603113651276e-02 -1.724913716316223145e-02 4.736594855785369873e-01
2.147881872951984406e-02 -1.164986845105886459e-02 5.161998271942138672e-01
2.069070748984813690e-02 -7.274968549609184265e-03 5.347216725349426270e-01
2.448637410998344421e-02 -1.419546175748109818e-02 5.364477634429931641e-01
2.121100947260856628e-02 -1.264774613082408905e-02 5.428074002265930176e-01
2.235768362879753113e-02 -1.122139208018779755e-02 5.424537658691406250e-01
2.357926592230796814e-02 -1.036382094025611877e-02 5.487667918205261230e-01
2.422583661973476410e-02 -7.947238162159919739e-03 5.936208963394165039e-01
2.467208914458751678e-02 -9.097647853195667267e-03 6.139504909515380859e-01
2.587038464844226837e-02 -9.805053472518920898e-03 5.833774209022521973e-01
3.324940055608749390e-02 -9.240452200174331665e-03 5.347186923027038574e-01
3.290097042918205261e-02 -1.802488230168819427e-02 5.305181145668029785e-01
2.796393632888793945e-02 -1.456737890839576721e-02 5.533841848373413086e-01
2.702314406633377075e-02 -1.499307900667190552e-02 5.401598215103149414e-01
2.579747140407562256e-02 -1.799902692437171936e-02 5.353083014488220215e-01
2.471693232655525208e-02 -1.627120189368724823e-02 5.431279540061950684e-01
2.499855309724807739e-02 -1.387876924127340317e-02 5.491399168968200684e-01
2.442753314971923828e-02 -1.306968927383422852e-02 5.561991333961486816e-01
2.315186895430088043e-02 -1.126772537827491760e-02 5.528551936149597168e-01
2.379978075623512268e-02 -1.201655250042676926e-02 5.393442511558532715e-01
2.453108131885528564e-02 -1.192874554544687271e-02 5.424591302871704102e-01
2.466410584747791290e-02 -1.065049320459365845e-02 5.501707792282104492e-01
2.335471101105213165e-02 -1.051443908363580704e-02 5.562602281570434570e-01
2.422155067324638367e-02 -1.261248812079429626e-02 5.432266592979431152e-01
2.448740415275096893e-02 -1.204705238342285156e-02 5.365808606147766113e-01
2.629785053431987762e-02 -1.129025034606456757e-02 5.423596501350402832e-01
2.771851420402526855e-02 -1.147378981113433838e-02 5.450735688209533691e-01
2.586627937853336334e-02 -1.016257237643003464e-02 5.487567186355590820e-01
2.484536170959472656e-02 -9.525883011519908905e-03 5.529637336730957031e-01
2.467452920973300934e-02 -1.059543341398239136e-02 5.490759015083312988e-01
2.417800948023796082e-02 -1.126770582050085068e-02 5.431801080703735352e-01
2.575986459851264954e-02 -1.025612000375986099e-02 5.564356446266174316e-01
2.615559101104736328e-02 -8.716488257050514221e-03 5.737108588218688965e-01
2.644374221563339233e-02 -9.626413695514202118e-03 5.677676200866699219e-01
2.717912197113037109e-02 -9.400974959135055542e-03 5.647056102752685547e-01
2.666484192013740540e-02 -9.785887785255908966e-03 5.659521222114562988e-01
2.727277204394340515e-02 -1.004527881741523743e-02 5.684657096862792969e-01
2.744441851973533630e-02 -1.094885915517807007e-02 5.643784403800964355e-01
2.923899330198764801e-02 -1.119858957827091217e-02 5.609208941459655762e-01
3.016575425863265991e-02 -1.175926625728607178e-02 5.655725002288818359e-01
3.091618046164512634e-02 -1.312880590558052063e-02 5.631345510482788086e-01
3.168356791138648987e-02 -1.318566594272851944e-02 5.587019324302673340e-01
3.092808090150356293e-02 -1.412275992333889008e-02 5.560671687126159668e-01
3.255201876163482666e-02 -1.253831665962934494e-02 5.491930246353149414e-01
3.237691894173622131e-02 -1.073704846203327179e-02 5.537517666816711426e-01
3.323120996356010437e-02 -1.132051553577184677e-02 5.726466774940490723e-01
3.489331528544425964e-02 -1.115253195166587830e-02 5.840401649475097656e-01
3.516137972474098206e-02 -1.169890724122524261e-02 5.799857378005981445e-01
3.323287516832351685e-02 -1.071229204535484314e-02 5.717008709907531738e-01
3.223838284611701965e-02 -1.162557303905487061e-02 5.704378485679626465e-01
3.255326300859451294e-02 -1.055127475410699844e-02 5.713855028152465820e-01
3.347656130790710449e-02 -1.062703412026166916e-02 5.642020106315612793e-01
3.063328564167022705e-02 -1.132883504033088684e-02 5.687703490257263184e-01
2.668030746281147003e-02 -1.057724654674530029e-02 5.837153196334838867e-01
2.558235637843608856e-02 -1.026288606226444244e-02 5.823203325271606445e-01
2.613317035138607025e-02 -9.568002074956893921e-03 5.794703364372253418e-01
2.621275931596755981e-02 -7.705388590693473816e-03 5.841879844665527344e-01
2.613456174731254578e-02 -7.586252875626087189e-03 5.861157178878784180e-01
2.577511034905910492e-02 -7.736144587397575378e-03 5.782413482666015625e-01
2.473844774067401886e-02 -8.957241661846637726e-03 5.694471001625061035e-01
2.439854666590690613e-02 -9.815794415771961212e-03 5.659505128860473633e-01
2.533197961747646332e-02 -9.910828433930873871e-03 5.700533390045166016e-01
2.430687658488750458e-02 -9.099511429667472839e-03 5.799452662467956543e-01
2.416409924626350403e-02 -1.034462731331586838e-02 5.813749432563781738e-01
2.477212622761726379e-02 -1.248731557279825211e-02 5.704846382141113281e-01
2.633612044155597687e-02 -1.312153227627277374e-02 5.645098686218261719e-01
2.626741304993629456e-02 -1.191426441073417664e-02 5.736074447631835938e-01
2.461174689233303070e-02 -1.062485016882419586e-02 5.792930126190185547e-01
2.349416166543960571e-02 -1.027205307036638260e-02 5.790989398956298828e-01
2.426595799624919891e-02 -1.005837786942720413e-02 5.759343504905700684e-01
2.441862225532531738e-02 -1.025215722620487213e-02 5.737010240554809570e-01
2.256191894412040710e-02 -1.087928004562854767e-02 5.836641192436218262e-01
2.250378020107746124e-02 -1.006969437003135681e-02 5.955469608306884766e-01
2.538710273802280426e-02 -1.050517149269580841e-02 5.910643935203552246e-01
2.512209862470626831e-02 -9.880339726805686951e-03 5.738303065299987793e-01
2.352324314415454865e-02 -9.391567669808864594e-03 5.700460672378540039e-01
2.448042854666709900e-02 -8.236472494900226593e-03 5.784612894058227539e-01
2.467552758753299713e-02 -7.439188659191131592e-03 5.763432383537292480e-01
2.303654141724109650e-02 -8.256793022155761719e-03 5.707095861434936523e-01
2.221695706248283386e-02 -8.223887532949447632e-03 5.734537839889526367e-01
2.345223166048526764e-02 -8.750421926379203796e-03 5.697703361511230469e-01
2.462738007307052612e-02 -9.613049216568470001e-03 5.588151812553405762e-01
2.495365217328071594e-02 -1.019390299916267395e-02 5.584327578544616699e-01
2.634523250162601471e-02 -1.129795052111148834e-02 5.653671622276306152e-01
2.631384693086147308e-02 -1.227439101785421371e-02 5.622488856315612793e-01
2.662453986704349518e-02 -1.370709761977195740e-02 5.706465840339660645e-01
2.411277219653129578e-02 -1.430267933756113052e-02 5.738117098808288574e-01
2.247919142246246338e-02 -1.440325658768415451e-02 5.672535896301269531e-01
2.404490858316421509e-02 -1.361468993127346039e-02 5.588238835334777832e-01
2.601384744048118591e-02 -1.510220579802989960e-02 5.542207956314086914e-01
2.587730996310710907e-02 -1.542043033987283707e-02 5.536489486694335938e-01
2.507453784346580505e-02 -1.516969408839941025e-02 5.587869882583618164e-01
2.434820681810379028e-02 -1.397324260324239731e-02 5.724728703498840332e-01
2.364096045494079590e-02 -1.371809281408786774e-02 5.760690569877624512e-01
2.218142896890640259e-02 -1.260805781930685043e-02 5.698779225349426270e-01
2.208245545625686646e-02 -1.104153785854578018e-02 5.642766952514648438e-01
2.262268587946891785e-02 -1.137488242238759995e-02 5.613763928413391113e-01
2.666388638317584991e-02 -1.223303750157356262e-02 5.647270083427429199e-01
2.896125987172126770e-02 -1.059857849031686783e-02 5.755109786987304688e-01
2.725812233984470367e-02 -9.899355471134185791e-03 5.687997341156005859e-01
2.607611753046512604e-02 -9.754762984812259674e-03 5.574392080307006836e-01
2.524000592529773712e-02 -9.694547392427921295e-03 5.401778817176818848e-01
2.493103407323360443e-02 -7.812655530869960785e-03 5.264201760292053223e-01
2.685748413205146790e-02 -5.663344636559486389e-03 5.274553894996643066e-01
2.742428146302700043e-02 -5.405591800808906555e-03 5.276315808296203613e-01
2.606741711497306824e-02 -4.728132393211126328e-03 5.300901532173156738e-01
2.504964545369148254e-02 -4.290228709578514099e-03 5.335295796394348145e-01
2.526466175913810730e-02 -5.797439254820346832e-03 5.567818284034729004e-01
2.631937898695468903e-02 -5.493223667144775391e-03 5.625373721122741699e-01
2.478493750095367432e-02 -5.283216014504432678e-03 5.785539746284484863e-01
2.378280647099018097e-02 -4.666392691433429718e-03 6.061904430389404297e-01
2.521039918065071106e-02 -7.607698440551757812e-03 6.340715289115905762e-01
2.515987679362297058e-02 -9.573632851243019104e-03 6.455749273300170898e-01
2.065432816743850708e-02 -1.394018437713384628e-02 6.615452766418457031e-01
2.147327922284603119e-02 -1.499458122998476028e-02 6.506754755973815918e-01
2.057101950049400330e-02 -1.221016142517328262e-02 6.113560795783996582e-01
1.990874856710433960e-02 -1.223642379045486450e-02 6.593651771545410156e-01
2.015942335128784180e-02 -1.591582968831062317e-02 6.775618195533752441e-01
2.627320028841495514e-02 -1.506613194942474365e-02 6.372388601303100586e-01
2.875010482966899872e-02 -1.104019675403833389e-02 6.223322153091430664e-01
2.879568561911582947e-02 -1.209984160959720612e-02 6.203441023826599121e-01
2.892097644507884979e-02 -1.196049153804779053e-02 6.131322383880615234e-01
2.776604890823364258e-02 -1.010797638446092606e-02 6.097503900527954102e-01
2.844398096203804016e-02 -1.242702733725309372e-02 6.163188219070434570e-01
2.906301803886890411e-02 -1.297739055007696152e-02 6.235088109970092773e-01
2.819157578051090240e-02 -1.190279144793748856e-02 6.278866529464721680e-01
2.849394269287586212e-02 -1.119457744061946869e-02 6.260238289833068848e-01
2.996999584138393402e-02 -9.814967401325702667e-03 6.184402108192443848e-01
3.032790869474411011e-02 -7.224392611533403397e-03 6.241024732589721680e-01
2.953055500984191895e-02 -6.137839518487453461e-03 6.222215294837951660e-01
2.959924191236495972e-02 -6.074650213122367859e-03 6.274809837341308594e-01
3.026177547872066498e-02 -5.751328077167272568e-03 6.259009838104248047e-01
3.192308545112609863e-02 -5.062752403318881989e-03 6.053292155265808105e-01
3.389836847782135010e-02 -3.296586219221353531e-03 5.958390831947326660e-01
3.371500596404075623e-02 -1.374054583720862865e-03 5.864189863204956055e-01
3.391337022185325623e-02 -2.256779000163078308e-03 5.868799686431884766e-01
3.569245338439941406e-02 -3.317872295156121254e-03 5.806758403778076172e-01
3.550368919968605042e-02 -3.426467534154653549e-03 5.796235203742980957e-01
3.439261391758918762e-02 -4.716577008366584778e-03 5.787622928619384766e-01
3.274964168667793274e-02 -4.691649228334426880e-03 5.698345303535461426e-01
3.059222549200057983e-02 -3.493665484711527824e-03 5.561692118644714355e-01
3.056704439222812653e-02 -1.067751436494290829e-03 5.399532914161682129e-01
3.205012530088424683e-02 -1.654901308938860893e-03 5.240228176116943359e-01
3.307337313890457153e-02 -4.871225915849208832e-03 5.189372301101684570e-01
3.584337607026100159e-02 -8.042917586863040924e-03 5.131743550300598145e-01
3.769293799996376038e-02 -7.966326549649238586e-03 5.094784498214721680e-01
3.462110459804534912e-02 -5.051057785749435425e-03 5.148443579673767090e-01
3.101277537643909454e-02 -5.613629240542650223e-03 5.172418951988220215e-01
2.974799647927284241e-02 -9.319805540144443512e-03 5.325064063072204590e-01
2.681149169802665710e-02 -1.230735331773757935e-02 5.512962937355041504e-01
2.579869329929351807e-02 -1.518672332167625427e-02 5.489425063133239746e-01
2.564980648458003998e-02 -1.512863952666521072e-02 5.501180291175842285e-01
2.559165656566619873e-02 -1.363682560622692108e-02 5.553960800170898438e-01
2.601530775427818298e-02 -1.350904256105422974e-02 5.722295045852661133e-01
2.750352956354618073e-02 -1.225060690194368362e-02 5.751801133155822754e-01
2.700143493711948395e-02 -9.826857596635818481e-03 5.745659470558166504e-01
2.599860355257987976e-02 -1.093392260372638702e-02 5.789582729339599609e-01
2.487429045140743256e-02 -1.230987999588251114e-02 5.677511692047119141e-01
2.373546734452247620e-02 -9.786207228899002075e-03 5.611432194709777832e-01
2.517343126237392426e-02 -6.555967032909393311e-03 5.598654150962829590e-01
2.678940072655677795e-02 -3.612259635701775551e-03 5.621653795242309570e-01
2.612693421542644501e-02 -1.636596978642046452e-03 5.681995749473571777e-01
2.382584474980831146e-02 -1.356310793198645115e-03 5.707233548164367676e-01
2.393424697220325470e-02 -2.272985875606536865e-03 5.686931610107421875e-01
2.440412715077400208e-02 -2.160984091460704803e-03 5.705795884132385254e-01
2.690544165670871735e-02 -3.219620324671268463e-03 5.709869265556335449e-01
3.006486780941486359e-02 -5.433674436062574387e-03 5.655317902565002441e-01
3.172830492258071899e-02 -7.280288264155387878e-03 5.521801114082336426e-01
3.274605423212051392e-02 -8.037690073251724243e-03 5.397145748138427734e-01
2.773176133632659912e-02 -4.937950987368822098e-03 5.415624976158142090e-01
2.230091020464897156e-02 -3.131411969661712646e-03 5.327874422073364258e-01
2.282763831317424774e-02 -3.915939014405012131e-03 5.441797375679016113e-01
2.477571740746498108e-02 -5.042627919465303421e-03 5.652424097061157227e-01
2.547141350805759430e-02 -4.033308941870927811e-03 5.926354527473449707e-01
2.489890530705451965e-02 -6.233430467545986176e-03 6.081067323684692383e-01
2.610811218619346619e-02 -1.012142002582550049e-02 5.693083405494689941e-01
2.870772220194339752e-02 -1.126001589000225067e-02 5.496240258216857910e-01
3.118229284882545471e-02 -1.243775896728038788e-02 5.587527155876159668e-01
3.252736106514930725e-02 -1.186438277363777161e-02 5.874567031860351562e-01
3.226043283939361572e-02 -1.265850849449634552e-02 6.061279177665710449e-01
3.111261129379272461e-02 -1.215528231114149094e-02 6.212171316146850586e-01
3.157778084278106689e-02 -1.210060995072126389e-02 6.232609152793884277e-01
3.101299516856670380e-02 -9.991090744733810425e-03 5.956429243087768555e-01
3.108688257634639740e-02 -8.957900106906890869e-03 5.865393877029418945e-01
2.975567802786827087e-02 -1.099505461752414703e-02 5.709812045097351074e-01
2.737673372030258179e-02 -1.477661449462175369e-02 5.541152954101562500e-01
2.669222466647624969e-02 -1.716268062591552734e-02 5.357384085655212402e-01
2.511321194469928741e-02 -1.557209994643926620e-02 5.348679423332214355e-01
2.675886452198028564e-02 -1.669917628169059753e-02 5.235772728919982910e-01
2.732008323073387146e-02 -1.719088852405548096e-02 5.320362448692321777e-01
2.811432443559169769e-02 -1.221517380326986313e-02 5.328037738800048828e-01
3.142740949988365173e-02 -1.062406972050666809e-02 5.185441374778747559e-01
3.395906090736389160e-02 -1.312973536550998688e-02 5.205981731414794922e-01
3.467880561947822571e-02 -1.403789874166250229e-02 5.173739790916442871e-01
3.211705014109611511e-02 -1.506493054330348969e-02 5.205252170562744141e-01
3.023630753159523010e-02 -1.561664231121540070e-02 5.239359736442565918e-01
2.856198512017726898e-02 -1.408752985298633575e-02 5.294898748397827148e-01
2.854998037219047546e-02 -1.263659074902534485e-02 5.301708579063415527e-01
2.733556739985942841e-02 -1.103848032653331757e-02 5.437017083168029785e-01
2.597712539136409760e-02 -1.004967931658029556e-02 5.598270893096923828e-01
2.434033155441284180e-02 -9.402759373188018799e-03 5.668525695800781250e-01
2.328413166105747223e-02 -9.311146102845668793e-03 5.685720443725585938e-01
2.550023607909679413e-02 -1.087576895952224731e-02 5.652720332145690918e-01
2.581245265901088715e-02 -9.572312235832214355e-03 5.676320791244506836e-01
2.822740003466606140e-02 -9.742056950926780701e-03 5.779416561126708984e-01
2.965682931244373322e-02 -9.468017145991325378e-03 5.871142148971557617e-01
3.078212030231952667e-02 -1.167475990951061249e-02 5.822870135307312012e-01
2.751994319260120392e-02 -1.444219797849655151e-02 5.664852857589721680e-01
2.597610093653202057e-02 -1.402628328651189804e-02 5.417013764381408691e-01
2.534083090722560883e-02 -1.749749667942523956e-02 5.226190686225891113e-01
2.231735736131668091e-02 -2.091537788510322571e-02 5.194382667541503906e-01
2.240086719393730164e-02 -2.306798659265041351e-02 5.175926685333251953e-01
2.191274985671043396e-02 -2.398836612701416016e-02 5.297825932502746582e-01
2.492094226181507111e-02 -1.945962384343147278e-02 5.495508909225463867e-01
2.412959188222885132e-02 -1.715650409460067749e-02 5.830919742584228516e-01
2.648151293396949768e-02 -1.402342040091753006e-02 5.862295031547546387e-01
2.446760609745979309e-02 -1.003206800669431686e-02 5.824914574623107910e-01
2.256685309112071991e-02 -7.308793254196643829e-03 5.652333498001098633e-01
2.268020622432231903e-02 -5.687305238097906113e-03 5.621311664581298828e-01
2.175356633961200714e-02 -6.735631264746189117e-03 5.650970935821533203e-01
2.240847051143646240e-02 -6.990770809352397919e-03 5.704718828201293945e-01
2.521236799657344818e-02 -8.722998201847076416e-03 5.687216520309448242e-01
2.877790667116641998e-02 -8.714108727872371674e-03 5.740759968757629395e-01
2.906120195984840393e-02 -8.298457600176334381e-03 5.899336338043212891e-01
2.823962643742561340e-02 -8.422622457146644592e-03 5.960378050804138184e-01
2.818308584392070770e-02 -5.270287394523620605e-03 6.004250645637512207e-01
2.389241382479667664e-02 -4.045450128614902496e-03 5.976721644401550293e-01
2.565535157918930054e-02 -5.375585053116083145e-03 6.024782657623291016e-01
2.786177769303321838e-02 -9.369740262627601624e-03 6.183459758758544922e-01
2.923951856791973114e-02 -1.088440045714378357e-02 6.264050602912902832e-01
3.122549317777156830e-02 -1.164878439158201218e-02 6.349059343338012695e-01
2.794731222093105316e-02 -1.239944435656070709e-02 6.312446594238281250e-01
2.387429028749465942e-02 -1.321875303983688354e-02 6.387687325477600098e-01
2.024054527282714844e-02 -1.151548046618700027e-02 6.537799835205078125e-01
1.666600257158279419e-02 -8.554925210773944855e-03 6.583003401756286621e-01
1.651179604232311249e-02 -7.534557487815618515e-03 6.540605425834655762e-01
2.104557678103446960e-02 -9.181529283523559570e-03 6.565672755241394043e-01
2.408658899366855621e-02 -7.750053890049457550e-03 6.630325317382812500e-01
2.351793646812438965e-02 -3.775763558223843575e-03 6.608742475509643555e-01
2.538003027439117432e-02 -1.137813786044716835e-03 6.638817191123962402e-01
2.462893538177013397e-02 -9.495834819972515106e-05 6.487058401107788086e-01
2.142507024109363556e-02 8.938150713220238686e-04 6.421856880187988281e-01
1.959778927266597748e-02 -3.809132613241672516e-05 6.295835375785827637e-01
2.075235731899738312e-02 -1.518104574643075466e-03 6.196502447128295898e-01
1.826484501361846924e-02 -2.926535438746213913e-03 6.091351509094238281e-01
1.620315760374069214e-02 -3.105457872152328491e-03 6.054444909095764160e-01
1.646447740495204926e-02 -2.109097782522439957e-03 6.128273010253906250e-01
1.848181523382663727e-02 -1.248405664227902889e-03 6.203634738922119141e-01
1.810009405016899109e-02 -1.064902986399829388e-03 6.434020400047302246e-01
1.827809773385524750e-02 -3.315073903650045395e-03 6.349154710769653320e-01
1.784786023199558258e-02 -6.321472581475973129e-03 6.206819415092468262e-01
1.644841767847537994e-02 -8.022576570510864258e-03 6.084226965904235840e-01
1.707932166755199432e-02 -7.286715321242809296e-03 6.153969168663024902e-01
1.756660826504230499e-02 -6.589110940694808960e-03 6.168215870857238770e-01
1.924345456063747406e-02 -8.133280090987682343e-03 6.104661226272583008e-01
2.119088731706142426e-02 -8.022159337997436523e-03 6.177672743797302246e-01
2.434827014803886414e-02 -9.887511841952800751e-03 6.076175570487976074e-01
2.382808364927768707e-02 -1.021316275000572205e-02 6.215616464614868164e-01
2.291726134717464447e-02 -1.217690575867891312e-02 6.353607773780822754e-01
2.180380932986736298e-02 -1.476672850549221039e-02 6.441022753715515137e-01
2.297975681722164154e-02 -1.717752590775489807e-02 6.734890341758728027e-01
2.138241566717624664e-02 -1.733656227588653564e-02 7.086945772171020508e-01
1.797180436551570892e-02 -1.618530414998531342e-02 7.373526692390441895e-01
1.575792580842971802e-02 -1.672856509685516357e-02 7.290331721305847168e-01
1.247636973857879639e-02 -1.801025867462158203e-02 7.307563424110412598e-01
1.025778520852327347e-02 -1.942142285406589508e-02 7.471434473991394043e-01
7.795494515448808670e-03 -1.727669686079025269e-02 7.636753320693969727e-01
6.331076845526695251e-03 -1.846775412559509277e-02 7.824339866638183594e-01
5.583379417657852173e-03 -1.638245582580566406e-02 7.816334962844848633e-01
8.838012814521789551e-03 -1.423068158328533173e-02 7.489484548568725586e-01
9.173652157187461853e-03 -1.478672865778207779e-02 7.356547117233276367e-01
8.413697592914104462e-03 -1.571100018918514252e-02 7.567622065544128418e-01
6.146286614239215851e-03 -1.549994014203548431e-02 7.353543043136596680e-01
3.701076842844486237e-03 -1.370843686163425446e-02 7.209822535514831543e-01
5.721038673073053360e-03 -1.680865511298179626e-02 7.204149961471557617e-01
9.905090555548667908e-03 -2.199828065931797028e-02 7.077998518943786621e-01
7.331864442676305771e-03 -2.042755857110023499e-02 6.970121860504150391e-01
4.944704473018646240e-03 -1.790755987167358398e-02 6.946650147438049316e-01
5.234277341514825821e-03 -1.590011827647686005e-02 7.015044093132019043e-01
5.799006205052137375e-03 -1.516929082572460175e-02 7.278268933296203613e-01
5.995644256472587585e-03 -1.544136367738246918e-02 7.707485556602478027e-01
3.543518017977476120e-03 -1.874715834856033325e-02 7.797047495841979980e-01
3.895675530657172203e-03 -2.357821166515350342e-02 7.694945335388183594e-01
3.726445604115724564e-03 -2.150074578821659088e-02 7.947509884834289551e-01
4.125856794416904449e-03 -2.053065784275531769e-02 8.167087435722351074e-01
4.719119053333997726e-03 -2.025793120265007019e-02 8.502759337425231934e-01
4.699453711509704590e-03 -2.095252275466918945e-02 8.678439855575561523e-01
4.016511607915163040e-03 -2.229820936918258667e-02 8.719391822814941406e-01
1.026987913064658642e-03 -2.293459326028823853e-02 8.667971491813659668e-01
3.193877637386322021e-05 -2.163622900843620300e-02 8.224048614501953125e-01
2.464508870616555214e-03 -2.420654520392417908e-02 8.174424171447753906e-01
3.763882443308830261e-03 -2.835285104811191559e-02 8.426135182380676270e-01
2.292167395353317261e-03 -3.031659871339797974e-02 8.679071664810180664e-01
-1.042651128955185413e-03 -3.185681626200675964e-02 8.436136245727539062e-01
-8.946449961513280869e-04 -3.280723467469215393e-02 8.293206095695495605e-01
-3.965865471400320530e-04 -3.408019989728927612e-02 8.367863893508911133e-01
-1.803905703127384186e-03 -3.302733600139617920e-02 8.241383433341979980e-01
-3.122515045106410980e-03 -2.875051647424697876e-02 7.973616123199462891e-01
-4.524048417806625366e-03 -2.296195179224014282e-02 7.513213157653808594e-01
-3.607340389862656593e-03 -2.091258205473423004e-02 7.155885696411132812e-01
7.536122575402259827e-04 -2.166676148772239685e-02 7.152955532073974609e-01
2.968180226162075996e-03 -2.398032881319522858e-02 7.244582772254943848e-01
1.331900013610720634e-03 -2.219898626208305359e-02 7.179489135742187500e-01
-8.928186725825071335e-04 -1.687729917466640472e-02 7.010190486907958984e-01
3.190968418493866920e-04 -1.237190887331962585e-02 6.856870651245117188e-01
4.765327088534832001e-03 -1.154412887990474701e-02 7.053599953651428223e-01
7.880352437496185303e-03 -1.503950357437133789e-02 7.272115945816040039e-01
5.998475942760705948e-03 -2.114158868789672852e-02 7.382401823997497559e-01
6.848065648227930069e-03 -2.179305814206600189e-02 7.274158000946044922e-01
7.425246294587850571e-03 -2.036728896200656891e-02 6.823837757110595703e-01
6.585916504263877869e-03 -1.614842563867568970e-02 6.512131690979003906e-01
2.668589353561401367e-03 -1.451332680881023407e-02 6.481914520263671875e-01
3.890079911798238754e-03 -1.791366934776306152e-02 6.500446796417236328e-01
8.544780313968658447e-03 -2.019299380481243134e-02 6.613172292709350586e-01
6.935305893421173096e-03 -2.674878202378749847e-02 6.668190360069274902e-01
5.066070705652236938e-03 -2.451816014945507050e-02 6.749198436737060547e-01
1.582818222232162952e-03 -2.311940304934978485e-02 7.021456360816955566e-01
-5.467882845550775528e-03 -2.243985980749130249e-02 7.182393074035644531e-01
-7.849413901567459106e-03 -1.995616219937801361e-02 7.045346498489379883e-01
-1.069162879139184952e-02 -1.566541753709316254e-02 6.682954430580139160e-01
-1.388651691377162933e-02 -1.503225415945053101e-02 6.586254835128784180e-01
-1.214591879397630692e-02 -2.045865170657634735e-02 6.510714888572692871e-01
-1.031736377626657486e-02 -1.700247265398502350e-02 6.335405111312866211e-01
-6.355636753141880035e-03 -1.346760056912899017e-02 6.382864117622375488e-01
1.541311619803309441e-03 -1.329454965889453888e-02 6.326110363006591797e-01
8.309648372232913971e-03 -1.409652270376682281e-02 6.201105713844299316e-01
1.217612810432910919e-02 -1.898516714572906494e-02 6.178656816482543945e-01
1.272562798112630844e-02 -2.157760597765445709e-02 6.330239176750183105e-01
8.098341524600982666e-03 -2.709849551320075989e-02 6.540446877479553223e-01
1.466205529868602753e-02 -2.868788689374923706e-02 6.441304087638854980e-01
2.888161689043045044e-02 -2.541920915246009827e-02 6.539533138275146484e-01
3.365052491426467896e-02 -2.058788388967514038e-02 6.877754330635070801e-01
3.255712985992431641e-02 -1.919424533843994141e-02 6.980751752853393555e-01
2.768577449023723602e-02 -1.306986901909112930e-02 6.632605195045471191e-01
2.388245612382888794e-02 -1.871342584490776062e-02 6.599361300468444824e-01
3.037630394101142883e-02 -1.547250989824533463e-02 6.519702076911926270e-01
3.029860928654670715e-02 -7.715587504208087921e-03 6.480154395103454590e-01
2.711274661123752594e-02 -6.422887556254863739e-03 6.276969313621520996e-01
2.820629999041557312e-02 -1.123871095478534698e-02 5.752767324447631836e-01
2.209726534783840179e-02 -9.843849577009677887e-03 5.752981901168823242e-01
1.505124941468238831e-02 -1.139431912451982498e-02 5.726438164710998535e-01
2.226422168314456940e-02 -1.981782913208007812e-02 5.214561223983764648e-01
1.605948433279991150e-02 -2.041952125728130341e-02 5.522723197937011719e-01
1.438869442790746689e-02 -1.037365663796663284e-02 6.212459802627563477e-01
1.681654900312423706e-02 -1.191369444131851196e-02 5.888336300849914551e-01
1.540745794773101807e-02 -1.287892926484346390e-02 6.024990081787109375e-01
9.650774300098419189e-03 -3.124916460365056992e-03 6.133258342742919922e-01
9.678731672465801239e-03 -4.797438159584999084e-03 6.101267337799072266e-01
1.731681078672409058e-02 -4.363335669040679932e-03 6.660700440406799316e-01
2.128783985972404480e-02 1.543099060654640198e-04 7.095485925674438477e-01
1.241871714591979980e-02 -4.562871530652046204e-03 7.166218757629394531e-01
3.554799361154437065e-03 -1.559610851109027863e-02 7.675023674964904785e-01
1.117993146181106567e-02 -1.574774645268917084e-02 7.697082161903381348e-01
1.025564130395650864e-02 -2.395207621157169342e-02 7.571774721145629883e-01
3.828934859484434128e-03 -2.576758340001106262e-02 7.401571273803710938e-01
1.170848868787288666e-02 -2.248233743011951447e-02 6.654775738716125488e-01
2.348835393786430359e-02 -2.006677724421024323e-02 6.460964083671569824e-01
2.670674026012420654e-02 -1.463499013334512711e-02 6.026965379714965820e-01
2.953109703958034515e-02 -1.394621189683675766e-02 5.962632894515991211e-01
3.045391663908958435e-02 -1.001621969044208527e-02 5.874447822570800781e-01
2.612625062465667725e-02 -6.690936163067817688e-03 5.950573086738586426e-01
2.532557398080825806e-02 -6.741102784872055054e-03 6.049095392227172852e-01
2.650705166161060333e-02 -9.663889184594154358e-03 6.067698597908020020e-01
2.841295674443244934e-02 -9.415592998266220093e-03 6.281372904777526855e-01
2.994634211063385010e-02 -1.041353773325681686e-02 6.181316375732421875e-01
2.567852474749088287e-02 -1.278549898415803909e-02 5.776629447937011719e-01
1.823418401181697845e-02 -1.578349806368350983e-02 5.573958754539489746e-01
1.267127320170402527e-02 -1.068989839404821396e-02 5.779426693916320801e-01
2.284796349704265594e-02 -9.500315412878990173e-03 6.133317351341247559e-01
2.536199614405632019e-02 -6.936230696737766266e-03 6.239095926284790039e-01
2.434443123638629913e-02 -1.547955162823200226e-02 5.901319980621337891e-01
2.356126904487609863e-02 -2.146573178470134735e-02 6.614523530006408691e-01
2.561237290501594543e-02 -2.464945800602436066e-02 6.833036541938781738e-01
2.543350309133529663e-02 -2.465970441699028015e-02 6.749970316886901855e-01
2.137289196252822876e-02 -2.497874200344085693e-02 6.624467968940734863e-01
1.441747136414051056e-02 -2.243228629231452942e-02 6.589937210083007812e-01
1.080637797713279724e-02 -2.218559011816978455e-02 6.484155654907226562e-01
1.510648056864738464e-02 -2.913861721754074097e-02 6.395157575607299805e-01
2.277603186666965485e-02 -3.141084313392639160e-02 6.109828948974609375e-01
1.779014430940151215e-02 -2.790785580873489380e-02 6.122647523880004883e-01
2.330192923545837402e-02 -2.168231830000877380e-02 6.538990139961242676e-01
2.514573745429515839e-02 -2.307378128170967102e-02 6.696472764015197754e-01
2.412336878478527069e-02 -1.765250414609909058e-02 6.356531977653503418e-01
2.336949296295642853e-02 -1.960643567144870758e-02 6.221881508827209473e-01
1.847750507295131683e-02 -1.857008598744869232e-02 6.593433022499084473e-01
1.562044210731983185e-02 -1.868421211838722229e-02 6.307553052902221680e-01
1.703753694891929626e-02 -2.164182066917419434e-02 5.857121348381042480e-01
1.700299605727195740e-02 -1.892237924039363861e-02 5.773382782936096191e-01
1.981906592845916748e-02 -1.750260032713413239e-02 5.816233158111572266e-01
1.941373758018016815e-02 -2.256700024008750916e-02 6.128437519073486328e-01
1.795284077525138855e-02 -2.367827482521533966e-02 6.124246716499328613e-01
1.683099195361137390e-02 -2.432328276336193085e-02 6.123185753822326660e-01
1.515519339591264725e-02 -2.651803940534591675e-02 6.230126023292541504e-01
1.339534670114517212e-02 -2.281594835221767426e-02 6.277094483375549316e-01
1.370689831674098969e-02 -2.162697352468967438e-02 6.125462651252746582e-01
9.652782231569290161e-03 -2.281431481242179871e-02 5.914321541786193848e-01
1.097805984318256378e-02 -2.227164246141910553e-02 5.674425363540649414e-01
1.505381148308515549e-02 -2.577601373195648193e-02 6.158611178398132324e-01
9.895095601677894592e-03 -2.929050102829933167e-02 6.350192427635192871e-01
1.235280930995941162e-02 -2.669401094317436218e-02 6.142475605010986328e-01
1.098832674324512482e-02 -2.864323183894157410e-02 6.061419248580932617e-01
1.279995124787092209e-02 -3.370619937777519226e-02 5.952598452568054199e-01
1.206357032060623169e-02 -3.402446582913398743e-02 5.991699695587158203e-01
7.426615804433822632e-03 -3.197672963142395020e-02 5.816230773925781250e-01
4.486827645450830460e-03 -3.047676756978034973e-02 5.886523723602294922e-01
-1.718214713037014008e-03 -3.144513070583343506e-02 5.980167984962463379e-01
-9.083369746804237366e-03 -2.965321764349937439e-02 6.073084473609924316e-01
-1.115824002772569656e-02 -3.085821680724620819e-02 6.165560483932495117e-01
-6.096390075981616974e-03 -3.473319858312606812e-02 6.246837973594665527e-01
1.973086968064308167e-03 -3.919439762830734253e-02 6.364604234695434570e-01
2.666928805410861969e-03 -3.621461987495422363e-02 6.069186925888061523e-01
4.878111649304628372e-04 -3.497792780399322510e-02 6.118372082710266113e-01
4.045083187520503998e-05 -3.854718059301376343e-02 6.505120992660522461e-01
9.568692184984683990e-03 -3.597006946802139282e-02 6.758993268013000488e-01
1.425745896995067596e-02 -2.955849282443523407e-02 6.364076137542724609e-01
1.484211441129446030e-02 -2.706691995263099670e-02 6.196706891059875488e-01
1.649879664182662964e-02 -2.037319913506507874e-02 6.024410724639892578e-01
1.734850928187370300e-02 -1.311802119016647339e-02 5.692893266677856445e-01
2.049843594431877136e-02 -7.000396959483623505e-03 5.685507059097290039e-01
3.106502816081047058e-02 -8.710795082151889801e-03 5.871765017509460449e-01
2.594781666994094849e-02 -2.168416231870651245e-02 6.055822968482971191e-01
2.148495987057685852e-02 -2.339665964245796204e-02 6.058958768844604492e-01
2.008570730686187744e-02 -2.265059947967529297e-02 6.025289893150329590e-01
2.046609297394752502e-02 -2.408773265779018402e-02 5.949994325637817383e-01
2.186785638332366943e-02 -2.390883490443229675e-02 6.059956550598144531e-01
2.080970071256160736e-02 -2.516267076134681702e-02 5.979573130607604980e-01
2.146688476204872131e-02 -2.761886268854141235e-02 5.957086086273193359e-01
2.284001931548118591e-02 -2.996636740863323212e-02 5.939698815345764160e-01
2.509642764925956726e-02 -2.876860089600086212e-02 5.849285125732421875e-01
2.735937014222145081e-02 -2.811957523226737976e-02 5.853730440139770508e-01
2.823756448924541473e-02 -2.573337778449058533e-02 5.790297389030456543e-01
2.928242832422256470e-02 -2.260960824787616730e-02 5.627654790878295898e-01
2.935524471104145050e-02 -2.051397785544395447e-02 5.523801445960998535e-01
2.867748029530048370e-02 -2.000266313552856445e-02 5.670003294944763184e-01
2.808084338903427124e-02 -1.695507019758224487e-02 5.629789829254150391e-01
2.732059173285961151e-02 -1.409433223307132721e-02 5.561688542366027832e-01
2.627165243029594421e-02 -1.439665909856557846e-02 5.536721944808959961e-01
2.671147696673870087e-02 -1.410483382642269135e-02 5.541202425956726074e-01
2.535514906048774719e-02 -1.638571545481681824e-02 5.603480339050292969e-01
2.600575424730777740e-02 -1.685294881463050842e-02 5.688263773918151855e-01
2.770136855542659760e-02 -1.800435595214366913e-02 5.730236172676086426e-01
2.999937161803245544e-02 -1.770788617432117462e-02 5.673151612281799316e-01
2.956351265311241150e-02 -1.688684709370136261e-02 5.686302781105041504e-01
2.873125672340393066e-02 -1.812166348099708557e-02 5.976862311363220215e-01
2.884000539779663086e-02 -2.388592064380645752e-02 6.185581088066101074e-01
2.914648316800594330e-02 -2.580877579748630524e-02 6.392939686775207520e-01
2.849841304123401642e-02 -2.373671345412731171e-02 6.065543293952941895e-01
2.741456031799316406e-02 -2.001491002738475800e-02 6.209436058998107910e-01
2.401455119252204895e-02 -2.339819446206092834e-02 6.172825694084167480e-01
1.968429796397686005e-02 -2.659279853105545044e-02 6.091111302375793457e-01
1.434721797704696655e-02 -2.712244167923927307e-02 5.490747094154357910e-01
1.936351880431175232e-02 -1.570815593004226685e-02 6.186672449111938477e-01
1.914712414145469666e-02 -1.846932992339134216e-02 6.814181208610534668e-01
3.015820309519767761e-02 -2.751019969582557678e-02 6.686405539512634277e-01
2.595175057649612427e-02 -1.984417252242565155e-02 6.406956911087036133e-01
1.694801636040210724e-02 -1.632114499807357788e-02 5.926201343536376953e-01
2.436323277652263641e-02 -1.261986792087554932e-02 5.484200119972229004e-01
2.524696663022041321e-02 -1.096690911799669266e-02 5.405651926994323730e-01
2.541630715131759644e-02 -6.185725796967744827e-03 5.396943688392639160e-01
3.106285445392131805e-02 -8.150046691298484802e-03 5.507425665855407715e-01
2.578537911176681519e-02 -9.530554525554180145e-03 5.654557943344116211e-01
2.482405863702297211e-02 -1.144008245319128036e-02 5.777972340583801270e-01
2.265117689967155457e-02 -1.394996512681245804e-02 5.608108639717102051e-01
2.061537280678749084e-02 -1.115483231842517853e-02 5.488869547843933105e-01
1.880495063960552216e-02 -7.447240874171257019e-03 5.619655251502990723e-01
2.363388985395431519e-02 -1.267888117581605911e-02 5.638314485549926758e-01
2.236731722950935364e-02 -1.247911341488361359e-02 5.905724167823791504e-01
2.029759623110294342e-02 -1.595685444772243500e-02 6.154323220252990723e-01
2.024518139660358429e-02 -1.687589101493358612e-02 6.121485829353332520e-01
2.123345434665679932e-02 -1.796599850058555603e-02 6.072552204132080078e-01
2.013284154236316681e-02 -1.514460332691669464e-02 5.980615019798278809e-01
1.788791827857494354e-02 -9.773649275302886963e-03 6.007504463195800781e-01
1.338485814630985260e-02 -6.243412382900714874e-03 5.987885594367980957e-01
1.288745738565921783e-02 -9.514415636658668518e-03 6.180557608604431152e-01
1.682587899267673492e-02 -2.000387199223041534e-02 6.477638483047485352e-01
2.010347321629524231e-02 -2.115475572645664215e-02 6.566956639289855957e-01
2.290268614888191223e-02 -1.552560459822416306e-02 6.208254098892211914e-01
1.993486098945140839e-02 -1.259213872253894806e-02 6.362515687942504883e-01
1.505332067608833313e-02 -1.875984016805887222e-04 6.292185187339782715e-01
1.582414656877517700e-02 -1.122713554650545120e-03 6.536682248115539551e-01
1.921693421900272369e-02 -2.460386371240019798e-03 6.589071154594421387e-01
2.407746575772762299e-02 -8.479054085910320282e-03 6.149213910102844238e-01
1.846701838076114655e-02 -9.162780828773975372e-03 6.305568814277648926e-01
1.570700667798519135e-02 -5.874573253095149994e-03 6.160412430763244629e-01
2.157580479979515076e-02 3.250166075304150581e-03 6.267536282539367676e-01
1.711020246148109436e-02 -2.916566096246242523e-03 6.166734099388122559e-01
1.938168890774250031e-02 -3.991067409515380859e-03 6.066940426826477051e-01
4.520571324974298477e-03 -1.402289513498544693e-02 5.931133627891540527e-01
1.131094759330153465e-03 -1.282890047878026962e-02 6.150940060615539551e-01
2.885662019252777100e-03 -1.221880037337541580e-02 6.060509681701660156e-01
6.038515828549861908e-03 -1.270416937768459320e-02 5.986946821212768555e-01
8.089059032499790192e-03 -1.336073037236928940e-02 5.899931192398071289e-01
9.942255914211273193e-03 -1.276486366987228394e-02 5.940239429473876953e-01
1.323030702769756317e-02 -1.257814932614564896e-02 5.965281128883361816e-01
1.419359445571899414e-02 -1.297282427549362183e-02 5.894029736518859863e-01
1.418355014175176620e-02 -1.221016235649585724e-02 5.845386981964111328e-01
1.527006365358829498e-02 -1.057320181280374527e-02 5.795223116874694824e-01
1.661115698516368866e-02 -5.900803487747907639e-03 5.785377621650695801e-01
1.541990041732788086e-02 -6.602221634238958359e-03 5.990044474601745605e-01
1.179605163633823395e-02 -6.847121752798557281e-03 6.069225072860717773e-01
1.056683622300624847e-02 -1.272736489772796631e-02 5.764332413673400879e-01
9.573584422469139099e-03 -1.231590658426284790e-02 5.745786428451538086e-01
9.735386818647384644e-03 -1.334620919078588486e-02 5.786454081535339355e-01
8.856879547238349915e-03 -1.393351610749959946e-02 5.758181810379028320e-01
7.607827894389629364e-03 -1.413759961724281311e-02 5.732935070991516113e-01
7.530681323260068893e-03 -1.496245339512825012e-02 5.731405019760131836e-01
8.883922360837459564e-03 -1.555207371711730957e-02 5.691659450531005859e-01
9.310533292591571808e-03 -1.779261231422424316e-02 5.635532140731811523e-01
9.741438552737236023e-03 -1.546934526413679123e-02 5.648400783538818359e-01
7.825400680303573608e-03 -1.374574750661849976e-02 5.862417817115783691e-01
7.201103959232568741e-03 -1.709283515810966492e-02 5.806018114089965820e-01
1.080010365694761276e-02 -1.688246242702007294e-02 5.617917776107788086e-01
1.035348512232303619e-02 -1.641323789954185486e-02 5.602512359619140625e-01
1.109063904732465744e-02 -1.615053415298461914e-02 5.648635029792785645e-01
1.209478639066219330e-02 -1.660388149321079254e-02 5.712110400199890137e-01
1.183299906551837921e-02 -1.751253195106983185e-02 5.657131075859069824e-01
1.142493262887001038e-02 -1.774833537638187408e-02 5.635588765144348145e-01
1.035909447818994522e-02 -1.647807843983173370e-02 5.571335554122924805e-01
1.174492202699184418e-02 -1.581020280718803406e-02 5.645031332969665527e-01
1.287541911005973816e-02 -1.714753173291683197e-02 5.663707852363586426e-01
1.299391780048608780e-02 -1.966319046914577484e-02 5.547034144401550293e-01
1.310692355036735535e-02 -2.159854024648666382e-02 5.554524660110473633e-01
1.359113864600658417e-02 -2.115022949874401093e-02 5.623433589935302734e-01
1.501937583088874817e-02 -2.033146284520626068e-02 5.663061738014221191e-01
1.512956153601408005e-02 -1.930284500122070312e-02 5.612060427665710449e-01
1.492778584361076355e-02 -1.428858190774917603e-02 5.441769361495971680e-01
1.846179924905300140e-02 -9.936232119798660278e-03 5.323713421821594238e-01
1.752022467553615570e-02 -1.091539952903985977e-02 5.476753115653991699e-01
2.290857769548892975e-02 -1.487415656447410583e-02 5.618691444396972656e-01
2.832316420972347260e-02 -2.388209477066993713e-02 5.329998731613159180e-01
1.743004098534584045e-02 -2.547437883913516998e-02 5.538796186447143555e-01
1.178436167538166046e-02 -2.533427439630031586e-02 5.508651733398437500e-01
1.144273299723863602e-02 -2.745135501027107239e-02 5.602911114692687988e-01
1.098706200718879700e-02 -2.830575779080390930e-02 5.653303265571594238e-01
9.659040719270706177e-03 -2.858597040176391602e-02 5.703470706939697266e-01
7.150436751544475555e-03 -2.801680006086826324e-02 5.922483205795288086e-01
5.732322111725807190e-03 -2.686449699103832245e-02 6.007328629493713379e-01
8.747097104787826538e-03 -2.626210078597068787e-02 6.214421391487121582e-01
8.590155281126499176e-03 -2.486511506140232086e-02 6.346473097801208496e-01
8.812323212623596191e-03 -2.473120950162410736e-02 6.503520607948303223e-01
9.272710420191287994e-03 -2.539817057549953461e-02 6.517347693443298340e-01
9.220762178301811218e-03 -2.474523708224296570e-02 6.460319161415100098e-01
1.183748058974742889e-02 -2.967089414596557617e-02 6.564131379127502441e-01
1.282675191760063171e-02 -2.535827085375785828e-02 6.658974289894104004e-01
8.210605010390281677e-03 -2.316597290337085724e-02 6.693581342697143555e-01
1.114866416901350021e-02 -2.145385369658470154e-02 6.694431304931640625e-01
9.387053549289703369e-03 -1.854397542774677277e-02 6.653780341148376465e-01
6.786818616092205048e-03 -1.559280138462781906e-02 6.575073599815368652e-01
7.302413228899240494e-03 -1.365838479250669479e-02 6.421744227409362793e-01
8.173001930117607117e-03 -1.459573674947023392e-02 6.337166428565979004e-01
1.078343205153942108e-02 -1.465261261910200119e-02 6.219115853309631348e-01
1.096593588590621948e-02 -1.774095743894577026e-02 6.022021770477294922e-01
1.208319887518882751e-02 -2.206897363066673279e-02 5.909401178359985352e-01
1.122521515935659409e-02 -2.228152006864547729e-02 5.917739272117614746e-01
1.028055138885974884e-02 -2.048729732632637024e-02 5.806369781494140625e-01
8.482684381306171417e-03 -1.915431953966617584e-02 5.677978396415710449e-01
7.058360613882541656e-03 -1.767507754266262054e-02 5.714312791824340820e-01
5.218933336436748505e-03 -1.696410961449146271e-02 5.774851441383361816e-01
2.463662298396229744e-03 -1.775049790740013123e-02 5.785231590270996094e-01
9.857527911663055420e-04 -1.843035407364368439e-02 5.768235921859741211e-01
-2.790900878608226776e-03 -1.728710532188415527e-02 5.670238733291625977e-01
-2.650508191436529160e-03 -1.512846071273088455e-02 5.567142367362976074e-01
8.151979418471455574e-04 -1.655535772442817688e-02 5.699715614318847656e-01
2.007234143093228340e-03 -1.482221670448780060e-02 5.637748241424560547e-01
2.841629087924957275e-03 -1.323182322084903717e-02 5.679328441619873047e-01
1.643015653826296329e-03 -1.259061694145202637e-02 5.600189566612243652e-01
-3.146116621792316437e-03 -1.225524954497814178e-02 5.567979812622070312e-01
-5.533158779144287109e-03 -1.278874836862087250e-02 5.593615770339965820e-01
-3.661441616714000702e-03 -1.366873271763324738e-02 5.468227267265319824e-01
-2.318784361705183983e-03 -1.259015314280986786e-02 5.519806146621704102e-01
-1.923406962305307388e-03 -1.229173224419355392e-02 5.572149753570556641e-01
-4.595472477376461029e-03 -1.082746870815753937e-02 5.575057268142700195e-01
-7.913147099316120148e-03 -8.542713709175586700e-03 5.726577043533325195e-01
-1.229521539062261581e-02 -9.249780327081680298e-03 5.795500278472900391e-01
-1.466447301208972931e-02 -9.565344080328941345e-03 5.739892721176147461e-01
-1.667109318077564240e-02 -1.067024655640125275e-02 5.870494842529296875e-01
-1.808390952646732330e-02 -1.255568582564592361e-02 5.933813452720642090e-01
-2.545587718486785889e-02 -1.008543744683265686e-02 6.048622727394104004e-01
-2.550909295678138733e-02 -8.683983236551284790e-03 6.088327765464782715e-01
-2.530404739081859589e-02 -7.583566941320896149e-03 5.940784215927124023e-01
-2.328663319349288940e-02 -7.271318696439266205e-03 5.904933214187622070e-01
-2.794388309121131897e-02 -8.094519376754760742e-03 5.914071202278137207e-01
-4.054301604628562927e-02 -4.433651454746723175e-03 6.125673055648803711e-01
-3.894465789198875427e-02 -5.466896109282970428e-03 6.379467248916625977e-01
-3.943470865488052368e-02 -1.164569798856973648e-02 6.727119088172912598e-01
-4.076535999774932861e-02 -1.229002606123685837e-02 6.999523639678955078e-01
-3.749435767531394958e-02 -1.015201117843389511e-02 7.159122824668884277e-01
-3.444587811827659607e-02 -4.616481252014636993e-03 7.053953409194946289e-01
-3.693925216794013977e-02 -8.036540821194648743e-03 6.724735498428344727e-01
-3.326189145445823669e-02 -1.506960391998291016e-02 6.640133261680603027e-01
-4.119526222348213196e-02 -1.180305890738964081e-02 7.050423026084899902e-01
-4.031256958842277527e-02 -1.187025010585784912e-02 7.132104039192199707e-01
-3.815537318587303162e-02 -1.316943578422069550e-02 7.270339131355285645e-01
-4.006145894527435303e-02 -1.575271040201187134e-02 7.240216732025146484e-01
-4.326596856117248535e-02 -1.777339726686477661e-02 7.197793722152709961e-01
-4.425294697284698486e-02 -1.964032836258411407e-02 7.285842895507812500e-01
-4.589918628334999084e-02 -2.090569585561752319e-02 7.448084354400634766e-01
-4.714662581682205200e-02 -2.080754935741424561e-02 7.345173954963684082e-01
-4.570873826742172241e-02 -2.017991617321968079e-02 7.446873188018798828e-01
-4.588826373219490051e-02 -2.093936130404472351e-02 7.588990926742553711e-01
-4.774687439203262329e-02 -2.226865850389003754e-02 7.674140334129333496e-01
-5.010474473237991333e-02 -2.183509618043899536e-02 7.745541930198669434e-01
-5.031991750001907349e-02 -2.395631559193134308e-02 7.791518568992614746e-01
-5.183136835694313049e-02 -2.438502758741378784e-02 7.775020599365234375e-01
-5.399278551340103149e-02 -2.185797318816184998e-02 7.827726006507873535e-01
-5.224896594882011414e-02 -2.055110782384872437e-02 8.041110038757324219e-01
-5.195014923810958862e-02 -2.117847278714179993e-02 8.032941818237304688e-01
-5.208462104201316833e-02 -2.226964384317398071e-02 8.105619549751281738e-01
-4.850909486413002014e-02 -2.431502938270568848e-02 8.346811532974243164e-01
-4.667789489030838013e-02 -2.327110245823860168e-02 8.423003554344177246e-01
-4.969501495361328125e-02 -2.568430081009864807e-02 8.235438466072082520e-01
-4.971406608819961548e-02 -2.785993367433547974e-02 8.425933718681335449e-01
-4.328649491071701050e-02 -3.237777948379516602e-02 8.856338858604431152e-01
-3.796619549393653870e-02 -3.284591436386108398e-02 8.983131051063537598e-01
-3.596609458327293396e-02 -3.292481601238250732e-02 9.099423289299011230e-01
-3.603885695338249207e-02 -3.437529504299163818e-02 9.142237305641174316e-01
-3.964063152670860291e-02 -3.796363994479179382e-02 9.072932004928588867e-01
-3.276496753096580505e-02 -4.337594285607337952e-02 9.058599472045898438e-01
-2.396662533283233643e-02 -4.945563524961471558e-02 9.420116543769836426e-01
-2.389685437083244324e-02 -5.129114910960197449e-02 9.692026376724243164e-01
-2.534733898937702179e-02 -5.338186025619506836e-02 9.880099892616271973e-01
-2.302495203912258148e-02 -4.987738281488418579e-02 9.760818481445312500e-01
-1.986897736787796021e-02 -4.965187236666679382e-02 9.657359719276428223e-01
-2.687744051218032837e-02 -4.804205894470214844e-02 9.823750257492065430e-01
-2.886040136218070984e-02 -4.673778638243675232e-02 9.871850609779357910e-01
-2.662684954702854156e-02 -4.619569331407546997e-02 9.774156212806701660e-01
-3.012351132929325104e-02 -4.632511362433433533e-02 9.751660227775573730e-01
-3.578041493892669678e-02 -3.872713819146156311e-02 9.708722233772277832e-01
-3.439732640981674194e-02 -2.937505394220352173e-02 9.957844614982604980e-01
-3.322861343622207642e-02 -3.429678082466125488e-02 1.114128351211547852e+00
-2.315840870141983032e-02 -4.561314731836318970e-02 1.133221745491027832e+00
-1.569264754652976990e-02 -3.737075999379158020e-02 1.094898700714111328e+00
-1.609155535697937012e-02 -3.244823217391967773e-02 1.006744980812072754e+00
-2.187608182430267334e-02 -2.527305111289024353e-02 9.653543829917907715e-01
-2.952028624713420868e-02 -1.614042930305004120e-02 9.241282939910888672e-01
-3.057319298386573792e-02 -2.022968605160713196e-02 9.268522262573242188e-01
-2.626041322946548462e-02 -3.020169399678707123e-02 9.545393586158752441e-01
-2.107464894652366638e-02 -4.232297837734222412e-02 8.184375166893005371e-01
-2.027207985520362854e-02 -3.963801637291908264e-02 6.791934967041015625e-01
-2.383091300725936890e-02 -2.570923231542110443e-02 5.767781734466552734e-01
-1.409530825912952423e-02 -2.632368355989456177e-02 5.519052147865295410e-01
1.336736604571342468e-04 -3.196220099925994873e-02 6.539353728294372559e-01
3.952685743570327759e-03 -3.229685500264167786e-02 6.289237737655639648e-01
3.356467233970761299e-03 -2.597055770456790924e-02 5.550062060356140137e-01
-5.149163771420717239e-03 -2.684556320309638977e-02 5.050544142723083496e-01
-1.449547894299030304e-02 -2.498695626854896545e-02 4.725511968135833740e-01
-1.602663286030292511e-02 -2.325281687080860138e-02 4.921841919422149658e-01
-2.172650769352912903e-02 -1.829094253480434418e-02 4.717649817466735840e-01
-2.615009993314743042e-02 -6.265294738113880157e-03 4.020552039146423340e-01
-2.592621743679046631e-02 7.182913832366466522e-03 3.886152803897857666e-01
-2.239042893052101135e-02 1.120753493160009384e-02 4.468387365341186523e-01
-2.203163877129554749e-02 1.267794892191886902e-02 4.191574156284332275e-01
-4.599124193191528320e-03 2.796722110360860825e-03 4.257600903511047363e-01
1.294130459427833557e-02 -1.754071796312928200e-03 4.830383658409118652e-01
2.239923179149627686e-02 -5.393674597144126892e-03 5.080038309097290039e-01
2.522562444210052490e-02 -6.890135817229747772e-03 5.427179932594299316e-01
1.290654577314853668e-02 6.199292838573455811e-04 5.621135234832763672e-01
1.240757666528224945e-02 -1.062708254903554916e-02 6.141135096549987793e-01
1.143456436693668365e-02 -1.521933823823928833e-02 7.212985754013061523e-01
5.431931000202894211e-03 -1.578110642731189728e-02 7.963787317276000977e-01
1.270036958158016205e-02 -2.081867121160030365e-02 8.191639184951782227e-01
2.047572843730449677e-02 -2.269741892814636230e-02 8.425695300102233887e-01
2.236878871917724609e-02 -2.222475782036781311e-02 8.690191507339477539e-01
1.408144645392894745e-02 -1.625175587832927704e-02 8.753069043159484863e-01
9.418020956218242645e-03 -1.428247522562742233e-02 8.681684136390686035e-01
7.884250022470951080e-03 -1.375162322074174881e-02 8.543264865875244141e-01
1.133725047111511230e-03 -1.120386831462383270e-02 8.691788315773010254e-01
-1.462207175791263580e-03 -6.836966611444950104e-03 9.706795215606689453e-01
1.381122507154941559e-03 -8.438150398433208466e-03 9.717653989791870117e-01
2.517702057957649231e-03 -1.060570683330297470e-02 9.234209656715393066e-01
-4.795406945049762726e-03 -1.013723108917474747e-02 9.450959563255310059e-01
-9.748913347721099854e-03 -1.291079446673393250e-02 9.936529397964477539e-01
-4.377403296530246735e-03 -1.836597733199596405e-02 9.888723492622375488e-01
6.170948501676321030e-03 -2.053168788552284241e-02 9.457460045814514160e-01
7.255898788571357727e-03 -1.724213175475597382e-02 9.211404323577880859e-01
-1.131620723754167557e-03 -1.516866218298673630e-02 9.096350669860839844e-01
-5.987295880913734436e-03 -6.773084867745637894e-03 8.822245001792907715e-01
-9.423994924873113632e-04 -1.107264496386051178e-02 8.298428654670715332e-01
4.457363858819007874e-03 -2.479835040867328644e-02 8.300412297248840332e-01
-1.384005881845951080e-04 -4.601824656128883362e-02 9.131445288658142090e-01
-3.416435327380895615e-03 -4.344420507550239563e-02 9.909917712211608887e-01
-1.117705833166837692e-02 -4.288442805409431458e-02 1.006649374961853027e+00
-2.863477356731891632e-02 -3.848766162991523743e-02 1.022317409515380859e+00
-1.678995974361896515e-02 -2.495351433753967285e-02 9.394644498825073242e-01
4.021839704364538193e-03 -2.632933668792247772e-02 8.142045140266418457e-01
1.029264763928949833e-03 -2.566648274660110474e-02 7.484786510467529297e-01
-1.342481188476085663e-02 -1.715694554150104523e-02 7.984498739242553711e-01
-2.280400507152080536e-02 -1.578818820416927338e-02 7.870652079582214355e-01
-1.584019325673580170e-02 -2.335467189550399780e-02 7.564307451248168945e-01
-1.578612998127937317e-02 -3.430334478616714478e-02 8.531579375267028809e-01
-3.245037794113159180e-02 -1.848536916077136993e-02 9.198658466339111328e-01
-4.304142668843269348e-02 -4.440932534635066986e-03 9.122953414916992188e-01
-3.344240784645080566e-02 -9.873474948108196259e-03 8.771747946739196777e-01
-3.225000202655792236e-02 -6.191963329911231995e-03 8.499388098716735840e-01
-2.173924073576927185e-02 2.243448048830032349e-03 8.290107250213623047e-01
-1.934891194105148315e-02 5.786546040326356888e-03 8.214141726493835449e-01
-3.053960949182510376e-02 2.635600045323371887e-03 8.117673993110656738e-01
-3.500093147158622742e-02 -1.269388943910598755e-03 7.883723974227905273e-01
-3.052408061921596527e-02 -4.122632555663585663e-03 8.146523833274841309e-01
-3.354765847325325012e-02 -1.815014518797397614e-03 8.189768791198730469e-01
-3.216809406876564026e-02 -8.833734318614006042e-03 8.005911111831665039e-01
-2.799586020410060883e-02 -1.079272292554378510e-02 8.121686577796936035e-01
-3.028027527034282684e-02 -7.256557699292898178e-03 8.150234222412109375e-01
-4.229147732257843018e-02 -1.022274792194366455e-02 8.473159074783325195e-01
-4.179375991225242615e-02 -1.203446369618177414e-02 8.685232996940612793e-01
-4.177598655223846436e-02 -1.099468488246202469e-02 8.615505099296569824e-01
-2.179678156971931458e-02 -2.216086164116859436e-02 8.168776631355285645e-01
-5.042445845901966095e-03 -2.747340686619281769e-02 7.353323101997375488e-01
-5.373291671276092529e-03 -2.496748790144920349e-02 6.891712546348571777e-01
-9.232759475708007812e-05 -2.007976174354553223e-02 6.808168888092041016e-01
2.182717900723218918e-03 -1.683409512042999268e-02 7.027876377105712891e-01
-1.187978312373161316e-03 -1.650128141045570374e-02 7.542210221290588379e-01
-4.042383749037981033e-03 -1.547046005725860596e-02 7.681598067283630371e-01
-7.053836248815059662e-03 -1.861185580492019653e-02 7.886367440223693848e-01
-1.949098426848649979e-03 -2.332037687301635742e-02 8.624475002288818359e-01
2.700642449781298637e-03 -2.865864522755146027e-02 9.003184437751770020e-01
4.920313600450754166e-03 -3.124007955193519592e-02 9.269537925720214844e-01
-9.080101735889911652e-04 -3.178885206580162048e-02 9.198030233383178711e-01
-4.882528446614742279e-03 -2.997574210166931152e-02 9.040064215660095215e-01
-7.794491015374660492e-03 -3.621200472116470337e-02 9.043765664100646973e-01
-1.242817007005214691e-02 -4.264372959733009338e-02 9.102903008460998535e-01
-8.518655784428119659e-03 -4.081562161445617676e-02 9.102821350097656250e-01
-6.500742398202419281e-03 -4.054181650280952454e-02 9.514579176902770996e-01
-1.249899622052907944e-03 -4.076093807816505432e-02 9.386867880821228027e-01
-3.970830235630273819e-03 -4.316287487745285034e-02 9.481294751167297363e-01
-7.428059354424476624e-03 -3.929951041936874390e-02 9.739329218864440918e-01
-8.085072971880435944e-03 -3.615800291299819946e-02 9.650755524635314941e-01
-6.698853336274623871e-03 -3.183100000023841858e-02 9.443724155426025391e-01
-9.515687823295593262e-03 -2.659678645431995392e-02 9.369502067565917969e-01
-1.424551848322153091e-02 -2.512761019170284271e-02 9.256685376167297363e-01
-1.697070337831974030e-02 -2.548399940133094788e-02 9.335888028144836426e-01
-1.989992707967758179e-02 -2.550408616662025452e-02 9.370445609092712402e-01
-2.589416503906250000e-02 -2.592854946851730347e-02 9.379168152809143066e-01
-2.723135426640510559e-02 -2.396374568343162537e-02 9.398164749145507812e-01
-2.310499176383018494e-02 -2.390000782907009125e-02 9.262964129447937012e-01
-2.719911187887191772e-02 -2.639388479292392731e-02 9.236252903938293457e-01
-3.410259634256362915e-02 -2.389195933938026428e-02 8.954111337661743164e-01
-3.795032575726509094e-02 -1.870182156562805176e-02 8.750345706939697266e-01
-3.927981108427047729e-02 -1.522113941609859467e-02 8.371472954750061035e-01
-3.715914487838745117e-02 -1.385312527418136597e-02 8.075671792030334473e-01
-3.643630072474479675e-02 -1.638816855847835541e-02 8.109786510467529297e-01
-3.784036636352539062e-02 -1.495286729186773300e-02 8.103095293045043945e-01
-3.638900071382522583e-02 -1.636670529842376709e-02 8.233395814895629883e-01
-3.539282083511352539e-02 -1.569191738963127136e-02 8.160838484764099121e-01
-3.516370803117752075e-02 -1.352585386484861374e-02 8.023986220359802246e-01
-3.562796488404273987e-02 -1.418911479413509369e-02 7.896833419799804688e-01
-3.600140661001205444e-02 -1.092515047639608383e-02 7.647336721420288086e-01
-3.184157237410545349e-02 -9.348966181278228760e-03 7.565579414367675781e-01
-2.819841727614402771e-02 -1.020493078976869583e-02 7.541490197181701660e-01
-2.607427164912223816e-02 -1.029198616743087769e-02 7.438453435897827148e-01
-3.189902752637863159e-02 -9.345561265945434570e-03 7.212072014808654785e-01
-3.362010046839714050e-02 -9.133005514740943909e-03 7.152754068374633789e-01
-3.001659363508224487e-02 -1.514027081429958344e-02 7.362003326416015625e-01
-2.559260278940200806e-02 -1.900877058506011963e-02 7.373103499412536621e-01
-2.253520116209983826e-02 -1.732020825147628784e-02 7.220740914344787598e-01
-2.309339120984077454e-02 -1.456153392791748047e-02 7.243600487709045410e-01
-2.357789129018783569e-02 -1.541489176452159882e-02 7.292263507843017578e-01
-2.697932906448841095e-02 -1.868194341659545898e-02 7.445546984672546387e-01
-3.122011572122573853e-02 -1.751273870468139648e-02 7.443593144416809082e-01
-3.105781041085720062e-02 -1.661021634936332703e-02 7.330279350280761719e-01
-2.835439331829547882e-02 -1.326735690236091614e-02 7.167818546295166016e-01
-2.494730427861213684e-02 -1.277101598680019379e-02 7.088558077812194824e-01
-1.850354112684726715e-02 -1.258937269449234009e-02 7.352333068847656250e-01
-1.842313632369041443e-02 -1.704917289316654205e-02 7.721270322799682617e-01
-2.229287475347518921e-02 -2.220756746828556061e-02 8.020307421684265137e-01
-1.668073795735836029e-02 -2.648700401186943054e-02 8.324865698814392090e-01
-4.513966850936412811e-03 -3.204891085624694824e-02 8.198191523551940918e-01
4.177767783403396606e-03 -3.623263165354728699e-02 8.000609874725341797e-01
9.258381091058254242e-03 -4.117247462272644043e-02 7.717497348785400391e-01
1.100147701799869537e-02 -4.426158964633941650e-02 7.709137797355651855e-01
1.069958787411451340e-02 -3.696057945489883423e-02 7.789083719253540039e-01
1.049349177628755569e-02 -3.448670357465744019e-02 8.325157761573791504e-01
1.086842454969882965e-02 -3.384114056825637817e-02 8.704288005828857422e-01
9.554214775562286377e-03 -3.475625067949295044e-02 8.643674850463867188e-01
9.611548855900764465e-03 -3.676453977823257446e-02 8.624303936958312988e-01
8.799158036708831787e-03 -3.441718593239784241e-02 8.669216632843017578e-01
9.175682440400123596e-03 -3.258955851197242737e-02 8.816016316413879395e-01
9.295190684497356415e-04 -2.169543504714965820e-02 8.928581476211547852e-01
-1.166272629052400589e-02 -1.123019214719533920e-02 8.896237015724182129e-01
-1.666137389838695526e-02 -1.528898440301418304e-02 8.724378347396850586e-01
-1.626691035926342010e-02 -1.441804412752389908e-02 8.424145579338073730e-01
-1.079436670988798141e-02 -7.564624305814504623e-03 7.598885297775268555e-01
-1.405666675418615341e-02 -7.456480525434017181e-03 7.593942880630493164e-01
-1.068264245986938477e-02 -1.060413476079702377e-02 7.886033058166503906e-01
-8.387320674955844879e-03 -1.427145861089229584e-02 8.380479216575622559e-01
-6.667735055088996887e-03 -1.424274779856204987e-02 8.567523360252380371e-01
-7.310577202588319778e-03 -1.020235568284988403e-02 9.097819924354553223e-01
-3.620632225647568703e-03 -3.743581008166074753e-03 8.785448074340820312e-01
5.932588828727602959e-04 -1.656400505453348160e-03 8.540319204330444336e-01
5.727456882596015930e-03 -4.473651759326457977e-03 8.383710980415344238e-01
2.272725338116288185e-03 -4.912075120955705643e-03 8.426089286804199219e-01
-2.475591376423835754e-03 -4.077908582985401154e-03 8.177818655967712402e-01
-1.833499525673687458e-03 -6.491553038358688354e-03 8.132742643356323242e-01
7.066323305480182171e-04 -5.885006859898567200e-03 8.028303980827331543e-01
-7.922954391688108444e-04 -4.130905028432607651e-03 7.979981303215026855e-01
-2.452927641570568085e-03 -4.314797930419445038e-03 7.859290242195129395e-01
-3.020863281562924385e-03 -5.730526521801948547e-03 7.952493429183959961e-01
-3.617770504206418991e-03 -5.554446019232273102e-03 8.144773840904235840e-01
-2.336337696760892868e-03 -2.421145327389240265e-03 8.390896320343017578e-01
-3.813355229794979095e-03 -3.494564443826675415e-04 8.442511558532714844e-01
-3.229875816032290459e-03 -2.514821477234363556e-03 8.538452386856079102e-01
-1.966182142496109009e-03 -3.049167804419994354e-03 8.624639511108398438e-01
2.650155220180749893e-03 -3.087890334427356720e-03 8.378823399543762207e-01
2.378864679485559464e-03 -2.378519624471664429e-03 8.394387960433959961e-01
-3.439332824200391769e-03 -2.930508926510810852e-04 8.835628628730773926e-01
-1.126175746321678162e-02 3.427416086196899414e-04 9.061773419380187988e-01
-5.391161888837814331e-03 -3.191610798239707947e-03 8.692907094955444336e-01
6.085660774260759354e-03 -8.623879402875900269e-03 8.289341926574707031e-01
1.264293212443590164e-02 -1.104778051376342773e-02 8.345506191253662109e-01
1.040375977754592896e-02 -8.142352104187011719e-03 8.638888001441955566e-01
-6.046969210729002953e-04 -1.134779211133718491e-02 9.202938675880432129e-01
-3.972529899328947067e-03 -1.494185533374547958e-02 9.299219846725463867e-01
-2.685466548427939415e-03 -9.594120085239410400e-03 9.569500684738159180e-01
-1.590799307450652122e-03 -9.646492078900337219e-03 9.439738988876342773e-01
-2.759932540357112885e-03 -1.591284573078155518e-02 9.508513808250427246e-01
-3.750594332814216614e-03 -1.901656948029994965e-02 9.526911973953247070e-01
-7.497418671846389771e-03 -1.801436953246593475e-02 9.367949366569519043e-01
-6.286632735282182693e-03 -1.968011818826198578e-02 9.540665745735168457e-01
4.324046429246664047e-03 -2.922829240560531616e-02 9.588453769683837891e-01
4.257439170032739639e-03 -3.087186254560947418e-02 9.507474303245544434e-01
-7.721729576587677002e-03 -3.620459139347076416e-02 9.722980260848999023e-01
-1.838738098740577698e-04 -3.265726193785667419e-02 9.610939621925354004e-01
-5.077650770545005798e-03 -2.356951124966144562e-02 9.921880364418029785e-01
-1.406416669487953186e-02 -1.863517798483371735e-02 1.022035360336303711e+00
-1.690001040697097778e-02 -1.855611614882946014e-02 1.035143136978149414e+00
-1.830460317432880402e-02 -2.347441203892230988e-02 1.036075353622436523e+00
-1.958301104605197906e-02 -2.713300660252571106e-02 1.049507260322570801e+00
-2.030278183519840240e-02 -2.687090076506137848e-02 1.065422773361206055e+00
-1.984612643718719482e-02 -2.657017484307289124e-02 1.080812811851501465e+00
-2.125308848917484283e-02 -2.657496184110641479e-02 1.082444548606872559e+00
-2.595557458698749542e-02 -2.629598975181579590e-02 1.058460950851440430e+00
-2.531587146222591400e-02 -2.807348966598510742e-02 1.030971646308898926e+00
-2.467761747539043427e-02 -2.930071018636226654e-02 1.023719668388366699e+00
-2.463992498815059662e-02 -2.845203131437301636e-02 1.022297263145446777e+00
-2.633741870522499084e-02 -2.888406440615653992e-02 1.011022210121154785e+00
-2.592189051210880280e-02 -3.103014826774597168e-02 9.857134819030761719e-01
-2.743739448487758636e-02 -3.066614642739295959e-02 9.764127135276794434e-01
-3.078088350594043732e-02 -3.153660520911216736e-02 9.793616533279418945e-01
-3.081766515970230103e-02 -3.183570876717567444e-02 9.659017324447631836e-01
-3.230316936969757080e-02 -3.144172951579093933e-02 9.609563946723937988e-01
-3.431477770209312439e-02 -2.966288663446903229e-02 9.639732241630554199e-01
-3.469862043857574463e-02 -2.676621451973915100e-02 9.665485620498657227e-01
-3.385249897837638855e-02 -2.510885894298553467e-02 9.690919518470764160e-01
-3.368483483791351318e-02 -2.360738441348075867e-02 9.658133983612060547e-01
-3.276334702968597412e-02 -2.265569940209388733e-02 9.475139975547790527e-01
-3.213251382112503052e-02 -2.210194244980812073e-02 9.384374022483825684e-01
-2.969716303050518036e-02 -2.208071574568748474e-02 9.460163116455078125e-01
