-1.337567716836929321e-02 -2.438443899154663086e-02 1.265385270118713379e+00
-1.082973182201385498e-02 -1.229133084416389465e-02 1.202338457107543945e+00
-1.851741969585418701e-02 -1.953508704900741577e-02 1.187302589416503906e+00
-1.467482000589370728e-02 -2.414871752262115479e-02 1.199948549270629883e+00
-2.003051340579986572e-03 -3.822344541549682617e-02 1.226076006889343262e+00
-5.859732627868652344e-03 -3.752334415912628174e-02 1.241403579711914062e+00
-3.182470798492431641e-03 -3.671143203973770142e-02 1.259274005889892578e+00
4.459135234355926514e-03 -3.923866897821426392e-02 1.275601983070373535e+00
1.026253402233123779e-02 -4.157771170139312744e-02 1.286729812622070312e+00
3.566145896911621094e-04 -2.881752699613571167e-02 1.342957615852355957e+00
-9.466432034969329834e-03 -1.782379671931266785e-02 1.379546165466308594e+00
-8.092112839221954346e-03 -1.893603801727294922e-02 1.370360136032104492e+00
-1.702485978603363037e-02 -1.947232335805892944e-02 1.401654124259948730e+00
-1.953292638063430786e-02 -1.473309099674224854e-02 1.369427680969238281e+00
-1.701321452856063843e-02 -1.522257924079895020e-02 1.355477571487426758e+00
-9.068183600902557373e-03 -2.414679527282714844e-02 1.346262812614440918e+00
-2.305497974157333374e-02 -2.345951646566390991e-02 1.357078671455383301e+00
-1.151517033576965332e-02 -1.406920701265335083e-02 1.380815744400024414e+00
-5.820129066705703735e-03 -9.339835494756698608e-03 1.396737217903137207e+00
-5.484223365783691406e-04 -1.577781140804290771e-02 1.374590754508972168e+00
9.850129485130310059e-03 -1.838361471891403198e-02 1.298778891563415527e+00
-2.750977873802185059e-03 -5.053803324699401855e-04 1.273951530456542969e+00
-2.364804223179817200e-02 7.295440882444381714e-03 1.283490657806396484e+00
-8.162099868059158325e-03 2.883907407522201538e-03 1.314605951309204102e+00
1.788297295570373535e-02 -1.898199319839477539e-02 1.388546943664550781e+00
1.877439022064208984e-02 -4.089477658271789551e-02 1.418830752372741699e+00
3.008827567100524902e-03 -5.986861139535903931e-02 1.453794717788696289e+00
-7.779277861118316650e-03 -4.436358809471130371e-02 1.443718433380126953e+00
-2.063372358679771423e-02 -3.358780592679977417e-02 1.433919548988342285e+00
-2.091833576560020447e-02 -3.363977372646331787e-02 1.426705837249755859e+00
-1.788301765918731689e-02 -3.300438076257705688e-02 1.421749591827392578e+00
-1.804091036319732666e-02 -3.559030592441558838e-02 1.410475969314575195e+00
-1.463820785284042358e-02 -4.344610869884490967e-02 1.407070040702819824e+00
-5.856383591890335083e-03 -5.217713117599487305e-02 1.434405446052551270e+00
-6.332471966743469238e-04 -5.229362100362777710e-02 1.444583535194396973e+00
2.584308385848999023e-04 -4.778872430324554443e-02 1.439352512359619141e+00
7.846802473068237305e-04 -4.980050027370452881e-02 1.440355658531188965e+00
2.764947712421417236e-03 -5.044784396886825562e-02 1.423941612243652344e+00
8.177049458026885986e-03 -5.627702921628952026e-02 1.384732484817504883e+00
9.875610470771789551e-03 -6.088300049304962158e-02 1.344487547874450684e+00
9.841226041316986084e-03 -5.551816523075103760e-02 1.320206999778747559e+00
8.248768746852874756e-03 -4.569428414106369019e-02 1.349684715270996094e+00
9.929813444614410400e-03 -2.723532915115356445e-02 1.336038112640380859e+00
1.017032563686370850e-02 -3.166095912456512451e-02 1.316212058067321777e+00
4.931643605232238770e-03 -3.854992985725402832e-02 1.331011295318603516e+00
-1.493975520133972168e-03 -4.462509602308273315e-02 1.345270276069641113e+00
-7.239457219839096069e-03 -5.250837653875350952e-02 1.362637162208557129e+00
-1.087772101163864136e-02 -3.474268317222595215e-02 1.354933381080627441e+00
-1.488381624221801758e-02 -2.289679646492004395e-02 1.329860210418701172e+00
-1.784227788448333740e-02 -1.617419347167015076e-02 1.311742067337036133e+00
-1.909688487648963928e-02 -1.369316130876541138e-02 1.303496956825256348e+00
-1.827519759535789490e-02 -1.414062827825546265e-02 1.328215003013610840e+00
-1.503097265958786011e-02 -1.675251871347427368e-02 1.328647971153259277e+00
-1.398983225226402283e-02 -1.809643954038619995e-02 1.317165255546569824e+00
-1.580521091818809509e-02 -1.603563502430915833e-02 1.322551369667053223e+00
-1.785972341895103455e-02 -1.397690176963806152e-02 1.343962550163269043e+00
-1.605631411075592041e-02 -1.537788659334182739e-02 1.344017386436462402e+00
-8.521493524312973022e-03 -2.043820172548294067e-02 1.328197717666625977e+00
-5.431033670902252197e-03 -2.406600862741470337e-02 1.343366622924804688e+00
-5.379602313041687012e-03 -2.502859383821487427e-02 1.371847391128540039e+00
-3.453604876995086670e-03 -2.471302449703216553e-02 1.388292074203491211e+00
-3.940351307392120361e-03 -2.344752103090286255e-02 1.393174290657043457e+00
-3.049969673156738281e-03 -2.415250986814498901e-02 1.392404675483703613e+00
-5.976255983114242554e-03 -2.615779638290405273e-02 1.394351959228515625e+00
-1.036946475505828857e-02 -2.923363447189331055e-02 1.399955391883850098e+00
-1.276797056198120117e-02 -2.905946969985961914e-02 1.391495823860168457e+00
-1.397210359573364258e-02 -2.687892317771911621e-02 1.375821948051452637e+00
-1.124964654445648193e-02 -2.605512738227844238e-02 1.352693080902099609e+00
-1.264476776123046875e-02 -3.076300024986267090e-02 1.353827953338623047e+00
-7.824555039405822754e-03 -3.167751431465148926e-02 1.337703824043273926e+00
-9.379476308822631836e-03 -2.827402949333190918e-02 1.310476899147033691e+00
-1.148509979248046875e-02 -2.388072013854980469e-02 1.312886595726013184e+00
-1.094755530357360840e-02 -2.915337681770324707e-02 1.302655100822448730e+00
-1.563000679016113281e-02 -3.350004553794860840e-02 1.332579970359802246e+00
-1.994994282722473145e-02 -3.613409399986267090e-02 1.373252034187316895e+00
-1.637573540210723877e-02 -3.599247336387634277e-02 1.403536438941955566e+00
-1.406395435333251953e-02 -4.166674613952636719e-02 1.416114687919616699e+00
-9.051062166690826416e-03 -5.224418640136718750e-02 1.428155541419982910e+00
-4.060760140419006348e-03 -5.709899961948394775e-02 1.434077024459838867e+00
-4.077844321727752686e-03 -5.552874505519866943e-02 1.400534272193908691e+00
-4.817292094230651855e-03 -4.655820131301879883e-02 1.371275544166564941e+00
-6.540358066558837891e-03 -3.897780179977416992e-02 1.341026544570922852e+00
-5.699098110198974609e-03 -3.657507896423339844e-02 1.283523201942443848e+00
-5.827553570270538330e-03 -3.967839479446411133e-02 1.232026338577270508e+00
3.565549850463867188e-04 -3.888015449047088623e-02 1.227931380271911621e+00
-3.906637430191040039e-03 -3.473153710365295410e-02 1.229313611984252930e+00
-1.299964264035224915e-02 -3.225100040435791016e-02 1.224999666213989258e+00
-2.194746583700180054e-02 -2.012314647436141968e-02 1.207732796669006348e+00
-2.568355575203895569e-02 -1.694153249263763428e-02 1.189841747283935547e+00
-2.641380205750465393e-02 -1.145773380994796753e-02 1.165102601051330566e+00
-2.065606787800788879e-02 -1.166318356990814209e-02 1.177155375480651855e+00
-1.267810538411140442e-02 -1.673686131834983826e-02 1.161664962768554688e+00
-6.432168185710906982e-03 -2.001547813415527344e-02 1.155643463134765625e+00
-3.905177116394042969e-03 -2.375031262636184692e-02 1.186341762542724609e+00
-2.142235636711120605e-03 -2.410255372524261475e-02 1.199907898902893066e+00
-4.984900355339050293e-03 -2.073698490858078003e-02 1.169322848320007324e+00
-8.950933814048767090e-03 -2.076800912618637085e-02 1.125914096832275391e+00
-1.000876352190971375e-02 -2.594692260026931763e-02 1.111316323280334473e+00
-9.044140577316284180e-03 -3.022733330726623535e-02 1.157422780990600586e+00
-3.614969551563262939e-03 -3.067411482334136963e-02 1.179230928421020508e+00
4.286222159862518311e-03 -2.731965482234954834e-02 1.191872358322143555e+00
5.510233342647552490e-03 -1.833362877368927002e-02 1.240912199020385742e+00
6.640486419200897217e-03 -2.004332095384597778e-02 1.265387654304504395e+00
2.792902290821075439e-03 -2.366861701011657715e-02 1.263608813285827637e+00
-2.350568771362304688e-03 -2.604731172323226929e-02 1.249051690101623535e+00
-8.764844387769699097e-03 -2.343707531690597534e-02 1.263905167579650879e+00
-1.252594217658042908e-02 -2.386332303285598755e-02 1.266018748283386230e+00
-7.465429604053497314e-03 -2.496596425771713257e-02 1.300415039062500000e+00
-1.320757344365119934e-02 -1.753621920943260193e-02 1.359175443649291992e+00
-1.525430008769035339e-02 -1.410136371850967407e-02 1.336632609367370605e+00
-4.384741187095642090e-03 -1.144418492913246155e-02 1.293252825736999512e+00
8.163169026374816895e-03 -1.584278419613838196e-02 1.247096776962280273e+00
1.059537380933761597e-02 -2.237606048583984375e-02 1.204329013824462891e+00
4.373006522655487061e-03 -2.587230503559112549e-02 1.191449403762817383e+00
-7.289126515388488770e-03 -2.015068382024765015e-02 1.184754967689514160e+00
-1.604983955621719360e-02 -4.042127728462219238e-02 1.290554404258728027e+00
-4.670602828264236450e-02 -2.888956665992736816e-02 1.359488725662231445e+00
-3.733585402369499207e-02 -8.202474564313888550e-03 1.279154658317565918e+00
-2.857178449630737305e-02 -1.749921962618827820e-02 1.152183890342712402e+00
-1.180179044604301453e-02 -3.928867727518081665e-02 1.213380455970764160e+00
2.849046885967254639e-02 -6.643429398536682129e-03 1.252589583396911621e+00
2.332174032926559448e-02 -1.900043711066246033e-02 1.304464936256408691e+00
1.289243251085281372e-02 -3.576468676328659058e-02 1.298842072486877441e+00
6.356060504913330078e-03 -3.938408195972442627e-02 1.305020093917846680e+00
-2.900861203670501709e-03 -4.198069125413894653e-02 1.320629954338073730e+00
-1.535050570964813232e-03 -4.512862116098403931e-02 1.352186799049377441e+00
-2.383679151535034180e-03 -4.390414804220199585e-02 1.367931246757507324e+00
-1.042596995830535889e-03 -4.133122414350509644e-02 1.366007089614868164e+00
-6.996914744377136230e-04 -3.877636790275573730e-02 1.343802809715270996e+00
3.935731947422027588e-03 -3.983525931835174561e-02 1.347177386283874512e+00
4.683911800384521484e-03 -4.206743836402893066e-02 1.408135890960693359e+00
5.414128303527832031e-03 -4.043373465538024902e-02 1.420630097389221191e+00
-1.003444194793701172e-03 -3.363761305809020996e-02 1.369984507560729980e+00
-8.640900254249572754e-03 -3.004074096679687500e-02 1.359480261802673340e+00
-8.858427405357360840e-03 -3.290235996246337891e-02 1.363421201705932617e+00
-6.433039903640747070e-03 -3.504750132560729980e-02 1.384195446968078613e+00
-8.530303835868835449e-03 -3.527057170867919922e-02 1.415821909904479980e+00
-1.076497137546539307e-02 -3.564047813415527344e-02 1.424216389656066895e+00
-1.160465180873870850e-02 -3.615579009056091309e-02 1.426100134849548340e+00
-1.343935728073120117e-02 -3.462472558021545410e-02 1.422704339027404785e+00
-1.635827124118804932e-02 -2.988418936729431152e-02 1.423632740974426270e+00
-1.672777533531188965e-02 -2.504923939704895020e-02 1.436787009239196777e+00
-2.100564539432525635e-02 -1.697435975074768066e-02 1.427461624145507812e+00
-2.216856181621551514e-02 -1.777830719947814941e-02 1.407258629798889160e+00
-1.182909309864044189e-02 -3.275272250175476074e-02 1.399744629859924316e+00
3.274232149124145508e-03 -4.271844029426574707e-02 1.377612233161926270e+00
1.885463297367095947e-02 -2.948318421840667725e-02 1.382515430450439453e+00
7.462285459041595459e-03 -3.205440938472747803e-02 1.427486062049865723e+00
2.020105719566345215e-03 -3.758867084980010986e-02 1.464687705039978027e+00
1.879729330539703369e-03 -3.669711947441101074e-02 1.490994215011596680e+00
1.350194960832595825e-02 -2.309367060661315918e-02 1.510084748268127441e+00
-2.089236304163932800e-02 -7.060047239065170288e-03 1.488492488861083984e+00
-1.237860694527626038e-02 -1.891832426190376282e-02 1.411760926246643066e+00
-3.242544829845428467e-03 -2.170091122388839722e-02 1.407062649726867676e+00
-2.541822940111160278e-02 -2.142837643623352051e-02 1.402167081832885742e+00
-2.334721386432647705e-03 -1.276006549596786499e-02 1.408669948577880859e+00
1.553473621606826782e-02 -1.341357082128524780e-02 1.411167263984680176e+00
1.372649520635604858e-02 -2.522005885839462280e-02 1.398880481719970703e+00
7.908396422863006592e-03 -3.088584542274475098e-02 1.387052774429321289e+00
4.079461097717285156e-03 -3.549006581306457520e-02 1.391925454139709473e+00
7.744900882244110107e-03 -4.630471765995025635e-02 1.433979988098144531e+00
1.023040711879730225e-02 -5.026946961879730225e-02 1.452239274978637695e+00
5.834162235260009766e-03 -4.200503975152969360e-02 1.433072447776794434e+00
7.199704647064208984e-03 -2.997932583093643188e-02 1.437594294548034668e+00
2.566236257553100586e-02 -2.059293538331985474e-02 1.453201055526733398e+00
1.693150401115417480e-02 -2.263223379850387573e-02 1.441339373588562012e+00
6.442323327064514160e-03 -2.313680946826934814e-02 1.431570410728454590e+00
-2.490393817424774170e-03 -1.584088057279586792e-02 1.421133518218994141e+00
-1.506429538130760193e-02 -1.751451566815376282e-02 1.382179498672485352e+00
-1.273476332426071167e-02 -8.561220020055770874e-03 1.368137359619140625e+00
-3.594666719436645508e-03 -8.858170360326766968e-03 1.356728672981262207e+00
-5.399905145168304443e-03 -9.035468101501464844e-03 1.359468936920166016e+00
-1.382520049810409546e-02 -7.360126823186874390e-03 1.379117369651794434e+00
-1.586762070655822754e-02 -1.041235402226448059e-02 1.398381352424621582e+00
-1.850974932312965393e-02 -1.417357847094535828e-02 1.407980322837829590e+00
-1.856666803359985352e-02 -1.631147414445877075e-02 1.387101888656616211e+00
-1.214347779750823975e-02 -1.837047562003135681e-02 1.398139119148254395e+00
-9.177178144454956055e-03 -1.575072854757308960e-02 1.416673660278320312e+00
-3.804095089435577393e-03 -1.609841734170913696e-02 1.406866669654846191e+00
-2.738453447818756104e-03 -2.160894125699996948e-02 1.401676297187805176e+00
-1.954118907451629639e-02 -8.555460721254348755e-03 1.411310315132141113e+00
-8.011318743228912354e-03 3.919318318367004395e-03 1.374857544898986816e+00
8.176244795322418213e-03 -1.004627346992492676e-02 1.368079304695129395e+00
2.363557368516921997e-02 -2.498113363981246948e-02 1.419698119163513184e+00
2.371295541524887085e-02 -2.661352604627609253e-02 1.424111604690551758e+00
2.169012278318405151e-02 -2.045888453722000122e-02 1.384456396102905273e+00
1.539774239063262939e-02 -1.538588851690292358e-02 1.368502616882324219e+00
1.613188534975051880e-02 -1.721403375267982483e-02 1.392672896385192871e+00
1.302181929349899292e-02 -1.404090598225593567e-02 1.372860431671142578e+00
8.563071489334106445e-03 -1.210856810212135315e-02 1.338933110237121582e+00
8.232697844505310059e-03 -1.784728467464447021e-02 1.364064693450927734e+00
1.092945784330368042e-02 -1.862857490777969360e-02 1.370682716369628906e+00
1.068857312202453613e-02 -1.667320728302001953e-02 1.370441436767578125e+00
1.313268393278121948e-02 -2.317975461483001709e-02 1.390766739845275879e+00
2.082528173923492432e-02 -2.254176139831542969e-02 1.376876235008239746e+00
1.094407588243484497e-02 -3.913131356239318848e-02 1.418832659721374512e+00
-8.770532906055450439e-03 -3.362841904163360596e-02 1.442970633506774902e+00
-2.290217578411102295e-02 -2.065941691398620605e-02 1.409151196479797363e+00
-1.724541187286376953e-02 -1.548644900321960449e-02 1.370675086975097656e+00
-1.431256532669067383e-02 -1.693096756935119629e-02 1.365265965461730957e+00
-1.339885592460632324e-02 -2.174770832061767578e-02 1.358390927314758301e+00
-9.583324193954467773e-03 -2.554967999458312988e-02 1.339613914489746094e+00
-1.050683856010437012e-02 -2.749285101890563965e-02 1.349003195762634277e+00
-1.615203917026519775e-02 -2.966484427452087402e-02 1.369064927101135254e+00
-2.012865245342254639e-02 -3.114375472068786621e-02 1.383609652519226074e+00
-1.871687173843383789e-02 -3.088337182998657227e-02 1.385326981544494629e+00
-1.101976633071899414e-02 -2.899780869483947754e-02 1.373237490653991699e+00
-9.755730628967285156e-03 -2.571108937263488770e-02 1.375059247016906738e+00
-1.443046331405639648e-02 -3.103330731391906738e-02 1.405896663665771484e+00
-1.526819169521331787e-02 -3.318783640861511230e-02 1.417692661285400391e+00
-1.481771469116210938e-02 -2.678927779197692871e-02 1.430648803710937500e+00
-1.260694861412048340e-02 -2.645137906074523926e-02 1.413240313529968262e+00
-1.307161152362823486e-02 -2.820795774459838867e-02 1.397066950798034668e+00
-1.908315718173980713e-02 -2.502098679542541504e-02 1.372150897979736328e+00
-2.669131755828857422e-02 -2.075004577636718750e-02 1.353673458099365234e+00
-3.039563819766044617e-02 -2.586615085601806641e-02 1.373567104339599609e+00
-1.213126629590988159e-02 -3.366632014513015747e-02 1.385981678962707520e+00
4.670828580856323242e-03 -5.404683947563171387e-02 1.405820846557617188e+00
5.124345421791076660e-03 -3.779513388872146606e-02 1.416447758674621582e+00
-3.737360239028930664e-03 -1.544130221009254456e-02 1.427889823913574219e+00
-1.286401227116584778e-02 -3.792390227317810059e-02 1.426746249198913574e+00
5.319453775882720947e-03 -4.651455581188201904e-02 1.505510449409484863e+00
1.487217843532562256e-03 -2.359376102685928345e-02 1.483106136322021484e+00
3.308385610580444336e-03 -1.770189777016639709e-02 1.459955215454101562e+00
-6.098456680774688721e-03 -1.467506960034370422e-02 1.459218025207519531e+00
-2.276731655001640320e-02 -1.710291951894760132e-03 1.444739937782287598e+00
-2.310867235064506531e-02 -4.303269088268280029e-04 1.477941155433654785e+00
-1.316437125205993652e-02 4.965830594301223755e-03 1.463149666786193848e+00
-1.612914353609085083e-02 3.643609583377838135e-03 1.452167034149169922e+00
-1.502995938062667847e-02 -4.076741635799407959e-03 1.443465709686279297e+00
-4.700414836406707764e-03 -5.849670618772506714e-03 1.447150349617004395e+00
6.931081414222717285e-03 -1.460608094930648804e-03 1.468809485435485840e+00
5.786985158920288086e-03 -7.162030786275863647e-03 1.476928591728210449e+00
3.278791904449462891e-03 -7.492814213037490845e-03 1.484792947769165039e+00
1.069959998130798340e-02 -6.791625171899795532e-03 1.460279107093811035e+00
1.877727359533309937e-02 -2.170033752918243408e-02 1.455192327499389648e+00
1.156828552484512329e-02 -2.126591652631759644e-02 1.451215147972106934e+00
2.127742022275924683e-02 -1.798499375581741333e-02 1.455317854881286621e+00
1.063933223485946655e-02 -1.694929972290992737e-02 1.460677266120910645e+00
2.228097617626190186e-02 -1.945043355226516724e-02 1.452009797096252441e+00
8.755624294281005859e-03 -1.613489910960197449e-02 1.422023653984069824e+00
-4.573963582515716553e-03 -2.160716801881790161e-02 1.416564106941223145e+00
-1.547497883439064026e-02 -2.514758706092834473e-02 1.440546751022338867e+00
-1.720068231225013733e-02 -3.198561072349548340e-02 1.452281713485717773e+00
-1.145216450095176697e-02 -2.483749389648437500e-02 1.428013801574707031e+00
-5.405373871326446533e-03 -3.427811712026596069e-02 1.457008719444274902e+00
5.105353891849517822e-03 -3.553499281406402588e-02 1.472792148590087891e+00
7.320247590541839600e-03 -1.894101500511169434e-02 1.463451147079467773e+00
1.990149915218353271e-02 -1.315806433558464050e-02 1.470652103424072266e+00
8.665233850479125977e-03 -2.935192734003067017e-02 1.474168658256530762e+00
-1.160868257284164429e-02 -2.765884995460510254e-02 1.413463592529296875e+00
-2.382322400808334351e-02 -1.331564038991928101e-02 1.371284246444702148e+00
-2.307840064167976379e-02 -2.321029454469680786e-02 1.384465932846069336e+00
-2.557167783379554749e-02 -2.035374194383621216e-02 1.348934531211853027e+00
-2.756812795996665955e-02 -1.620985567569732666e-02 1.352822780609130859e+00
-2.361366525292396545e-02 -1.305567100644111633e-02 1.314558148384094238e+00
-3.007210791110992432e-02 -8.631486445665359497e-03 1.299868941307067871e+00
-3.078331053256988525e-02 -1.469196379184722900e-02 1.295690417289733887e+00
-2.002616226673126221e-02 -1.254128664731979370e-02 1.236849904060363770e+00
-2.460396289825439453e-02 -1.765055954456329346e-02 1.253595113754272461e+00
-2.963164448738098145e-02 -1.839361712336540222e-02 1.237751364707946777e+00
-1.776205003261566162e-02 -3.372760862112045288e-02 1.258448481559753418e+00
-1.754324883222579956e-02 -2.798171341419219971e-02 1.279587268829345703e+00
-1.454344391822814941e-02 -2.097042649984359741e-02 1.282659173011779785e+00
-1.183699071407318115e-02 -2.302930504083633423e-02 1.323964238166809082e+00
-4.402697086334228516e-03 -1.682806760072708130e-02 1.287791490554809570e+00
-1.794916391372680664e-02 -1.793789118528366089e-02 1.361773490905761719e+00
1.137405633926391602e-04 -2.536364644765853882e-02 1.357416868209838867e+00
1.415354013442993164e-02 -3.143991529941558838e-02 1.347192645072937012e+00
4.464350640773773193e-03 -3.441858291625976562e-02 1.358782172203063965e+00
