2.471720576286315918e-01 -6.118099763989448547e-02 -2.119088470935821533e-01 -1.299751996994018555e-01 1.755085587501525879e-01 -4.865703880786895752e-01
2.448506057262420654e-01 -5.658175423741340637e-02 -2.124930322170257568e-01 -1.231964826583862305e-01 1.804273724555969238e-01 -4.910981655120849609e-01
2.435685247182846069e-01 -5.338187888264656067e-02 -2.083301991224288940e-01 -1.252145767211914062e-01 1.754331886768341064e-01 -4.827009439468383789e-01
2.429519891738891602e-01 -5.027632787823677063e-02 -2.021868824958801270e-01 -1.329473257064819336e-01 1.629791557788848877e-01 -4.621549844741821289e-01
2.449752539396286011e-01 -5.416430905461311340e-02 -1.994608193635940552e-01 -1.412179023027420044e-01 1.546378731727600098e-01 -4.387167096138000488e-01
2.521028220653533936e-01 -5.633591488003730774e-02 -2.009083330631256104e-01 -1.400656700134277344e-01 1.531431376934051514e-01 -4.413902163505554199e-01
2.526625096797943115e-01 -5.282058194279670715e-02 -2.010193020105361938e-01 -1.414868086576461792e-01 1.546129286289215088e-01 -4.432683587074279785e-01
2.467357218265533447e-01 -4.807021096348762512e-02 -1.994744241237640381e-01 -1.463640183210372925e-01 1.535577476024627686e-01 -4.367279112339019775e-01
2.393866777420043945e-01 -4.047041013836860657e-02 -1.973612904548645020e-01 -1.516088396310806274e-01 1.521130800247192383e-01 -4.281405508518218994e-01
2.335603535175323486e-01 -3.061838820576667786e-02 -1.938395202159881592e-01 -1.543284952640533447e-01 1.550221741199493408e-01 -4.259859025478363037e-01
2.197712063789367676e-01 -1.794319227337837219e-02 -1.892776489257812500e-01 -1.568522453308105469e-01 1.620147824287414551e-01 -4.252887666225433350e-01
2.089193910360336304e-01 -4.533100873231887817e-03 -1.878444850444793701e-01 -1.661372631788253784e-01 1.611801087856292725e-01 -4.178184270858764648e-01
2.098808288574218750e-01 -5.016673356294631958e-03 -1.943181157112121582e-01 -1.681626588106155396e-01 1.702435910701751709e-01 -4.183497428894042969e-01
2.171565443277359009e-01 -1.242711022496223450e-02 -1.964509189128875732e-01 -1.678338199853897095e-01 1.706780493259429932e-01 -4.151895046234130859e-01
2.316373139619827271e-01 -2.541874721646308899e-02 -2.000200003385543823e-01 -1.706838309764862061e-01 1.702900230884552002e-01 -4.109912514686584473e-01
2.393572330474853516e-01 -2.981494739651679993e-02 -2.051422894001007080e-01 -1.728118509054183960e-01 1.743455231189727783e-01 -3.989282548427581787e-01
2.354687750339508057e-01 -3.151674941182136536e-02 -2.120207250118255615e-01 -1.749857962131500244e-01 1.910526454448699951e-01 -3.831812441349029541e-01
2.281587719917297363e-01 -3.065510466694831848e-02 -2.112087905406951904e-01 -1.776673644781112671e-01 1.952665746212005615e-01 -3.827005028724670410e-01
2.256354689598083496e-01 -3.043525293469429016e-02 -2.055122107267379761e-01 -1.786801666021347046e-01 1.869891583919525146e-01 -3.909537196159362793e-01
2.207121700048446655e-01 -3.091939166188240051e-02 -2.071096003055572510e-01 -1.697241365909576416e-01 1.908482909202575684e-01 -3.860721290111541748e-01
2.161258161067962646e-01 -3.283431008458137512e-02 -2.012679576873779297e-01 -1.603940427303314209e-01 1.802209615707397461e-01 -4.045770764350891113e-01
2.266627252101898193e-01 -4.351972416043281555e-02 -1.982625126838684082e-01 -1.567291170358657837e-01 1.748759448528289795e-01 -4.066735506057739258e-01
2.381375432014465332e-01 -5.940190702676773071e-02 -2.095648050308227539e-01 -1.614347696304321289e-01 1.832536160945892334e-01 -3.971141874790191650e-01
2.457916438579559326e-01 -6.180949881672859192e-02 -2.155371308326721191e-01 -1.759910732507705688e-01 1.797455549240112305e-01 -3.837782740592956543e-01
2.463148683309555054e-01 -5.566463619470596313e-02 -2.220733761787414551e-01 -1.793012768030166626e-01 1.840464472770690918e-01 -3.591985106468200684e-01
2.476749122142791748e-01 -5.791691318154335022e-02 -2.262898087501525879e-01 -1.770330518484115601e-01 1.866486668586730957e-01 -3.524708449840545654e-01
2.483132183551788330e-01 -6.190776452422142029e-02 -2.319618314504623413e-01 -1.699422448873519897e-01 1.885804235935211182e-01 -3.497749865055084229e-01
2.440366595983505249e-01 -5.991393327713012695e-02 -2.381038814783096313e-01 -1.578434407711029053e-01 1.935506165027618408e-01 -3.481657803058624268e-01
2.393148094415664673e-01 -5.532097816467285156e-02 -2.411387115716934204e-01 -1.536211073398590088e-01 1.977429091930389404e-01 -3.480711877346038818e-01
2.363734841346740723e-01 -5.260015279054641724e-02 -2.420667707920074463e-01 -1.526437699794769287e-01 2.000357806682586670e-01 -3.473326265811920166e-01
2.344699800014495850e-01 -5.179869383573532104e-02 -2.420713156461715698e-01 -1.511768251657485962e-01 1.995895802974700928e-01 -3.445707559585571289e-01
2.317426353693008423e-01 -4.902969300746917725e-02 -2.429023236036300659e-01 -1.498404741287231445e-01 2.003068923950195312e-01 -3.424765169620513916e-01
2.332896292209625244e-01 -5.066847801208496094e-02 -2.448316216468811035e-01 -1.507782042026519775e-01 2.014799714088439941e-01 -3.429779410362243652e-01
2.367404550313949585e-01 -5.172536894679069519e-02 -2.470453530550003052e-01 -1.550800502300262451e-01 2.032808661460876465e-01 -3.327442407608032227e-01
2.408944964408874512e-01 -5.448972433805465698e-02 -2.443975806236267090e-01 -1.572934687137603760e-01 2.025703489780426025e-01 -3.309006989002227783e-01
2.426214963197708130e-01 -5.700454115867614746e-02 -2.418323457241058350e-01 -1.569403707981109619e-01 2.034982442855834961e-01 -3.366168439388275146e-01
2.407398223876953125e-01 -5.159220471978187561e-02 -2.408503144979476929e-01 -1.566407829523086548e-01 2.074403762817382812e-01 -3.357481360435485840e-01
2.377756237983703613e-01 -4.728426039218902588e-02 -2.390504479408264160e-01 -1.575520485639572144e-01 2.086998224258422852e-01 -3.353183567523956299e-01
2.323431670665740967e-01 -4.167366772890090942e-02 -2.355387657880783081e-01 -1.572911590337753296e-01 2.069637179374694824e-01 -3.375176787376403809e-01
2.279075980186462402e-01 -3.653798624873161316e-02 -2.322170585393905640e-01 -1.569608747959136963e-01 2.071228325366973877e-01 -3.479919731616973877e-01
2.238956689834594727e-01 -3.198361396789550781e-02 -2.283210456371307373e-01 -1.550857275724411011e-01 2.045706212520599365e-01 -3.560798764228820801e-01
2.240014821290969849e-01 -3.007106855511665344e-02 -2.256954610347747803e-01 -1.597086936235427856e-01 2.039146721363067627e-01 -3.562442362308502197e-01
2.271817773580551147e-01 -3.385881334543228149e-02 -2.288742512464523315e-01 -1.675870865583419800e-01 2.083717286586761475e-01 -3.588857948780059814e-01
2.307401448488235474e-01 -4.042353481054306030e-02 -2.323765605688095093e-01 -1.713962107896804810e-01 2.099229991436004639e-01 -3.677735030651092529e-01
2.395400553941726685e-01 -5.281917750835418701e-02 -2.379658669233322144e-01 -1.738680899143218994e-01 2.112959325313568115e-01 -3.696012198925018311e-01
2.488275468349456787e-01 -6.643749773502349854e-02 -2.427141517400741577e-01 -1.734256446361541748e-01 2.120426595211029053e-01 -3.651961684226989746e-01
2.484527826309204102e-01 -6.971167773008346558e-02 -2.427037060260772705e-01 -1.677098721265792847e-01 2.072318196296691895e-01 -3.626986145973205566e-01
2.408787757158279419e-01 -6.432323157787322998e-02 -2.399014532566070557e-01 -1.593120247125625610e-01 2.049295008182525635e-01 -3.664979934692382812e-01
2.346739172935485840e-01 -5.811657011508941650e-02 -2.385963648557662964e-01 -1.527695506811141968e-01 2.065979540348052979e-01 -3.707436621189117432e-01
2.304778248071670532e-01 -5.299631506204605103e-02 -2.379381209611892700e-01 -1.477543711662292480e-01 2.070571184158325195e-01 -3.837970793247222900e-01
2.295538932085037231e-01 -5.168896168470382690e-02 -2.404552251100540161e-01 -1.434885859489440918e-01 2.093473076820373535e-01 -3.905912935733795166e-01
2.336566001176834106e-01 -5.601308494806289673e-02 -2.423111349344253540e-01 -1.422925591468811035e-01 2.083033621311187744e-01 -3.885937929153442383e-01
2.389228194952011108e-01 -6.019074469804763794e-02 -2.427863925695419312e-01 -1.423643976449966431e-01 2.068326473236083984e-01 -3.881030082702636719e-01
2.393619865179061890e-01 -6.171327084302902222e-02 -2.435710132122039795e-01 -1.431294828653335571e-01 2.052368521690368652e-01 -3.829447329044342041e-01
2.405896782875061035e-01 -6.443567574024200439e-02 -2.404639571905136108e-01 -1.396855115890502930e-01 2.013664543628692627e-01 -3.912793695926666260e-01
2.421544492244720459e-01 -6.786177307367324829e-02 -2.414789199829101562e-01 -1.381934434175491333e-01 2.013818025588989258e-01 -3.945367932319641113e-01
2.416744828224182129e-01 -6.989617645740509033e-02 -2.418931722640991211e-01 -1.364635974168777466e-01 2.002285420894622803e-01 -3.886912763118743896e-01
2.432824671268463135e-01 -6.913495808839797974e-02 -2.425440549850463867e-01 -1.407094150781631470e-01 2.005215287208557129e-01 -3.801076710224151611e-01
2.461435347795486450e-01 -6.957375258207321167e-02 -2.439110279083251953e-01 -1.448926925659179688e-01 2.000345289707183838e-01 -3.715580999851226807e-01
2.499685585498809814e-01 -7.220535725355148315e-02 -2.455702871084213257e-01 -1.470570415258407593e-01 2.016527950763702393e-01 -3.722251057624816895e-01
2.514481246471405029e-01 -7.197035104036331177e-02 -2.463178187608718872e-01 -1.470341533422470093e-01 2.029714882373809814e-01 -3.720969259738922119e-01
2.475692331790924072e-01 -6.824907660484313965e-02 -2.454236745834350586e-01 -1.433449685573577881e-01 2.035192847251892090e-01 -3.734644949436187744e-01
2.454116642475128174e-01 -6.542054563760757446e-02 -2.450002878904342651e-01 -1.439517289400100708e-01 2.027236819267272949e-01 -3.726082146167755127e-01
2.428171783685684204e-01 -6.108756735920906067e-02 -2.447646111249923706e-01 -1.450331807136535645e-01 2.039103806018829346e-01 -3.641648888587951660e-01
2.395347207784652710e-01 -5.707730725407600403e-02 -2.418482005596160889e-01 -1.467818468809127808e-01 2.024535834789276123e-01 -3.639599978923797607e-01
2.388770133256912231e-01 -5.652962997555732727e-02 -2.418247163295745850e-01 -1.487310081720352173e-01 2.040041089057922363e-01 -3.678660988807678223e-01
2.395313382148742676e-01 -5.829893425107002258e-02 -2.423564493656158447e-01 -1.490301340818405151e-01 2.033607959747314453e-01 -3.673309683799743652e-01
2.433203458786010742e-01 -6.193782761693000793e-02 -2.413248121738433838e-01 -1.526017636060714722e-01 2.012695074081420898e-01 -3.756468594074249268e-01
2.476467490196228027e-01 -6.495361030101776123e-02 -2.405079305171966553e-01 -1.590008139610290527e-01 1.974272429943084717e-01 -3.698676526546478271e-01
2.487370669841766357e-01 -6.830020248889923096e-02 -2.374777942895889282e-01 -1.627683192491531372e-01 1.913584768772125244e-01 -3.658650517463684082e-01
2.454937696456909180e-01 -6.714095175266265869e-02 -2.321910113096237183e-01 -1.607826948165893555e-01 1.887591183185577393e-01 -3.728440701961517334e-01
2.389554977416992188e-01 -5.992658808827400208e-02 -2.279234528541564941e-01 -1.562045514583587646e-01 1.898633241653442383e-01 -3.738040924072265625e-01
2.397480905055999756e-01 -5.736209824681282043e-02 -2.277354449033737183e-01 -1.563123911619186401e-01 1.909329891204833984e-01 -3.674578070640563965e-01
2.437756061553955078e-01 -6.197019293904304504e-02 -2.297099828720092773e-01 -1.559672206640243530e-01 1.910086572170257568e-01 -3.573892712593078613e-01
2.447555661201477051e-01 -6.459076702594757080e-02 -2.277970314025878906e-01 -1.541058272123336792e-01 1.877690553665161133e-01 -3.534062206745147705e-01
2.448223978281021118e-01 -6.497503817081451416e-02 -2.262126803398132324e-01 -1.536004394292831421e-01 1.853749752044677734e-01 -3.537415564060211182e-01
2.420534342527389526e-01 -6.372313201427459717e-02 -2.246288061141967773e-01 -1.486854404211044312e-01 1.861984431743621826e-01 -3.655296862125396729e-01
2.430830597877502441e-01 -6.828413903713226318e-02 -2.261369824409484863e-01 -1.502763926982879639e-01 1.833291053771972656e-01 -3.666013181209564209e-01
2.493721246719360352e-01 -7.888220250606536865e-02 -2.287431657314300537e-01 -1.549421995878219604e-01 1.833230853080749512e-01 -3.725887238979339600e-01
2.533955574035644531e-01 -8.638931810855865479e-02 -2.305903881788253784e-01 -1.595021337270736694e-01 1.810767054557800293e-01 -3.812400698661804199e-01
2.561801075935363770e-01 -9.223373234272003174e-02 -2.333938777446746826e-01 -1.605919599533081055e-01 1.820162534713745117e-01 -3.905392885208129883e-01
2.573380172252655029e-01 -9.194134175777435303e-02 -2.340734899044036865e-01 -1.629299521446228027e-01 1.862353384494781494e-01 -3.972555696964263916e-01
2.581568360328674316e-01 -9.145568311214447021e-02 -2.307083904743194580e-01 -1.660774052143096924e-01 1.836252212524414062e-01 -4.031631052494049072e-01
2.610914707183837891e-01 -9.118343889713287354e-02 -2.277633845806121826e-01 -1.649153083562850952e-01 1.825785040855407715e-01 -4.093941748142242432e-01
2.555364370346069336e-01 -8.623807132244110107e-02 -2.278626263141632080e-01 -1.618394404649734497e-01 1.893138885498046875e-01 -4.126572012901306152e-01
2.471407949924468994e-01 -7.806964218616485596e-02 -2.273740172386169434e-01 -1.603700220584869385e-01 1.929907202720642090e-01 -4.074694514274597168e-01
2.434886991977691650e-01 -6.911544501781463623e-02 -2.287608087062835693e-01 -1.510318964719772339e-01 1.968884468078613281e-01 -4.140130281448364258e-01
2.412097007036209106e-01 -6.441625207662582397e-02 -2.297855317592620850e-01 -1.403643488883972168e-01 1.990346610546112061e-01 -4.130899906158447266e-01
2.383817583322525024e-01 -5.740683153271675110e-02 -2.316204458475112915e-01 -1.306093186140060425e-01 1.990474760532379150e-01 -4.054420292377471924e-01
2.411646991968154907e-01 -5.319762602448463440e-02 -2.306689918041229248e-01 -1.240689754486083984e-01 1.985728442668914795e-01 -4.098686575889587402e-01
2.436943501234054565e-01 -5.167081952095031738e-02 -2.314601689577102661e-01 -1.226277649402618408e-01 2.018980979919433594e-01 -4.120124876499176025e-01
2.441035658121109009e-01 -4.947520047426223755e-02 -2.338145077228546143e-01 -1.213415563106536865e-01 2.064037621021270752e-01 -4.173512458801269531e-01
2.449554651975631714e-01 -4.664349183440208435e-02 -2.339829951524734497e-01 -1.238282620906829834e-01 2.066319584846496582e-01 -4.235320985317230225e-01
2.457271963357925415e-01 -4.234466329216957092e-02 -2.330771386623382568e-01 -1.205498725175857544e-01 2.052481770515441895e-01 -4.229554533958435059e-01
2.451961487531661987e-01 -4.244519025087356567e-02 -2.318669557571411133e-01 -1.188846081495285034e-01 2.016862332820892334e-01 -4.278090596199035645e-01
2.426896989345550537e-01 -4.276488721370697021e-02 -2.306860685348510742e-01 -1.198494434356689453e-01 1.985222697257995605e-01 -4.361662864685058594e-01
2.430911064147949219e-01 -4.500436782836914062e-02 -2.296546995639801025e-01 -1.230790913105010986e-01 1.997340023517608643e-01 -4.499141573905944824e-01
2.477196455001831055e-01 -4.744452983140945435e-02 -2.281306236982345581e-01 -1.210923939943313599e-01 2.022820413112640381e-01 -4.582794904708862305e-01
2.548365294933319092e-01 -4.893057420849800110e-02 -2.283752262592315674e-01 -1.170308738946914673e-01 2.031399607658386230e-01 -4.578633904457092285e-01
2.575442492961883545e-01 -4.688437283039093018e-02 -2.244267761707305908e-01 -1.150102168321609497e-01 1.987534463405609131e-01 -4.602556228637695312e-01
2.567225396633148193e-01 -4.640376567840576172e-02 -2.230060696601867676e-01 -1.169546991586685181e-01 1.956507861614227295e-01 -4.567592740058898926e-01
2.591945827007293701e-01 -5.026881024241447449e-02 -2.223430573940277100e-01 -1.248665750026702881e-01 1.873733699321746826e-01 -4.449952244758605957e-01
2.606009840965270996e-01 -5.855705589056015015e-02 -2.232537120580673218e-01 -1.260340511798858643e-01 1.829203963279724121e-01 -4.437496066093444824e-01
2.563480436801910400e-01 -5.992359668016433716e-02 -2.221136689186096191e-01 -1.234818100929260254e-01 1.839337348937988281e-01 -4.520803689956665039e-01
2.519211471080780029e-01 -5.860158801078796387e-02 -2.208618074655532837e-01 -1.258090138435363770e-01 1.867732703685760498e-01 -4.564213156700134277e-01
2.506389021873474121e-01 -5.962071567773818970e-02 -2.187054753303527832e-01 -1.260164380073547363e-01 1.858032643795013428e-01 -4.590623080730438232e-01
2.564212977886199951e-01 -6.647484004497528076e-02 -2.192589193582534790e-01 -1.260226517915725708e-01 1.871600151062011719e-01 -4.557167589664459229e-01
2.527028918266296387e-01 -6.584648042917251587e-02 -2.178060114383697510e-01 -1.284020543098449707e-01 1.850248277187347412e-01 -4.428687691688537598e-01
2.429531365633010864e-01 -5.540721490979194641e-02 -2.133911103010177612e-01 -1.301093995571136475e-01 1.807806491851806641e-01 -4.243027865886688232e-01
2.340172976255416870e-01 -4.908844828605651855e-02 -2.119254171848297119e-01 -1.328288912773132324e-01 1.772170066833496094e-01 -4.202280044555664062e-01
2.340235412120819092e-01 -5.220023915171623230e-02 -2.066429853439331055e-01 -1.405905932188034058e-01 1.656532585620880127e-01 -4.149336516857147217e-01
2.363829314708709717e-01 -6.153324246406555176e-02 -2.034640312194824219e-01 -1.486619263887405396e-01 1.572427153587341309e-01 -4.295012950897216797e-01
2.316270321607589722e-01 -6.195860356092453003e-02 -1.910102814435958862e-01 -1.544391214847564697e-01 1.456325948238372803e-01 -4.412308037281036377e-01
2.269551604986190796e-01 -4.709509015083312988e-02 -1.796250492334365845e-01 -1.555924266576766968e-01 1.372716128826141357e-01 -4.462048709392547607e-01
2.269156575202941895e-01 -4.791962355375289917e-02 -1.845079809427261353e-01 -1.558831781148910522e-01 1.380499303340911865e-01 -4.213847815990447998e-01
2.329107373952865601e-01 -5.367691069841384888e-02 -1.965210586786270142e-01 -1.602843999862670898e-01 1.461120247840881348e-01 -3.887379467487335205e-01
2.370701134204864502e-01 -5.361400544643402100e-02 -2.003394514322280884e-01 -1.546862125396728516e-01 1.553401052951812744e-01 -3.920872211456298828e-01
2.181716412305831909e-01 -2.519039437174797058e-02 -1.947202831506729126e-01 -1.431091874837875366e-01 1.677840054035186768e-01 -4.327918589115142822e-01
2.085613012313842773e-01 -9.572990238666534424e-03 -1.914085000753402710e-01 -1.387108713388442993e-01 1.669277548789978027e-01 -4.310294985771179199e-01
2.131547629833221436e-01 -1.756437122821807861e-02 -1.938803642988204956e-01 -1.437844485044479370e-01 1.619557142257690430e-01 -4.304682314395904541e-01
2.275111675262451172e-01 -3.569224104285240173e-02 -2.089478373527526855e-01 -1.541230380535125732e-01 1.640115082263946533e-01 -3.726236224174499512e-01
2.360298037528991699e-01 -4.536855593323707581e-02 -2.154423445463180542e-01 -1.571904569864273071e-01 1.694132089614868164e-01 -3.524147272109985352e-01
2.339597046375274658e-01 -4.300446808338165283e-02 -2.181814759969711304e-01 -1.573792397975921631e-01 1.760176420211791992e-01 -3.530643582344055176e-01
2.273702174425125122e-01 -4.076040908694267273e-02 -2.236198037862777710e-01 -1.515461057424545288e-01 1.870337724685668945e-01 -3.488234579563140869e-01
2.203053683042526245e-01 -3.676066547632217407e-02 -2.212720066308975220e-01 -1.526040881872177124e-01 1.894004940986633301e-01 -3.552616238594055176e-01
2.172459810972213745e-01 -3.390052914619445801e-02 -2.246278673410415649e-01 -1.522556841373443604e-01 1.947645246982574463e-01 -3.565727472305297852e-01
2.168885469436645508e-01 -3.465700894594192505e-02 -2.274872064590454102e-01 -1.506596952676773071e-01 1.974020302295684814e-01 -3.549095094203948975e-01
2.176897674798965454e-01 -3.301989287137985229e-02 -2.275144308805465698e-01 -1.520662307739257812e-01 1.982539296150207520e-01 -3.501691520214080811e-01
2.170711159706115723e-01 -2.859299257397651672e-02 -2.266402542591094971e-01 -1.539919525384902954e-01 1.986824572086334229e-01 -3.451360762119293213e-01
2.183157354593276978e-01 -3.604962304234504700e-02 -2.244353890419006348e-01 -1.560154855251312256e-01 1.950401961803436279e-01 -3.442201316356658936e-01
2.202606797218322754e-01 -4.419435933232307434e-02 -2.287584841251373291e-01 -1.556769162416458130e-01 1.979278922080993652e-01 -3.463615477085113525e-01
2.181090265512466431e-01 -3.713997080922126770e-02 -2.312895953655242920e-01 -1.512256115674972534e-01 2.046627998352050781e-01 -3.554696440696716309e-01
2.140765190124511719e-01 -2.810670807957649231e-02 -2.302217930555343628e-01 -1.454020440578460693e-01 2.056798338890075684e-01 -3.611268401145935059e-01
2.106005102396011353e-01 -2.486117556691169739e-02 -2.277871072292327881e-01 -1.445092409849166870e-01 2.009667754173278809e-01 -3.579245209693908691e-01
2.123574316501617432e-01 -2.793737128376960754e-02 -2.282333076000213623e-01 -1.479569375514984131e-01 1.996431946754455566e-01 -3.556900024414062500e-01
2.170269787311553955e-01 -3.325678780674934387e-02 -2.303592711687088013e-01 -1.534748673439025879e-01 2.024070620536804199e-01 -3.597356081008911133e-01
2.178988158702850342e-01 -3.284429386258125305e-02 -2.300783842802047729e-01 -1.566274464130401611e-01 2.041758596897125244e-01 -3.634859919548034668e-01
2.174667716026306152e-01 -3.169311955571174622e-02 -2.299862802028656006e-01 -1.553747355937957764e-01 2.044239044189453125e-01 -3.644519150257110596e-01
2.191543579101562500e-01 -3.263248875737190247e-02 -2.310347557067871094e-01 -1.546271443367004395e-01 2.043880820274353027e-01 -3.581555485725402832e-01
2.205701470375061035e-01 -3.335811570286750793e-02 -2.308641076087951660e-01 -1.524951606988906860e-01 2.006686329841613770e-01 -3.508496880531311035e-01
2.207202315330505371e-01 -3.268503025174140930e-02 -2.278576940298080444e-01 -1.489305943250656128e-01 1.949052512645721436e-01 -3.523473143577575684e-01
2.185677438974380493e-01 -3.097252920269966125e-02 -2.294740676879882812e-01 -1.460090875625610352e-01 1.966792047023773193e-01 -3.486686348915100098e-01
2.137314677238464355e-01 -2.914505079388618469e-02 -2.294603735208511353e-01 -1.451210826635360718e-01 1.985746026039123535e-01 -3.563979566097259521e-01
2.125978171825408936e-01 -2.741374447941780090e-02 -2.282323688268661499e-01 -1.470005810260772705e-01 1.982518732547760010e-01 -3.573786914348602295e-01
2.165145576000213623e-01 -2.667116001248359680e-02 -2.247524112462997437e-01 -1.556672602891921997e-01 1.942544877529144287e-01 -3.437590301036834717e-01
2.304914295673370361e-01 -3.594224527478218079e-02 -2.193433940410614014e-01 -1.705530285835266113e-01 1.843135058879852295e-01 -3.352556824684143066e-01
2.414603829383850098e-01 -4.457719996571540833e-02 -2.207489907741546631e-01 -1.792553663253784180e-01 1.816583871841430664e-01 -3.361448049545288086e-01
2.375412285327911377e-01 -4.378836229443550110e-02 -2.260241508483886719e-01 -1.737409234046936035e-01 1.935489177703857422e-01 -3.407157957553863525e-01
2.313367128372192383e-01 -3.990851715207099915e-02 -2.287196516990661621e-01 -1.664540916681289673e-01 1.991727352142333984e-01 -3.422866463661193848e-01
2.288380265235900879e-01 -3.664265945553779602e-02 -2.280067056417465210e-01 -1.599287986755371094e-01 1.970473527908325195e-01 -3.443952500820159912e-01
2.301406264305114746e-01 -3.352278470993041992e-02 -2.244384586811065674e-01 -1.649277359247207642e-01 1.923123300075531006e-01 -3.462251126766204834e-01
2.406971454620361328e-01 -3.779372200369834900e-02 -2.161515355110168457e-01 -1.785401403903961182e-01 1.787747442722320557e-01 -3.653897643089294434e-01
2.516190111637115479e-01 -3.918006271123886108e-02 -2.105301469564437866e-01 -1.854028999805450439e-01 1.660684049129486084e-01 -3.722728788852691650e-01
2.543258070945739746e-01 -3.941712155938148499e-02 -2.139654904603958130e-01 -1.823297888040542603e-01 1.689220666885375977e-01 -3.551664650440216064e-01
2.510876357555389404e-01 -4.159823805093765259e-02 -2.213801890611648560e-01 -1.842908263206481934e-01 1.797349750995635986e-01 -3.394078314304351807e-01
2.438622713088989258e-01 -3.903074935078620911e-02 -2.278020679950714111e-01 -1.812141984701156616e-01 1.875867247581481934e-01 -3.239125311374664307e-01
2.379055023193359375e-01 -3.447164222598075867e-02 -2.318660169839859009e-01 -1.741338372230529785e-01 1.924256384372711182e-01 -3.163072168827056885e-01
2.328049540519714355e-01 -2.748349681496620178e-02 -2.349522709846496582e-01 -1.684588938951492310e-01 1.998934447765350342e-01 -3.081050515174865723e-01
2.283836603164672852e-01 -2.508212625980377197e-02 -2.366505861282348633e-01 -1.639457941055297852e-01 2.045864462852478027e-01 -3.090872466564178467e-01
2.264634519815444946e-01 -2.496794797480106354e-02 -2.368730306625366211e-01 -1.620223373174667358e-01 2.035346031188964844e-01 -3.132156431674957275e-01
2.216324359178543091e-01 -2.484183385968208313e-02 -2.386229038238525391e-01 -1.553466171026229858e-01 2.011433541774749756e-01 -3.134422004222869873e-01
2.210746407508850098e-01 -2.769567072391510010e-02 -2.407551854848861694e-01 -1.548634618520736694e-01 2.015773057937622070e-01 -3.103196620941162109e-01
2.229512631893157959e-01 -3.029971942305564880e-02 -2.370467036962509155e-01 -1.589294224977493286e-01 1.984154582023620605e-01 -3.164431154727935791e-01
2.274821698665618896e-01 -3.107072412967681885e-02 -2.348015755414962769e-01 -1.644376367330551147e-01 1.966332793235778809e-01 -3.209715783596038818e-01
2.316371798515319824e-01 -3.301604837179183960e-02 -2.321645319461822510e-01 -1.670285016298294067e-01 1.953807473182678223e-01 -3.320602774620056152e-01
2.290688157081604004e-01 -3.148797154426574707e-02 -2.298290133476257324e-01 -1.655790507793426514e-01 1.968358457088470459e-01 -3.445789217948913574e-01
2.262976765632629395e-01 -2.863492257893085480e-02 -2.291096746921539307e-01 -1.620363295078277588e-01 1.950536370277404785e-01 -3.460591435432434082e-01
2.287803888320922852e-01 -2.741159312427043915e-02 -2.290555983781814575e-01 -1.598633527755737305e-01 1.964529752731323242e-01 -3.481594026088714600e-01
2.329212576150894165e-01 -2.800726704299449921e-02 -2.265965342521667480e-01 -1.668952107429504395e-01 1.961119174957275391e-01 -3.630102276802062988e-01
2.339889258146286011e-01 -3.076563775539398193e-02 -2.219644635915756226e-01 -1.765399873256683350e-01 1.913570463657379150e-01 -3.726806640625000000e-01
2.406690865755081177e-01 -3.992327675223350525e-02 -2.198096662759780884e-01 -1.813957691192626953e-01 1.892628967761993408e-01 -3.752344846725463867e-01
2.439266443252563477e-01 -4.403941333293914795e-02 -2.213975191116333008e-01 -1.798483729362487793e-01 1.894955337047576904e-01 -3.799647092819213867e-01
2.415705472230911255e-01 -4.268232360482215881e-02 -2.222087681293487549e-01 -1.785114705562591553e-01 1.931474506855010986e-01 -3.800992667675018311e-01
2.341163456439971924e-01 -3.475297987461090088e-02 -2.235594540834426880e-01 -1.814650148153305054e-01 1.998337507247924805e-01 -3.756281435489654541e-01
2.355162948369979858e-01 -3.749441355466842651e-02 -2.235022485256195068e-01 -1.820194423198699951e-01 1.960394382476806641e-01 -3.738918304443359375e-01
2.404914498329162598e-01 -4.583025723695755005e-02 -2.190704792737960815e-01 -1.862292736768722534e-01 1.836220324039459229e-01 -3.722904324531555176e-01
2.409061491489410400e-01 -4.685587808489799500e-02 -2.133072614669799805e-01 -1.934138983488082886e-01 1.784185469150543213e-01 -3.704097867012023926e-01
2.419029772281646729e-01 -4.748116061091423035e-02 -2.132639735937118530e-01 -1.954081654548645020e-01 1.759055852890014648e-01 -3.655635714530944824e-01
2.400795370340347290e-01 -4.484882950782775879e-02 -2.128940671682357788e-01 -1.964448243379592896e-01 1.738665997982025146e-01 -3.683845698833465576e-01
2.382903397083282471e-01 -4.375839605927467346e-02 -2.118923813104629517e-01 -1.936050057411193848e-01 1.706124842166900635e-01 -3.662180304527282715e-01
2.353358715772628784e-01 -4.177732393145561218e-02 -2.137695699930191040e-01 -1.913267821073532104e-01 1.755790710449218750e-01 -3.667176067829132080e-01
2.304054945707321167e-01 -3.739099577069282532e-02 -2.147635519504547119e-01 -1.866353452205657959e-01 1.805065274238586426e-01 -3.730736970901489258e-01
2.279556095600128174e-01 -3.341347351670265198e-02 -2.176581025123596191e-01 -1.849462538957595825e-01 1.825841367244720459e-01 -3.673685491085052490e-01
2.285980433225631714e-01 -3.638102114200592041e-02 -2.206079959869384766e-01 -1.862880289554595947e-01 1.855891048908233643e-01 -3.640610575675964355e-01
2.317475378513336182e-01 -4.645256325602531433e-02 -2.189587652683258057e-01 -1.867799609899520874e-01 1.847005784511566162e-01 -3.813706636428833008e-01
2.319146990776062012e-01 -5.079825222492218018e-02 -2.186546623706817627e-01 -1.778834313154220581e-01 1.866394877433776855e-01 -3.894430398941040039e-01
2.299533188343048096e-01 -4.870249330997467041e-02 -2.184368520975112915e-01 -1.667393296957015991e-01 1.833611726760864258e-01 -3.953110873699188232e-01
2.307157963514328003e-01 -4.595084860920906067e-02 -2.152500748634338379e-01 -1.657030582427978516e-01 1.779752671718597412e-01 -3.932529687881469727e-01
2.339583784341812134e-01 -4.692374542355537415e-02 -2.152100056409835815e-01 -1.699447035789489746e-01 1.804406940937042236e-01 -3.915674388408660889e-01
2.335134595632553101e-01 -5.235014855861663818e-02 -2.189403176307678223e-01 -1.663963645696640015e-01 1.888041198253631592e-01 -4.012703597545623779e-01
2.328369766473770142e-01 -5.109690129756927490e-02 -2.210812717676162720e-01 -1.675059497356414795e-01 1.943998932838439941e-01 -3.954800665378570557e-01
2.334136962890625000e-01 -5.042046308517456055e-02 -2.212543189525604248e-01 -1.712208390235900879e-01 1.934831738471984863e-01 -3.924795091152191162e-01
2.346981912851333618e-01 -5.415274575352668762e-02 -2.197832465171813965e-01 -1.742565035820007324e-01 1.950547695159912109e-01 -3.985697925090789795e-01
2.374621331691741943e-01 -6.010605767369270325e-02 -2.179283499717712402e-01 -1.806242614984512329e-01 1.968316435813903809e-01 -4.119539260864257812e-01
2.386115789413452148e-01 -6.647934019565582275e-02 -2.195831835269927979e-01 -1.750077307224273682e-01 2.022863030433654785e-01 -4.299867451190948486e-01
2.334366887807846069e-01 -6.086318567395210266e-02 -2.290979325771331787e-01 -1.594331115484237671e-01 2.138159871101379395e-01 -4.300205111503601074e-01
2.314650118350982666e-01 -5.592684820294380188e-02 -2.356255352497100830e-01 -1.584881693124771118e-01 2.171870768070220947e-01 -4.145939052104949951e-01
2.298770248889923096e-01 -5.710111930966377258e-02 -2.391974031925201416e-01 -1.550042778253555298e-01 2.196501195430755615e-01 -4.186452627182006836e-01
2.311585843563079834e-01 -5.532755330204963684e-02 -2.404206246137619019e-01 -1.468224078416824341e-01 2.254995107650756836e-01 -4.323725700378417969e-01
2.325282096862792969e-01 -5.298670008778572083e-02 -2.402458339929580688e-01 -1.424651294946670532e-01 2.274673879146575928e-01 -4.408476054668426514e-01
2.317293286323547363e-01 -4.913579300045967102e-02 -2.398323416709899902e-01 -1.432564109563827515e-01 2.251322865486145020e-01 -4.383343458175659180e-01
2.374674975872039795e-01 -5.283703282475471497e-02 -2.408218681812286377e-01 -1.393578648567199707e-01 2.245281934738159180e-01 -4.446827173233032227e-01
2.405265271663665771e-01 -5.351107195019721985e-02 -2.411755323410034180e-01 -1.355695575475692749e-01 2.264216840267181396e-01 -4.506128728389739990e-01
2.369098663330078125e-01 -4.694177582859992981e-02 -2.404971122741699219e-01 -1.332802474498748779e-01 2.240259647369384766e-01 -4.389526247978210449e-01
2.324318885803222656e-01 -4.190566018223762512e-02 -2.398058474063873291e-01 -1.310716122388839722e-01 2.183988988399505615e-01 -4.258795976638793945e-01
2.274547666311264038e-01 -3.762655332684516907e-02 -2.397201210260391235e-01 -1.272817403078079224e-01 2.174524962902069092e-01 -4.215497374534606934e-01
2.256390452384948730e-01 -3.513302281498908997e-02 -2.412247657775878906e-01 -1.222765147686004639e-01 2.196508049964904785e-01 -4.251405000686645508e-01
2.253924608230590820e-01 -3.422643616795539856e-02 -2.410594820976257324e-01 -1.232932955026626587e-01 2.169678211212158203e-01 -4.242402315139770508e-01
2.263292670249938965e-01 -3.162612393498420715e-02 -2.411412298679351807e-01 -1.281339079141616821e-01 2.145813405513763428e-01 -4.123305082321166992e-01
2.258480489253997803e-01 -3.414760902523994446e-02 -2.419983148574829102e-01 -1.314638704061508179e-01 2.149004340171813965e-01 -4.071580469608306885e-01
2.281990647315979004e-01 -3.754662349820137024e-02 -2.422249615192413330e-01 -1.358418762683868408e-01 2.171234190464019775e-01 -4.092682003974914551e-01
2.171266824007034302e-01 -3.048558905720710754e-02 -2.410813570022583008e-01 -1.386998444795608521e-01 2.169257700443267822e-01 -4.014793038368225098e-01
2.079522609710693359e-01 -2.682571485638618469e-02 -2.366605401039123535e-01 -1.368743479251861572e-01 2.151861786842346191e-01 -4.001667201519012451e-01
2.053524851799011230e-01 -2.947448566555976868e-02 -2.325536757707595825e-01 -1.354775428771972656e-01 2.105343341827392578e-01 -3.993975222110748291e-01
2.071200907230377197e-01 -3.394800424575805664e-02 -2.272978723049163818e-01 -1.373054981231689453e-01 2.056172788143157959e-01 -3.955316245555877686e-01
2.062235027551651001e-01 -3.528490290045738220e-02 -2.224403023719787598e-01 -1.424662470817565918e-01 2.025053799152374268e-01 -3.841231167316436768e-01
2.108728289604187012e-01 -3.377055004239082336e-02 -2.185330688953399658e-01 -1.486236900091171265e-01 2.005015909671783447e-01 -3.789354264736175537e-01
2.164334058761596680e-01 -3.877189755439758301e-02 -2.153577804565429688e-01 -1.513459980487823486e-01 1.963626444339752197e-01 -3.881214857101440430e-01
2.219551801681518555e-01 -4.175567626953125000e-02 -2.092383801937103271e-01 -1.550715267658233643e-01 1.869003474712371826e-01 -3.912323117256164551e-01
2.290795743465423584e-01 -4.645931348204612732e-02 -2.124812453985214233e-01 -1.599296033382415771e-01 1.884317696094512939e-01 -3.946264386177062988e-01
2.344824522733688354e-01 -5.227468907833099365e-02 -2.086135596036911011e-01 -1.646690666675567627e-01 1.824842095375061035e-01 -4.055528640747070312e-01
2.388285845518112183e-01 -5.765399336814880371e-02 -2.070489376783370972e-01 -1.603727638721466064e-01 1.811647415161132812e-01 -4.078904390335083008e-01
2.417424023151397705e-01 -6.287032365798950195e-02 -2.118028849363327026e-01 -1.534925401210784912e-01 1.811314821243286133e-01 -4.027896523475646973e-01
2.494216263294219971e-01 -6.691274046897888184e-02 -2.139272838830947876e-01 -1.521209180355072021e-01 1.746977567672729492e-01 -4.092892110347747803e-01
2.535939812660217285e-01 -7.066532969474792480e-02 -2.183082103729248047e-01 -1.479538083076477051e-01 1.804967224597930908e-01 -4.247501194477081299e-01
2.482204139232635498e-01 -6.734751164913177490e-02 -2.226778715848922729e-01 -1.475614607334136963e-01 1.868750154972076416e-01 -4.217515587806701660e-01
2.453054785728454590e-01 -7.098989188671112061e-02 -2.259387075901031494e-01 -1.440945565700531006e-01 1.894474625587463379e-01 -4.175015389919281006e-01
2.453721314668655396e-01 -7.266926765441894531e-02 -2.253504991531372070e-01 -1.481378972530364990e-01 1.885895431041717529e-01 -4.355490207672119141e-01
2.392661273479461670e-01 -6.236854195594787598e-02 -2.228204011917114258e-01 -1.532516330480575562e-01 1.862390637397766113e-01 -4.241652786731719971e-01
2.455316185951232910e-01 -6.221147999167442322e-02 -2.242216318845748901e-01 -1.626613587141036987e-01 1.828161776065826416e-01 -4.065422415733337402e-01
2.522206008434295654e-01 -6.046016514301300049e-02 -2.247049510478973389e-01 -1.632384657859802246e-01 1.806749999523162842e-01 -3.889689147472381592e-01
2.587356865406036377e-01 -6.353867053985595703e-02 -2.235846072435379028e-01 -1.564688384532928467e-01 1.776488125324249268e-01 -3.885801434516906738e-01
2.635042965412139893e-01 -6.274066120386123657e-02 -2.279827594757080078e-01 -1.541446894407272339e-01 1.817299425601959229e-01 -3.862194716930389404e-01
2.614214420318603516e-01 -6.265234202146530151e-02 -2.300638258457183838e-01 -1.504007130861282349e-01 1.838101744651794434e-01 -3.854532241821289062e-01
2.534426450729370117e-01 -5.669668316841125488e-02 -2.296541184186935425e-01 -1.456899940967559814e-01 1.868836283683776855e-01 -3.758275806903839111e-01
2.441930174827575684e-01 -5.041013285517692566e-02 -2.301830053329467773e-01 -1.477614045143127441e-01 1.907041668891906738e-01 -3.624875247478485107e-01
2.484834194183349609e-01 -5.115374550223350525e-02 -2.315047830343246460e-01 -1.517331600189208984e-01 1.953451931476593018e-01 -3.689607977867126465e-01
2.483301162719726562e-01 -5.115713179111480713e-02 -2.324219048023223877e-01 -1.484512835741043091e-01 1.960895061492919922e-01 -3.775639832019805908e-01
2.437431067228317261e-01 -4.812612757086753845e-02 -2.368300408124923706e-01 -1.429588794708251953e-01 1.961215436458587646e-01 -3.729439377784729004e-01
2.431246042251586914e-01 -5.087932571768760681e-02 -2.371110916137695312e-01 -1.452604830265045166e-01 1.951543688774108887e-01 -3.556509613990783691e-01
2.410693317651748657e-01 -5.807208642363548279e-02 -2.324792146682739258e-01 -1.431921273469924927e-01 1.921153366565704346e-01 -3.616700470447540283e-01
2.360303997993469238e-01 -5.333143472671508789e-02 -2.307192683219909668e-01 -1.475278884172439575e-01 1.969590783119201660e-01 -3.656117022037506104e-01
2.295010983943939209e-01 -4.842285811901092529e-02 -2.287297248840332031e-01 -1.533234864473342896e-01 2.021176815032958984e-01 -3.569014072418212891e-01
2.222623080015182495e-01 -4.332048818469047546e-02 -2.276206761598587036e-01 -1.563447862863540649e-01 2.009623944759368896e-01 -3.485018312931060791e-01
2.214847356081008911e-01 -4.563659057021141052e-02 -2.248493283987045288e-01 -1.544766724109649658e-01 1.919339001178741455e-01 -3.475854098796844482e-01
2.179050892591476440e-01 -4.421525076031684875e-02 -2.254056185483932495e-01 -1.522944122552871704e-01 1.909368634223937988e-01 -3.387535512447357178e-01
2.155048996210098267e-01 -4.083338379859924316e-02 -2.305557280778884888e-01 -1.519721746444702148e-01 2.008173465728759766e-01 -3.254431486129760742e-01
2.168803066015243530e-01 -3.802297264337539673e-02 -2.303936034440994263e-01 -1.524990499019622803e-01 1.995182335376739502e-01 -3.239761590957641602e-01
2.184115052223205566e-01 -3.994173556566238403e-02 -2.275800555944442749e-01 -1.561761200428009033e-01 1.968719959259033203e-01 -3.328224122524261475e-01
2.268147915601730347e-01 -4.846547916531562805e-02 -2.273271679878234863e-01 -1.566874235868453979e-01 1.912092864513397217e-01 -3.348434269428253174e-01
2.370230704545974731e-01 -6.373067200183868408e-02 -2.224716246128082275e-01 -1.570071280002593994e-01 1.777622997760772705e-01 -3.321833610534667969e-01
2.438126802444458008e-01 -7.339128851890563965e-02 -2.194688320159912109e-01 -1.597736030817031860e-01 1.719934642314910889e-01 -3.472854495048522949e-01
2.492904365062713623e-01 -6.894205510616302490e-02 -2.202479690313339233e-01 -1.699212938547134399e-01 1.785798668861389160e-01 -4.041043221950531006e-01
2.501959204673767090e-01 -6.280404329299926758e-02 -2.169280052185058594e-01 -1.700393259525299072e-01 1.746008992195129395e-01 -4.301278293132781982e-01
2.579010128974914551e-01 -6.682643294334411621e-02 -2.151967436075210571e-01 -1.694170087575912476e-01 1.652428507804870605e-01 -4.363313913345336914e-01
2.642781436443328857e-01 -7.414764910936355591e-02 -2.152520269155502319e-01 -1.691824495792388916e-01 1.611441671848297119e-01 -4.464521706104278564e-01
2.699306905269622803e-01 -8.331401646137237549e-02 -2.156221866607666016e-01 -1.669987440109252930e-01 1.539680957794189453e-01 -4.517445862293243408e-01
2.684905827045440674e-01 -8.806236088275909424e-02 -2.095413655042648315e-01 -1.666695177555084229e-01 1.425440907478332520e-01 -4.501841068267822266e-01
2.632972002029418945e-01 -8.803881704807281494e-02 -2.100436389446258545e-01 -1.586672514677047729e-01 1.487449109554290771e-01 -4.399311840534210205e-01
2.589389085769653320e-01 -6.956343352794647217e-02 -2.133862078189849854e-01 -1.611874103546142578e-01 1.647246778011322021e-01 -4.612551331520080566e-01
2.483246624469757080e-01 -5.369596555829048157e-02 -2.070629596710205078e-01 -1.699821650981903076e-01 1.660247147083282471e-01 -4.850461781024932861e-01
2.452837824821472168e-01 -4.499723389744758606e-02 -2.019473016262054443e-01 -1.692786067724227905e-01 1.678354740142822266e-01 -4.835660755634307861e-01
2.463607341051101685e-01 -4.170271009206771851e-02 -1.976774334907531738e-01 -1.618448942899703979e-01 1.664450168609619141e-01 -4.809528291225433350e-01
2.459484636783599854e-01 -4.672410711646080017e-02 -1.984694898128509521e-01 -1.660017520189285278e-01 1.633313000202178955e-01 -4.793390035629272461e-01
2.494782209396362305e-01 -5.642899498343467712e-02 -2.068691551685333252e-01 -1.755190044641494751e-01 1.770634651184082031e-01 -4.701633751392364502e-01
2.501748502254486084e-01 -6.964270770549774170e-02 -2.072737216949462891e-01 -1.832350492477416992e-01 1.708226799964904785e-01 -4.566972255706787109e-01
2.501797378063201904e-01 -7.590964436531066895e-02 -2.162771373987197876e-01 -1.909046769142150879e-01 1.830191612243652344e-01 -4.460799396038055420e-01
2.462391257286071777e-01 -6.820303946733474731e-02 -2.231793403625488281e-01 -1.918460428714752197e-01 1.965888440608978271e-01 -4.362324178218841553e-01
2.441443949937820435e-01 -5.806084722280502319e-02 -2.284007668495178223e-01 -1.839890033006668091e-01 2.041416764259338379e-01 -4.086301028728485107e-01
2.490127086639404297e-01 -5.638723075389862061e-02 -2.375052124261856079e-01 -1.807404011487960815e-01 2.156241238117218018e-01 -3.987740278244018555e-01
