-2.961586229503154755e-02 -2.564685232937335968e-02 9.861980676651000977e-01
-1.252859737724065781e-02 -2.868631854653358459e-02 9.385699629783630371e-01
6.037777289748191833e-03 -2.847110107541084290e-02 9.508292078971862793e-01
4.225315898656845093e-02 -2.997120842337608337e-02 9.825112223625183105e-01
7.903573662042617798e-02 -3.518399596214294434e-02 9.719742536544799805e-01
1.319465786218643188e-01 -3.395059704780578613e-02 1.052709817886352539e+00
1.774294525384902954e-01 -2.458704635500907898e-02 1.082121014595031738e+00
2.145674228668212891e-01 -6.405191961675882339e-03 1.036627888679504395e+00
2.494272291660308838e-01 -6.903690285980701447e-03 9.871727824211120605e-01
2.730499804019927979e-01 3.245994448661804199e-04 9.042862057685852051e-01
3.312829732894897461e-01 1.123362034559249878e-02 8.402573466300964355e-01
3.903620541095733643e-01 1.287115365266799927e-02 7.337552309036254883e-01
4.072123467922210693e-01 7.370328530669212341e-03 6.585431694984436035e-01
4.277901947498321533e-01 1.424717251211404800e-02 6.366484761238098145e-01
3.961550295352935791e-01 1.213116943836212158e-02 5.946370363235473633e-01
3.825844228267669678e-01 1.668931543827056885e-02 5.335541963577270508e-01
3.960103392601013184e-01 2.351793646812438965e-02 4.819553196430206299e-01
3.756594061851501465e-01 2.762137912213802338e-02 3.962389230728149414e-01
4.153196513652801514e-01 3.210967406630516052e-02 3.786740601062774658e-01
4.333992898464202881e-01 3.129181265830993652e-02 3.438338041305541992e-01
4.287624955177307129e-01 3.178914263844490051e-02 3.044101595878601074e-01
4.554648697376251221e-01 3.456458449363708496e-02 2.871614694595336914e-01
5.800312161445617676e-01 2.682857215404510498e-02 3.387336134910583496e-01
6.459540128707885742e-01 1.818070933222770691e-02 3.459694087505340576e-01
6.668384671211242676e-01 2.335464209318161011e-02 3.341492116451263428e-01
6.835278868675231934e-01 2.730916254222393036e-02 3.141165375709533691e-01
6.705650091171264648e-01 2.938115224242210388e-02 2.751513123512268066e-01
6.571785807609558105e-01 2.814021892845630646e-02 2.433429956436157227e-01
6.528703570365905762e-01 2.829885482788085938e-02 2.210083454847335815e-01
6.607272028923034668e-01 3.092380426824092865e-02 2.095333486795425415e-01
6.812446117401123047e-01 3.143159672617912292e-02 2.066162079572677612e-01
7.008796334266662598e-01 3.198940306901931763e-02 2.051926702260971069e-01
7.113819122314453125e-01 3.399050608277320862e-02 1.967249512672424316e-01
7.231591343879699707e-01 4.185110703110694885e-02 1.942302137613296509e-01
7.300685048103332520e-01 4.252918064594268799e-02 1.878438591957092285e-01
7.275125980377197266e-01 4.481248930096626282e-02 1.816074103116989136e-01
7.169067263603210449e-01 4.728436470031738281e-02 1.732679754495620728e-01
7.037141323089599609e-01 4.993933811783790588e-02 1.630499660968780518e-01
7.073122262954711914e-01 5.357874557375907898e-02 1.520044207572937012e-01
7.203723192214965820e-01 5.551173537969589233e-02 1.369924247264862061e-01
7.288753390312194824e-01 5.624518916010856628e-02 1.259686350822448730e-01
7.196320295333862305e-01 5.230839177966117859e-02 1.188029870390892029e-01
7.256519198417663574e-01 3.635063767433166504e-02 1.230798736214637756e-01
7.859991192817687988e-01 2.867313474416732788e-02 1.327754110097885132e-01
8.404357433319091797e-01 3.330600261688232422e-02 1.253272891044616699e-01
8.397374749183654785e-01 4.071112722158432007e-02 9.035602211952209473e-02
8.490449786186218262e-01 4.978365823626518250e-02 6.208803132176399231e-02
8.345979452133178711e-01 4.831560328602790833e-02 3.564456850290298462e-02
8.464217782020568848e-01 5.178695544600486755e-02 3.957411274313926697e-03
8.491388559341430664e-01 5.326874926686286926e-02 -3.292530402541160583e-02
8.740901947021484375e-01 4.212884232401847839e-02 -5.387442559003829956e-02
8.834685683250427246e-01 3.631644323468208313e-02 -8.345218747854232788e-02
8.628146648406982422e-01 3.502429276704788208e-02 -1.128052771091461182e-01
8.648303151130676270e-01 2.532473206520080566e-02 -1.484532356262207031e-01
8.584525585174560547e-01 4.667839035391807556e-03 -1.831347942352294922e-01
8.219370841979980469e-01 8.005512878298759460e-03 -2.068761289119720459e-01
8.611929416656494141e-01 2.237512543797492981e-02 -2.278897613286972046e-01
9.010471701622009277e-01 2.034367434680461884e-02 -2.417400330305099487e-01
8.526997566223144531e-01 1.656030490994453430e-02 -2.525614500045776367e-01
8.425545692443847656e-01 1.815691590309143066e-03 -2.843178510665893555e-01
9.121717810630798340e-01 -3.090859204530715942e-02 -3.465934097766876221e-01
9.900656938552856445e-01 -5.495956540107727051e-02 -4.112026095390319824e-01
1.006454110145568848e+00 -6.000340729951858521e-02 -4.506648182868957520e-01
1.001316189765930176e+00 -5.319563671946525574e-02 -4.770278632640838623e-01
9.907264113426208496e-01 -4.024721682071685791e-02 -4.958885610103607178e-01
9.680621027946472168e-01 -3.477552533149719238e-02 -4.973883330821990967e-01
9.678079485893249512e-01 -3.890892863273620605e-02 -4.995959103107452393e-01
9.833497405052185059e-01 -5.406486988067626953e-02 -5.229029059410095215e-01
9.642470479011535645e-01 -6.477339565753936768e-02 -5.266830921173095703e-01
9.189143180847167969e-01 -6.623706221580505371e-02 -5.192370414733886719e-01
8.861517906188964844e-01 -6.037907302379608154e-02 -5.216996669769287109e-01
8.582575917243957520e-01 -5.486197397112846375e-02 -5.233343243598937988e-01
8.148884773254394531e-01 -5.675678700208663940e-02 -5.080770254135131836e-01
8.286229372024536133e-01 -5.190719664096832275e-02 -5.196455121040344238e-01
8.614799976348876953e-01 -4.797511920332908630e-02 -5.456036329269409180e-01
8.974030613899230957e-01 -4.665250331163406372e-02 -5.593684911727905273e-01
9.511235356330871582e-01 -4.313939809799194336e-02 -5.812221765518188477e-01
1.012781381607055664e+00 -4.422760382294654846e-02 -6.079274415969848633e-01
1.040124893188476562e+00 -4.379335418343544006e-02 -6.061521172523498535e-01
1.044422149658203125e+00 -5.036015436053276062e-02 -6.002850532531738281e-01
1.054094910621643066e+00 -5.973932147026062012e-02 -6.037260293960571289e-01
1.010904073715209961e+00 -5.853973329067230225e-02 -5.911241769790649414e-01
9.631407260894775391e-01 -5.752115696668624878e-02 -5.738633275032043457e-01
9.581329822540283203e-01 -6.017817556858062744e-02 -5.618543624877929688e-01
9.640529751777648926e-01 -5.993776023387908936e-02 -5.632610917091369629e-01
9.269689321517944336e-01 -6.766027212142944336e-02 -5.556825399398803711e-01
8.641510605812072754e-01 -5.442289635539054871e-02 -5.119450092315673828e-01
8.335981369018554688e-01 -5.048777163028717041e-02 -4.885209798812866211e-01
8.481321334838867188e-01 -4.243429750204086304e-02 -4.777854681015014648e-01
8.892591595649719238e-01 -4.472833126783370972e-02 -5.094570517539978027e-01
9.299226403236389160e-01 -4.951272159814834595e-02 -5.335682034492492676e-01
9.027876257896423340e-01 -5.128408968448638916e-02 -5.242179632186889648e-01
8.706667423248291016e-01 -4.222696274518966675e-02 -5.026995539665222168e-01
8.187781572341918945e-01 -4.300832003355026245e-02 -4.773835241794586182e-01
7.722113132476806641e-01 -4.216693341732025146e-02 -4.484532773494720459e-01
7.661420106887817383e-01 -4.368434101343154907e-02 -4.316746294498443604e-01
7.377644777297973633e-01 -4.526794701814651489e-02 -4.108850955963134766e-01
7.457471489906311035e-01 -4.910723492503166199e-02 -4.155137836933135986e-01
7.144626975059509277e-01 -6.133174896240234375e-02 -4.036324620246887207e-01
6.847575306892395020e-01 -6.146389245986938477e-02 -3.940020799636840820e-01
6.776310205459594727e-01 -5.630514398217201233e-02 -3.989523351192474365e-01
6.605244874954223633e-01 -4.835704714059829712e-02 -3.981487154960632324e-01
6.333374977111816406e-01 -5.005729570984840393e-02 -3.816389143466949463e-01
5.814200043678283691e-01 -4.674471169710159302e-02 -3.542753159999847412e-01
5.907939672470092773e-01 -3.086381033062934875e-02 -3.592365980148315430e-01
5.911455750465393066e-01 -2.976893633604049683e-02 -3.688254654407501221e-01
5.796927809715270996e-01 -2.612499892711639404e-02 -3.703405559062957764e-01
5.940654277801513672e-01 -3.000635653734207153e-02 -3.695485591888427734e-01
6.610365509986877441e-01 -2.577678300440311432e-02 -4.176265895366668701e-01
6.801115870475769043e-01 -9.811343625187873840e-03 -4.265527725219726562e-01
6.855052113533020020e-01 -1.710685901343822479e-02 -4.331237375736236572e-01
6.340575218200683594e-01 -1.268447469919919968e-02 -4.149106144905090332e-01
6.098086833953857422e-01 -9.337300434708595276e-03 -3.948225378990173340e-01
6.799380183219909668e-01 -1.564580015838146210e-02 -4.345701336860656738e-01
7.356222271919250488e-01 -1.171438861638307571e-02 -4.738374948501586914e-01
7.378805875778198242e-01 -1.214226428419351578e-02 -4.681297838687896729e-01
7.269200682640075684e-01 -1.934387162327766418e-02 -4.757764935493469238e-01
7.307800054550170898e-01 -1.374301314353942871e-02 -4.857000112533569336e-01
7.506291270256042480e-01 -1.714981719851493835e-02 -4.913839995861053467e-01
7.443390488624572754e-01 -2.344566211104393005e-02 -5.006858110427856445e-01
7.298895716667175293e-01 -2.107864804565906525e-02 -4.783242940902709961e-01
6.662855744361877441e-01 -2.251884154975414276e-02 -4.221218228340148926e-01
6.655980348587036133e-01 -3.620522096753120422e-02 -4.377950429916381836e-01
6.015816926956176758e-01 -2.560337074100971222e-02 -3.767379224300384521e-01
5.461683869361877441e-01 -3.803411126136779785e-02 -3.320198953151702881e-01
6.205921173095703125e-01 -3.485590964555740356e-02 -3.832398056983947754e-01
6.471413373947143555e-01 -2.166759595274925232e-02 -3.983112573623657227e-01
6.826037168502807617e-01 -2.125502750277519226e-02 -3.910620212554931641e-01
6.897643804550170898e-01 -1.336598303169012070e-02 -3.741883039474487305e-01
7.247565388679504395e-01 -9.094662964344024658e-03 -3.776658475399017334e-01
7.625335454940795898e-01 -8.708815090358257294e-03 -3.734335899353027344e-01
8.135446310043334961e-01 -6.749455817043781281e-03 -3.796068429946899414e-01
8.448956012725830078e-01 -1.529037579894065857e-02 -3.649119734764099121e-01
9.394569396972656250e-01 -2.963364496827125549e-02 -3.905410468578338623e-01
9.464719295501708984e-01 -1.836018450558185577e-02 -3.825074136257171631e-01
9.826762676239013672e-01 -2.039200626313686371e-02 -3.918130695819854736e-01
9.678415060043334961e-01 -2.580660581588745117e-02 -3.719437718391418457e-01
9.761229157447814941e-01 -3.204952552914619446e-02 -3.825111091136932373e-01
9.494586586952209473e-01 -2.843880653381347656e-02 -3.823802471160888672e-01
8.921606540679931641e-01 -2.001190744340419769e-02 -3.502514362335205078e-01
8.627225756645202637e-01 -3.677791729569435120e-02 -3.433766067028045654e-01
9.167258143424987793e-01 -4.269986227154731750e-02 -3.707359135150909424e-01
9.231052994728088379e-01 -4.297606647014617920e-02 -3.708549737930297852e-01
9.362658858299255371e-01 -3.840221464633941650e-02 -3.671405017375946045e-01
1.009052276611328125e+00 -4.230049997568130493e-02 -3.866753876209259033e-01
1.006678342819213867e+00 -3.770142421126365662e-02 -3.839419782161712646e-01
1.034399509429931641e+00 -2.964547835290431976e-02 -3.613595962524414062e-01
1.009354472160339355e+00 -4.021440446376800537e-02 -3.484352529048919678e-01
1.019070029258728027e+00 -4.368062317371368408e-02 -3.550390601158142090e-01
1.091787219047546387e+00 -6.675241142511367798e-02 -3.742006123065948486e-01
1.105440497398376465e+00 -5.799983069300651550e-02 -3.499421179294586182e-01
1.013397812843322754e+00 -4.679881781339645386e-02 -3.160620629787445068e-01
9.034242033958435059e-01 -3.351983800530433655e-02 -2.963782250881195068e-01
9.728294014930725098e-01 -3.415677696466445923e-02 -2.903298139572143555e-01
9.852499961853027344e-01 -2.923686057329177856e-02 -2.681165635585784912e-01
9.352926015853881836e-01 -2.236065454781055450e-02 -2.412896454334259033e-01
8.752213716506958008e-01 -1.905694976449012756e-02 -2.205002456903457642e-01
9.267823100090026855e-01 -2.150621637701988220e-02 -2.497814148664474487e-01
9.838927984237670898e-01 -5.082161724567413330e-02 -2.622177302837371826e-01
1.008507847785949707e+00 -5.888831615447998047e-02 -2.761782407760620117e-01
1.004239320755004883e+00 -4.279865324497222900e-02 -2.426594793796539307e-01
1.014178276062011719e+00 -4.540138691663742065e-02 -2.211663275957107544e-01
9.338123202323913574e-01 -4.203119501471519470e-02 -1.964749842882156372e-01
1.006597638130187988e+00 -5.716693401336669922e-02 -2.177399247884750366e-01
1.034204721450805664e+00 -4.048657789826393127e-02 -2.009221464395523071e-01
1.016190528869628906e+00 -5.713547021150588989e-02 -1.913739591836929321e-01
9.882949590682983398e-01 -5.205854028463363647e-02 -2.108037322759628296e-01
1.086242318153381348e+00 -4.854964464902877808e-02 -2.286432087421417236e-01
1.125357508659362793e+00 -4.248289018869400024e-02 -2.164813131093978882e-01
1.181986451148986816e+00 -4.482254385948181152e-02 -2.212488800287246704e-01
1.139140486717224121e+00 -3.972341492772102356e-02 -2.011091560125350952e-01
1.132400631904602051e+00 -4.579676687717437744e-02 -1.971485912799835205e-01
1.079373002052307129e+00 -4.090904816985130310e-02 -1.982947289943695068e-01
1.002494215965270996e+00 -3.863769024610519409e-02 -1.965766996145248413e-01
9.779439568519592285e-01 -3.816703334450721741e-02 -1.869175136089324951e-01
9.997399449348449707e-01 -3.714098781347274780e-02 -1.902472823858261108e-01
1.045938491821289062e+00 -3.205150738358497620e-02 -2.013448923826217651e-01
1.028274416923522949e+00 -3.922753036022186279e-02 -2.051705867052078247e-01
1.018388867378234863e+00 -5.035979300737380981e-02 -2.274060547351837158e-01
1.020858049392700195e+00 -5.462742596864700317e-02 -2.315693348646163940e-01
9.422775506973266602e-01 -5.150151997804641724e-02 -2.113993763923645020e-01
9.026914238929748535e-01 -4.883136600255966187e-02 -2.058744132518768311e-01
8.334813117980957031e-01 -4.363390058279037476e-02 -1.762769371271133423e-01
8.024852871894836426e-01 -4.401520639657974243e-02 -1.623599380254745483e-01
7.950963973999023438e-01 -5.900193750858306885e-02 -1.651706546545028687e-01
7.666707634925842285e-01 -4.883975535631179810e-02 -1.526934057474136353e-01
7.965482473373413086e-01 -3.158098831772804260e-02 -1.571135967969894409e-01
7.992424964904785156e-01 -2.543183043599128723e-02 -1.619853377342224121e-01
7.725455164909362793e-01 -2.973763458430767059e-02 -1.614590138196945190e-01
7.155212163925170898e-01 -3.238699585199356079e-02 -1.504191905260086060e-01
6.558961272239685059e-01 -4.665423184633255005e-02 -1.413821876049041748e-01
6.772926449775695801e-01 -6.167291477322578430e-02 -1.329410374164581299e-01
7.845715880393981934e-01 -5.669676885008811951e-02 -1.293377280235290527e-01
8.547826409339904785e-01 -4.752096161246299744e-02 -1.227542832493782043e-01
8.771609067916870117e-01 -4.446996748447418213e-02 -1.196935921907424927e-01
8.939564824104309082e-01 -4.582092165946960449e-02 -1.171605139970779419e-01
9.452354907989501953e-01 -3.549623116850852966e-02 -1.173013597726821899e-01
1.042244434356689453e+00 -3.856003284454345703e-02 -1.187788546085357666e-01
1.066231250762939453e+00 -5.137552320957183838e-02 -9.743324667215347290e-02
9.990591406822204590e-01 -5.483200401067733765e-02 -7.813268899917602539e-02
9.404352307319641113e-01 -5.348137393593788147e-02 -5.851695314049720764e-02
9.329870343208312988e-01 -5.597296729683876038e-02 -4.328683763742446899e-02
9.801716804504394531e-01 -5.091612040996551514e-02 -3.705176711082458496e-02
9.166575670242309570e-01 -5.421457439661026001e-02 -3.056529536843299866e-02
8.450861573219299316e-01 -6.218246743083000183e-02 -1.910317875444889069e-02
8.490898013114929199e-01 -7.263161242008209229e-02 -2.475174516439437866e-02
8.513468503952026367e-01 -7.955012470483779907e-02 -2.561791986227035522e-02
7.990652322769165039e-01 -7.175298035144805908e-02 -2.495240606367588043e-02
8.224292397499084473e-01 -7.633897662162780762e-02 -2.352997846901416779e-02
8.699550032615661621e-01 -7.491701841354370117e-02 -1.844768971204757690e-02
8.165860772132873535e-01 -6.376157701015472412e-02 -1.208409573882818222e-02
7.084670066833496094e-01 -5.630259215831756592e-02 -2.984860911965370178e-04
6.512423753738403320e-01 -4.651977866888046265e-02 -6.729601882398128510e-03
6.010972857475280762e-01 -4.487028717994689941e-02 -1.877274177968502045e-02
5.492768883705139160e-01 -4.854652285575866699e-02 -1.189655996859073639e-02
5.531596541404724121e-01 -3.583253920078277588e-02 -8.937862701714038849e-03
5.698137879371643066e-01 -2.638321556150913239e-02 -1.830780878663063049e-02
6.114045977592468262e-01 -3.035838901996612549e-02 -2.963525056838989258e-02
5.959671735763549805e-01 -3.324072808027267456e-02 -2.967707626521587372e-02
5.705029368400573730e-01 -3.467453271150588989e-02 -2.082004770636558533e-02
5.002515316009521484e-01 -2.647255174815654755e-02 -2.174917235970497131e-02
4.759428203105926514e-01 -2.265722863376140594e-02 -2.915782108902931213e-02
4.825986623764038086e-01 -2.733132429420948029e-02 -3.123266994953155518e-02
4.381244480609893799e-01 -2.731805294752120972e-02 -2.808858081698417664e-02
4.341930150985717773e-01 -3.248442709445953369e-02 -9.033203125000000000e-03
4.765485823154449463e-01 -3.231661766767501831e-02 1.350228907540440559e-03
5.861243009567260742e-01 -3.842990845441818237e-02 1.720821112394332886e-02
7.208613753318786621e-01 -4.259215667843818665e-02 2.956732176244258881e-02
7.813507318496704102e-01 -5.388363450765609741e-02 3.112812340259552002e-02
8.120357990264892578e-01 -7.034456729888916016e-02 3.627665340900421143e-02
8.341838121414184570e-01 -6.624613702297210693e-02 5.658973753452301025e-02
7.965900897979736328e-01 -4.144053533673286438e-02 8.170724660158157349e-02
7.855373024940490723e-01 -2.038306742906570435e-02 9.843564033508300781e-02
8.405338525772094727e-01 -2.689987793564796448e-02 1.071787849068641663e-01
8.545724153518676758e-01 -3.642505407333374023e-02 1.064596623182296753e-01
8.200755715370178223e-01 -3.324753046035766602e-02 1.238196417689323425e-01
8.293054699897766113e-01 -1.979418657720088959e-02 1.417849659919738770e-01
8.387947082519531250e-01 -1.225459482520818710e-02 1.491073071956634521e-01
8.982083797454833984e-01 -1.489196997135877609e-02 1.695722639560699463e-01
9.219738245010375977e-01 -2.076657116413116455e-02 1.900613903999328613e-01
8.482466340065002441e-01 -3.233815729618072510e-02 1.910858750343322754e-01
7.835780978202819824e-01 -3.941114246845245361e-02 1.806534230709075928e-01
8.148066401481628418e-01 -4.845123738050460815e-02 1.849679946899414062e-01
8.601080179214477539e-01 -5.942414700984954834e-02 2.052009105682373047e-01
8.850669860839843750e-01 -6.021400168538093567e-02 2.169885039329528809e-01
8.977181911468505859e-01 -3.496041521430015564e-02 2.299516648054122925e-01
9.354202747344970703e-01 -1.681349426507949829e-02 2.424177527427673340e-01
9.435609579086303711e-01 -1.872103661298751831e-02 2.469882816076278687e-01
9.483706355094909668e-01 -2.806442417204380035e-02 2.530942261219024658e-01
9.685301780700683594e-01 -3.133374452590942383e-02 2.620094120502471924e-01
9.981554746627807617e-01 -2.357702329754829407e-02 2.771011292934417725e-01
1.021803379058837891e+00 -1.449145097285509109e-02 2.892540097236633301e-01
9.979304671287536621e-01 -7.398801855742931366e-03 2.890203595161437988e-01
9.745399355888366699e-01 4.460403695702552795e-03 2.903325855731964111e-01
9.675471782684326172e-01 3.602519631385803223e-03 3.024217188358306885e-01
9.810715913772583008e-01 4.166405647993087769e-03 3.073952496051788330e-01
9.860247373580932617e-01 4.569025710225105286e-03 3.158224523067474365e-01
9.792502522468566895e-01 -3.648264333605766296e-03 3.174777925014495850e-01
9.400126338005065918e-01 -1.497839204967021942e-02 2.991249561309814453e-01
9.163178801536560059e-01 -1.331738661974668503e-02 3.144494295120239258e-01
9.621819257736206055e-01 -4.209833219647407532e-03 3.534795343875885010e-01
1.038651823997497559e+00 4.608591087162494659e-03 4.013551175594329834e-01
1.067940831184387207e+00 1.457502879202365875e-02 4.220265150070190430e-01
1.068870663642883301e+00 2.232386544346809387e-02 4.373528063297271729e-01
1.068332910537719727e+00 2.782057970762252808e-02 4.481104910373687744e-01
1.050781607627868652e+00 2.514980547130107880e-02 4.505373537540435791e-01
1.019464969635009766e+00 2.847250550985336304e-02 4.443776905536651611e-01
9.992394447326660156e-01 2.890105359256267548e-02 4.479665160179138184e-01
9.826755523681640625e-01 2.492049708962440491e-02 4.460044205188751221e-01
9.434690475463867188e-01 2.631921134889125824e-02 4.310537874698638916e-01
9.078485965728759766e-01 2.310076542198657990e-02 4.165196418762207031e-01
9.209130406379699707e-01 2.170529216527938843e-02 4.211062192916870117e-01
9.148728847503662109e-01 2.725906856358051300e-02 4.062780439853668213e-01
8.812511563301086426e-01 2.941092103719711304e-02 3.919509649276733398e-01
8.513674736022949219e-01 2.984390780329704285e-02 3.835239708423614502e-01
9.208101034164428711e-01 3.431770578026771545e-02 4.066225886344909668e-01
9.850986599922180176e-01 3.854435309767723083e-02 4.360034763813018799e-01
1.016169667243957520e+00 3.949589282274246216e-02 4.436926543712615967e-01
9.724500179290771484e-01 3.445460274815559387e-02 4.151018261909484863e-01
9.297189712524414062e-01 1.047427766025066376e-02 3.876670300960540771e-01
9.485928416252136230e-01 1.938709244132041931e-02 4.043585062026977539e-01
1.004022836685180664e+00 3.063768334686756134e-02 4.339327216148376465e-01
1.018420696258544922e+00 3.131736814975738525e-02 4.433042705059051514e-01
1.039912223815917969e+00 3.354677557945251465e-02 4.417193830013275146e-01
1.045780658721923828e+00 3.472853824496269226e-02 4.318110048770904541e-01
1.055265307426452637e+00 2.873179130256175995e-02 4.235302507877349854e-01
1.027240157127380371e+00 3.174663335084915161e-02 4.051739573478698730e-01
9.761024117469787598e-01 3.945315256714820862e-02 3.819142282009124756e-01
9.459741115570068359e-01 3.609777241945266724e-02 3.606854081153869629e-01
9.359115958213806152e-01 2.977754920721054077e-02 3.439227938652038574e-01
9.721742272377014160e-01 2.687473967671394348e-02 3.439663052558898926e-01
1.009070277214050293e+00 3.319413214921951294e-02 3.458935618400573730e-01
1.020529627799987793e+00 3.792650252580642700e-02 3.350345790386199951e-01
1.030276298522949219e+00 4.212330281734466553e-02 3.292756974697113037e-01
1.032657504081726074e+00 4.734508693218231201e-02 3.255777657032012939e-01
1.077493667602539062e+00 4.952562227845191956e-02 3.302356898784637451e-01
1.110608220100402832e+00 4.393853992223739624e-02 3.311611413955688477e-01
1.101601123809814453e+00 4.106581583619117737e-02 3.257117867469787598e-01
1.078469872474670410e+00 4.411520436406135559e-02 3.231961727142333984e-01
1.048912644386291504e+00 4.637347906827926636e-02 3.194605708122253418e-01
1.019460082054138184e+00 4.624379426240921021e-02 3.129675388336181641e-01
9.993250966072082520e-01 4.160315915942192078e-02 3.069776892662048340e-01
9.775601625442504883e-01 4.439957812428474426e-02 3.012742996215820312e-01
9.824386835098266602e-01 4.943505302071571350e-02 3.123261034488677979e-01
9.643709659576416016e-01 5.498477071523666382e-02 3.223318755626678467e-01
9.235478639602661133e-01 5.522160977125167847e-02 3.194568455219268799e-01
9.091247320175170898e-01 5.488111451268196106e-02 3.185561001300811768e-01
9.186474084854125977e-01 5.349763482809066772e-02 3.289596736431121826e-01
9.002417922019958496e-01 4.469142854213714600e-02 3.286054432392120361e-01
9.051929116249084473e-01 4.221715778112411499e-02 3.302395343780517578e-01
9.466353058815002441e-01 4.371753334999084473e-02 3.509264290332794189e-01
9.709323048591613770e-01 3.811793029308319092e-02 3.698263764381408691e-01
9.687025547027587891e-01 3.461360186338424683e-02 3.722789883613586426e-01
9.543190002441406250e-01 4.188565164804458618e-02 3.665346801280975342e-01
9.273829460144042969e-01 4.937454685568809509e-02 3.535634279251098633e-01
9.002716541290283203e-01 4.589410126209259033e-02 3.423243463039398193e-01
9.273600578308105469e-01 3.778468817472457886e-02 3.596709966659545898e-01
9.538105130195617676e-01 3.312015160918235779e-02 3.745154142379760742e-01
9.259240031242370605e-01 3.109879046678543091e-02 3.720879554748535156e-01
9.242346882820129395e-01 3.077890351414680481e-02 3.839574754238128662e-01
9.436140656471252441e-01 2.725768648087978363e-02 3.984094560146331787e-01
9.459388256072998047e-01 2.795722149312496185e-02 4.150584340095520020e-01
9.983815550804138184e-01 3.632208704948425293e-02 4.508552849292755127e-01
1.028190135955810547e+00 4.545332863926887512e-02 4.494116604328155518e-01
9.828599691390991211e-01 4.858352988958358765e-02 4.099359214305877686e-01
9.547181129455566406e-01 6.586628407239913940e-02 4.045481681823730469e-01
9.612808823585510254e-01 6.503949314355850220e-02 4.304726719856262207e-01
9.690568447113037109e-01 7.986710220575332642e-02 4.330216348171234131e-01
9.855160713195800781e-01 8.132490515708923340e-02 4.437092542648315430e-01
9.899928569793701172e-01 7.564510405063629150e-02 4.413115680217742920e-01
1.007601380348205566e+00 6.469999998807907104e-02 4.530768394470214844e-01
9.988933205604553223e-01 5.861619859933853149e-02 4.559891521930694580e-01
9.941729903221130371e-01 5.678664892911911011e-02 4.570932686328887939e-01
9.657235145568847656e-01 5.360640585422515869e-02 4.456808865070343018e-01
9.585584402084350586e-01 6.278114765882492065e-02 4.413127899169921875e-01
9.728033542633056641e-01 7.917748391628265381e-02 4.663479626178741455e-01
9.587135910987854004e-01 8.976201713085174561e-02 4.789390861988067627e-01
9.466612339019775391e-01 9.574673324823379517e-02 4.815553426742553711e-01
9.194075465202331543e-01 1.050102338194847107e-01 4.746397137641906738e-01
9.404754638671875000e-01 1.008840203285217285e-01 4.878191351890563965e-01
9.780162572860717773e-01 8.350792527198791504e-02 4.953279197216033936e-01
9.684735536575317383e-01 6.457169353961944580e-02 4.912085533142089844e-01
9.690819978713989258e-01 5.317891761660575867e-02 4.975292682647705078e-01
9.327552318572998047e-01 5.749211087822914124e-02 4.896899461746215820e-01
9.060121774673461914e-01 6.698808819055557251e-02 4.764274358749389648e-01
8.973538875579833984e-01 6.598336249589920044e-02 4.596800208091735840e-01
8.763176798820495605e-01 5.691331624984741211e-02 4.395094811916351318e-01
8.655296564102172852e-01 5.025760084390640259e-02 4.359616935253143311e-01
8.596079349517822266e-01 5.518399178981781006e-02 4.378466904163360596e-01
8.177278041839599609e-01 5.605410784482955933e-02 4.245952665805816650e-01
8.535179495811462402e-01 7.649329304695129395e-02 4.416333138942718506e-01
8.546176552772521973e-01 5.847121402621269226e-02 4.167808592319488525e-01
8.371063470840454102e-01 5.946167930960655212e-02 3.979361057281494141e-01
8.783611059188842773e-01 5.961879715323448181e-02 4.183992445468902588e-01
9.483791589736938477e-01 7.112572342157363892e-02 4.725145399570465088e-01
9.926323890686035156e-01 6.643587350845336914e-02 5.123397707939147949e-01
9.947146177291870117e-01 6.625991314649581909e-02 5.292634367942810059e-01
9.268571734428405762e-01 6.167285516858100891e-02 5.019866228103637695e-01
9.152951836585998535e-01 5.383625999093055725e-02 5.019142627716064453e-01
9.152591228485107422e-01 5.455945059657096863e-02 5.122791528701782227e-01
9.590508937835693359e-01 5.611503869295120239e-02 5.536439418792724609e-01
9.910700917243957520e-01 5.375283956527709961e-02 5.816286802291870117e-01
9.797574877738952637e-01 5.842084065079689026e-02 5.899197459220886230e-01
9.957374334335327148e-01 6.321480870246887207e-02 6.219938397407531738e-01
9.833502173423767090e-01 6.169626116752624512e-02 6.427385210990905762e-01
8.899561762809753418e-01 6.193865463137626648e-02 5.951622128486633301e-01
8.088859319686889648e-01 6.307881325483322144e-02 5.757130980491638184e-01
7.912619113922119141e-01 6.418358534574508667e-02 5.809592604637145996e-01
7.435346841812133789e-01 6.738609820604324341e-02 5.539164543151855469e-01
7.870111465454101562e-01 7.915449887514114380e-02 5.759207010269165039e-01
8.202372789382934570e-01 5.822025611996650696e-02 5.997034311294555664e-01
8.602022528648376465e-01 5.575923621654510498e-02 6.266555786132812500e-01
8.495641946792602539e-01 4.665228724479675293e-02 6.131842732429504395e-01
8.778396248817443848e-01 4.565951973199844360e-02 6.180797815322875977e-01
9.287024140357971191e-01 5.147692561149597168e-02 6.343144774436950684e-01
9.741656184196472168e-01 5.871335044503211975e-02 6.509370803833007812e-01
9.813085794448852539e-01 6.138530746102333069e-02 6.384267210960388184e-01
9.461145401000976562e-01 6.542504578828811646e-02 5.943146347999572754e-01
9.485903978347778320e-01 5.738250166177749634e-02 5.861203670501708984e-01
9.534873366355895996e-01 5.130231752991676331e-02 5.809057950973510742e-01
9.886304736137390137e-01 4.821802303194999695e-02 5.798178911209106445e-01
9.962629675865173340e-01 4.402323812246322632e-02 5.598787665367126465e-01
9.981377720832824707e-01 5.080584064126014709e-02 5.485010743141174316e-01
1.002030849456787109e+00 6.053161248564720154e-02 5.524095296859741211e-01
1.004881858825683594e+00 7.482379674911499023e-02 5.591667294502258301e-01
9.946687817573547363e-01 6.346110999584197998e-02 5.507686734199523926e-01
9.892953634262084961e-01 4.707884043455123901e-02 5.359528064727783203e-01
9.499770998954772949e-01 3.600534424185752869e-02 5.105496048927307129e-01
8.878117203712463379e-01 3.047542273998260498e-02 4.784848988056182861e-01
8.752441406250000000e-01 2.133960835635662079e-02 4.731771051883697510e-01
9.167497158050537109e-01 4.005368798971176147e-02 4.847387671470642090e-01
9.125316739082336426e-01 4.101980850100517273e-02 4.711172580718994141e-01
9.109519124031066895e-01 4.619160667061805725e-02 4.853602349758148193e-01
9.062728881835937500e-01 5.260591953992843628e-02 4.981297254562377930e-01
9.337427020072937012e-01 5.157410353422164917e-02 5.200115442276000977e-01
9.093271493911743164e-01 4.638800397515296936e-02 5.060403347015380859e-01
8.797356486320495605e-01 5.073407664895057678e-02 4.941991567611694336e-01
8.563550114631652832e-01 5.103493481874465942e-02 4.884228706359863281e-01
8.053091764450073242e-01 4.381239041686058044e-02 4.748616814613342285e-01
7.758866548538208008e-01 4.406373947858810425e-02 4.766815602779388428e-01
7.510305047035217285e-01 4.616595804691314697e-02 4.697645306587219238e-01
7.388062477111816406e-01 3.797446191310882568e-02 4.676793813705444336e-01
7.191017866134643555e-01 3.581656515598297119e-02 4.678831100463867188e-01
7.407309412956237793e-01 3.797286003828048706e-02 4.771129786968231201e-01
7.901585698127746582e-01 4.010333120822906494e-02 4.978650510311126709e-01
7.871201038360595703e-01 4.948023334145545959e-02 5.028503537178039551e-01
7.604830861091613770e-01 4.601324349641799927e-02 5.040538311004638672e-01
7.274790406227111816e-01 3.189323097467422485e-02 5.002115368843078613e-01
7.518300414085388184e-01 2.544272132217884064e-02 5.417039990425109863e-01
7.850204110145568848e-01 1.925875991582870483e-02 5.660111308097839355e-01
7.907394766807556152e-01 1.556865498423576355e-02 5.744231343269348145e-01
8.296124935150146484e-01 8.607141673564910889e-03 6.018808484077453613e-01
8.088499307632446289e-01 9.744241833686828613e-03 5.938748121261596680e-01
7.868462204933166504e-01 8.138462901115417480e-03 5.985178947448730469e-01
7.969120144844055176e-01 1.390131190419197083e-02 6.195092201232910156e-01
7.440388202667236328e-01 2.028653770685195923e-02 5.980345606803894043e-01
7.222101092338562012e-01 4.010229557752609253e-02 5.960425138473510742e-01
7.440071702003479004e-01 4.737884923815727234e-02 6.192392110824584961e-01
7.427617311477661133e-01 4.713711887598037720e-02 6.318552494049072266e-01
7.085800170898437500e-01 5.248741433024406433e-02 6.229249835014343262e-01
7.076508402824401855e-01 5.077273398637771606e-02 6.308930516242980957e-01
7.130123972892761230e-01 4.136081784963607788e-02 6.361597776412963867e-01
6.896728873252868652e-01 3.318894654512405396e-02 6.160054206848144531e-01
6.688609123229980469e-01 3.225426375865936279e-02 5.903174877166748047e-01
6.261640191078186035e-01 3.892078250646591187e-02 5.591550469398498535e-01
6.480858922004699707e-01 4.117802530527114868e-02 5.926758646965026855e-01
6.096615195274353027e-01 4.050816595554351807e-02 5.744659304618835449e-01
6.364132165908813477e-01 3.964033350348472595e-02 5.905213356018066406e-01
6.819238662719726562e-01 4.419367015361785889e-02 6.240745186805725098e-01
6.765376329421997070e-01 3.755582869052886963e-02 6.103552579879760742e-01
7.138841152191162109e-01 4.266559332609176636e-02 6.317946910858154297e-01
6.908009052276611328e-01 4.443563520908355713e-02 6.091670989990234375e-01
7.035866379737854004e-01 4.012484103441238403e-02 6.355348229408264160e-01
7.526530027389526367e-01 3.814970701932907104e-02 7.085891366004943848e-01
7.813358902931213379e-01 4.956718534231185913e-02 7.409245371818542480e-01
7.659007310867309570e-01 4.669457674026489258e-02 7.292754650115966797e-01
7.204233407974243164e-01 4.436891153454780579e-02 7.056415081024169922e-01
7.311975359916687012e-01 5.568429455161094666e-02 7.315617799758911133e-01
7.602953910827636719e-01 6.521804630756378174e-02 7.848364710807800293e-01
7.379677295684814453e-01 6.273279339075088501e-02 7.621760964393615723e-01
7.132419943809509277e-01 5.422291159629821777e-02 7.402125597000122070e-01
7.566745877265930176e-01 4.254726693034172058e-02 7.694361209869384766e-01
7.350389361381530762e-01 4.519635438919067383e-02 7.558716535568237305e-01
6.928298473358154297e-01 4.090782254934310913e-02 6.960941553115844727e-01
6.911914944648742676e-01 2.774651721119880676e-02 7.054856419563293457e-01
7.391674518585205078e-01 4.213621467351913452e-02 7.785473465919494629e-01
7.451919913291931152e-01 4.478769376873970032e-02 7.934105992317199707e-01
7.488905191421508789e-01 4.189571365714073181e-02 8.084650635719299316e-01
7.422462701797485352e-01 3.906604647636413574e-02 7.854056954383850098e-01
7.204627394676208496e-01 4.019016772508621216e-02 7.517753839492797852e-01
7.536523938179016113e-01 3.487238660454750061e-02 7.889291644096374512e-01
7.422919273376464844e-01 3.297054767608642578e-02 7.800426483154296875e-01
7.507333159446716309e-01 4.690986126661300659e-02 7.930628657341003418e-01
6.850642561912536621e-01 5.283240228891372681e-02 7.622370123863220215e-01
6.159026026725769043e-01 4.741960391402244568e-02 6.937447190284729004e-01
5.600531101226806641e-01 4.955266043543815613e-02 6.117876172065734863e-01
5.747546553611755371e-01 4.901099950075149536e-02 6.196610927581787109e-01
6.279536485671997070e-01 3.502077609300613403e-02 6.543388962745666504e-01
7.086989879608154297e-01 4.633158072829246521e-02 7.442638278007507324e-01
7.417910099029541016e-01 1.900330930948257446e-02 7.527592182159423828e-01
6.639388203620910645e-01 5.850503593683242798e-02 7.015011310577392578e-01
5.671426653861999512e-01 7.678247988224029541e-02 5.705660581588745117e-01
5.111835002899169922e-01 6.136004626750946045e-02 5.084627270698547363e-01
5.377631783485412598e-01 4.286189377307891846e-02 5.097925066947937012e-01
6.160979866981506348e-01 4.975647106766700745e-02 5.639551281929016113e-01
7.213112711906433105e-01 4.207806289196014404e-02 6.389785408973693848e-01
7.345950603485107422e-01 4.869390651583671570e-02 6.474278569221496582e-01
7.205617427825927734e-01 3.879477828741073608e-02 6.265756487846374512e-01
7.142273783683776855e-01 4.023115709424018860e-02 6.231639981269836426e-01
7.287487387657165527e-01 4.484491795301437378e-02 6.330792307853698730e-01
7.527229785919189453e-01 4.885178059339523315e-02 6.572279334068298340e-01
7.807898521423339844e-01 2.809060364961624146e-02 6.878602504730224609e-01
8.448410630226135254e-01 4.132228344678878784e-02 7.217760682106018066e-01
8.978136777877807617e-01 6.241853162646293640e-02 7.916139364242553711e-01
9.692817330360412598e-01 5.427975952625274658e-02 8.051398396492004395e-01
8.827586770057678223e-01 6.423106044530868530e-02 7.298830151557922363e-01
8.761599063873291016e-01 6.830788403749465942e-02 7.149587869644165039e-01
8.607337474822998047e-01 7.587629556655883789e-02 6.882616877555847168e-01
7.773091793060302734e-01 6.421932578086853027e-02 6.145174503326416016e-01
7.921530008316040039e-01 4.895200952887535095e-02 6.062203049659729004e-01
8.049971461296081543e-01 4.845610260963439941e-02 6.582079529762268066e-01
7.795491218566894531e-01 2.385626733303070068e-02 5.919972062110900879e-01
7.605398297309875488e-01 3.314160928130149841e-02 5.826851129531860352e-01
7.849203944206237793e-01 3.130863979458808899e-02 6.174587011337280273e-01
8.062077164649963379e-01 4.496825858950614929e-02 6.289299130439758301e-01
8.370922207832336426e-01 7.245410233736038208e-02 6.599559783935546875e-01
8.281120061874389648e-01 7.372886687517166138e-02 6.575459241867065430e-01
7.867510914802551270e-01 5.684604495763778687e-02 6.268868446350097656e-01
8.201099038124084473e-01 5.003695189952850342e-02 6.270633339881896973e-01
8.420486450195312500e-01 4.785153269767761230e-02 6.254510283470153809e-01
8.295748233795166016e-01 5.412343144416809082e-02 6.280697584152221680e-01
8.073120117187500000e-01 5.842738598585128784e-02 6.194447278976440430e-01
7.879836559295654297e-01 6.383965164422988892e-02 5.728754401206970215e-01
7.051861882209777832e-01 6.369926780462265015e-02 5.385983586311340332e-01
7.346263527870178223e-01 6.966587156057357788e-02 5.591468214988708496e-01
7.732290029525756836e-01 6.882764399051666260e-02 5.869832038879394531e-01
7.352634072303771973e-01 5.837890505790710449e-02 5.558774471282958984e-01
6.880172491073608398e-01 4.925476387143135071e-02 5.165212750434875488e-01
6.498728394508361816e-01 5.101214721798896790e-02 5.037341713905334473e-01
6.063525080680847168e-01 6.022294610738754272e-02 4.769352972507476807e-01
6.073259711265563965e-01 6.193497031927108765e-02 4.820206165313720703e-01
6.895049810409545898e-01 6.145826354622840881e-02 5.305512547492980957e-01
7.151976823806762695e-01 6.077533960342407227e-02 5.410649776458740234e-01
7.153339385986328125e-01 6.054041162133216858e-02 5.373057126998901367e-01
7.314974665641784668e-01 6.240756064653396606e-02 5.373328924179077148e-01
7.537076473236083984e-01 6.697438657283782959e-02 5.481116175651550293e-01
7.518382072448730469e-01 6.508635729551315308e-02 5.489844679832458496e-01
7.676548957824707031e-01 7.874993234872817993e-02 5.537977218627929688e-01
8.152072429656982422e-01 6.610556691884994507e-02 5.831767916679382324e-01
7.755801081657409668e-01 5.027035996317863464e-02 5.748664140701293945e-01
7.666863203048706055e-01 3.947933390736579895e-02 5.750674605369567871e-01
7.560675144195556641e-01 8.177229017019271851e-02 5.373915433883666992e-01
7.761046290397644043e-01 7.039504498243331909e-02 5.571361184120178223e-01
8.154710531234741211e-01 5.830171704292297363e-02 5.890421271324157715e-01
8.414363265037536621e-01 8.130890130996704102e-02 6.228209137916564941e-01
8.372882008552551270e-01 9.038139879703521729e-02 6.374472379684448242e-01
7.944168448448181152e-01 9.612739086151123047e-02 6.010900735855102539e-01
7.477794289588928223e-01 9.823600202798843384e-02 5.593997240066528320e-01
7.640554904937744141e-01 1.046902164816856384e-01 5.662572979927062988e-01
7.648389339447021484e-01 1.062769889831542969e-01 5.681190490722656250e-01
7.848964929580688477e-01 1.070703715085983276e-01 5.692305564880371094e-01
7.844429612159729004e-01 1.084086298942565918e-01 5.713125467300415039e-01
7.668046951293945312e-01 1.058183908462524414e-01 5.699511170387268066e-01
7.965880036354064941e-01 1.053141355514526367e-01 6.042025685310363770e-01
7.681743502616882324e-01 1.014649271965026855e-01 5.862751603126525879e-01
7.639150023460388184e-01 1.020795404911041260e-01 5.830861330032348633e-01
7.718656659126281738e-01 9.793128818273544312e-02 5.911445021629333496e-01
7.826768755912780762e-01 9.347630292177200317e-02 5.829874277114868164e-01
7.422509789466857910e-01 8.121818304061889648e-02 5.459613800048828125e-01
7.497410774230957031e-01 8.951623737812042236e-02 5.499736070632934570e-01
7.038659453392028809e-01 1.044073998928070068e-01 5.222563743591308594e-01
6.988320350646972656e-01 8.731555938720703125e-02 4.958680570125579834e-01
6.814339160919189453e-01 8.316037803888320923e-02 4.889230132102966309e-01
7.026773691177368164e-01 8.327763527631759644e-02 4.968478083610534668e-01
6.984131336212158203e-01 7.083772122859954834e-02 4.909093976020812988e-01
6.918190717697143555e-01 6.461581587791442871e-02 4.683754742145538330e-01
7.230045199394226074e-01 7.523258775472640991e-02 4.696510732173919678e-01
7.527227997779846191e-01 9.107400476932525635e-02 4.742502272129058838e-01
8.222948312759399414e-01 1.008832082152366638e-01 5.017381906509399414e-01
8.379656076431274414e-01 1.070625707507133484e-01 4.993062615394592285e-01
8.316702246665954590e-01 1.171616315841674805e-01 4.947186708450317383e-01
8.283042907714843750e-01 1.071957796812057495e-01 4.875583648681640625e-01
8.684414029121398926e-01 1.067290753126144409e-01 4.972425401210784912e-01
8.907757401466369629e-01 1.134990304708480835e-01 4.979732036590576172e-01
8.822129368782043457e-01 1.061710640788078308e-01 4.901196658611297607e-01
9.229204058647155762e-01 1.172553747892379761e-01 5.075061917304992676e-01
9.502058625221252441e-01 1.327796131372451782e-01 5.196992754936218262e-01
9.789623022079467773e-01 1.556923091411590576e-01 5.262362957000732422e-01
9.677070975303649902e-01 1.496847271919250488e-01 5.041880011558532715e-01
9.881809353828430176e-01 1.500926315784454346e-01 4.972648024559020996e-01
9.863412380218505859e-01 1.494097262620925903e-01 4.772640466690063477e-01
9.880014657974243164e-01 1.486799716949462891e-01 4.561556875705718994e-01
9.999339580535888672e-01 1.545369923114776611e-01 4.522587954998016357e-01
1.004537343978881836e+00 1.611410677433013916e-01 4.503933489322662354e-01
9.895333051681518555e-01 1.690571606159210205e-01 4.521887898445129395e-01
9.629448652267456055e-01 1.641295254230499268e-01 4.409604668617248535e-01
9.396914839744567871e-01 1.558591872453689575e-01 4.290814399719238281e-01
9.105247259140014648e-01 1.483283936977386475e-01 4.070039987564086914e-01
9.152228236198425293e-01 1.500068008899688721e-01 4.029325842857360840e-01
9.192907214164733887e-01 1.536218076944351196e-01 4.023739099502563477e-01
9.293611645698547363e-01 1.568496227264404297e-01 3.914441168308258057e-01
9.603774547576904297e-01 1.721717268228530884e-01 3.720366954803466797e-01
1.011985063552856445e+00 1.829300820827484131e-01 3.698302805423736572e-01
1.023602962493896484e+00 1.961402148008346558e-01 3.645787835121154785e-01
1.000722408294677734e+00 1.862770766019821167e-01 3.473047912120819092e-01
9.726935625076293945e-01 1.724747866392135620e-01 3.296352624893188477e-01
1.015689492225646973e+00 1.708597242832183838e-01 3.263546228408813477e-01
1.072275161743164062e+00 1.550568491220474243e-01 3.211893439292907715e-01
1.034165740013122559e+00 1.303249746561050415e-01 3.015840947628021240e-01
1.015635728836059570e+00 1.145457699894905090e-01 2.736531496047973633e-01
1.068572878837585449e+00 1.184074580669403076e-01 2.637222111225128174e-01
1.025462508201599121e+00 1.072310954332351685e-01 2.237689644098281860e-01
9.755175113677978516e-01 8.907525241374969482e-02 1.979828625917434692e-01
1.024762749671936035e+00 9.404850006103515625e-02 1.876925528049468994e-01
1.181036829948425293e+00 1.117965206503868103e-01 2.037789970636367798e-01
1.147970080375671387e+00 1.110993623733520508e-01 1.777156740427017212e-01
1.081705331802368164e+00 1.181788593530654907e-01 1.484260112047195435e-01
1.033150434494018555e+00 1.152109876275062561e-01 1.236063092947006226e-01
1.016789674758911133e+00 1.152257770299911499e-01 1.063343137502670288e-01
9.988502264022827148e-01 1.148035973310470581e-01 8.878219872713088989e-02
9.886524081230163574e-01 1.177591010928153992e-01 8.236011862754821777e-02
1.033553123474121094e+00 1.304741203784942627e-01 7.709097862243652344e-02
9.752435684204101562e-01 1.094303876161575317e-01 7.229229062795639038e-02
9.619005918502807617e-01 1.005957946181297302e-01 6.657809019088745117e-02
9.727376103401184082e-01 8.854848146438598633e-02 6.250581890344619751e-02
9.576954841613769531e-01 8.584637939929962158e-02 6.388274580240249634e-02
8.754735589027404785e-01 8.518143743276596069e-02 6.586264073848724365e-02
8.622061610221862793e-01 9.023607522249221802e-02 6.508151441812515259e-02
9.015995860099792480e-01 8.594670891761779785e-02 6.122639775276184082e-02
9.694187045097351074e-01 9.325277060270309448e-02 7.583145797252655029e-02
1.034140348434448242e+00 7.784158736467361450e-02 8.606550842523574829e-02
1.048766970634460449e+00 6.550180912017822266e-02 7.823037356138229370e-02
9.826524257659912109e-01 6.263740360736846924e-02 6.324897706508636475e-02
8.856716156005859375e-01 6.675046682357788086e-02 4.865542054176330566e-02
9.039537310600280762e-01 6.796921044588088989e-02 5.438291281461715698e-02
9.722256660461425781e-01 5.231447517871856689e-02 7.087819278240203857e-02
1.008763194084167480e+00 4.291198402643203735e-02 9.379795938730239868e-02
8.908113241195678711e-01 4.946074634790420532e-02 8.485760539770126343e-02
8.330633640289306641e-01 3.935254365205764771e-02 7.471606135368347168e-02
8.403853774070739746e-01 3.100731968879699707e-02 8.861508220434188843e-02
8.630087971687316895e-01 2.410722896456718445e-02 9.522671997547149658e-02
8.672666549682617188e-01 1.758572272956371307e-02 9.168665111064910889e-02
8.364711999893188477e-01 1.483637839555740356e-02 9.448508918285369873e-02
8.277947902679443359e-01 2.480257861316204071e-02 8.487553894519805908e-02
8.656362295150756836e-01 1.520710065960884094e-02 6.922392547130584717e-02
9.343654513359069824e-01 1.093055494129657745e-02 6.101323291659355164e-02
8.862135410308837891e-01 8.023440837860107422e-03 4.720146954059600830e-02
8.555119633674621582e-01 7.414555177092552185e-03 2.914466150104999542e-02
8.564669489860534668e-01 2.289663068950176239e-02 4.417013842612504959e-03
8.729822635650634766e-01 1.603161916136741638e-02 -1.779795251786708832e-02
9.227201342582702637e-01 1.133960299193859100e-02 -3.192950785160064697e-02
9.485147595405578613e-01 2.588442713022232056e-02 -4.263076931238174438e-02
8.391327261924743652e-01 1.325847767293453217e-02 -5.240533500909805298e-02
7.491171360015869141e-01 1.275495346635580063e-02 -5.541896075010299683e-02
7.838515043258666992e-01 1.026167348027229309e-02 -8.167586475610733032e-02
8.233634233474731445e-01 8.939086459577083588e-03 -9.870425611734390259e-02
8.287513852119445801e-01 8.098267950117588043e-03 -1.066767796874046326e-01
8.452313542366027832e-01 5.762320943176746368e-03 -1.208164840936660767e-01
8.452895283699035645e-01 5.046497099101543427e-03 -1.266514658927917480e-01
8.482678532600402832e-01 8.868847042322158813e-03 -1.314605921506881714e-01
8.463443517684936523e-01 1.457062177360057831e-02 -1.382645964622497559e-01
8.470153808593750000e-01 1.802486926317214966e-02 -1.442060470581054688e-01
8.472790718078613281e-01 2.009276859462261200e-02 -1.505145430564880371e-01
8.490825891494750977e-01 1.858257129788398743e-02 -1.586335450410842896e-01
8.582907319068908691e-01 1.881516538560390472e-02 -1.647433191537857056e-01
8.624022603034973145e-01 2.072796970605850220e-02 -1.698441356420516968e-01
8.551509380340576172e-01 2.261281758546829224e-02 -1.720921993255615234e-01
8.365418910980224609e-01 2.355310320854187012e-02 -1.731862574815750122e-01
8.171269297599792480e-01 2.331433631479740143e-02 -1.722140908241271973e-01
8.067644238471984863e-01 1.919082179665565491e-02 -1.725057810544967651e-01
8.138479590415954590e-01 1.538458000868558884e-02 -1.733071357011795044e-01
8.010776638984680176e-01 1.808845438063144684e-02 -1.692079752683639526e-01
7.892073392868041992e-01 2.223012596368789673e-02 -1.644628047943115234e-01
7.792629003524780273e-01 2.343807741999626160e-02 -1.566917300224304199e-01
7.742480635643005371e-01 2.150584012269973755e-02 -1.496077924966812134e-01
7.996115684509277344e-01 1.653566025197505951e-02 -1.477955579757690430e-01
8.324335217475891113e-01 4.971034824848175049e-03 -1.527332663536071777e-01
8.572648763656616211e-01 -4.814299754798412323e-03 -1.558261662721633911e-01
8.742139339447021484e-01 -7.363245822489261627e-03 -1.559316068887710571e-01
8.864473104476928711e-01 -2.105305902659893036e-03 -1.513612270355224609e-01
8.871238827705383301e-01 2.979399636387825012e-03 -1.432630568742752075e-01
8.913344144821166992e-01 1.495557650923728943e-02 -1.294043362140655518e-01
8.914310932159423828e-01 2.668678574264049530e-02 -1.211110725998878479e-01
8.925774097442626953e-01 2.655636705458164215e-02 -1.160558462142944336e-01
8.924346566200256348e-01 2.271531336009502411e-02 -1.080057770013809204e-01
9.022501111030578613e-01 2.305551059544086456e-02 -9.688147902488708496e-02
9.110474586486816406e-01 1.970775797963142395e-02 -7.850792258977890015e-02
9.098471999168395996e-01 1.841124147176742554e-02 -5.711250752210617065e-02
9.108556509017944336e-01 1.679480448365211487e-02 -3.719213232398033142e-02
9.069323539733886719e-01 1.359874196350574493e-02 -1.772658899426460266e-02
8.856626749038696289e-01 1.206967886537313461e-02 2.638343721628189087e-03
8.635401129722595215e-01 1.074730604887008667e-02 2.207782119512557983e-02
8.721925616264343262e-01 1.586941629648208618e-02 4.214341193437576294e-02
9.418517351150512695e-01 2.145119570195674896e-02 6.363441050052642822e-02
1.026781320571899414e+00 2.342964708805084229e-02 9.779026359319686890e-02
1.047662615776062012e+00 1.925206370651721954e-02 1.287741065025329590e-01
9.809320569038391113e-01 1.596309058368206024e-02 1.393888443708419800e-01
9.318150281906127930e-01 6.434779614210128784e-03 1.600927710533142090e-01
9.336721301078796387e-01 -5.847090855240821838e-03 1.770579665899276733e-01
9.700070023536682129e-01 -1.111751329153776169e-02 2.064301669597625732e-01
9.791111946105957031e-01 -1.164415292441844940e-02 2.444482594728469849e-01
9.347775578498840332e-01 7.173345657065510750e-04 2.588850855827331543e-01
9.253498911857604980e-01 8.014599792659282684e-03 2.871216237545013428e-01
9.131453037261962891e-01 3.084156662225723267e-03 3.015972375869750977e-01
8.921595215797424316e-01 -5.419910419732332230e-03 3.105304837226867676e-01
8.753501772880554199e-01 -1.557233929634094238e-02 3.218789398670196533e-01
8.833965659141540527e-01 -1.501234248280525208e-02 3.454461395740509033e-01
9.011241197586059570e-01 -3.111697267740964890e-03 3.799414932727813721e-01
9.021375775337219238e-01 4.974931478500366211e-03 4.076830744743347168e-01
8.980116844177246094e-01 4.843315109610557556e-04 4.348003864288330078e-01
8.655187487602233887e-01 1.464352710172533989e-03 4.355002343654632568e-01
8.428523540496826172e-01 4.623765125870704651e-04 4.334283173084259033e-01
8.552876114845275879e-01 5.574759095907211304e-03 4.515974819660186768e-01
8.644942045211791992e-01 -7.081246003508567810e-04 4.608303904533386230e-01
8.424141407012939453e-01 -1.265462674200534821e-02 4.563234150409698486e-01
8.116821050643920898e-01 -1.718597672879695892e-02 4.463444352149963379e-01
7.962334752082824707e-01 -1.234572939574718475e-02 4.452121257781982422e-01
7.970850467681884766e-01 -1.978355459868907928e-03 4.602779150009155273e-01
7.825121283531188965e-01 8.590407669544219971e-04 4.564607739448547363e-01
7.591171860694885254e-01 -5.735902115702629089e-03 4.466948807239532471e-01
7.465461492538452148e-01 -1.849960908293724060e-02 4.335355460643768311e-01
7.411996722221374512e-01 -2.409463375806808472e-02 4.333721995353698730e-01
7.380602955818176270e-01 -2.146315947175025940e-02 4.344946742057800293e-01
7.478398084640502930e-01 -1.808975450694561005e-02 4.396750926971435547e-01
7.336412072181701660e-01 -1.347456313669681549e-02 4.362462162971496582e-01
7.477249503135681152e-01 -1.558376848697662354e-02 4.357521831989288330e-01
7.790961861610412598e-01 -1.004272326827049255e-02 4.481631219387054443e-01
8.086418509483337402e-01 -7.803497835993766785e-03 4.572584033012390137e-01
8.141483664512634277e-01 -7.050774060189723969e-03 4.631969332695007324e-01
8.406510949134826660e-01 -6.881930865347385406e-03 4.910261631011962891e-01
8.306049704551696777e-01 -6.730576045811176300e-03 4.896474480628967285e-01
7.936004400253295898e-01 -5.960145965218544006e-03 4.728566706180572510e-01
7.688596248626708984e-01 -2.326647983863949776e-03 4.603863656520843506e-01
7.538648843765258789e-01 4.573970101773738861e-03 4.546293318271636963e-01
7.770598530769348145e-01 4.144118167459964752e-03 4.709667563438415527e-01
7.675511837005615234e-01 -2.299898769706487656e-04 4.689620733261108398e-01
7.648457884788513184e-01 4.193956963717937469e-03 4.747432768344879150e-01
7.490307688713073730e-01 6.442838348448276520e-03 4.707303047180175781e-01
6.802541613578796387e-01 -7.315587718039751053e-03 4.310389161109924316e-01
6.633297801017761230e-01 -1.718634180724620819e-02 4.136905372142791748e-01
7.733273506164550781e-01 7.718978449702262878e-03 4.860607981681823730e-01
8.642024397850036621e-01 1.231247279793024063e-02 5.519410371780395508e-01
8.600612282752990723e-01 6.897625047713518143e-03 5.415939688682556152e-01
8.283566236495971680e-01 3.382054157555103302e-03 5.071207284927368164e-01
8.500012159347534180e-01 -5.433860234916210175e-03 5.112519860267639160e-01
8.818170428276062012e-01 -1.608380302786827087e-02 5.202359557151794434e-01
8.662313222885131836e-01 -2.568520791828632355e-02 5.033988952636718750e-01
8.077877163887023926e-01 -2.219450473785400391e-02 4.749886691570281982e-01
7.707660794258117676e-01 -1.776789873838424683e-02 4.612889885902404785e-01
7.863377332687377930e-01 -2.328591793775558472e-02 4.668217897415161133e-01
8.125362396240234375e-01 -2.990757860243320465e-02 4.711854755878448486e-01
8.544367551803588867e-01 -2.439797669649124146e-02 4.769314527511596680e-01
8.778748512268066406e-01 -1.055505499243736267e-02 4.691724777221679688e-01
8.765872120857238770e-01 -1.263321144506335258e-03 4.590111970901489258e-01
9.039622545242309570e-01 1.893426058813929558e-03 4.516304135322570801e-01
9.425184726715087891e-01 -4.579596687108278275e-03 4.402125477790832520e-01
9.676067233085632324e-01 -1.191732566803693771e-02 4.209928810596466064e-01
1.024639964103698730e+00 -1.610966399312019348e-02 4.165451228618621826e-01
1.079827666282653809e+00 -1.262511406093835831e-02 4.065187573432922363e-01
1.062492847442626953e+00 -9.940690360963344574e-03 3.787942528724670410e-01
1.006878852844238281e+00 -1.262623537331819534e-02 3.432772755622863770e-01
9.287833571434020996e-01 -2.488373592495918274e-02 2.944200634956359863e-01
9.079258441925048828e-01 -3.089808486402034760e-02 2.559902966022491455e-01
8.495774269104003906e-01 -4.117210954427719116e-02 2.055173367261886597e-01
8.212989568710327148e-01 -4.033782333135604858e-02 1.718137860298156738e-01
8.351210355758666992e-01 -4.504484683275222778e-02 1.447717547416687012e-01
8.849524855613708496e-01 -5.515989288687705994e-02 1.294353306293487549e-01
9.147514700889587402e-01 -5.807627364993095398e-02 1.097681298851966858e-01
9.698069691658020020e-01 -6.471194326877593994e-02 9.047742187976837158e-02
1.042007923126220703e+00 -8.017829060554504395e-02 6.611748039722442627e-02
1.087151765823364258e+00 -9.594291448593139648e-02 3.916622698307037354e-02
1.070663690567016602e+00 -1.043233275413513184e-01 2.825117856264114380e-02
1.047002315521240234e+00 -9.896149486303329468e-02 1.424561999738216400e-02
1.034067034721374512e+00 -9.903375059366226196e-02 -8.789481595158576965e-03
1.017677545547485352e+00 -9.078220278024673462e-02 -2.637484669685363770e-02
9.899924397468566895e-01 -8.223307877779006958e-02 -2.747278101742267609e-02
9.904369711875915527e-01 -7.719656825065612793e-02 -3.212075680494308472e-02
9.796559214591979980e-01 -7.965432107448577881e-02 -3.639280796051025391e-02
9.797335267066955566e-01 -8.360299468040466309e-02 -3.942669555544853210e-02
9.823051691055297852e-01 -8.580026775598526001e-02 -4.497134685516357422e-02
9.754293560981750488e-01 -9.046393632888793945e-02 -4.821908846497535706e-02
9.765433073043823242e-01 -9.460627287626266479e-02 -5.449678748846054077e-02
9.928117394447326660e-01 -1.009415015578269958e-01 -6.119063869118690491e-02
9.975850582122802734e-01 -1.051558926701545715e-01 -7.298061996698379517e-02
9.413076639175415039e-01 -9.293711185455322266e-02 -7.394680380821228027e-02
8.871012330055236816e-01 -7.381158322095870972e-02 -6.744308769702911377e-02
8.842872381210327148e-01 -5.503809824585914612e-02 -5.986094474792480469e-02
8.750866651535034180e-01 -5.606336891651153564e-02 -6.632784008979797363e-02
9.278573393821716309e-01 -6.868121773004531860e-02 -7.865621894598007202e-02
9.771862626075744629e-01 -7.116247713565826416e-02 -7.960327714681625366e-02
9.924530982971191406e-01 -7.348612695932388306e-02 -8.602458983659744263e-02
9.974022507667541504e-01 -7.856463640928268433e-02 -7.870661467313766479e-02
8.980157375335693359e-01 -7.744494080543518066e-02 -7.164912670850753784e-02
8.556289672851562500e-01 -6.329520791769027710e-02 -6.990168988704681396e-02
8.046630024909973145e-01 -5.414881557226181030e-02 -7.148812711238861084e-02
9.016065001487731934e-01 -7.689521461725234985e-02 -9.010752290487289429e-02
9.239534735679626465e-01 -8.612455427646636963e-02 -9.749089926481246948e-02
8.726188540458679199e-01 -7.730219513177871704e-02 -9.100635349750518799e-02
8.403590321540832520e-01 -8.603009581565856934e-02 -8.520593494176864624e-02
8.741599321365356445e-01 -8.348213136196136475e-02 -7.273630797863006592e-02
9.173481464385986328e-01 -7.854213565587997437e-02 -8.976045995950698853e-02
9.447889328002929688e-01 -8.380670100450515747e-02 -1.086132377386093140e-01
9.074087738990783691e-01 -8.201999962329864502e-02 -1.210850849747657776e-01
8.483498692512512207e-01 -8.049581199884414673e-02 -1.138128489255905151e-01
8.389378190040588379e-01 -8.274831622838973999e-02 -1.137849241495132446e-01
9.270580410957336426e-01 -8.737723529338836670e-02 -1.382277011871337891e-01
8.917872905731201172e-01 -7.343412935733795166e-02 -1.083325967192649841e-01
9.002082943916320801e-01 -6.687650829553604126e-02 -1.130698025226593018e-01
9.451931715011596680e-01 -7.575341314077377319e-02 -1.362662464380264282e-01
9.543745517730712891e-01 -8.301389217376708984e-02 -1.386776119470596313e-01
9.615947604179382324e-01 -7.962487637996673584e-02 -1.314102262258529663e-01
1.029160857200622559e+00 -8.695993572473526001e-02 -1.443302631378173828e-01
1.048764944076538086e+00 -8.901605010032653809e-02 -1.483484953641891479e-01
1.054794907569885254e+00 -8.818358927965164185e-02 -1.617087274789810181e-01
1.087604165077209473e+00 -9.785052388906478882e-02 -1.634192615747451782e-01
1.124596357345581055e+00 -1.123372539877891541e-01 -1.580493450164794922e-01
1.202231884002685547e+00 -1.274830698966979980e-01 -1.756592541933059692e-01
1.221716284751892090e+00 -1.260769963264465332e-01 -1.960073113441467285e-01
1.224041819572448730e+00 -1.218858584761619568e-01 -2.086704075336456299e-01
1.243061184883117676e+00 -1.271025240421295166e-01 -2.170833051204681396e-01
1.187129378318786621e+00 -1.057505607604980469e-01 -2.067968249320983887e-01
1.146026492118835449e+00 -9.172391146421432495e-02 -2.070453315973281860e-01
1.138908624649047852e+00 -1.060562580823898315e-01 -2.082766294479370117e-01
1.144089102745056152e+00 -1.037615835666656494e-01 -2.147524356842041016e-01
1.158955574035644531e+00 -1.033094823360443115e-01 -2.274854183197021484e-01
1.165261626243591309e+00 -1.125140935182571411e-01 -2.124438434839248657e-01
1.150341987609863281e+00 -9.999394416809082031e-02 -1.913871765136718750e-01
1.098104596138000488e+00 -9.247920662164688110e-02 -1.768919676542282104e-01
1.120493888854980469e+00 -1.069000214338302612e-01 -1.753603816032409668e-01
1.175201296806335449e+00 -1.183203086256980896e-01 -1.890944689512252808e-01
1.160867452621459961e+00 -1.265738606452941895e-01 -2.015979290008544922e-01
1.081570148468017578e+00 -1.173919141292572021e-01 -1.835814863443374634e-01
1.049896836280822754e+00 -1.075200140476226807e-01 -1.716603785753250122e-01
1.024753928184509277e+00 -9.785822778940200806e-02 -1.563851088285446167e-01
1.017291069030761719e+00 -9.860857576131820679e-02 -1.551428288221359253e-01
1.049892425537109375e+00 -9.144194424152374268e-02 -1.593368053436279297e-01
1.072062849998474121e+00 -9.263703972101211548e-02 -1.638337075710296631e-01
1.076308488845825195e+00 -8.803449571132659912e-02 -1.640647649765014648e-01
1.096936106681823730e+00 -8.786720782518386841e-02 -1.598058640956878662e-01
1.093349575996398926e+00 -8.519531786441802979e-02 -1.584054380655288696e-01
1.105431199073791504e+00 -8.256530761718750000e-02 -1.653896123170852661e-01
1.046874403953552246e+00 -9.153497219085693359e-02 -1.639429777860641479e-01
9.557954668998718262e-01 -8.818049728870391846e-02 -1.504207849502563477e-01
9.676976799964904785e-01 -9.284082055091857910e-02 -1.449502557516098022e-01
9.467709064483642578e-01 -9.278182685375213623e-02 -1.243485882878303528e-01
9.396465420722961426e-01 -8.408989012241363525e-02 -1.298452168703079224e-01
9.225171208381652832e-01 -9.261514246463775635e-02 -1.298669278621673584e-01
9.852523207664489746e-01 -9.006136655807495117e-02 -1.267191618680953979e-01
9.647889137268066406e-01 -8.092067390680313110e-02 -1.297058910131454468e-01
1.007178306579589844e+00 -9.002589434385299683e-02 -1.569441407918930054e-01
1.128819704055786133e+00 -1.101604998111724854e-01 -2.090567350387573242e-01
1.069497585296630859e+00 -1.107331514358520508e-01 -1.728564947843551636e-01
1.014123082160949707e+00 -1.167834773659706116e-01 -1.725361049175262451e-01
1.048196792602539062e+00 -1.195724308490753174e-01 -1.746987551450729370e-01
1.037238478660583496e+00 -9.697251021862030029e-02 -1.724966466426849365e-01
1.074895739555358887e+00 -1.050568297505378723e-01 -1.632442325353622437e-01
1.125483036041259766e+00 -1.188417971134185791e-01 -1.807409524917602539e-01
1.143168568611145020e+00 -1.068389713764190674e-01 -1.826374828815460205e-01
9.722509384155273438e-01 -8.216907083988189697e-02 -1.325503587722778320e-01
8.996304869651794434e-01 -7.414743304252624512e-02 -1.278003305196762085e-01
8.757196664810180664e-01 -7.015107572078704834e-02 -1.134449169039726257e-01
9.302418828010559082e-01 -7.689161598682403564e-02 -1.206185445189476013e-01
9.661975502967834473e-01 -7.583950459957122803e-02 -1.188510432839393616e-01
9.356808066368103027e-01 -8.688270300626754761e-02 -1.245805546641349792e-01
8.412086963653564453e-01 -7.559074461460113525e-02 -1.045351177453994751e-01
8.102574944496154785e-01 -8.111430704593658447e-02 -9.016115963459014893e-02
8.032324314117431641e-01 -8.456929773092269897e-02 -8.580742776393890381e-02
8.366783857345581055e-01 -8.377445489168167114e-02 -9.493990987539291382e-02
9.556594491004943848e-01 -8.701808005571365356e-02 -1.133938431739807129e-01
1.005416750907897949e+00 -8.888028562068939209e-02 -1.010662540793418884e-01
1.018125414848327637e+00 -8.149812370538711548e-02 -1.152985244989395142e-01
1.003967642784118652e+00 -6.981661915779113770e-02 -1.230845153331756592e-01
9.649048447608947754e-01 -6.721007823944091797e-02 -1.241360083222389221e-01
9.894374608993530273e-01 -6.902223825454711914e-02 -1.349310725927352905e-01
1.014107942581176758e+00 -7.902469485998153687e-02 -1.390366554260253906e-01
1.025549650192260742e+00 -8.591869473457336426e-02 -1.376169770956039429e-01
1.044902801513671875e+00 -8.392988145351409912e-02 -1.410917043685913086e-01
1.039128065109252930e+00 -8.397904783487319946e-02 -1.379792392253875732e-01
9.686505794525146484e-01 -7.441137731075286865e-02 -1.185285151004791260e-01
9.005696773529052734e-01 -6.576914340257644653e-02 -1.006560474634170532e-01
8.719920516014099121e-01 -6.350782513618469238e-02 -9.247165918350219727e-02
9.102949500083923340e-01 -6.334585696458816528e-02 -1.012299582362174988e-01
9.236904978752136230e-01 -6.322015076875686646e-02 -1.047473102807998657e-01
9.041597247123718262e-01 -7.052145898342132568e-02 -1.084412708878517151e-01
8.739884495735168457e-01 -7.200492918491363525e-02 -1.025051027536392212e-01
8.047901391983032227e-01 -6.472195684909820557e-02 -1.010817140340805054e-01
7.842822670936584473e-01 -6.288433074951171875e-02 -1.012434735894203186e-01
7.712095975875854492e-01 -6.647833436727523804e-02 -1.035585850477218628e-01
7.490728497505187988e-01 -6.576479226350784302e-02 -1.073124408721923828e-01
7.349885702133178711e-01 -6.385698914527893066e-02 -1.141660809516906738e-01
7.599183917045593262e-01 -6.705292314291000366e-02 -1.325757205486297607e-01
7.517269849777221680e-01 -7.321473956108093262e-02 -1.558311134576797485e-01
7.329615950584411621e-01 -6.772448122501373291e-02 -1.818904280662536621e-01
7.012192010879516602e-01 -5.501132085919380188e-02 -2.160553634166717529e-01
7.114089727401733398e-01 -4.328089952468872070e-02 -2.496802061796188354e-01
7.339851856231689453e-01 -3.811405226588249207e-02 -2.966761589050292969e-01
6.714413166046142578e-01 -3.370097279548645020e-02 -3.457475304603576660e-01
5.774543285369873047e-01 -3.273389488458633423e-02 -3.509976863861083984e-01
5.691669583320617676e-01 -3.528834879398345947e-02 -3.827463984489440918e-01
5.132833719253540039e-01 -6.774550676345825195e-02 -4.112808704376220703e-01
3.968019485473632812e-01 -6.547598540782928467e-02 -3.810656070709228516e-01
3.929482698440551758e-01 -5.438265949487686157e-02 -4.092490077018737793e-01
3.953506648540496826e-01 -6.330830603837966919e-02 -4.462454915046691895e-01
3.417080342769622803e-01 -6.659955531358718872e-02 -3.716271817684173584e-01
2.509936690330505371e-01 -4.346801713109016418e-02 -2.913843989372253418e-01
1.984793096780776978e-01 -4.355929791927337646e-02 -3.039969801902770996e-01
2.037310898303985596e-01 -5.441606417298316956e-02 -3.556432127952575684e-01
2.218897193670272827e-01 -6.121600046753883362e-02 -4.703940749168395996e-01
1.632125675678253174e-01 -5.132135003805160522e-02 -3.604005277156829834e-01
1.422428041696548462e-01 -6.009123474359512329e-02 -4.296877384185791016e-01
1.273149549961090088e-01 -6.962221115827560425e-02 -5.659624338150024414e-01
1.016854643821716309e-01 -7.288431376218795776e-02 -6.116034984588623047e-01
8.317202329635620117e-02 -6.052623689174652100e-02 -6.106621623039245605e-01
3.262418136000633240e-02 -6.441056728363037109e-02 -6.326574087142944336e-01
-1.446809712797403336e-02 -5.568337067961692810e-02 -6.998763084411621094e-01
-6.407796591520309448e-02 -4.595904424786567688e-02 -6.701666116714477539e-01
-1.012778803706169128e-01 -5.657636746764183044e-02 -6.409174203872680664e-01
-1.709165126085281372e-01 -8.326033502817153931e-02 -6.932004690170288086e-01
-2.323902249336242676e-01 -8.123110979795455933e-02 -6.979984045028686523e-01
-2.231637090444564819e-01 -6.119087710976600647e-02 -5.478230714797973633e-01
-2.254511117935180664e-01 -5.950055643916130066e-02 -4.951813220977783203e-01
-3.196492195129394531e-01 -8.117789030075073242e-02 -6.278154253959655762e-01
-3.722502887248992920e-01 -7.187148183584213257e-02 -5.912398695945739746e-01
-3.732844889163970947e-01 -5.930971354246139526e-02 -5.334814190864562988e-01
-3.863085508346557617e-01 -7.730272412300109863e-02 -5.520527362823486328e-01
-3.753772974014282227e-01 -7.615885883569717407e-02 -5.221145153045654297e-01
-3.995539546012878418e-01 -8.036515861749649048e-02 -4.895877540111541748e-01
-4.330631792545318604e-01 -7.424993067979812622e-02 -5.102977156639099121e-01
-4.898338615894317627e-01 -6.156382709741592407e-02 -5.511843562126159668e-01
-4.938313961029052734e-01 -5.549840256571769714e-02 -5.236495137214660645e-01
-5.173706412315368652e-01 -4.363928735256195068e-02 -5.867930054664611816e-01
-5.297326445579528809e-01 -4.762500151991844177e-02 -5.742000341415405273e-01
-4.903304278850555420e-01 -4.324150085449218750e-02 -5.022664070129394531e-01
-5.989600419998168945e-01 -5.208363384008407593e-02 -5.723180770874023438e-01
-6.502798199653625488e-01 -4.844311624765396118e-02 -5.751686692237854004e-01
-7.325739264488220215e-01 -2.940905652940273285e-02 -5.952020883560180664e-01
-7.696655392646789551e-01 -4.852768033742904663e-04 -6.241521239280700684e-01
-8.751704692840576172e-01 -3.397129848599433899e-02 -6.867637634277343750e-01
-9.667105674743652344e-01 -3.402348980307579041e-02 -7.047683000564575195e-01
-9.811714887619018555e-01 -2.204997651278972626e-02 -6.647135615348815918e-01
-9.343196153640747070e-01 -1.798391528427600861e-02 -5.869290828704833984e-01
-9.076364040374755859e-01 -2.937494963407516479e-02 -5.452777743339538574e-01
-8.746590614318847656e-01 -2.926598116755485535e-02 -5.029047727584838867e-01
-8.725220561027526855e-01 -2.081323415040969849e-02 -4.893780350685119629e-01
-8.857192397117614746e-01 -1.209052465856075287e-02 -5.023920536041259766e-01
-9.036679267883300781e-01 -1.193551346659660339e-03 -5.057945847511291504e-01
-8.807860612869262695e-01 1.601610332727432251e-03 -4.783476889133453369e-01
-9.146224856376647949e-01 1.014969125390052795e-02 -4.929178655147552490e-01
-8.928888440132141113e-01 -1.417480595409870148e-02 -4.788389503955841064e-01
-8.691288828849792480e-01 -3.995847329497337341e-02 -4.664883017539978027e-01
-8.598484992980957031e-01 -4.598036780953407288e-02 -4.667182862758636475e-01
-8.502216935157775879e-01 -3.947222605347633362e-02 -4.670985043048858643e-01
-8.890932798385620117e-01 -3.132295608520507812e-02 -4.996993243694305420e-01
-9.358077645301818848e-01 -2.339826710522174835e-02 -5.333833694458007812e-01
-9.576684236526489258e-01 -2.566317282617092133e-02 -5.482051968574523926e-01
-9.482052922248840332e-01 -2.104391902685165405e-02 -5.567643642425537109e-01
-9.150537252426147461e-01 -1.534242928028106689e-02 -5.430290102958679199e-01
-7.732593417167663574e-01 -1.753569394350051880e-02 -4.710382521152496338e-01
-6.682698726654052734e-01 -2.253143489360809326e-02 -4.143670499324798584e-01
-7.002066969871520996e-01 -3.030272014439105988e-02 -4.077981710433959961e-01
-7.559585571289062500e-01 -3.914037719368934631e-02 -4.343608319759368896e-01
-8.259490728378295898e-01 -3.927739709615707397e-02 -5.043010115623474121e-01
-8.155294656753540039e-01 -1.157894730567932129e-02 -5.421121120452880859e-01
-8.019043207168579102e-01 -1.304641598835587502e-03 -5.636107921600341797e-01
-7.415883541107177734e-01 -4.925066605210304260e-05 -5.078787207603454590e-01
-8.168621063232421875e-01 -6.135084200650453568e-03 -5.348608493804931641e-01
-7.342858314514160156e-01 -2.569927833974361420e-02 -4.768261909484863281e-01
-6.486716270446777344e-01 -1.349689718335866928e-02 -3.967128098011016846e-01
-6.276680827140808105e-01 -2.055457979440689087e-02 -3.909721374511718750e-01
-6.307161450386047363e-01 -4.933957476168870926e-03 -3.985472917556762695e-01
-5.784152746200561523e-01 -1.146913412958383560e-02 -3.554999232292175293e-01
-5.264586806297302246e-01 -3.111282549798488617e-02 -3.235543668270111084e-01
-6.001135706901550293e-01 -1.529949996620416641e-02 -3.863719403743743896e-01
-5.874913930892944336e-01 -5.019924137741327286e-03 -3.987879157066345215e-01
-5.546110272407531738e-01 1.932936348021030426e-02 -3.951927125453948975e-01
-5.364979505538940430e-01 1.023590378463268280e-02 -3.697662949562072754e-01
-4.795515835285186768e-01 -1.762642152607440948e-02 -2.942019999027252197e-01
-4.974358975887298584e-01 1.004233025014400482e-02 -3.219782114028930664e-01
-4.289323389530181885e-01 -1.440570503473281860e-02 -2.811768352985382080e-01
-4.330980181694030762e-01 -3.230263665318489075e-02 -2.728540599346160889e-01
-4.819689393043518066e-01 -8.188618347048759460e-03 -3.297950327396392822e-01
-5.390325188636779785e-01 -6.496552377939224243e-03 -3.584587275981903076e-01
-4.877214729785919189e-01 -2.658974379301071167e-03 -3.529829382896423340e-01
-4.483666718006134033e-01 -2.027783542871475220e-02 -3.147849440574645996e-01
-4.314467012882232666e-01 -9.811555501073598862e-04 -3.024037182331085205e-01
-4.615227282047271729e-01 4.344842396676540375e-03 -3.140666186809539795e-01
-4.866118729114532471e-01 -1.087791752070188522e-03 -3.237126469612121582e-01
-5.048005580902099609e-01 -6.222936790436506271e-03 -3.355880379676818848e-01
-5.047634243965148926e-01 -2.017820440232753754e-02 -3.465450108051300049e-01
-4.889184832572937012e-01 -1.648816280066967010e-02 -3.406134247779846191e-01
-4.850407540798187256e-01 -6.254394538700580597e-03 -3.424665927886962891e-01
-5.030821561813354492e-01 -3.337709698826074600e-03 -3.530637025833129883e-01
-5.661835074424743652e-01 -7.117344066500663757e-03 -3.914512991905212402e-01
-5.747546553611755371e-01 -8.442993275821208954e-03 -3.808095157146453857e-01
-5.610207915306091309e-01 -9.032724425196647644e-03 -3.610357642173767090e-01
-5.662404298782348633e-01 -1.433048211038112640e-02 -3.660585880279541016e-01
-5.652757883071899414e-01 -1.502521708607673645e-02 -3.682702779769897461e-01
-5.850009918212890625e-01 -1.174390874803066254e-02 -3.898493349552154541e-01
-5.834128856658935547e-01 -1.135949417948722839e-02 -4.005028009414672852e-01
-5.619522333145141602e-01 -1.367014087736606598e-02 -3.992978930473327637e-01
-5.329321026802062988e-01 -1.710847765207290649e-02 -3.887727558612823486e-01
-5.239365696907043457e-01 -5.887208972126245499e-03 -3.836511373519897461e-01
-5.281695723533630371e-01 6.235535256564617157e-04 -3.944481611251831055e-01
-5.379564762115478516e-01 5.996516905725002289e-03 -3.993986248970031738e-01
-5.338504314422607422e-01 3.081991802901029587e-03 -3.885862827301025391e-01
-5.232289433479309082e-01 8.741936180740594864e-04 -3.758446574211120605e-01
-5.178205966949462891e-01 1.779792364686727524e-03 -3.749493062496185303e-01
-5.324697494506835938e-01 2.720296382904052734e-03 -3.877105414867401123e-01
-5.331933498382568359e-01 1.057703280821442604e-03 -3.872621357440948486e-01
-5.346311926841735840e-01 -2.160523785278201103e-03 -3.891944885253906250e-01
-5.398628115653991699e-01 -2.543641021475195885e-03 -3.968272507190704346e-01
-5.228033065795898438e-01 -1.599767012521624565e-03 -3.908788859844207764e-01
-5.138428807258605957e-01 1.166633679531514645e-03 -3.826930820941925049e-01
-5.260671973228454590e-01 2.744853496551513672e-03 -3.853060603141784668e-01
-5.349226593971252441e-01 5.965125747025012970e-03 -3.887372910976409912e-01
-4.975449144840240479e-01 4.573478363454341888e-03 -3.639275729656219482e-01
-4.542758762836456299e-01 6.001438945531845093e-03 -3.422582745552062988e-01
-4.383470118045806885e-01 1.271335035562515259e-02 -3.417336642742156982e-01
-4.436706006526947021e-01 1.794008165597915649e-02 -3.458473682403564453e-01
-4.524810612201690674e-01 1.979331113398075104e-02 -3.464344441890716553e-01
-4.887836575508117676e-01 2.099639363586902618e-02 -3.683763444423675537e-01
-5.369073748588562012e-01 2.121509052813053131e-02 -4.028946459293365479e-01
-5.758585929870605469e-01 1.703572086989879608e-02 -4.343275427818298340e-01
-5.797534584999084473e-01 1.453895214945077896e-02 -4.363483488559722900e-01
-5.561292767524719238e-01 1.222980953752994537e-02 -4.162698984146118164e-01
-5.147823691368103027e-01 1.061490364372730255e-02 -3.838658630847930908e-01
-4.789381027221679688e-01 5.707613192498683929e-03 -3.502686321735382080e-01
-4.685354232788085938e-01 -2.906891750171780586e-03 -3.321317434310913086e-01
-4.766013920307159424e-01 -7.795555982738733292e-03 -3.210290968418121338e-01
-4.887621998786926270e-01 -1.074608322232961655e-02 -3.154457211494445801e-01
-4.976056516170501709e-01 -5.717310123145580292e-03 -3.154209256172180176e-01
-5.186960697174072266e-01 -2.759508788585662842e-06 -3.258582353591918945e-01
-5.536118149757385254e-01 3.813724266365170479e-03 -3.560081422328948975e-01
-6.099082827568054199e-01 1.891438267193734646e-03 -4.042724967002868652e-01
-6.551592350006103516e-01 -4.765326622873544693e-03 -4.395920336246490479e-01
-6.684573888778686523e-01 -1.034347712993621826e-02 -4.476706385612487793e-01
-6.662169694900512695e-01 -1.303490530699491501e-02 -4.466652870178222656e-01
-6.671800613403320312e-01 -1.394219975918531418e-02 -4.536154866218566895e-01
-6.595535278320312500e-01 -1.437427289783954620e-02 -4.601539969444274902e-01
-6.383278965950012207e-01 -1.978196017444133759e-02 -4.488429129123687744e-01
-6.143168210983276367e-01 -2.649224922060966492e-02 -4.273162484169006348e-01
-5.895670056343078613e-01 -3.002700954675674438e-02 -4.036561250686645508e-01
-6.000491380691528320e-01 -3.867008909583091736e-02 -4.070088565349578857e-01
-5.989666581153869629e-01 -3.162034973502159119e-02 -4.207618832588195801e-01
-5.789418816566467285e-01 -1.865641586482524872e-02 -4.209896624088287354e-01
-5.175082683563232422e-01 -1.643260195851325989e-02 -3.803547918796539307e-01
-5.207284092903137207e-01 -1.844451017677783966e-02 -3.832918703556060791e-01
-5.655385851860046387e-01 -3.226963430643081665e-02 -4.106268584728240967e-01
-6.238442063331604004e-01 -4.741459339857101440e-02 -4.596159756183624268e-01
-5.954723358154296875e-01 -4.810622334480285645e-02 -4.495672285556793213e-01
-5.564996004104614258e-01 -4.025015234947204590e-02 -4.187498688697814941e-01
-5.575560331344604492e-01 -3.390875831246376038e-02 -4.197839796543121338e-01
-5.823010802268981934e-01 -2.871239930391311646e-02 -4.809801578521728516e-01
-6.173843145370483398e-01 -2.567777410149574280e-02 -5.535361170768737793e-01
-5.849266648292541504e-01 -2.323396876454353333e-02 -5.465318560600280762e-01
-5.499367713928222656e-01 -2.810131572186946869e-02 -5.114133954048156738e-01
-5.477661490440368652e-01 -2.935516089200973511e-02 -5.128445625305175781e-01
-6.339749097824096680e-01 -3.541148826479911804e-02 -5.978449583053588867e-01
-6.618377566337585449e-01 -3.221301734447479248e-02 -6.354447603225708008e-01
-6.450973749160766602e-01 -2.395673096179962158e-02 -6.206081509590148926e-01
-6.109358072280883789e-01 -2.332189120352268219e-02 -5.869963765144348145e-01
-6.267590522766113281e-01 -1.234087161719799042e-02 -6.132819056510925293e-01
-6.447377204895019531e-01 1.288577914237976074e-03 -6.417943239212036133e-01
-6.580846309661865234e-01 -3.067892044782638550e-03 -6.773331165313720703e-01
-6.327859163284301758e-01 1.783363986760377884e-03 -6.519105434417724609e-01
-6.186800599098205566e-01 -9.581255726516246796e-04 -6.250575780868530273e-01
-6.349383592605590820e-01 7.808220107108354568e-03 -6.366288065910339355e-01
-6.690811514854431152e-01 -1.643046736717224121e-03 -6.886376142501831055e-01
-6.971361041069030762e-01 -2.660995908081531525e-02 -7.252679467201232910e-01
-6.862281560897827148e-01 -2.916962839663028717e-02 -7.151817679405212402e-01
-6.885170340538024902e-01 -2.659684605896472931e-02 -7.111952304840087891e-01
-6.902059912681579590e-01 -2.607546560466289520e-02 -6.969812512397766113e-01
-6.926372051239013672e-01 -1.921235583722591400e-02 -7.141482234001159668e-01
-6.644497513771057129e-01 -2.409151755273342133e-03 -6.985672712326049805e-01
-5.647962689399719238e-01 -5.534031428396701813e-03 -6.057465076446533203e-01
-6.156686544418334961e-01 -1.284551154822111130e-02 -6.504338979721069336e-01
-5.684527754783630371e-01 -2.052187919616699219e-02 -5.951627492904663086e-01
-5.433157086372375488e-01 -1.871246844530105591e-02 -5.711341500282287598e-01
-5.569878816604614258e-01 -1.971922442317008972e-02 -5.873856544494628906e-01
-5.925054550170898438e-01 -1.354553550481796265e-02 -6.270520091056823730e-01
-6.336673498153686523e-01 -2.163476310670375824e-02 -6.842674016952514648e-01
-6.050493121147155762e-01 -1.653532125055789948e-02 -6.632159948348999023e-01
-5.855056047439575195e-01 -1.723916642367839813e-02 -6.439989805221557617e-01
-6.241202950477600098e-01 -2.831617370247840881e-02 -6.992223858833312988e-01
-5.010883212089538574e-01 -1.921686157584190369e-02 -5.732946395874023438e-01
-4.983571767807006836e-01 -2.880036458373069763e-02 -5.529559254646301270e-01
-4.850471615791320801e-01 -2.667133137583732605e-02 -5.376366376876831055e-01
-4.864563345909118652e-01 -2.586437016725540161e-02 -5.236371159553527832e-01
-5.041680335998535156e-01 -2.087520621716976166e-02 -5.562875270843505859e-01
-5.049149990081787109e-01 -1.463437732309103012e-02 -5.608133077621459961e-01
-5.156850814819335938e-01 -2.980847470462322235e-02 -5.769366025924682617e-01
-6.069715023040771484e-01 -4.759786278009414673e-02 -6.561490893363952637e-01
-6.181404590606689453e-01 -3.588446602225303650e-02 -6.789643168449401855e-01
-5.677580237388610840e-01 -1.263105031102895737e-02 -6.414949297904968262e-01
-5.836036205291748047e-01 -1.476640440523624420e-02 -6.513999700546264648e-01
-5.572375059127807617e-01 -9.832238778471946716e-03 -6.170521378517150879e-01
-5.971184968948364258e-01 -5.980253219604492188e-03 -6.602750420570373535e-01
-6.285210847854614258e-01 -1.244322489947080612e-02 -6.929943561553955078e-01
-6.773201823234558105e-01 -2.385653182864189148e-02 -7.340629696846008301e-01
-6.762350797653198242e-01 -3.115447796881198883e-02 -7.275124192237854004e-01
-6.618854403495788574e-01 -2.509893476963043213e-02 -6.961090564727783203e-01
-6.666200160980224609e-01 -2.053860761225223541e-02 -7.054749727249145508e-01
-6.833093762397766113e-01 -2.802099473774433136e-02 -7.234593629837036133e-01
-6.785450577735900879e-01 -3.526270017027854919e-02 -7.142722010612487793e-01
-6.314804553985595703e-01 -3.289213031530380249e-02 -6.647303104400634766e-01
-6.311326026916503906e-01 -3.197016566991806030e-02 -6.759843826293945312e-01
-6.297577619552612305e-01 -4.230473935604095459e-02 -6.695037484169006348e-01
-6.072026491165161133e-01 -4.266735166311264038e-02 -6.408258080482482910e-01
-5.477650165557861328e-01 -4.003228992223739624e-02 -5.876389145851135254e-01
-5.324555039405822754e-01 -3.961029648780822754e-02 -5.710150599479675293e-01
-5.148752331733703613e-01 -3.463641926646232605e-02 -5.445289015769958496e-01
-5.176901221275329590e-01 -3.482268005609512329e-02 -5.513228178024291992e-01
-5.165068507194519043e-01 -4.015153273940086365e-02 -5.504606366157531738e-01
-5.275954008102416992e-01 -4.347927495837211609e-02 -5.600950121879577637e-01
-5.344482660293579102e-01 -3.644024580717086792e-02 -5.733174085617065430e-01
-5.696895122528076172e-01 -2.607070654630661011e-02 -6.266909241676330566e-01
-5.609552860260009766e-01 -1.721296459436416626e-02 -6.249557137489318848e-01
-5.661660432815551758e-01 -2.713527530431747437e-02 -6.262676715850830078e-01
-5.942624807357788086e-01 -4.173921793699264526e-02 -6.612144708633422852e-01
-6.145765781402587891e-01 -4.232195764780044556e-02 -6.937026977539062500e-01
-6.140003800392150879e-01 -4.800792783498764038e-02 -6.910091638565063477e-01
-6.385788917541503906e-01 -4.922012239694595337e-02 -6.958139538764953613e-01
-6.315515637397766113e-01 -4.153391718864440918e-02 -6.493625640869140625e-01
-6.375972628593444824e-01 -4.168081283569335938e-02 -6.567927598953247070e-01
-6.814203858375549316e-01 -5.394892394542694092e-02 -7.366631031036376953e-01
-6.854405999183654785e-01 -5.091405659914016724e-02 -7.438855171203613281e-01
-6.798635721206665039e-01 -4.875663667917251587e-02 -7.349570393562316895e-01
-6.821427345275878906e-01 -4.996930062770843506e-02 -7.255659103393554688e-01
-6.606148481369018555e-01 -4.347532615065574646e-02 -7.001318931579589844e-01
-6.586995720863342285e-01 -3.647035732865333557e-02 -7.009042501449584961e-01
-6.591219902038574219e-01 -3.913553804159164429e-02 -7.040973901748657227e-01
-6.683576703071594238e-01 -4.901871830224990845e-02 -7.233046889305114746e-01
-7.271422743797302246e-01 -7.444673776626586914e-02 -7.789646387100219727e-01
-7.170147299766540527e-01 -8.017840236425399780e-02 -7.641294598579406738e-01
-7.257649302482604980e-01 -7.061699777841567993e-02 -7.799620628356933594e-01
-7.564499378204345703e-01 -4.818678647279739380e-02 -7.911670207977294922e-01
-7.879188656806945801e-01 -4.853270947933197021e-02 -8.282227516174316406e-01
-7.907530665397644043e-01 -5.025217682123184204e-02 -8.378856182098388672e-01
-8.125689625740051270e-01 -7.084144651889801025e-02 -8.576977252960205078e-01
-7.844435572624206543e-01 -8.455675095319747925e-02 -8.503233790397644043e-01
-7.842265367507934570e-01 -8.701634407043457031e-02 -8.484989404678344727e-01
-7.857263684272766113e-01 -8.261988312005996704e-02 -8.576386570930480957e-01
-7.967619299888610840e-01 -8.091841638088226318e-02 -8.774311542510986328e-01
-8.292770981788635254e-01 -8.500629663467407227e-02 -8.952991962432861328e-01
-8.298612236976623535e-01 -9.618675708770751953e-02 -8.922573924064636230e-01
-7.926203608512878418e-01 -7.721921801567077637e-02 -8.441271185874938965e-01
-7.689267992973327637e-01 -6.876733899116516113e-02 -8.151351809501647949e-01
-7.993193268775939941e-01 -7.884920388460159302e-02 -8.694486618041992188e-01
-7.907037734985351562e-01 -8.238568156957626343e-02 -8.514138460159301758e-01
-7.714481353759765625e-01 -8.312946557998657227e-02 -8.062385916709899902e-01
-7.609602808952331543e-01 -8.064155280590057373e-02 -7.885687351226806641e-01
-7.408633232116699219e-01 -8.036235719919204712e-02 -7.668735980987548828e-01
-7.144005298614501953e-01 -7.226052135229110718e-02 -7.356511354446411133e-01
-7.017516493797302246e-01 -7.116980105638504028e-02 -7.214933037757873535e-01
-7.331917881965637207e-01 -7.341490685939788818e-02 -7.559058666229248047e-01
-7.404736280441284180e-01 -7.608874142169952393e-02 -7.629725933074951172e-01
-6.971284151077270508e-01 -7.001511007547378540e-02 -7.206118106842041016e-01
-6.559075713157653809e-01 -6.737197935581207275e-02 -6.776996254920959473e-01
-6.460084915161132812e-01 -6.570383906364440918e-02 -6.728625893592834473e-01
-6.596413254737854004e-01 -6.753189861774444580e-02 -7.027852535247802734e-01
-6.566821336746215820e-01 -7.040217518806457520e-02 -7.141894698143005371e-01
-6.568688750267028809e-01 -7.251238077878952026e-02 -7.208521366119384766e-01
-6.747360229492187500e-01 -7.714148610830307007e-02 -7.462674975395202637e-01
-6.882367134094238281e-01 -8.976560086011886597e-02 -7.655068635940551758e-01
-6.893540024757385254e-01 -9.924353659152984619e-02 -7.759401202201843262e-01
-6.601386666297912598e-01 -9.485290944576263428e-02 -7.470983862876892090e-01
-6.522093415260314941e-01 -9.312348067760467529e-02 -7.416173219680786133e-01
-6.848407983779907227e-01 -9.962950646877288818e-02 -7.828031778335571289e-01
-7.162671685218811035e-01 -1.076850518584251404e-01 -8.182303905487060547e-01
-7.292491197586059570e-01 -1.133371144533157349e-01 -8.318700790405273438e-01
-7.340888977050781250e-01 -1.123957782983779907e-01 -8.321402072906494141e-01
-7.158949375152587891e-01 -1.066805720329284668e-01 -8.071007728576660156e-01
-6.849845051765441895e-01 -1.023647189140319824e-01 -7.676090002059936523e-01
-6.590600013732910156e-01 -9.876210242509841919e-02 -7.379601001739501953e-01
-6.553788781166076660e-01 -9.887684881687164307e-02 -7.334918379783630371e-01
-6.529530882835388184e-01 -9.683758765459060669e-02 -7.309017777442932129e-01
-6.489702463150024414e-01 -9.413358569145202637e-02 -7.273647189140319824e-01
-6.319822669029235840e-01 -9.083859622478485107e-02 -7.133510708808898926e-01
-6.373711824417114258e-01 -9.417769312858581543e-02 -7.260547280311584473e-01
-6.586739420890808105e-01 -1.006265208125114441e-01 -7.536087632179260254e-01
-6.801133155822753906e-01 -1.071413084864616394e-01 -7.731034159660339355e-01
-6.890174746513366699e-01 -1.140686571598052979e-01 -7.769073843955993652e-01
-6.829702854156494141e-01 -1.171783953905105591e-01 -7.694321274757385254e-01
-6.669498682022094727e-01 -1.149501949548721313e-01 -7.553121447563171387e-01
-6.614040136337280273e-01 -1.135085895657539368e-01 -7.520192861557006836e-01
-6.713785529136657715e-01 -1.143133640289306641e-01 -7.632963061332702637e-01
-6.831007003784179688e-01 -1.150147616863250732e-01 -7.776599526405334473e-01
-6.950783729553222656e-01 -1.186125352978706360e-01 -7.912833690643310547e-01
-7.019900083541870117e-01 -1.227299347519874573e-01 -7.985376715660095215e-01
-7.056000828742980957e-01 -1.250838041305541992e-01 -8.007465004920959473e-01
-7.052091360092163086e-01 -1.260781884193420410e-01 -8.007890582084655762e-01
-6.995810866355895996e-01 -1.258535683155059814e-01 -7.964098453521728516e-01
-6.905065774917602539e-01 -1.243194267153739929e-01 -7.871955037117004395e-01
-6.839888095855712891e-01 -1.231179535388946533e-01 -7.797274589538574219e-01
-6.769280433654785156e-01 -1.220041066408157349e-01 -7.715557813644409180e-01
-6.705611348152160645e-01 -1.202455982565879822e-01 -7.631005644798278809e-01
-6.652578711509704590e-01 -1.188099235296249390e-01 -7.572999000549316406e-01
-6.615196466445922852e-01 -1.180206537246704102e-01 -7.548840045928955078e-01
-6.586151123046875000e-01 -1.176669299602508545e-01 -7.533798217773437500e-01
-6.557241678237915039e-01 -1.171691343188285828e-01 -7.507277131080627441e-01
-6.538876295089721680e-01 -1.168276742100715637e-01 -7.487016320228576660e-01
-6.536332368850708008e-01 -1.170001178979873657e-01 -7.476779222488403320e-01
-6.544757485389709473e-01 -1.179195567965507507e-01 -7.471907734870910645e-01
-6.561382412910461426e-01 -1.189475730061531067e-01 -7.475334405899047852e-01
-6.583530306816101074e-01 -1.201100274920463562e-01 -7.486959695816040039e-01
-6.591936945915222168e-01 -1.210202798247337341e-01 -7.495318055152893066e-01
-6.594846844673156738e-01 -1.210286393761634827e-01 -7.507106065750122070e-01
-6.596884727478027344e-01 -1.202516704797744751e-01 -7.521155476570129395e-01
-6.602903604507446289e-01 -1.192721650004386902e-01 -7.533922195434570312e-01
-6.612213253974914551e-01 -1.181445717811584473e-01 -7.537518739700317383e-01
-6.617645621299743652e-01 -1.170290261507034302e-01 -7.533700466156005859e-01
-6.584872603416442871e-01 -1.152315214276313782e-01 -7.495599389076232910e-01
-6.553785800933837891e-01 -1.130106896162033081e-01 -7.461969256401062012e-01
-6.553328633308410645e-01 -1.113846302032470703e-01 -7.450908422470092773e-01
-6.565995812416076660e-01 -1.094562709331512451e-01 -7.462761998176574707e-01
-6.644911766052246094e-01 -1.086515188217163086e-01 -7.558317184448242188e-01
-6.736949682235717773e-01 -1.082667782902717590e-01 -7.675031423568725586e-01
-6.780231595039367676e-01 -1.090568825602531433e-01 -7.759103178977966309e-01
-6.739779710769653320e-01 -1.107693910598754883e-01 -7.742894291877746582e-01
-6.675642728805541992e-01 -1.114667356014251709e-01 -7.707468271255493164e-01
-6.546469330787658691e-01 -1.124053895473480225e-01 -7.581242322921752930e-01
-6.399056315422058105e-01 -1.111254990100860596e-01 -7.477385997772216797e-01
-6.265751719474792480e-01 -1.071648150682449341e-01 -7.375279068946838379e-01
-6.347872018814086914e-01 -1.066553294658660889e-01 -7.460971474647521973e-01
-6.507176160812377930e-01 -1.073123738169670105e-01 -7.609363198280334473e-01
-6.469942331314086914e-01 -1.053150445222854614e-01 -7.550866007804870605e-01
-6.335930228233337402e-01 -1.015127301216125488e-01 -7.384949922561645508e-01
-6.279928088188171387e-01 -9.971260279417037964e-02 -7.320318818092346191e-01
-6.230002045631408691e-01 -9.889864176511764526e-02 -7.320210933685302734e-01
-6.051670312881469727e-01 -9.490484744310379028e-02 -7.194199562072753906e-01
-5.854178071022033691e-01 -8.943668752908706665e-02 -7.024873495101928711e-01
-5.743787288665771484e-01 -8.412908762693405151e-02 -6.875667572021484375e-01
-5.719057917594909668e-01 -8.040597289800643921e-02 -6.808629631996154785e-01
-5.556901097297668457e-01 -7.635167241096496582e-02 -6.634352803230285645e-01
-5.418749451637268066e-01 -7.271382957696914673e-02 -6.498046517372131348e-01
-5.345957279205322266e-01 -7.182634621858596802e-02 -6.461765766143798828e-01
-5.194109082221984863e-01 -6.942982971668243408e-02 -6.360789537429809570e-01
-5.033651590347290039e-01 -6.525079160928726196e-02 -6.239367723464965820e-01
-4.986214339733123779e-01 -6.239112466573715210e-02 -6.180636882781982422e-01
-5.078225135803222656e-01 -6.240283325314521790e-02 -6.277093291282653809e-01
