-1.489351503551006317e-02 1.405054470524191856e-03 8.958733081817626953e-01
-1.880883239209651947e-03 -2.571895252913236618e-03 8.906710743904113770e-01
9.803455322980880737e-04 -1.000501308590173721e-02 8.945353031158447266e-01
1.576192677021026611e-03 -2.565358299762010574e-03 8.517781496047973633e-01
2.952764043584465981e-03 1.476986071793362498e-04 8.486993908882141113e-01
3.682319540530443192e-03 -1.296928711235523224e-02 8.797394633293151855e-01
3.375734668225049973e-03 -1.462695281952619553e-02 9.294342994689941406e-01
3.452409990131855011e-03 -1.650839671492576599e-02 9.209750890731811523e-01
1.851412933319807053e-03 -2.030203863978385925e-02 8.822216987609863281e-01
4.605402238667011261e-03 -1.320438273251056671e-02 8.448678255081176758e-01
1.053615100681781769e-02 -1.232335530221462250e-02 8.599693179130554199e-01
1.565036177635192871e-02 -1.150996424257755280e-02 8.696768879890441895e-01
2.179661765694618225e-02 -1.075091771781444550e-02 9.299495816230773926e-01
1.865825243294239044e-02 -1.070281025022268295e-03 9.353882074356079102e-01
9.851886890828609467e-03 8.267626166343688965e-03 8.995701670646667480e-01
5.387334153056144714e-03 7.622126024216413498e-03 8.840853571891784668e-01
2.413515001535415649e-03 4.069799557328224182e-03 8.794987797737121582e-01
1.936255022883415222e-03 -1.651500584557652473e-03 8.715118765830993652e-01
7.780971936881542206e-03 -8.279048837721347809e-03 8.344893455505371094e-01
1.153715793043375015e-02 -5.687456112354993820e-03 7.918167114257812500e-01
1.192286517471075058e-02 -8.567871525883674622e-03 7.300369739532470703e-01
5.542321130633354187e-03 -1.890359818935394287e-02 7.045389413833618164e-01
4.302486777305603027e-04 -2.527616173028945923e-02 7.369386553764343262e-01
4.514251835644245148e-03 -2.247878164052963257e-02 7.326568365097045898e-01
3.175762481987476349e-03 -2.417095378041267395e-02 7.324901223182678223e-01
1.230414491146802902e-02 -1.932281069457530975e-02 7.758336663246154785e-01
1.146707963198423386e-02 -8.824230171740055084e-03 7.704863548278808594e-01
1.277256291359663010e-02 -1.108431071043014526e-02 8.434473276138305664e-01
1.087028719484806061e-02 -2.149639464914798737e-02 9.512304663658142090e-01
8.837632834911346436e-03 -1.976855099201202393e-02 1.050017833709716797e+00
7.172567769885063171e-03 -2.368360757827758789e-02 1.113979339599609375e+00
5.919281393289566040e-04 -3.265336900949478149e-02 1.062000989913940430e+00
6.518118083477020264e-03 -2.743529714643955231e-02 9.099631309509277344e-01
6.514576263725757599e-03 -2.363375015556812286e-02 9.077857136726379395e-01
1.073204912245273590e-02 -1.880014687776565552e-02 9.342387318611145020e-01
1.603891141712665558e-02 -1.180220488458871841e-02 9.125303626060485840e-01
3.252420201897621155e-02 -4.928021691739559174e-03 9.934611916542053223e-01
1.819112710654735565e-02 -3.256575390696525574e-02 1.064342737197875977e+00
2.737262099981307983e-02 -2.529362402856349945e-02 1.067287921905517578e+00
3.800950944423675537e-02 -2.615502104163169861e-02 1.053544998168945312e+00
3.475012630224227905e-02 -3.270941227674484253e-02 1.080997943878173828e+00
3.602328896522521973e-02 -4.259226098656654358e-02 1.092326641082763672e+00
3.930130973458290100e-02 -3.392155095934867859e-02 1.095041155815124512e+00
2.992999739944934845e-02 -2.868655323982238770e-02 1.142190814018249512e+00
3.038976341485977173e-02 -2.637655660510063171e-02 1.099724769592285156e+00
-8.518748916685581207e-03 2.634489908814430237e-03 1.078862190246582031e+00
-2.120755985379219055e-02 1.404445990920066833e-02 1.081271648406982422e+00
-1.762081496417522430e-02 7.768195122480392456e-03 1.024164795875549316e+00
-2.376230992376804352e-02 -2.305168192833662033e-03 1.020316123962402344e+00
-3.276304900646209717e-02 -9.801622480154037476e-03 1.002656579017639160e+00
-2.891942486166954041e-02 -1.523044705390930176e-02 9.638175368309020996e-01
-2.714591473340988159e-02 -1.022800430655479431e-02 9.187979102134704590e-01
-2.688222005963325500e-02 -2.225632779300212860e-03 9.320543408393859863e-01
-2.328955754637718201e-02 -1.398977823555469513e-03 9.434638023376464844e-01
-2.754973992705345154e-02 -4.929667338728904724e-03 9.581203460693359375e-01
-2.347411029040813446e-02 5.691729485988616943e-03 9.904473423957824707e-01
-1.622045412659645081e-02 1.596725173294544220e-02 1.007817864418029785e+00
-9.498715400695800781e-03 9.886351414024829865e-03 9.731596708297729492e-01
-1.167124509811401367e-02 5.208105780184268951e-03 9.313387870788574219e-01
7.127307355403900146e-03 -2.024870133027434349e-03 8.806868791580200195e-01
3.150671487674117088e-03 -1.602508127689361572e-02 8.556486368179321289e-01
-5.149850621819496155e-03 -2.322488650679588318e-02 7.966778874397277832e-01
-3.982530441135168076e-03 -1.653197780251502991e-02 7.985004186630249023e-01
1.312139164656400681e-02 -1.330757234245538712e-02 8.168247938156127930e-01
1.432137843221426010e-02 -1.783784478902816772e-02 7.853864431381225586e-01
2.598895318806171417e-02 -1.851906627416610718e-02 7.539529800415039062e-01
2.439889684319496155e-02 -1.327755674719810486e-02 7.366945743560791016e-01
2.987660281360149384e-02 -1.902649924159049988e-02 7.641098499298095703e-01
1.586215198040008545e-02 -1.553372573107481003e-02 7.350389957427978516e-01
4.287306219339370728e-03 -2.684150356799364090e-03 8.032631278038024902e-01
-6.161497905850410461e-03 -1.138365734368562698e-02 8.458011746406555176e-01
-1.941880676895380020e-03 -1.676503568887710571e-02 8.991539478302001953e-01
-5.882757715880870819e-03 -1.611859351396560669e-02 9.296169281005859375e-01
-8.523233234882354736e-03 -2.216272801160812378e-02 9.665955305099487305e-01
-1.107329502701759338e-02 -3.430236876010894775e-02 1.066208124160766602e+00
-9.081994183361530304e-03 -3.853303939104080200e-02 1.119990706443786621e+00
2.003150992095470428e-03 -2.899572253227233887e-02 1.076693415641784668e+00
4.053509794175624847e-03 -1.149840932339429855e-02 9.879643321037292480e-01
-1.752777956426143646e-02 1.394257880747318268e-02 9.380704164505004883e-01
-2.107317931950092316e-02 -4.103374667465686798e-03 9.366266727447509766e-01
3.192677162587642670e-03 -1.130159571766853333e-02 9.218062162399291992e-01
-5.188247188925743103e-03 4.998654127120971680e-03 9.088782668113708496e-01
-2.982449159026145935e-02 1.404073648154735565e-02 9.606838822364807129e-01
-1.208085194230079651e-02 2.115321345627307892e-03 9.059764742851257324e-01
-6.543710827827453613e-03 -8.280221372842788696e-04 8.247758150100708008e-01
-1.973884552717208862e-02 -1.143304258584976196e-02 8.261864185333251953e-01
-2.150730229914188385e-02 -8.848630823194980621e-03 7.983932495117187500e-01
-1.138681825250387192e-02 -1.331741269677877426e-02 7.418782114982604980e-01
-8.102701045572757721e-03 -5.027568899095058441e-03 7.626295685768127441e-01
-4.764302168041467667e-03 -1.792408293113112450e-03 8.371003866195678711e-01
1.172074861824512482e-02 -2.864667773246765137e-02 8.989645242691040039e-01
1.237076148390769958e-02 -1.703546755015850067e-02 9.313334822654724121e-01
3.600279614329338074e-02 -1.143844984471797943e-02 8.857226371765136719e-01
3.243748098611831665e-02 -1.137161254882812500e-02 9.246171712875366211e-01
3.037004359066486359e-02 1.126557588577270508e-03 8.990890979766845703e-01
3.226508572697639465e-02 8.891790173947811127e-03 8.589356541633605957e-01
1.935731805860996246e-02 6.938074715435504913e-03 7.780099511146545410e-01
7.725167088210582733e-03 2.059348393231630325e-03 7.179999947547912598e-01
1.315956935286521912e-02 -1.296112593263387680e-02 7.375192046165466309e-01
4.465239495038986206e-02 -3.136690333485603333e-02 8.069599866867065430e-01
5.575358495116233826e-02 -3.551459684967994690e-02 7.967753410339355469e-01
1.771167665719985962e-02 -4.440331086516380310e-02 9.449443221092224121e-01
2.527303993701934814e-02 -3.008975833654403687e-02 9.202634692192077637e-01
2.187008783221244812e-02 -4.714225418865680695e-03 9.028741717338562012e-01
2.629162557423114777e-02 -3.826043568551540375e-03 9.303556084632873535e-01
1.860810816287994385e-02 -1.186777837574481964e-03 9.940545558929443359e-01
1.163610257208347321e-02 -1.739204861223697662e-03 1.060057759284973145e+00
2.438271185383200645e-03 -7.248935289680957794e-04 1.066707849502563477e+00
8.895045146346092224e-03 -1.360741676762700081e-03 1.048563718795776367e+00
5.283339880406856537e-03 -3.109203651547431946e-03 1.047734022140502930e+00
2.179011702537536621e-03 -2.447222825139760971e-03 1.008128285408020020e+00
4.321259446442127228e-03 2.986392239108681679e-03 9.919716119766235352e-01
1.427146140486001968e-03 1.234900671988725662e-02 9.790801405906677246e-01
-3.529873210936784744e-03 1.583999954164028168e-02 9.658904671669006348e-01
-7.854405790567398071e-03 1.290836650878190994e-02 9.925171732902526855e-01
-5.158120300620794296e-03 -2.837809151969850063e-04 1.044126152992248535e+00
-2.524319570511579514e-03 2.183596603572368622e-03 1.080193758010864258e+00
-8.602832444012165070e-03 -2.263038791716098785e-02 1.116463541984558105e+00
-1.932932063937187195e-02 -2.678524330258369446e-02 1.089701771736145020e+00
-9.237751364707946777e-03 -2.595389261841773987e-02 1.091019392013549805e+00
1.199111342430114746e-02 -2.034576423466205597e-02 1.097469925880432129e+00
4.820317961275577545e-03 2.926736488007009029e-04 1.062388062477111816e+00
-9.412621147930622101e-04 4.539004527032375336e-03 1.021001935005187988e+00
-7.382165640592575073e-04 3.112732665613293648e-04 1.025347471237182617e+00
5.328580737113952637e-04 -1.102926395833492279e-02 1.032847404479980469e+00
5.108212120831012726e-03 -1.763493940234184265e-02 1.027584195137023926e+00
8.257069624960422516e-03 -1.608602888882160187e-02 1.037518262863159180e+00
8.890461176633834839e-03 -1.699167117476463318e-02 1.022968053817749023e+00
3.196648787707090378e-03 -1.387240085750818253e-02 1.007202506065368652e+00
-6.165095604956150055e-03 -1.001735590398311615e-02 9.752210378646850586e-01
-1.101497095078229904e-03 -1.478520967066287994e-02 9.483501315116882324e-01
-2.611856907606124878e-03 -1.029908563941717148e-02 9.932709932327270508e-01
-6.097117904573678970e-03 -2.592532662674784660e-03 9.900457262992858887e-01
-6.524433381855487823e-03 -1.049836631864309311e-03 1.005929470062255859e+00
-8.261866867542266846e-03 4.034056793898344040e-03 1.018907427787780762e+00
-1.211732160300016403e-02 5.179977510124444962e-03 1.014580488204956055e+00
-1.801434718072414398e-02 2.959463279694318771e-03 9.827333688735961914e-01
-2.309728227555751801e-02 -4.084542160853743553e-05 9.736271500587463379e-01
-2.487090043723583221e-02 1.877544913440942764e-03 9.949810504913330078e-01
-2.525375969707965851e-02 6.502577103674411774e-03 1.005789756774902344e+00
-3.127025067806243896e-02 1.102821435779333115e-02 1.009920597076416016e+00
-3.393095359206199646e-02 1.318742427974939346e-02 1.001457810401916504e+00
-3.119714371860027313e-02 1.215544436126947403e-02 9.666631221771240234e-01
-3.031196445226669312e-02 8.147686719894409180e-03 9.363833069801330566e-01
-3.270069882273674011e-02 7.912217639386653900e-03 9.449425339698791504e-01
-3.679590299725532532e-02 7.505493238568305969e-03 9.751654267311096191e-01
-4.018991440534591675e-02 9.339375421404838562e-03 1.011172771453857422e+00
-3.915411978960037231e-02 1.001287065446376801e-02 1.035268306732177734e+00
-3.594446554780006409e-02 5.538786761462688446e-03 1.038158893585205078e+00
-3.045316785573959351e-02 1.665618270635604858e-03 1.031301379203796387e+00
-2.362673915922641754e-02 1.092918682843446732e-04 1.060305714607238770e+00
-1.551973447203636169e-02 -3.861770965158939362e-04 1.112899661064147949e+00
-2.973376074805855751e-03 9.612273424863815308e-05 1.125302076339721680e+00
-1.360054872930049896e-02 1.086510438472032547e-02 1.092336177825927734e+00
-2.157975360751152039e-02 1.775776408612728119e-02 1.093598008155822754e+00
-2.474474534392356873e-02 1.384687330573797226e-02 1.065827846527099609e+00
-2.843571081757545471e-02 3.248984459787607193e-03 1.009954333305358887e+00
-2.894676476716995239e-02 2.380428835749626160e-03 9.776976108551025391e-01
-2.751427516341209412e-02 3.244180697947740555e-03 9.980224370956420898e-01
-2.279951423406600952e-02 3.854255657643079758e-03 1.013892173767089844e+00
-1.504366658627986908e-02 -1.623154617846012115e-03 1.058517456054687500e+00
-9.452140890061855316e-03 -2.103987708687782288e-02 1.105722427368164062e+00
3.406260628253221512e-03 -2.575269713997840881e-02 1.056015968322753906e+00
-4.506225232034921646e-04 -2.105210721492767334e-02 1.032667517662048340e+00
-1.297498121857643127e-02 -2.576289698481559753e-02 1.040496230125427246e+00
-2.536431327462196350e-02 -1.774940080940723419e-02 1.070767641067504883e+00
-1.586141437292098999e-02 -1.740428991615772247e-02 1.074731826782226562e+00
-2.097665332257747650e-02 -1.421319507062435150e-02 1.123118758201599121e+00
-1.536829583346843719e-02 -1.099118683487176895e-02 1.131813049316406250e+00
-1.007668953388929367e-02 -1.158325560390949249e-02 1.101610898971557617e+00
-8.068147115409374237e-03 -1.872065104544162750e-02 1.070742845535278320e+00
-9.841686114668846130e-03 -2.179182693362236023e-02 1.075681924819946289e+00
-8.672216907143592834e-03 -2.861052006483078003e-02 1.089138031005859375e+00
3.472547046840190887e-03 -2.700707502663135529e-02 1.072797417640686035e+00
4.440582357347011566e-03 -2.821383625268936157e-02 1.067618012428283691e+00
-4.047466441988945007e-03 -2.781478874385356903e-02 1.071713209152221680e+00
1.266399398446083069e-03 -3.139642998576164246e-02 1.075198769569396973e+00
9.489245712757110596e-03 -3.813098371028900146e-02 1.061799049377441406e+00
-7.016983814537525177e-03 -2.517772652208805084e-02 1.041129469871520996e+00
-1.626718789339065552e-02 -1.718069240450859070e-02 1.033336162567138672e+00
1.139478571712970734e-02 -1.512482576072216034e-02 1.001887798309326172e+00
2.512551844120025635e-02 -2.743877097964286804e-02 1.004613399505615234e+00
9.223499335348606110e-03 -2.053603716194629669e-02 9.821155071258544922e-01
6.739999167621135712e-03 -2.601541578769683838e-02 9.949546456336975098e-01
8.174301125109195709e-03 -2.737708203494548798e-02 9.952498674392700195e-01
-4.437346942722797394e-03 -2.972967550158500671e-02 1.003785490989685059e+00
-8.745696395635604858e-03 -2.611283585429191589e-02 9.918985962867736816e-01
-8.780402131378650665e-03 -1.392922829836606979e-02 9.396815299987792969e-01
1.072726445272564888e-03 -1.048750802874565125e-02 9.312058687210083008e-01
1.524846628308296204e-02 1.809827284887433052e-03 9.853155016899108887e-01
2.016715519130229950e-02 7.025259081274271011e-03 9.869861006736755371e-01
2.456785738468170166e-02 7.533123716711997986e-04 9.740294218063354492e-01
2.516750805079936981e-02 -4.239693284034729004e-03 9.783360362052917480e-01
2.412754669785499573e-02 5.827887915074825287e-03 9.761357903480529785e-01
1.459305267781019211e-02 4.182156175374984741e-03 9.575310945510864258e-01
7.814405485987663269e-03 5.621834658086299896e-03 9.712670445442199707e-01
2.173481974750757217e-03 1.051896717399358749e-02 1.003574371337890625e+00
-5.754861980676651001e-03 2.077182941138744354e-02 1.054430484771728516e+00
-9.261425584554672241e-03 2.303778938949108124e-02 1.086921930313110352e+00
-6.044014357030391693e-03 1.057160459458827972e-02 1.069222331047058105e+00
8.955554105341434479e-03 5.134390667080879211e-03 1.052002310752868652e+00
2.019952051341533661e-02 3.807431086897850037e-03 1.052385210990905762e+00
1.617227867245674133e-02 1.311215572059154510e-03 1.073129653930664062e+00
1.502621732652187347e-02 -5.473472643643617630e-03 1.083368659019470215e+00
6.150813773274421692e-03 -1.855649519711732864e-03 1.090057015419006348e+00
-1.218113582581281662e-02 1.828197389841079712e-03 1.098767518997192383e+00
-2.151481807231903076e-02 -1.015691086649894714e-04 1.098971128463745117e+00
-2.550038322806358337e-02 -3.077143337577581406e-03 1.093793392181396484e+00
-2.496149763464927673e-02 -8.865930140018463135e-04 1.067003250122070312e+00
-1.756901293992996216e-02 1.503122970461845398e-03 1.053644299507141113e+00
-1.010295562446117401e-02 -7.945634424686431885e-03 1.050276279449462891e+00
5.551223177462816238e-03 -1.558878831565380096e-02 1.060462594032287598e+00
1.557863969355821609e-02 -1.693644747138023376e-02 1.073135733604431152e+00
1.287767942994832993e-02 -1.307945325970649719e-02 1.088828682899475098e+00
2.229485101997852325e-02 -2.732047624886035919e-02 1.136182188987731934e+00
3.070672601461410522e-02 -3.818710893392562866e-02 1.183001399040222168e+00
2.374488115310668945e-02 -4.195468872785568237e-02 1.217161655426025391e+00
1.891093328595161438e-02 -4.470581561326980591e-02 1.236592531204223633e+00
1.593350246548652649e-02 -4.273645207285881042e-02 1.218458771705627441e+00
1.526564452797174454e-02 -4.076459258794784546e-02 1.190825581550598145e+00
1.469717733561992645e-02 -4.209470748901367188e-02 1.168982267379760742e+00
1.211298629641532898e-02 -3.474295511841773987e-02 1.163670659065246582e+00
8.244693279266357422e-03 -2.612555213272571564e-02 1.165963888168334961e+00
4.481055308133363724e-03 -7.549079135060310364e-03 1.153964400291442871e+00
2.145979739725589752e-02 -2.115726098418235779e-02 1.173947930335998535e+00
9.459509514272212982e-03 -1.892711035907268524e-02 1.124121308326721191e+00
9.286284446716308594e-03 -2.602121047675609589e-02 1.112722039222717285e+00
1.510551385581493378e-02 -3.120505809783935547e-02 1.061058402061462402e+00
1.723945140838623047e-02 -3.662718832492828369e-02 1.048286437988281250e+00
9.059267118573188782e-03 -3.756891191005706787e-02 1.032689571380615234e+00
4.106930457055568695e-03 -3.405030816793441772e-02 1.023885250091552734e+00
1.748955110087990761e-03 -3.209353610873222351e-02 1.061671257019042969e+00
5.822286009788513184e-03 -2.802698314189910889e-02 1.077488303184509277e+00
5.075288936495780945e-04 -1.823295094072818756e-02 1.113194704055786133e+00
-1.965665258467197418e-03 -1.052337139844894409e-02 1.137246131896972656e+00
1.068799756467342377e-03 -1.376742403954267502e-02 1.162162542343139648e+00
3.840364515781402588e-04 -1.410597562789916992e-02 1.153443574905395508e+00
-2.783525735139846802e-03 2.521729096770286560e-03 1.099343180656433105e+00
-8.153574541211128235e-03 1.940883882343769073e-02 1.096342802047729492e+00
2.236701548099517822e-03 1.053705438971519470e-02 1.126726984977722168e+00
6.753071211278438568e-03 -1.505533233284950256e-03 1.132945895195007324e+00
8.796938695013523102e-03 -6.331048905849456787e-03 1.133599877357482910e+00
1.015573740005493164e-02 -8.357645943760871887e-03 1.109382748603820801e+00
9.616507217288017273e-03 -1.225467585027217865e-02 1.107342004776000977e+00
1.620667055249214172e-03 -8.628763258457183838e-03 1.087111115455627441e+00
-7.243699394166469574e-03 -6.175797432661056519e-03 1.088525772094726562e+00
-1.718947477638721466e-02 -7.820178754627704620e-03 1.125393986701965332e+00
-1.785436272621154785e-02 -7.246000692248344421e-03 1.145316720008850098e+00
-2.619335427880287170e-02 3.118947148323059082e-03 1.156799316406250000e+00
-2.567506767809391022e-02 4.634290933609008789e-03 1.162928819656372070e+00
-2.164606377482414246e-02 5.106952041387557983e-03 1.167981863021850586e+00
-2.419243566691875458e-02 5.619256757199764252e-03 1.144323587417602539e+00
-1.221779920160770416e-02 -3.375940024852752686e-03 1.105128288269042969e+00
-4.923634231090545654e-03 -1.085878256708383560e-02 1.092949986457824707e+00
-4.774366505444049835e-03 -1.964783109724521637e-02 1.060367226600646973e+00
-5.711040459573268890e-03 -2.110048569738864899e-02 9.626837372779846191e-01
-2.742313779890537262e-03 -1.150956656783819199e-02 8.560756444931030273e-01
-2.432620711624622345e-02 -2.960352040827274323e-02 8.900972604751586914e-01
-1.760053262114524841e-02 -3.179724514484405518e-02 8.516438603401184082e-01
-7.082147989422082901e-03 -2.878613024950027466e-02 8.312417864799499512e-01
1.018083281815052032e-02 -2.132271043956279755e-02 8.598904609680175781e-01
1.615207642316818237e-02 -2.115880325436592102e-02 8.950845599174499512e-01
1.026234962046146393e-02 -1.917886547744274139e-02 8.730753660202026367e-01
4.199624061584472656e-03 -2.104531973600387573e-02 8.515700697898864746e-01
7.426529657095670700e-03 -2.295147627592086792e-02 8.397626876831054688e-01
3.330271923914551735e-03 -2.266686037182807922e-02 8.468110561370849609e-01
-1.695326296612620354e-03 -2.254272997379302979e-02 8.512252569198608398e-01
-2.747513819485902786e-03 -2.049983665347099304e-02 8.787297010421752930e-01
-2.515117404982447624e-03 -1.626509428024291992e-02 9.043042063713073730e-01
1.112069003283977509e-03 -1.963976025581359863e-02 8.701261281967163086e-01
1.450584852136671543e-03 -2.032517828047275543e-02 8.662847280502319336e-01
1.032584812492132187e-02 -2.267083525657653809e-02 8.624459505081176758e-01
1.774623245000839233e-02 -2.041350305080413818e-02 8.861643671989440918e-01
1.985123753547668457e-02 -2.237899787724018097e-02 8.439664244651794434e-01
1.159016415476799011e-02 -2.370922453701496124e-02 7.603833079338073730e-01
-1.932674786075949669e-03 -1.863425038754940033e-02 7.667292952537536621e-01
-1.586687192320823669e-02 -1.987323351204395294e-02 7.998366951942443848e-01
-2.177180722355842590e-02 -2.371484786272048950e-02 7.830685973167419434e-01
-1.921356841921806335e-02 -2.686714008450508118e-02 7.897951006889343262e-01
-2.321503311395645142e-02 -3.017257340252399445e-02 8.060920238494873047e-01
-1.736130192875862122e-02 -2.494959905743598938e-02 9.011102318763732910e-01
-1.025256514549255371e-02 -2.660246007144451141e-02 9.529693126678466797e-01
-1.053574681282043457e-02 -2.247993648052215576e-02 9.682170152664184570e-01
-9.861663915216922760e-03 -9.991405531764030457e-03 1.007494688034057617e+00
6.635976023972034454e-03 -7.830224931240081787e-03 1.085296154022216797e+00
1.913645491003990173e-02 -4.969954490661621094e-03 1.095414876937866211e+00
1.909293048083782196e-02 -1.069701276719570160e-03 9.867514371871948242e-01
1.932177692651748657e-02 6.583534646779298782e-03 9.296710491180419922e-01
1.282039750367403030e-02 4.652619361877441406e-03 9.542722105979919434e-01
5.430197343230247498e-04 -2.584535395726561546e-03 9.798699617385864258e-01
-1.111410465091466904e-02 -9.244428947567939758e-03 1.044377088546752930e+00
-4.868099465966224670e-03 -8.496233262121677399e-03 1.106864452362060547e+00
3.060631453990936279e-03 -2.061227569356560707e-03 1.161667585372924805e+00
3.725955728441476822e-03 3.350043436512351036e-03 1.158549785614013672e+00
-2.606352791190147400e-02 -1.910858415067195892e-02 1.163478493690490723e+00
1.437095925211906433e-04 -3.016269207000732422e-02 1.081899285316467285e+00
1.784152351319789886e-02 -2.184362336993217468e-02 1.012029170989990234e+00
2.026257105171680450e-02 -1.171154342591762543e-02 9.649043083190917969e-01
1.643496938049793243e-02 -1.982725970447063446e-02 9.975169301033020020e-01
5.592122673988342285e-03 -2.575586736202239990e-02 1.046813368797302246e+00
-4.449417814612388611e-03 -8.010307326912879944e-03 1.042477130889892578e+00
-6.818409077823162079e-03 -4.281233064830303192e-03 1.028628706932067871e+00
-1.129503827542066574e-02 -1.405438594520092010e-02 1.079408168792724609e+00
2.825257368385791779e-03 -1.659060455858707428e-02 1.084388732910156250e+00
-7.007680833339691162e-03 -1.503844652324914932e-02 1.072518825531005859e+00
2.410309389233589172e-05 -1.173614803701639175e-02 1.065042138099670410e+00
2.021622378379106522e-03 -1.140610035508871078e-02 1.055391907691955566e+00
-1.476902980357408524e-03 1.780328690074384212e-03 1.032110810279846191e+00
5.020656622946262360e-03 6.775846704840660095e-04 1.043687701225280762e+00
3.966026008129119873e-03 -6.177628878504037857e-03 1.062873721122741699e+00
3.189569804817438126e-03 -1.782966591417789459e-02 1.094201683998107910e+00
2.289348049089312553e-03 -2.799205668270587921e-02 1.096511483192443848e+00
1.747827744111418724e-03 -2.677174843847751617e-02 1.116521000862121582e+00
2.123918384313583374e-03 -2.041657455265522003e-02 1.104960441589355469e+00
5.343793891370296478e-04 -1.489578280597925186e-02 1.039713382720947266e+00
-2.242022659629583359e-03 -6.617009639739990234e-03 1.006680250167846680e+00
-4.913756623864173889e-03 -7.332535926252603531e-03 9.758468270301818848e-01
-8.544046431779861450e-03 -1.158776320517063141e-02 9.418315887451171875e-01
-1.156473346054553986e-02 -2.625249791890382767e-03 9.687207341194152832e-01
-5.100346170365810394e-03 -5.567739717662334442e-03 1.016501069068908691e+00
-4.020553547888994217e-03 -6.320721004158258438e-03 1.040993809700012207e+00
-1.431276439689099789e-03 -1.257913419976830482e-03 1.028413891792297363e+00
-1.348975393921136856e-02 -8.409681729972362518e-03 9.850481748580932617e-01
-1.965356431901454926e-02 -1.396162714809179306e-02 9.684990644454956055e-01
-1.433926355093717575e-02 6.212275911821052432e-05 9.388391971588134766e-01
-2.402425277978181839e-03 -2.065987884998321533e-02 9.657331705093383789e-01
-2.605466172099113464e-02 -1.019710674881935120e-02 1.028470396995544434e+00
-2.944620698690414429e-02 -1.165847759693861008e-02 1.049902081489562988e+00
-1.696229912340641022e-02 -1.121659111231565475e-02 1.045493364334106445e+00
-9.343329817056655884e-03 -9.064760059118270874e-03 1.036310315132141113e+00
-2.259604632854461670e-02 -1.276517100632190704e-02 1.051834106445312500e+00
-3.345473855733871460e-02 -2.230442874133586884e-02 1.055402517318725586e+00
-2.534645795822143555e-02 -1.336637698113918304e-02 1.071606636047363281e+00
-2.444247528910636902e-02 -2.137334272265434265e-02 1.071299195289611816e+00
-3.125269711017608643e-02 -2.119523286819458008e-02 1.021953463554382324e+00
-6.069876719266176224e-03 -2.574704214930534363e-02 9.946829080581665039e-01
7.862647762522101402e-04 -4.834668338298797607e-02 1.007530450820922852e+00
-6.212942767888307571e-03 -3.262963891029357910e-02 1.058113694190979004e+00
-5.642302334308624268e-03 -1.947970874607563019e-02 1.042880892753601074e+00
-4.653578158468008041e-03 -2.789229899644851685e-02 1.016305804252624512e+00
-3.289738437160849571e-03 -2.682686597108840942e-02 1.005951046943664551e+00
-2.256340812891721725e-03 -2.007886208593845367e-02 1.028189897537231445e+00
-9.893083944916725159e-03 -1.922481134533882141e-02 1.029976725578308105e+00
-1.344135031104087830e-02 -1.644008606672286987e-02 1.047098994255065918e+00
-1.387140899896621704e-02 -1.545076537877321243e-02 1.087030529975891113e+00
-1.716017909348011017e-02 -1.567413285374641418e-02 1.068120360374450684e+00
1.131050474941730499e-02 -2.675561420619487762e-02 1.067102193832397461e+00
-1.725196465849876404e-02 -1.834422908723354340e-02 1.054360151290893555e+00
-3.518031444400548935e-03 -1.759920269250869751e-02 1.019650578498840332e+00
-2.488540485501289368e-03 -1.624318212270736694e-02 1.014298915863037109e+00
-1.853648573160171509e-04 -7.767179980874061584e-03 1.011349797248840332e+00
8.477466180920600891e-03 -5.180871579796075821e-03 9.908672571182250977e-01
9.940729476511478424e-03 2.901981351897120476e-04 1.002903699874877930e+00
9.539969265460968018e-03 5.782349966466426849e-03 1.037862420082092285e+00
-5.917409434914588928e-04 1.354594156146049500e-02 1.069277286529541016e+00
-1.954428851604461670e-03 1.212900318205356598e-02 1.071334481239318848e+00
9.774174541234970093e-04 6.628954317420721054e-03 1.091048836708068848e+00
9.309031069278717041e-03 -1.574816741049289703e-02 1.136924266815185547e+00
2.479171752929687500e-02 -2.542978711426258087e-02 1.145968675613403320e+00
1.956274174153804779e-02 -1.762699335813522339e-02 1.112593293190002441e+00
1.164131239056587219e-02 4.178588278591632843e-04 1.119665026664733887e+00
1.123982388526201248e-02 7.100568618625402451e-04 1.125289201736450195e+00
-1.015256159007549286e-03 3.419028129428625107e-03 1.110352873802185059e+00
-5.557234864681959152e-03 -1.171340141445398331e-02 1.111681699752807617e+00
-1.399908401072025299e-02 -1.941847801208496094e-02 1.035880088806152344e+00
-2.450867556035518646e-02 -6.407706998288631439e-03 1.000880002975463867e+00
-3.311078995466232300e-02 -1.492332294583320618e-02 1.014157414436340332e+00
-2.257217839360237122e-02 -7.353098597377538681e-03 9.800117611885070801e-01
-1.750517264008522034e-02 -1.565683819353580475e-02 9.553966522216796875e-01
-2.310148999094963074e-02 -1.170046068727970123e-02 9.303244352340698242e-01
-3.105425275862216949e-03 -1.128499954938888550e-02 9.025244712829589844e-01
-2.206737641245126724e-03 -8.576685562729835510e-03 8.777976632118225098e-01
3.859719727188348770e-04 -1.072941906750202179e-02 8.819490671157836914e-01
2.343593165278434753e-03 -1.452574878931045532e-02 9.037422537803649902e-01
3.106590360403060913e-03 -1.130249444395303726e-02 8.965542316436767578e-01
-9.600445628166198730e-05 -5.653238855302333832e-03 9.099863767623901367e-01
-3.751148469746112823e-04 -4.045888315886259079e-03 9.716500043869018555e-01
-2.162675838917493820e-03 -8.815247565507888794e-03 1.000865578651428223e+00
-1.179426908493041992e-04 -1.371468976140022278e-02 9.951960444450378418e-01
4.345502704381942749e-03 -1.458291150629520416e-02 9.658196568489074707e-01
-1.158222928643226624e-02 -1.343872677534818649e-02 9.191422462463378906e-01
1.992915058508515358e-04 -2.889815950766205788e-03 9.529022574424743652e-01
1.373433507978916168e-02 4.070610273629426956e-03 9.771401286125183105e-01
2.162613347172737122e-02 -1.164725329726934433e-02 1.028004169464111328e+00
2.506347373127937317e-02 -2.310071885585784912e-02 1.125103235244750977e+00
1.499034091830253601e-02 -2.055126428604125977e-02 1.167287349700927734e+00
7.859917357563972473e-03 -2.018584497272968292e-02 1.140630364418029785e+00
3.034780034795403481e-03 -2.402365952730178833e-02 1.089100122451782227e+00
-4.150578752160072327e-04 -2.217019349336624146e-02 1.028048872947692871e+00
-1.143047586083412170e-02 -1.849352195858955383e-02 1.001817584037780762e+00
-1.432412955909967422e-02 -1.135527808219194412e-02 9.793674945831298828e-01
-7.248744834214448929e-03 -7.560244761407375336e-03 9.431568384170532227e-01
-1.265191240236163139e-03 -1.003020443022251129e-02 9.289625287055969238e-01
-1.648548641242086887e-03 -1.433776877820491791e-02 9.518141150474548340e-01
-9.947616606950759888e-03 -1.291541755199432373e-02 1.005044460296630859e+00
-2.207730151712894440e-02 -8.027118630707263947e-03 1.072074055671691895e+00
-2.518266066908836365e-02 -7.174507714807987213e-03 1.076707124710083008e+00
-1.942675933241844177e-02 -1.385118812322616577e-02 1.052722692489624023e+00
-1.405163109302520752e-02 -1.911310479044914246e-02 1.029829978942871094e+00
-1.719529554247856140e-02 -1.883316226303577423e-02 1.035144686698913574e+00
-2.938890457153320312e-02 -1.563681848347187042e-02 1.069424271583557129e+00
-3.329519182443618774e-02 -1.219720207154750824e-02 1.089602231979370117e+00
-3.355878591537475586e-02 -1.269751042127609253e-02 1.074657917022705078e+00
-2.607081085443496704e-02 -1.723467558622360229e-02 1.043771386146545410e+00
-1.825585961341857910e-02 -1.880986802279949188e-02 1.058303356170654297e+00
-1.877074502408504486e-02 -1.093950029462575912e-02 1.076455354690551758e+00
-1.767090708017349243e-02 -1.768653281033039093e-03 1.078691005706787109e+00
-1.399758830666542053e-02 -1.266136765480041504e-03 1.079315543174743652e+00
-1.180619187653064728e-02 -6.188230589032173157e-03 1.088088631629943848e+00
-1.027246285229921341e-02 -7.962995208799839020e-03 1.093652486801147461e+00
-1.161657832562923431e-02 -9.748151525855064392e-03 1.087626099586486816e+00
-2.011035941541194916e-02 -1.073654741048812866e-02 1.063509345054626465e+00
-2.425648085772991180e-02 -7.252457551658153534e-03 1.041839122772216797e+00
-2.536557987332344055e-02 -4.135572351515293121e-03 1.028157591819763184e+00
-2.498528920114040375e-02 -8.511207066476345062e-03 9.971009492874145508e-01
-2.566894516348838806e-02 -1.295186020433902740e-02 9.310329556465148926e-01
-2.631711587309837341e-02 -1.449101511389017105e-02 9.222508668899536133e-01
-2.206988073885440826e-02 -1.240250654518604279e-02 9.276814460754394531e-01
-1.629081927239894867e-02 -1.221012603491544724e-02 9.461764097213745117e-01
-1.222761068493127823e-02 -5.383155308663845062e-03 9.519370794296264648e-01
-1.360803004354238510e-02 -4.012806341052055359e-03 9.182055592536926270e-01
-1.727861911058425903e-02 -7.005031220614910126e-03 9.057937860488891602e-01
-1.533034350723028183e-02 -9.329175576567649841e-03 9.068157672882080078e-01
-1.787985861301422119e-02 -1.350245997309684753e-02 8.962885141372680664e-01
-2.347159571945667267e-02 -1.552267093211412430e-02 8.842055201530456543e-01
-1.543503440916538239e-02 -8.051646873354911804e-03 9.128612875938415527e-01
-6.362017709761857986e-03 -3.554144874215126038e-03 9.454754590988159180e-01
3.221339080482721329e-03 -3.729914315044879913e-03 9.751114249229431152e-01
1.141322217881679535e-02 -1.088634878396987915e-02 9.803588986396789551e-01
1.099453493952751160e-02 -1.600546948611736298e-02 9.641354084014892578e-01
1.515657920390367508e-02 -1.722295582294464111e-02 9.736715555191040039e-01
7.722557522356510162e-03 -1.986933499574661255e-02 9.677473902702331543e-01
6.529554724693298340e-03 -1.675467379391193390e-02 9.624653458595275879e-01
1.082211546599864960e-02 -1.345628686249256134e-02 9.997192621231079102e-01
1.342482585459947586e-02 -1.803120598196983337e-02 1.071524977684020996e+00
3.794762492179870605e-02 -2.923047170042991638e-02 1.098853826522827148e+00
2.182024717330932617e-02 -2.265382185578346252e-02 1.013732433319091797e+00
3.682486340403556824e-02 -2.324816584587097168e-02 9.924330115318298340e-01
4.340418800711631775e-02 -2.727845311164855957e-02 9.965144395828247070e-01
3.295495361089706421e-02 -2.246376127004623413e-02 1.018890976905822754e+00
2.210511639714241028e-02 -2.186711877584457397e-02 1.004814267158508301e+00
5.993973463773727417e-03 -9.291695430874824524e-03 9.863387942314147949e-01
-3.116494743153452873e-03 -9.736051782965660095e-03 1.005404710769653320e+00
-8.305254392325878143e-03 -1.462885644286870956e-02 1.055513262748718262e+00
-1.345402561128139496e-02 -2.075798250734806061e-02 1.130422830581665039e+00
-5.015855655074119568e-03 -3.233017399907112122e-02 1.176644086837768555e+00
-1.266602706164121628e-02 -2.863279543817043304e-02 1.172367215156555176e+00
1.483469735831022263e-02 -4.967210814356803894e-03 1.167230844497680664e+00
3.019352257251739502e-02 -2.439695410430431366e-03 1.151176452636718750e+00
2.899623662233352661e-02 -4.089350812137126923e-03 1.141339182853698730e+00
7.441162131726741791e-03 -3.547556698322296143e-04 1.125243902206420898e+00
-2.831113524734973907e-03 1.220675185322761536e-03 1.153229594230651855e+00
8.083653636276721954e-03 -1.401408948004245758e-02 1.139366865158081055e+00
3.574674017727375031e-03 -2.100638672709465027e-02 1.139053940773010254e+00
7.747827097773551941e-03 -1.172849908471107483e-02 1.135006785392761230e+00
1.328366249799728394e-02 -8.749891072511672974e-03 1.102007627487182617e+00
6.232481449842453003e-03 -8.294456638395786285e-03 1.070654392242431641e+00
4.529508762061595917e-03 -8.292681537568569183e-03 1.029478788375854492e+00
-1.434708945453166962e-03 -7.867836393415927887e-03 1.033315896987915039e+00
9.189755655825138092e-03 -1.752533949911594391e-03 1.043289542198181152e+00
-3.029293380677700043e-03 -7.566940039396286011e-04 1.109335660934448242e+00
1.991068245843052864e-03 -1.292095612734556198e-02 1.107684731483459473e+00
-3.889402374625205994e-03 -1.299775764346122742e-02 1.071508526802062988e+00
-1.075395755469799042e-02 -1.331227831542491913e-02 1.052713394165039062e+00
-1.304383575916290283e-02 -1.595507375895977020e-02 1.043912529945373535e+00
-1.191870495676994324e-02 -1.931872032582759857e-02 1.032046079635620117e+00
-1.253894343972206116e-02 -1.944506913423538208e-02 1.021633625030517578e+00
-1.080109830945730209e-02 -1.877001114189624786e-02 1.020013689994812012e+00
-7.218117360025644302e-03 -1.763595640659332275e-02 1.041745543479919434e+00
-3.684920724481344223e-03 -1.807726547122001648e-02 1.071694374084472656e+00
-2.042977605015039444e-03 -2.051435597240924835e-02 1.071015119552612305e+00
-4.147176630795001984e-03 -1.955689117312431335e-02 1.051630735397338867e+00
-6.940699648112058640e-03 -1.617958769202232361e-02 1.039608716964721680e+00
-1.398718450218439102e-03 -1.456656213849782944e-02 1.048214316368103027e+00
-2.961007412523031235e-03 -1.457354798913002014e-02 1.033998012542724609e+00
-8.652471937239170074e-03 -1.246651075780391693e-02 1.022550225257873535e+00
-1.310269068926572800e-02 -8.547307923436164856e-03 1.034171700477600098e+00
-1.589604839682579041e-02 -1.135915517807006836e-03 1.035866260528564453e+00
-2.340067178010940552e-02 -9.427295997738838196e-03 1.028299927711486816e+00
-1.249853335320949554e-02 -1.198051311075687408e-02 1.020197272300720215e+00
-1.459667645394802094e-02 -9.570691734552383423e-03 1.015357971191406250e+00
-1.837536692619323730e-02 -4.184197168797254562e-03 1.004727721214294434e+00
-7.243014406412839890e-03 -5.200139246881008148e-03 9.930804371833801270e-01
1.089195255190134048e-03 2.768686972558498383e-04 1.010300278663635254e+00
1.008555293083190918e-02 1.495186053216457367e-02 1.025344252586364746e+00
1.391585357487201691e-02 1.928435266017913818e-02 1.024165868759155273e+00
1.426983438432216644e-02 1.853926479816436768e-02 1.016384243965148926e+00
-8.221631869673728943e-04 1.413575187325477600e-02 1.061445832252502441e+00
-7.881590165197849274e-03 -5.998047068715095520e-03 1.071693897247314453e+00
3.791865892708301544e-03 -5.605861078947782516e-03 1.038373231887817383e+00
4.725674167275428772e-03 1.809538342058658600e-02 1.002363562583923340e+00
1.585897058248519897e-02 1.779478788375854492e-02 9.611760973930358887e-01
1.442834921181201935e-02 1.066359691321849823e-03 9.652887582778930664e-01
1.948469877243041992e-02 -5.825205240398645401e-03 9.988179206848144531e-01
2.152026817202568054e-02 -1.444330438971519470e-02 1.020342350006103516e+00
2.191910892724990845e-02 -1.456988044083118439e-02 1.017277836799621582e+00
2.645067498087882996e-02 -2.279010042548179626e-02 1.022118926048278809e+00
2.993171289563179016e-02 -2.911804057657718658e-02 1.026628851890563965e+00
2.166846953332424164e-02 -2.860371582210063934e-02 1.036482334136962891e+00
1.371366903185844421e-02 -2.655250579118728638e-02 1.056476235389709473e+00
1.244949549436569214e-02 -2.192386984825134277e-02 1.090767264366149902e+00
1.267851796001195908e-02 -2.124575152993202209e-02 1.100221157073974609e+00
1.763537526130676270e-02 -2.309059351682662964e-02 1.091710329055786133e+00
2.269076928496360779e-02 -2.088463306427001953e-02 1.039478898048400879e+00
2.886469103395938873e-02 -1.552650146186351776e-02 1.024955272674560547e+00
2.460438013076782227e-02 -3.905484452843666077e-03 1.053176403045654297e+00
2.299614623188972473e-02 6.904101930558681488e-03 1.017271876335144043e+00
1.207646820694208145e-02 8.386246860027313232e-03 9.903541207313537598e-01
1.202249247580766678e-02 7.297500967979431152e-03 9.186896085739135742e-01
6.700302474200725555e-04 6.339622661471366882e-03 8.982086181640625000e-01
-3.805444575846195221e-03 3.678318113088607788e-03 8.918274641036987305e-01
-5.878439173102378845e-03 1.159139908850193024e-02 8.660088181495666504e-01
-1.126406248658895493e-02 2.316744066774845123e-02 8.264057040214538574e-01
-1.620967686176300049e-02 3.046875447034835815e-02 8.097781538963317871e-01
-2.116159535944461823e-02 3.897807002067565918e-02 8.065933585166931152e-01
-2.474866248667240143e-02 4.617566242814064026e-02 7.960700988769531250e-01
-2.758093178272247314e-02 4.680977761745452881e-02 7.695097923278808594e-01
-3.036979585886001587e-02 4.671638458967208862e-02 7.077089548110961914e-01
-2.792807295918464661e-02 4.034144431352615356e-02 6.117770075798034668e-01
-3.222431987524032593e-02 2.922050468623638153e-02 5.164810419082641602e-01
-2.932689711451530457e-02 1.931129395961761475e-02 4.527528285980224609e-01
-2.668575569987297058e-02 1.332350447773933411e-02 4.197889864444732666e-01
-2.975129522383213043e-02 1.196395326405763626e-02 4.150618612766265869e-01
-4.238805547356605530e-02 -2.541919797658920288e-02 3.350228369235992432e-01
-4.999197274446487427e-02 -2.411778084933757782e-02 3.139025866985321045e-01
-4.782686382532119751e-02 -1.542786601930856705e-02 4.233328998088836670e-01
-1.962856389582157135e-02 -3.659904003143310547e-02 5.028203129768371582e-01
5.531294271349906921e-03 -2.145371213555335999e-02 5.651366114616394043e-01
-3.841301891952753067e-03 1.210774481296539307e-02 6.640323400497436523e-01
-1.098957844078540802e-02 1.330738328397274017e-02 6.781796813011169434e-01
-1.496901735663414001e-02 1.441093720495700836e-02 7.092384099960327148e-01
-9.646839462220668793e-03 5.983370356261730194e-04 7.864784002304077148e-01
-1.853601448237895966e-02 2.928943373262882233e-03 8.253564238548278809e-01
-2.378661558032035828e-02 -3.506074659526348114e-03 8.646168112754821777e-01
-1.011817157268524170e-02 -4.847350995987653732e-03 8.538740873336791992e-01
-1.956211403012275696e-02 1.583245117217302322e-03 8.161261081695556641e-01
-3.215679898858070374e-02 -4.073077812790870667e-03 8.173524737358093262e-01
-4.529320448637008667e-02 1.097692083567380905e-02 7.360657453536987305e-01
-4.538181424140930176e-02 7.671866565942764282e-03 7.622269392013549805e-01
-2.975434251129627228e-02 -1.906671561300754547e-03 7.839367985725402832e-01
-1.765482500195503235e-02 -1.421586144715547562e-02 7.413747906684875488e-01
-1.925346069037914276e-02 -1.190884225070476532e-02 6.770682930946350098e-01
-3.546682372689247131e-02 -2.510161139070987701e-03 7.231161594390869141e-01
-3.992767632007598877e-02 1.154227647930383682e-03 7.807161808013916016e-01
-2.749610692262649536e-02 -8.097572252154350281e-03 8.499653339385986328e-01
-2.756667137145996094e-02 -2.562825754284858704e-02 8.838702440261840820e-01
-2.717465721070766449e-02 -3.439319506287574768e-02 9.287340044975280762e-01
-3.097670711576938629e-02 -3.351466357707977295e-02 9.694276452064514160e-01
-3.860707953572273254e-02 -2.850778587162494659e-02 1.013255238533020020e+00
-3.602353110909461975e-02 -3.021157346665859222e-02 1.014081478118896484e+00
-3.484391793608665466e-02 -1.918343454599380493e-02 9.740610718727111816e-01
-4.157798737287521362e-02 -9.947502054274082184e-03 9.114395380020141602e-01
-4.267722368240356445e-02 -8.160880766808986664e-03 8.588138222694396973e-01
-3.030662238597869873e-02 -9.915436618030071259e-03 8.422833681106567383e-01
-2.281595021486282349e-02 -1.264622528105974197e-02 8.296689391136169434e-01
-2.772203460335731506e-02 -1.733290776610374451e-02 8.301901817321777344e-01
-1.561114005744457245e-02 -1.326528564095497131e-02 7.434263229370117188e-01
-2.373015135526657104e-02 -1.774950325489044189e-02 7.655504345893859863e-01
-3.352677077054977417e-02 -3.422278165817260742e-02 8.802986741065979004e-01
-2.087976038455963135e-02 -1.705553196370601654e-02 1.014613270759582520e+00
-1.865772902965545654e-02 4.234788939356803894e-04 1.037702322006225586e+00
-2.340300008654594421e-02 -2.087692357599735260e-02 8.970483541488647461e-01
-3.241665661334991455e-02 -3.300566226243972778e-03 6.520110368728637695e-01
-2.021393738687038422e-02 2.027188800275325775e-02 4.514115154743194580e-01
-2.383801899850368500e-02 -2.256239065900444984e-03 4.578831195831298828e-01
-3.124552965164184570e-02 -8.670832961797714233e-03 5.904335379600524902e-01
1.250782236456871033e-02 -7.444301620125770569e-03 6.941019296646118164e-01
6.044075824320316315e-03 -5.810774862766265869e-03 7.968375086784362793e-01
-1.133726723492145538e-02 6.674219854176044464e-03 9.345458149909973145e-01
-2.815184183418750763e-02 -1.289454475045204163e-02 9.741498827934265137e-01
-2.191673964262008667e-02 -2.261638641357421875e-02 9.788556694984436035e-01
-6.240480579435825348e-03 -3.239012509584426880e-02 1.039399266242980957e+00
-1.352054998278617859e-02 -3.094972670078277588e-02 1.043634891510009766e+00
-2.228410542011260986e-02 -2.778553217649459839e-02 9.843690991401672363e-01
-1.033972576260566711e-02 -4.216629080474376678e-03 9.394741654396057129e-01
-9.670819155871868134e-03 -5.090688355267047882e-03 1.001539707183837891e+00
-2.291804179549217224e-02 -4.649109672755002975e-03 1.012419104576110840e+00
-2.294511348009109497e-02 -2.773167565464973450e-03 1.074012398719787598e+00
-1.877905242145061493e-02 8.845070376992225647e-03 1.131280660629272461e+00
-2.067128568887710571e-02 -3.476867824792861938e-02 1.109663724899291992e+00
-4.142576083540916443e-02 2.862351201474666595e-02 8.715906143188476562e-01
-3.367615118622779846e-02 1.490176469087600708e-02 6.954706311225891113e-01
-2.704696729779243469e-02 1.735132001340389252e-02 5.908391475677490234e-01
-1.084758993238210678e-02 1.178027875721454620e-02 5.340122580528259277e-01
-4.618874937295913696e-02 -4.906762391328811646e-03 5.361264944076538086e-01
-3.984021022915840149e-02 -1.030274294316768646e-02 5.377573966979980469e-01
-3.779542446136474609e-02 -2.753113582730293274e-02 6.258302330970764160e-01
-3.205109387636184692e-02 -8.837580680847167969e-03 8.742138147354125977e-01
-3.079681843519210815e-02 -2.862196974456310272e-02 9.137522578239440918e-01
-1.020141504704952240e-02 -3.789177164435386658e-02 9.424011111259460449e-01
-1.406116224825382233e-02 -2.916690148413181305e-02 1.020755052566528320e+00
-2.290428429841995239e-02 -1.997080072760581970e-02 1.074052810668945312e+00
-1.946143247187137604e-02 -2.030686847865581512e-02 1.009955883026123047e+00
-2.529956214129924774e-02 -2.081751264631748199e-02 9.216305613517761230e-01
-2.151315659284591675e-02 -3.100255131721496582e-02 9.934650659561157227e-01
-1.595790870487689972e-02 -1.339125446975231171e-02 1.049949884414672852e+00
-4.856023937463760376e-03 -1.396595686674118042e-02 1.058291792869567871e+00
-4.700643010437488556e-03 -1.468620449304580688e-02 1.058708071708679199e+00
-1.015016715973615646e-02 -1.269743777811527252e-02 1.058783531188964844e+00
-7.657193578779697418e-03 -1.566314883530139923e-02 1.056263208389282227e+00
-1.317736925557255745e-03 -1.999570429325103760e-02 9.710465669631958008e-01
6.500798743218183517e-03 -3.233420476317405701e-02 8.455265164375305176e-01
1.685050956439226866e-04 -4.277077689766883850e-02 8.554801344871520996e-01
-2.602204680442810059e-03 -3.036290779709815979e-02 9.314720630645751953e-01
2.078725956380367279e-03 -1.738164760172367096e-02 9.840835928916931152e-01
-2.562390640377998352e-03 -1.479899324476718903e-02 9.830747246742248535e-01
2.881908090785145760e-03 -1.410499960184097290e-02 9.792036414146423340e-01
2.655776217579841614e-02 -1.543436571955680847e-02 1.043025851249694824e+00
3.311108052730560303e-02 -3.846725821495056152e-02 1.031432151794433594e+00
2.494530193507671356e-02 2.892345190048217773e-03 1.040253043174743652e+00
-1.271491032093763351e-02 1.379527151584625244e-03 9.951432943344116211e-01
-2.695407718420028687e-02 4.979818128049373627e-03 9.615095853805541992e-01
-2.183435671031475067e-02 5.102816969156265259e-03 9.267265200614929199e-01
-1.851967349648475647e-02 5.862448364496231079e-03 9.030280709266662598e-01
-1.718069426715373993e-02 6.784077733755111694e-03 8.799348473548889160e-01
-1.729639805853366852e-02 -2.237435895949602127e-03 8.534961938858032227e-01
-7.429910358041524887e-03 -1.960255764424800873e-02 8.130750060081481934e-01
4.655933007597923279e-03 -2.484288625419139862e-02 8.823659420013427734e-01
4.767668899148702621e-03 -1.668631657958030701e-02 9.836838245391845703e-01
1.787836104631423950e-02 -3.273139148950576782e-02 9.417241811752319336e-01
2.212121710181236267e-02 -2.018697559833526611e-02 8.722113966941833496e-01
-1.800530590116977692e-03 -1.057516504079103470e-02 8.013810515403747559e-01
-4.895386751741170883e-03 -9.908123873174190521e-03 7.312613725662231445e-01
-9.618915617465972900e-03 -2.505514025688171387e-02 7.167869210243225098e-01
-7.532238028943538666e-03 -2.821310237050056458e-02 7.585792541503906250e-01
-9.573722258210182190e-03 -1.830329187214374542e-02 8.243966698646545410e-01
-5.304346792399883270e-03 -1.329370215535163879e-02 8.477213382720947266e-01
-7.770760916173458099e-03 -1.362906768918037415e-04 8.609385490417480469e-01
-9.064199402928352356e-03 6.786116864532232285e-03 8.278226852416992188e-01
2.037482336163520813e-03 3.003381658345460892e-03 7.938331365585327148e-01
9.360977448523044586e-03 2.328801201656460762e-03 8.101969361305236816e-01
2.124885842204093933e-02 -1.018542516976594925e-02 8.760714530944824219e-01
2.936626784503459930e-02 -4.265194013714790344e-02 9.248898625373840332e-01
2.520217001438140869e-02 -4.495631158351898193e-02 8.579460978507995605e-01
2.057204581797122955e-02 -2.741826698184013367e-02 7.457984685897827148e-01
2.001490909606218338e-03 -1.728916168212890625e-02 7.232922315597534180e-01
-2.269087918102741241e-02 -4.923175089061260223e-03 6.790430545806884766e-01
-3.605500236153602600e-02 -1.656245673075318336e-03 6.537623405456542969e-01
-1.915386319160461426e-02 -3.223448060452938080e-03 6.352626085281372070e-01
-6.713182665407657623e-04 -1.043924596160650253e-02 6.166743040084838867e-01
1.869552023708820343e-02 -1.496035419404506683e-02 6.554884314537048340e-01
2.665242366492748260e-02 -1.889192312955856323e-02 7.441748380661010742e-01
9.685931727290153503e-04 -3.894258290529251099e-03 7.723683714866638184e-01
-1.679841987788677216e-02 2.840995322912931442e-03 7.786335349082946777e-01
-2.015109173953533173e-02 1.216115429997444153e-02 7.892510294914245605e-01
-1.828126981854438782e-02 1.846327260136604309e-02 7.769979238510131836e-01
-1.740529946982860565e-02 2.411349862813949585e-02 7.794484496116638184e-01
-1.548097468912601471e-02 2.401725202798843384e-02 7.647256851196289062e-01
-1.957309804856777191e-02 2.208731509745121002e-02 7.380990982055664062e-01
-1.213637739419937134e-02 1.822141371667385101e-02 6.978300213813781738e-01
-1.927008270286023617e-03 -2.703785663470625877e-03 6.940710544586181641e-01
-7.990069687366485596e-03 -4.757111892104148865e-03 6.905417442321777344e-01
-4.287146963179111481e-03 7.849313318729400635e-03 7.072432637214660645e-01
1.095644664019346237e-02 -1.125564426183700562e-02 7.702917456626892090e-01
7.368654944002628326e-03 -1.260395906865596771e-02 7.769535183906555176e-01
-2.080581337213516235e-02 -1.209216751158237457e-02 8.347156643867492676e-01
-1.005175989121198654e-02 -3.693011775612831116e-02 8.860941529273986816e-01
-7.035959977656602859e-03 -5.597141012549400330e-02 8.918964266777038574e-01
4.193556029349565506e-03 -2.534090913832187653e-02 8.603928685188293457e-01
-3.191999392583966255e-03 -1.916080713272094727e-02 8.660857677459716797e-01
4.392514005303382874e-03 -2.435899339616298676e-02 8.473887443542480469e-01
-1.785679371096193790e-03 -2.977992966771125793e-02 7.940706610679626465e-01
-4.594456870108842850e-03 -3.345949947834014893e-02 8.113206624984741211e-01
1.131548173725605011e-02 -4.202877730131149292e-02 8.414781689643859863e-01
1.922050863504409790e-02 -6.141390278935432434e-02 8.556119799613952637e-01
2.200421318411827087e-02 -5.742982029914855957e-02 8.162720799446105957e-01
1.035681273788213730e-02 -2.581349015235900879e-02 8.384625315666198730e-01
3.088994883000850677e-03 -4.558815155178308487e-03 9.304670691490173340e-01
1.406576484441757202e-03 -2.595094963908195496e-03 1.044493556022644043e+00
2.372799441218376160e-03 5.958406720310449600e-03 1.050815463066101074e+00
2.934899646788835526e-03 -7.776221260428428650e-03 9.965575933456420898e-01
-8.402037434279918671e-03 -1.317511778324842453e-02 9.471152424812316895e-01
-1.303105801343917847e-02 -1.659685187041759491e-02 9.791616201400756836e-01
-8.473927155137062073e-03 -1.679865643382072449e-02 1.009534001350402832e+00
-5.281773861497640610e-03 -1.014544907957315445e-02 9.967980980873107910e-01
3.259377088397741318e-03 -1.238315552473068237e-02 9.782769083976745605e-01
4.194053821265697479e-03 4.429141059517860413e-03 9.750850200653076172e-01
-2.481157891452312469e-03 4.438633099198341370e-03 9.437255263328552246e-01
1.957286149263381958e-04 -1.046438701450824738e-03 9.255974292755126953e-01
-1.092741731554269791e-03 -1.465516164898872375e-03 9.387774467468261719e-01
-1.045458717271685600e-03 2.645383123308420181e-03 9.724264144897460938e-01
-2.333476673811674118e-03 1.134740654379129410e-02 9.837003946304321289e-01
-1.115672849118709564e-02 1.025995519012212753e-02 9.517522454261779785e-01
-1.279749907553195953e-02 6.464390084147453308e-03 9.144591093063354492e-01
-1.055529154837131500e-02 8.875969797372817993e-03 9.498048424720764160e-01
-1.330245658755302429e-02 1.815337501466274261e-02 9.633329510688781738e-01
-5.638816859573125839e-03 1.202602405101060867e-02 9.707756042480468750e-01
-1.070113852620124817e-02 1.066551450639963150e-02 9.421791434288024902e-01
-1.800648495554924011e-02 2.638316247612237930e-03 9.196711182594299316e-01
-1.710917986929416656e-02 2.192376181483268738e-03 9.167177081108093262e-01
-1.362782344222068787e-02 1.011786982417106628e-02 9.415259361267089844e-01
-8.420425467193126678e-03 1.019341964274644852e-02 9.630220532417297363e-01
-5.679898895323276520e-03 7.347145117819309235e-03 9.500784873962402344e-01
-8.335842750966548920e-03 7.330173626542091370e-03 9.309812188148498535e-01
-5.820052232593297958e-03 2.981194062158465385e-03 8.927929997444152832e-01
6.625320529565215111e-04 -2.484931610524654388e-04 8.453670144081115723e-01
1.014268212020397186e-02 -1.727167889475822449e-02 8.321237564086914062e-01
1.302739791572093964e-02 -1.911796815693378448e-02 8.446543216705322266e-01
1.253099273890256882e-02 -1.782446540892124176e-02 8.530910611152648926e-01
1.655850559473037720e-02 -1.869709976017475128e-02 8.610056042671203613e-01
1.892242021858692169e-02 -2.027288451790809631e-02 8.701368570327758789e-01
1.877704635262489319e-02 -2.221431210637092590e-02 8.719818592071533203e-01
2.393614314496517181e-02 -2.892836369574069977e-02 8.657851219177246094e-01
2.959792688488960266e-02 -3.632069379091262817e-02 8.591616153717041016e-01
2.757876925170421600e-02 -3.592403605580329895e-02 8.465636968612670898e-01
2.450520731508731842e-02 -3.375103324651718140e-02 8.504446148872375488e-01
2.177852578461170197e-02 -3.228485211730003357e-02 8.476012945175170898e-01
1.544814463704824448e-02 -2.956218644976615906e-02 8.356161117553710938e-01
7.080037612468004227e-03 -2.290141396224498749e-02 8.525241017341613770e-01
1.179107232019305229e-03 -2.100398577749729156e-02 8.493453860282897949e-01
4.799959715455770493e-03 -2.555780299007892609e-02 8.641194701194763184e-01
7.129428908228874207e-03 -2.852371521294116974e-02 8.879044651985168457e-01
2.964454237371683121e-03 -2.696527913212776184e-02 9.133177995681762695e-01
-1.621853793039917946e-03 -2.754904329776763916e-02 9.319576025009155273e-01
-7.015059702098369598e-03 -2.844839543104171753e-02 9.662163257598876953e-01
-1.142034307122230530e-02 -3.170153126120567322e-02 9.849619865417480469e-01
-1.593142375349998474e-02 -3.617268800735473633e-02 1.022187948226928711e+00
-2.041070535778999329e-02 -3.708983585238456726e-02 1.061984419822692871e+00
-1.036383677273988724e-02 -2.611449733376502991e-02 1.100162029266357422e+00
4.790490493178367615e-05 -1.732285320758819580e-02 1.124629259109497070e+00
5.121610593050718307e-04 -1.483517047017812729e-02 1.128043174743652344e+00
-1.338328933343291283e-03 -2.482947148382663727e-02 1.121237397193908691e+00
-2.752586966380476952e-03 -2.851060219109058380e-02 1.109717965126037598e+00
-6.117804907262325287e-03 -2.641401253640651703e-02 1.105961322784423828e+00
-1.150034368038177490e-02 -3.037164360284805298e-02 1.107776165008544922e+00
-8.740134537220001221e-03 -3.447449207305908203e-02 1.113718509674072266e+00
-1.756338868290185928e-03 -3.844013065099716187e-02 1.121443152427673340e+00
1.233768532983958721e-03 -3.900831192731857300e-02 1.131031036376953125e+00
-3.413668600842356682e-04 -4.156325012445449829e-02 1.143046021461486816e+00
1.572118722833693027e-03 -4.280012473464012146e-02 1.137106299400329590e+00
3.447359660640358925e-03 -3.939053043723106384e-02 1.150754094123840332e+00
1.090572215616703033e-02 -3.726530447602272034e-02 1.146930336952209473e+00
1.661992073059082031e-02 -4.398460313677787781e-02 1.137108445167541504e+00
2.146044000983238220e-02 -5.137762799859046936e-02 1.133753061294555664e+00
2.525020949542522430e-02 -5.604669451713562012e-02 1.126771211624145508e+00
3.010667860507965088e-02 -5.444926768541336060e-02 1.132239937782287598e+00
3.021589666604995728e-02 -5.195278301835060120e-02 1.127434968948364258e+00
3.905900195240974426e-02 -5.197731778025627136e-02 1.115209579467773438e+00
3.795842826366424561e-02 -5.683039501309394836e-02 1.099939465522766113e+00
3.205053135752677917e-02 -6.588508933782577515e-02 1.079791188240051270e+00
2.784536406397819519e-02 -6.602732092142105103e-02 1.067198157310485840e+00
1.522360369563102722e-02 -6.137000769376754761e-02 1.066822648048400879e+00
7.373885251581668854e-03 -5.184290185570716858e-02 1.079162716865539551e+00
7.328786887228488922e-04 -5.055579543113708496e-02 1.067332625389099121e+00
1.059493049979209900e-03 -4.377437010407447815e-02 1.081878542900085449e+00
4.994727671146392822e-03 -2.920984104275703430e-02 1.075158357620239258e+00
-2.867789007723331451e-03 -1.706919260323047638e-02 1.026673913002014160e+00
-5.975351668894290924e-03 -2.534287609159946442e-02 1.067419648170471191e+00
-9.995074942708015442e-04 -3.473216667771339417e-02 1.102518916130065918e+00
-1.009921915829181671e-02 -1.483825966715812683e-02 1.072450280189514160e+00
-1.267955079674720764e-02 6.099028512835502625e-03 9.197014570236206055e-01
-1.142808469012379646e-03 1.592855527997016907e-02 8.494296669960021973e-01
3.644202370196580887e-04 1.335944328457117081e-02 8.478605747222900391e-01
5.568990018218755722e-03 3.723894711583852768e-03 8.425843715667724609e-01
9.629448875784873962e-03 -1.062012836337089539e-02 8.768948316574096680e-01
-1.913650892674922943e-03 -1.360799279063940048e-02 9.321188926696777344e-01
-6.678698118776082993e-03 -5.402891431003808975e-03 8.755644559860229492e-01
-2.936744131147861481e-04 7.100470829755067825e-03 7.563265562057495117e-01
-1.917576417326927185e-03 -7.859281264245510101e-03 7.216662764549255371e-01
-1.441598404198884964e-03 -8.741728961467742920e-03 6.796135902404785156e-01
-2.665922511368989944e-03 -3.064789576455950737e-03 6.299650073051452637e-01
6.002600770443677902e-03 -5.720648914575576782e-03 6.328989267349243164e-01
1.561417896300554276e-02 -1.698061637580394745e-02 6.408382058143615723e-01
6.638948339968919754e-03 -1.871220022439956665e-02 6.282762885093688965e-01
-6.384425796568393707e-03 -1.229627151042222977e-02 6.562467813491821289e-01
-1.563204452395439148e-02 -1.164848264306783676e-02 7.041622400283813477e-01
-2.346633374691009521e-02 -8.729548193514347076e-03 7.444950938224792480e-01
-2.207178622484207153e-02 -5.503694526851177216e-03 7.712598443031311035e-01
-2.073830738663673401e-02 -6.140771321952342987e-03 7.666243314743041992e-01
-1.941886171698570251e-02 -9.492609649896621704e-03 7.407797574996948242e-01
-2.004206925630569458e-02 -1.046197023242712021e-02 7.308667898178100586e-01
-1.591768302023410797e-02 -1.015462353825569153e-02 7.375558018684387207e-01
-7.319119758903980255e-03 -1.089689508080482483e-02 7.536511421203613281e-01
6.518708541989326477e-04 -8.757496252655982971e-03 7.328047752380371094e-01
1.038029137998819351e-02 -7.681979797780513763e-03 6.842638850212097168e-01
1.943370327353477478e-02 -8.976475335657596588e-03 6.315771341323852539e-01
2.000830136239528656e-02 -7.251714356243610382e-03 6.049504280090332031e-01
1.693837158381938934e-02 -1.430192496627569199e-03 5.596443414688110352e-01
1.839027926325798035e-02 8.324799127876758575e-03 5.254276990890502930e-01
2.363733015954494476e-02 1.190291531383991241e-02 5.242457985877990723e-01
2.967461384832859039e-02 1.172689069062471390e-02 5.516390800476074219e-01
2.601282112300395966e-02 1.229507569223642349e-02 5.742086172103881836e-01
2.485808730125427246e-02 1.400758698582649231e-02 6.009049415588378906e-01
2.708397246897220612e-02 1.565645821392536163e-02 6.233730316162109375e-01
2.505897544324398041e-02 1.175902225077152252e-02 6.108339428901672363e-01
1.960930414497852325e-02 6.633192766457796097e-03 5.810732245445251465e-01
1.247675903141498566e-02 9.832892566919326782e-03 5.575166940689086914e-01
9.669929742813110352e-03 1.283418852835893631e-02 5.458365082740783691e-01
5.792759824544191360e-03 1.271347515285015106e-02 5.335206985473632812e-01
1.967251999303698540e-03 9.883275255560874939e-03 5.454869866371154785e-01
-4.965548869222402573e-04 6.223701406270265579e-03 5.858671665191650391e-01
-1.777869882062077522e-03 -1.882724231109023094e-03 6.108205318450927734e-01
-1.683526486158370972e-02 -1.397317741066217422e-03 6.008709073066711426e-01
-2.584927342832088470e-02 5.317655857652425766e-03 6.047456860542297363e-01
-2.380895987153053284e-02 7.842319086194038391e-03 6.332212686538696289e-01
-1.942111551761627197e-02 7.172885350883007050e-03 6.677185893058776855e-01
-1.811981573700904846e-02 5.885821301490068436e-03 6.947060227394104004e-01
-1.728586107492446899e-02 7.544549182057380676e-03 6.766716837882995605e-01
-1.777963712811470032e-02 1.298520714044570923e-02 6.429256200790405273e-01
-2.010534144937992096e-02 1.655818894505500793e-02 6.228009462356567383e-01
