1.457735896110534668e-03 -1.109196990728378296e-02 3.949552774429321289e-03
-1.567423343658447266e-03 -9.151078760623931885e-03 8.518926799297332764e-03
4.587352275848388672e-03 -1.376996189355850220e-02 6.878480315208435059e-03
6.567694246768951416e-03 -1.427800208330154419e-02 3.205396234989166260e-03
4.215091466903686523e-04 -7.542952895164489746e-03 2.849668264389038086e-03
-3.086932003498077393e-03 -3.928907215595245361e-03 3.733240067958831787e-03
-2.889901399612426758e-03 -2.350911498069763184e-03 1.791004091501235962e-03
-4.674032330513000488e-03 -3.049083054065704346e-03 1.348271965980529785e-03
-2.118304371833801270e-03 -6.710872054100036621e-03 2.742998301982879639e-03
-2.337515354156494141e-03 -5.680121481418609619e-03 2.570606768131256104e-03
-5.325421690940856934e-03 -2.642191946506500244e-03 3.210611641407012939e-03
-8.687183260917663574e-03 -3.671132028102874756e-03 5.430772900581359863e-03
-1.025642454624176025e-02 -5.530469119548797607e-03 8.493058383464813232e-03
-9.462997317314147949e-03 -1.099152117967605591e-02 9.572684764862060547e-03
-7.640868425369262695e-03 -1.855967193841934204e-02 1.233948767185211182e-02
-3.082454204559326172e-03 -2.449349313974380493e-02 1.431782543659210205e-02
7.646679878234863281e-04 -2.712658792734146118e-02 1.406228542327880859e-02
1.842230558395385742e-03 -2.990827709436416626e-02 1.624235510826110840e-02
5.353718996047973633e-03 -3.112051635980606079e-02 1.606179773807525635e-02
7.564961910247802734e-03 -2.998707443475723267e-02 1.400718092918395996e-02
4.956126213073730469e-03 -2.705437690019607544e-02 1.322516798973083496e-02
6.147503852844238281e-03 -2.774742990732192993e-02 1.324455440044403076e-02
8.284665644168853760e-03 -3.127226978540420532e-02 1.549523696303367615e-02
5.219757556915283203e-03 -3.046906739473342896e-02 1.753275841474533081e-02
5.601949989795684814e-03 -2.704294770956039429e-02 1.083024218678474426e-02
6.088614463806152344e-03 -2.670051157474517822e-02 8.463278412818908691e-03
2.286732196807861328e-03 -2.410485595464706421e-02 9.776089340448379517e-03
-1.025117933750152588e-03 -1.384054869413375854e-02 5.427025258541107178e-03
3.461994230747222900e-03 -1.218535751104354858e-02 6.366074085235595703e-04
7.753871381282806396e-03 -1.697529107332229614e-02 1.897908747196197510e-03
8.235849440097808838e-03 -2.776850759983062744e-02 9.231895208358764648e-03
9.414389729499816895e-03 -2.989038825035095215e-02 9.010549634695053101e-03
1.396743953227996826e-02 -2.929326891899108887e-02 6.089847534894943237e-03
1.586049050092697144e-02 -2.845901250839233398e-02 5.066048353910446167e-03
1.180607825517654419e-02 -2.025672793388366699e-02 3.484610468149185181e-03
2.695240080356597900e-03 -1.676075160503387451e-02 3.585398197174072266e-03
-5.125455558300018311e-03 5.787871778011322021e-03 -1.837592571973800659e-03
6.761170923709869385e-03 -1.373648643493652344e-03 -1.478808745741844177e-02
-1.329451799392700195e-03 7.392823696136474609e-03 -1.653598807752132416e-02
-1.497752964496612549e-03 2.371139824390411377e-03 -8.249342441558837891e-03
-9.977668523788452148e-04 -2.093821763992309570e-03 -1.007746160030364990e-02
-2.810373902320861816e-03 -2.850972115993499756e-03 -1.044951379299163818e-02
-1.041665673255920410e-03 4.765391349792480469e-05 -1.199409365653991699e-02
-3.222189843654632568e-03 2.325132489204406738e-03 -1.289890706539154053e-02
2.174437046051025391e-03 6.982527673244476318e-03 -1.883008144795894623e-02
-2.911478281021118164e-03 2.442441880702972412e-03 -7.151719182729721069e-03
-1.683636382222175598e-02 8.236199617385864258e-03 2.362735569477081299e-03
-5.772575736045837402e-03 1.563191413879394531e-03 -3.849878907203674316e-03
3.492832183837890625e-05 -5.539819598197937012e-03 -9.072944521903991699e-03
2.884373068809509277e-03 -1.134090125560760498e-02 -7.910925894975662231e-03
5.117654800415039062e-03 -7.995404303073883057e-03 -6.944987922906875610e-03
1.149475574493408203e-03 -4.611462354660034180e-03 -4.788339138031005859e-03
-3.475844860076904297e-03 -3.731608390808105469e-03 -4.254072904586791992e-03
-9.162075817584991455e-03 1.065176725387573242e-02 -5.785256624221801758e-03
-1.481596380472183228e-02 1.514864340424537659e-02 -2.329234033823013306e-03
-1.832794025540351868e-02 1.902456209063529968e-02 -6.058029830455780029e-04
-1.875081658363342285e-02 2.039223909378051758e-02 -3.507472574710845947e-04
-1.787360757589340210e-02 1.524660736322402954e-02 5.186989903450012207e-03
-1.426101848483085632e-02 1.026720553636550903e-02 5.657453089952468872e-03
-6.745405495166778564e-03 1.387067511677742004e-02 -9.649150073528289795e-03
-6.699137389659881592e-03 1.234094053506851196e-02 -1.770909130573272705e-02
-7.739014923572540283e-03 1.084175705909729004e-02 -1.143717393279075623e-02
-1.655041053891181946e-02 1.363358274102210999e-02 -9.161096066236495972e-03
-1.455193012952804565e-02 1.070008426904678345e-02 -7.052037864923477173e-03
-4.649400711059570312e-03 1.042228192090988159e-02 3.731008619070053101e-03
-4.734985530376434326e-03 2.443500608205795288e-02 -8.020102977752685547e-04
-1.417230069637298584e-02 3.609394282102584839e-02 -9.305130690336227417e-03
-5.635663866996765137e-03 3.460013866424560547e-02 -1.104049384593963623e-02
-1.098129898309707642e-02 3.895837813615798950e-02 -1.663386821746826172e-02
-1.500396430492401123e-02 2.651535347104072571e-02 -1.376505196094512939e-02
-1.638108491897583008e-02 1.818498969078063965e-02 -8.634217083454132080e-03
-1.611664146184921265e-02 1.094070076942443848e-02 -4.755228757858276367e-03
-1.734758168458938599e-02 8.178479969501495361e-03 -9.165704250335693359e-05
-1.939088106155395508e-02 5.600489675998687744e-03 2.471625804901123047e-03
-2.036111056804656982e-02 8.518509566783905029e-03 -1.721054315567016602e-03
-2.188230305910110474e-02 1.561131328344345093e-02 -5.127839744091033936e-03
-2.447658777236938477e-02 2.179176732897758484e-02 -2.753645181655883789e-03
-2.306146174669265747e-02 2.692284807562828064e-02 -6.866700947284698486e-03
-1.484298706054687500e-02 3.251112625002861023e-02 -9.832922369241714478e-03
-2.620144933462142944e-02 3.525025770068168640e-02 -1.906541734933853149e-02
-1.929695904254913330e-02 3.835219144821166992e-02 -1.777308061718940735e-02
-1.690159738063812256e-02 2.827937155961990356e-02 2.870291471481323242e-03
-1.174768805503845215e-02 1.001691818237304688e-02 2.076876163482666016e-02
-1.144877076148986816e-02 5.231715738773345947e-03 2.482077479362487793e-02
-2.168367803096771240e-02 4.780076444149017334e-03 6.290249526500701904e-03
6.256811320781707764e-03 2.389796078205108643e-03 -7.624082267284393311e-03
-9.422451257705688477e-04 -1.261033117771148682e-03 3.302320837974548340e-04
-4.265137016773223877e-03 -2.261191606521606445e-03 6.656460464000701904e-04
-3.163017332553863525e-03 5.355551838874816895e-04 -2.036221325397491455e-03
-8.217245340347290039e-04 2.156943082809448242e-05 -3.709577023983001709e-03
2.538916468620300293e-02 -1.220455765724182129e-02 -1.982778310775756836e-03
-1.206010580062866211e-03 -1.652859151363372803e-02 -1.492846757173538208e-03
1.452950388193130493e-02 -1.494719088077545166e-02 -1.345785148441791534e-02
3.054761886596679688e-02 -6.802000105381011963e-03 5.390495061874389648e-04
1.132541894912719727e-02 5.541451275348663330e-03 -1.082882285118103027e-03
-3.388367593288421631e-03 9.628035128116607666e-03 -1.610253006219863892e-03
-4.207439720630645752e-03 4.318192601203918457e-03 2.197071909904479980e-03
-4.725523293018341064e-03 9.690962731838226318e-03 -1.968953758478164673e-03
-4.917003214359283447e-03 1.813536509871482849e-02 -4.041060805320739746e-03
-1.974688470363616943e-02 2.077322080731391907e-02 2.622582018375396729e-03
-1.621188595890998840e-02 2.803467586636543274e-02 3.044534474611282349e-03
-7.821984589099884033e-03 3.013790398836135864e-02 -1.881706528365612030e-02
-1.250539720058441162e-02 1.800446584820747375e-02 -2.438776195049285889e-03
-2.139699459075927734e-02 5.578666925430297852e-03 1.394511759281158447e-02
-1.646623760461807251e-02 8.111916482448577881e-03 8.777603507041931152e-03
-1.387059688568115234e-02 9.963765740394592285e-03 4.663340747356414795e-03
-1.391519978642463684e-02 1.119121909141540527e-02 1.100543886423110962e-03
-1.023904979228973389e-02 1.132316887378692627e-02 -5.705393850803375244e-04
-6.625182926654815674e-03 1.356634870171546936e-02 -6.284676492214202881e-04
-5.610346794128417969e-03 8.714586496353149414e-03 -1.121200621128082275e-04
-5.570985376834869385e-03 6.357580423355102539e-03 -1.473911106586456299e-03
-5.175665020942687988e-03 7.090419530868530273e-03 -3.334749490022659302e-03
-4.980213940143585205e-03 1.008886098861694336e-02 -3.981452435255050659e-03
-7.778536528348922729e-03 1.048070937395095825e-02 -9.759441018104553223e-04
-8.114039897918701172e-03 1.216904073953628540e-02 -5.866363644599914551e-04
-1.288451254367828369e-03 1.243799179792404175e-02 -1.960661262273788452e-03
-1.436986029148101807e-02 6.103545427322387695e-03 -7.222518324851989746e-04
-7.056079804897308350e-03 -1.206026226282119751e-02 1.123535260558128357e-02
-2.132467925548553467e-03 -2.749814838171005249e-02 1.535477116703987122e-02
4.915796220302581787e-03 -6.921462714672088623e-03 7.025692611932754517e-03
-7.156804203987121582e-04 1.096327602863311768e-02 -1.262885704636573792e-02
1.515254378318786621e-03 1.439906284213066101e-02 -2.078605256974697113e-02
6.121769547462463379e-04 1.187305897474288940e-02 -1.542736031115055084e-02
3.314882516860961914e-03 9.270340204238891602e-03 -1.114145666360855103e-02
6.447851657867431641e-03 8.637800812721252441e-03 -1.006722077727317810e-02
7.715284824371337891e-03 1.031892001628875732e-02 -1.440680585801601410e-02
6.076239049434661865e-03 1.145852357149124146e-02 -1.663706824183464050e-02
1.162156462669372559e-03 1.430556178092956543e-02 -1.329040713608264923e-02
-4.555553197860717773e-03 2.073121070861816406e-02 -1.082606613636016846e-02
-6.998240947723388672e-03 2.021261677145957947e-02 -7.297437638044357300e-03
-5.548283457756042480e-03 1.238899677991867065e-02 -3.958277404308319092e-03
-4.371866583824157715e-03 6.224386394023895264e-03 -1.886561512947082520e-03
-1.343876123428344727e-03 4.362829029560089111e-03 -2.343915402889251709e-03
7.396042346954345703e-04 3.813721239566802979e-03 -3.709293901920318604e-03
1.040026545524597168e-03 3.226228058338165283e-03 -1.615718007087707520e-03
-5.747526884078979492e-04 3.744587302207946777e-04 1.671358942985534668e-03
-1.771822571754455566e-03 -3.090836107730865479e-03 3.304041922092437744e-03
-1.465842127799987793e-03 -5.429245531558990479e-03 4.711024463176727295e-03
-1.371353864669799805e-03 -6.969965994358062744e-03 6.135568022727966309e-03
-1.332402229309082031e-03 -7.228799164295196533e-03 6.639376282691955566e-03
1.325309276580810547e-04 -9.462900459766387939e-03 7.719159126281738281e-03
3.379881381988525391e-04 -1.112661510705947876e-02 9.200960397720336914e-03
1.750975847244262695e-03 -1.423955708742141724e-02 9.555369615554809570e-03
4.973083734512329102e-03 -1.854140311479568481e-02 9.398356080055236816e-03
5.317583680152893066e-03 -1.872000843286514282e-02 9.973987936973571777e-03
5.276858806610107422e-03 -1.705182343721389771e-02 9.985983371734619141e-03
4.323482513427734375e-03 -1.560557633638381958e-02 8.945070207118988037e-03
3.987506031990051270e-03 -1.491311937570571899e-02 6.674751639366149902e-03
5.477353930473327637e-03 -1.644850522279739380e-02 6.140023469924926758e-03
5.737677216529846191e-03 -1.658847182989120483e-02 6.196148693561553955e-03
5.101323127746582031e-03 -1.506675779819488525e-02 6.450533866882324219e-03
7.846377789974212646e-03 -1.484706252813339233e-02 6.292760372161865234e-03
6.793394684791564941e-03 -1.204650104045867920e-02 4.248321056365966797e-03
3.145560622215270996e-03 -1.175649464130401611e-02 5.076322704553604126e-03
2.411954104900360107e-03 -1.484727114439010620e-02 8.094388991594314575e-03
3.011018037796020508e-03 -1.670768111944198608e-02 8.354369550943374634e-03
7.279165089130401611e-03 -1.871961355209350586e-02 3.743883222341537476e-03
1.155570149421691895e-02 -1.923327147960662842e-02 -4.833266139030456543e-04
1.007926464080810547e-02 -1.913993060588836670e-02 -1.670606434345245361e-04
8.994832634925842285e-03 -1.904514431953430176e-02 1.015350222587585449e-03
9.511046111583709717e-03 -1.144663989543914795e-02 -5.434107035398483276e-03
7.952779531478881836e-03 -3.705248236656188965e-04 -1.119244098663330078e-02
9.731940925121307373e-03 1.277275383472442627e-03 -9.289603680372238159e-03
1.031257212162017822e-02 -5.567558109760284424e-03 -1.339692622423171997e-03
1.496557146310806274e-02 -1.133241504430770874e-02 9.324733167886734009e-03
1.157775521278381348e-03 -1.205807179212570190e-02 1.385820284485816956e-02
7.452398538589477539e-03 2.378635108470916748e-03 2.549961209297180176e-03
5.254887044429779053e-03 9.772479534149169922e-03 -1.646355539560317993e-02
6.831407546997070312e-03 8.937038481235504150e-03 -1.961211673915386200e-02
8.745186030864715576e-03 5.783811211585998535e-03 -1.951709017157554626e-02
7.614955306053161621e-03 1.504682004451751709e-03 -1.382615230977535248e-02
9.597994387149810791e-03 -7.749497890472412109e-03 -5.311734974384307861e-03
1.222050935029983521e-02 -1.546044647693634033e-02 -6.948783993721008301e-05
1.204152405261993408e-02 -1.487952470779418945e-02 2.154611051082611084e-03
1.515411585569381714e-02 -1.750908792018890381e-02 4.335302859544754028e-03
1.178137958049774170e-02 -1.255968958139419556e-02 3.600567579269409180e-04
5.237258970737457275e-03 1.853711903095245361e-03 -8.427709341049194336e-03
3.421232104301452637e-03 1.506581902503967285e-03 -8.409135043621063232e-03
2.819649875164031982e-03 -1.634329557418823242e-02 5.187064409255981445e-03
-2.088487148284912109e-03 -1.217642426490783691e-02 1.666018739342689514e-02
-1.890182495117187500e-03 -6.453834474086761475e-03 2.232551574707031250e-03
-1.542814075946807861e-03 3.096200525760650635e-03 -1.151799783110618591e-02
-1.067444682121276855e-03 -5.915760993957519531e-04 -1.054420694708824158e-02
1.190505921840667725e-03 -2.161696553230285645e-03 -1.018748059868812561e-02
-2.950578927993774414e-04 -2.004720270633697510e-03 -8.403882384300231934e-03
-2.177082002162933350e-03 -2.804629504680633545e-03 -4.873216152191162109e-03
-4.663035273551940918e-03 -2.650454640388488770e-03 -1.351706683635711670e-03
-8.155029267072677612e-03 -2.476431429386138916e-03 -4.774704575538635254e-04
-8.156698197126388550e-03 -1.564793288707733154e-03 -1.948807388544082642e-03
2.215407788753509521e-03 -4.699207842350006104e-03 -8.861910551786422729e-03
9.514696896076202393e-03 -3.896810114383697510e-03 -1.080631837248802185e-02
1.724495738744735718e-02 -7.999137043952941895e-03 -9.089935570955276489e-03
2.552105486392974854e-02 -1.516940444707870483e-02 -5.449853837490081787e-03
2.728080749511718750e-02 -1.658359915018081665e-02 -5.307771265506744385e-03
2.169126272201538086e-02 -1.676248759031295776e-02 -3.819823265075683594e-03
1.684686541557312012e-02 -1.333265751600265503e-02 -4.383400082588195801e-03
1.775221526622772217e-02 -1.440120488405227661e-02 -3.430526703596115112e-03
2.020381391048431396e-02 -1.474346220493316650e-02 -3.826215863227844238e-03
2.156727015972137451e-02 -1.469885557889938354e-02 -5.987606942653656006e-03
2.668014168739318848e-02 -1.446891576051712036e-02 -8.388321846723556519e-03
2.898642420768737793e-02 -1.083926111459732056e-02 -1.249569281935691833e-02
3.673161566257476807e-02 -1.175669580698013306e-02 -2.291564643383026123e-02
1.802742481231689453e-02 -1.948936283588409424e-02 -5.249764770269393921e-03
1.489274203777313232e-02 -1.217334717512130737e-02 -2.146970480680465698e-03
1.154342293739318848e-02 -6.322033703327178955e-03 -1.263809204101562500e-02
1.540736109018325806e-02 -1.638556271791458130e-02 -1.182348281145095825e-02
1.666104048490524292e-02 -1.502840965986251831e-02 -1.224236935377120972e-02
1.704561710357666016e-02 -1.133019477128982544e-02 -1.073343306779861450e-02
1.748004555702209473e-02 -8.866883814334869385e-03 -1.079637557268142700e-02
1.672451198101043701e-02 -6.055340170860290527e-03 -9.339321404695510864e-03
2.014092355966567993e-02 -8.470296859741210938e-03 -7.685035467147827148e-03
1.672543585300445557e-02 -7.896177470684051514e-03 -7.778774946928024292e-03
8.545458316802978516e-03 -1.662924885749816895e-03 -7.616505026817321777e-03
-7.420182228088378906e-04 4.788793623447418213e-03 -5.882885307073593140e-03
-4.772998392581939697e-03 1.200431585311889648e-02 -1.226212084293365479e-02
-1.268851384520530701e-02 2.574953809380531311e-02 -1.623910665512084961e-02
-1.970795914530754089e-02 2.572568133473396301e-02 -1.335646957159042358e-02
-1.981827616691589355e-02 2.040914446115493774e-02 -1.101254299283027649e-02
-1.940532773733139038e-02 1.784963533282279968e-02 -9.933978319168090820e-03
-1.957629621028900146e-02 1.951771974563598633e-02 -9.758722037076950073e-03
-1.901174709200859070e-02 2.098514139652252197e-02 -9.925503283739089966e-03
-1.459924131631851196e-02 2.185995131731033325e-02 -1.546293124556541443e-02
-1.022544875741004944e-02 1.881300285458564758e-02 -1.904347352683544159e-02
-6.509777158498764038e-03 5.947791039943695068e-03 -6.097596138715744019e-03
1.004368811845779419e-02 -8.459955453872680664e-03 -4.192356020212173462e-03
5.505010485649108887e-03 -1.215454190969467163e-02 5.610119551420211792e-03
-6.511051207780838013e-03 3.165915608406066895e-03 1.284170895814895630e-03
-2.443801239132881165e-02 1.582551375031471252e-02 -1.213491335511207581e-02
-1.813995838165283203e-02 1.928769424557685852e-02 -1.338863931596279144e-02
-1.019984111189842224e-02 9.848043322563171387e-03 -1.113373786211013794e-02
-9.569734334945678711e-03 4.499271512031555176e-03 -9.901948273181915283e-03
-4.919372498989105225e-03 5.932152271270751953e-03 -1.262483745813369751e-02
-6.713349372148513794e-03 6.668806076049804688e-03 -1.246585324406623840e-02
-9.279701858758926392e-03 8.995682001113891602e-03 -1.059057563543319702e-02
-1.252891495823860168e-02 1.448677852749824524e-02 -8.221175521612167358e-03
-1.531687006354331970e-02 1.867080479860305786e-02 -9.316340088844299316e-03
-1.983725652098655701e-02 2.443137019872665405e-02 -1.160070672631263733e-02
-2.475551143288612366e-02 3.002294898033142090e-02 -1.499578915536403656e-02
-2.485767379403114319e-02 3.528399765491485596e-02 -1.278398558497428894e-02
-2.757698670029640198e-02 3.280106186866760254e-02 -6.370004266500473022e-03
-3.115880116820335388e-02 2.752692252397537231e-02 4.337988793849945068e-04
-3.054657578468322754e-02 2.541094645857810974e-02 1.726351678371429443e-03
-2.534109726548194885e-02 2.373619750142097473e-02 -9.598061442375183105e-04
-2.229296788573265076e-02 2.201273664832115173e-02 -8.114166557788848877e-04
-2.317444607615470886e-02 2.082042768597602844e-02 7.619410753250122070e-04
-2.417713403701782227e-02 1.509780064225196838e-02 4.994794726371765137e-03
-2.602433040738105774e-02 1.142571121454238892e-02 8.670900017023086548e-03
-2.929822355508804321e-02 1.482406631112098694e-02 9.230479598045349121e-03
-3.650991618633270264e-02 1.999144256114959717e-02 1.046049967408180237e-02
-4.163979738950729370e-02 2.206882089376449585e-02 1.107257232069969177e-02
-4.270670562982559204e-02 2.670544385910034180e-02 9.639877825975418091e-03
-3.393928706645965576e-02 2.343929558992385864e-02 9.508803486824035645e-03
-1.159968972206115723e-02 9.329162538051605225e-03 9.817551821470260620e-03
-3.206267952919006348e-03 9.907543659210205078e-03 -1.062698662281036377e-02
-8.271299302577972412e-03 1.731758937239646912e-02 -5.969099700450897217e-03
-1.238044723868370056e-02 3.637008368968963623e-03 -2.132516354322433472e-03
-9.905107319355010986e-03 -2.695702016353607178e-03 1.233375817537307739e-02
-5.045264959335327148e-03 8.431121706962585449e-03 1.924261450767517090e-04
2.252668142318725586e-03 1.746314764022827148e-02 -1.380041614174842834e-02
4.317812621593475342e-03 9.549483656883239746e-03 -9.353522211313247681e-03
7.601976394653320312e-03 2.128191292285919189e-03 -4.733793437480926514e-03
9.665638208389282227e-03 -4.436053335666656494e-03 9.113401174545288086e-04
5.198687314987182617e-03 -5.988813936710357666e-03 3.884106874465942383e-03
-2.893209457397460938e-03 -7.339514791965484619e-03 6.521761417388916016e-03
-5.632519721984863281e-03 -9.416140615940093994e-03 6.543368101119995117e-03
-7.127314805984497070e-03 -8.501626551151275635e-03 6.832621991634368896e-03
-9.411662817001342773e-03 -3.777541220188140869e-03 6.777808070182800293e-03
-9.913623332977294922e-03 -1.869536936283111572e-03 6.831049919128417969e-03
-1.003962755203247070e-02 -1.696027815341949463e-03 8.002981543540954590e-03
-9.233325719833374023e-03 -2.077229321002960205e-03 1.070877164602279663e-02
-7.752686738967895508e-03 -2.759166061878204346e-03 1.196594536304473877e-02
-3.003686666488647461e-03 -6.469137966632843018e-03 1.113532483577728271e-02
1.335188746452331543e-03 -6.345666944980621338e-03 7.381759583950042725e-03
6.314978003501892090e-03 -6.866462528705596924e-03 2.628296613693237305e-03
1.038551330566406250e-02 -1.221594959497451782e-02 -2.044215798377990723e-04
1.041364669799804688e-02 -1.516181975603103638e-02 -5.046874284744262695e-04
7.402151823043823242e-03 -1.319680362939834595e-02 -1.799665391445159912e-03
6.780549883842468262e-03 -1.473511010408401489e-02 -2.774424850940704346e-03
7.031686604022979736e-03 -1.700571179389953613e-02 -2.107217907905578613e-03
8.359484374523162842e-03 -1.537771522998809814e-02 -3.898065537214279175e-03
6.657272577285766602e-03 -1.332877576351165771e-02 -2.623569220304489136e-03
1.818858087062835693e-03 -1.007185131311416626e-02 -5.784593522548675537e-04
-5.252294242382049561e-03 2.178549766540527344e-05 -1.565128564834594727e-03
-3.075748682022094727e-03 6.629399955272674561e-03 -6.950385868549346924e-03
-3.765776753425598145e-03 1.050957292318344116e-02 -1.020794734358787537e-02
-6.225369870662689209e-03 1.742409542202949524e-02 -1.302042044699192047e-02
-3.268942236900329590e-03 1.885152980685234070e-02 -1.617921330034732819e-02
-3.498025238513946533e-03 2.267363667488098145e-02 -1.740139164030551910e-02
-3.373727202415466309e-03 2.528370544314384460e-02 -1.937993243336677551e-02
1.374304294586181641e-03 2.110645547509193420e-02 -2.202973328530788422e-02
4.100374877452850342e-03 1.495068520307540894e-02 -2.114560641348361969e-02
-3.203526139259338379e-04 1.445130258798599243e-02 -2.099689282476902008e-02
-6.714221090078353882e-03 1.607250794768333435e-02 -1.664007268846035004e-02
-9.976133704185485840e-03 3.076866269111633301e-03 2.849932760000228882e-03
-3.566943109035491943e-03 -1.748108118772506714e-02 1.953643560409545898e-02
6.133392453193664551e-04 -3.307811915874481201e-03 4.999224096536636353e-03
-3.438286483287811279e-03 3.937117755413055420e-03 -1.543991267681121826e-03
-7.512316107749938965e-03 7.343120872974395752e-03 -3.861229866743087769e-03
-1.003903150558471680e-02 1.540672779083251953e-02 -3.813140094280242920e-03
-1.826263591647148132e-02 6.292618811130523682e-03 8.801165968179702759e-03
-1.042426005005836487e-02 2.677986398339271545e-02 -9.889643639326095581e-03
-6.568394601345062256e-03 2.404199540615081787e-02 -1.637875102460384369e-02
-3.758206963539123535e-03 1.812676340341567993e-02 -1.615390926599502563e-02
-3.415636718273162842e-03 1.963204890489578247e-02 -1.737326383590698242e-02
-3.915637731552124023e-03 1.556720584630966187e-02 -1.064277067780494690e-02
2.044968307018280029e-03 1.363654062151908875e-02 -1.501234434545040131e-02
4.306480288505554199e-03 1.034629344940185547e-02 -1.517014019191265106e-02
-1.102723181247711182e-03 9.141467511653900146e-03 -9.446583688259124756e-03
-5.417741835117340088e-03 5.605697631835937500e-03 6.103701889514923096e-04
-1.262947916984558105e-03 -2.071931958198547363e-04 1.156263053417205811e-03
1.787997782230377197e-03 2.384021878242492676e-03 -4.125062376260757446e-03
1.754343509674072266e-03 4.411742091178894043e-03 -5.824487656354904175e-03
-1.625590026378631592e-03 4.777356982231140137e-03 -2.015151083469390869e-03
-9.483769536018371582e-04 7.126010954380035400e-03 -5.573954433202743530e-03
1.702345907688140869e-03 9.181953966617584229e-03 -1.291879639029502869e-02
3.871910274028778076e-03 9.437881410121917725e-03 -1.533185690641403198e-02
4.461437463760375977e-03 9.295165538787841797e-03 -1.564884930849075317e-02
5.334116518497467041e-03 6.788335740566253662e-03 -1.372060924768447876e-02
3.407046198844909668e-03 2.702966332435607910e-03 -8.874665945768356323e-03
3.885164856910705566e-03 -1.313172280788421631e-03 -3.014918416738510132e-03
1.915678381919860840e-03 -1.358523964881896973e-03 1.919522881507873535e-03
-2.526782453060150146e-03 2.414338290691375732e-03 3.399573266506195068e-03
9.984448552131652832e-04 3.392182290554046631e-03 -2.042967826128005981e-03
-2.845972776412963867e-04 4.513524472713470459e-03 -3.409072756767272949e-03
4.224479198455810547e-05 6.336346268653869629e-04 -1.252435147762298584e-03
1.890212297439575195e-03 2.718716859817504883e-03 -4.026819020509719849e-03
-3.702268004417419434e-03 -1.323298364877700806e-02 1.768274605274200439e-02
8.017942309379577637e-04 -1.014363020658493042e-02 1.905530691146850586e-02
1.350462436676025391e-03 -4.969798028469085693e-03 2.456910908222198486e-03
3.188848495483398438e-05 -4.005879163742065430e-03 1.770224422216415405e-03
-1.106470823287963867e-03 -5.812965333461761475e-03 1.756490767002105713e-02
-4.998534917831420898e-03 -2.222736179828643799e-02 2.179898321628570557e-02
-2.323061227798461914e-03 -6.455257534980773926e-04 1.637618988752365112e-02
1.050338149070739746e-03 3.256931900978088379e-03 1.370463520288467407e-02
8.778728544712066650e-03 2.389453351497650146e-03 9.256076067686080933e-03
5.328662693500518799e-03 6.619520485401153564e-03 9.194482117891311646e-03
9.212963283061981201e-03 5.076222121715545654e-03 3.326822072267532349e-03
-1.765370368957519531e-03 1.024115830659866333e-02 -1.298099756240844727e-03
-1.334525644779205322e-03 6.133981049060821533e-03 2.485487610101699829e-03
1.456722617149353027e-03 1.285843551158905029e-03 5.306847393512725830e-03
5.159229040145874023e-03 -9.120106697082519531e-04 4.998303949832916260e-03
7.430031895637512207e-03 -7.490970194339752197e-03 7.854454219341278076e-03
6.630778312683105469e-03 -1.555366069078445435e-02 1.103166863322257996e-02
5.286835134029388428e-03 -1.593079417943954468e-02 1.177476346492767334e-02
2.738647162914276123e-03 -9.315736591815948486e-03 9.008083492517471313e-03
-8.415132761001586914e-04 -6.228163838386535645e-04 5.584809929132461548e-03
-2.355560660362243652e-03 6.391264498233795166e-03 2.478785812854766846e-03
4.078693687915802002e-03 -1.398187875747680664e-02 2.298080921173095703e-02
-7.229033857583999634e-03 -2.071449905633926392e-02 2.366615086793899536e-02
-6.447535008192062378e-03 -2.097930759191513062e-02 2.355810999870300293e-02
-5.504727363586425781e-03 -1.978621631860733032e-02 2.012535184621810913e-02
-1.637354493141174316e-03 -1.499292254447937012e-02 1.750588417053222656e-02
2.007022500038146973e-03 -9.787105023860931396e-03 1.604258269071578979e-02
1.723609864711761475e-03 -9.007163345813751221e-03 1.478501036763191223e-02
-1.794397830963134766e-04 -1.917767524719238281e-02 1.828039437532424927e-02
1.628808677196502686e-03 -2.414749562740325928e-02 2.294793725013732910e-02
-4.981823265552520752e-03 -1.813444495201110840e-02 2.550720423460006714e-02
-5.223229527473449707e-03 -4.931114614009857178e-03 2.321514487266540527e-02
-4.925474524497985840e-03 3.968499600887298584e-03 1.652629673480987549e-02
-9.065467864274978638e-03 -3.986082971096038818e-03 2.856478840112686157e-02
-6.502881646156311035e-03 -1.373188942670822144e-02 2.504002302885055542e-02
-3.832742571830749512e-03 -1.427646726369857788e-02 2.486027777194976807e-02
-1.352334022521972656e-02 -1.750177890062332153e-02 3.442302346229553223e-02
-3.822833299636840820e-03 9.824112057685852051e-04 2.603677660226821899e-02
-1.817941665649414062e-04 7.170706987380981445e-03 1.655901968479156494e-02
-1.380849629640579224e-02 -6.536692380905151367e-04 2.434799820184707642e-02
-4.355005919933319092e-03 -1.160472631454467773e-02 2.294067293405532837e-02
1.705273985862731934e-03 -8.408121764659881592e-03 1.324135437607765198e-02
2.004189044237136841e-02 -1.695007085800170898e-05 -5.259875208139419556e-03
1.508396863937377930e-02 -6.369508802890777588e-03 -1.031961292028427124e-03
1.338685303926467896e-02 -7.085524499416351318e-03 1.647219061851501465e-03
1.031005382537841797e-02 -9.000532329082489014e-03 5.784124135971069336e-03
9.005777537822723389e-03 -8.823759853839874268e-03 6.363987922668457031e-03
1.031833887100219727e-02 -8.823379874229431152e-03 5.496196448802947998e-03
1.264730840921401978e-02 -1.066665351390838623e-02 2.950634807348251343e-03
1.474579423666000366e-02 -8.884899318218231201e-03 -8.654221892356872559e-05
1.652452349662780762e-02 -9.942807257175445557e-03 2.784319221973419189e-04
1.757451146841049194e-02 -1.278018206357955933e-02 -1.455903053283691406e-03
1.691683381795883179e-02 -1.159298419952392578e-02 -4.352014511823654175e-03
1.531705260276794434e-02 -5.681663751602172852e-03 -7.320098578929901123e-03
1.820936799049377441e-02 5.041986703872680664e-03 -1.430728659033775330e-02
1.361063867807388306e-02 -2.616085112094879150e-03 -7.163371890783309937e-03
-5.164213478565216064e-03 1.850716769695281982e-03 1.029559224843978882e-02
-1.087988540530204773e-02 1.585318520665168762e-02 -7.008168846368789673e-03
-2.367493510246276855e-02 2.156990021467208862e-02 -5.550183355808258057e-03
-2.461617439985275269e-02 1.459594815969467163e-02 -3.236711025238037109e-03
-2.435187995433807373e-02 1.041371375322341919e-02 -1.881569623947143555e-03
-2.270434796810150146e-02 7.517449557781219482e-03 -7.330328226089477539e-04
-2.056343108415603638e-02 8.283548057079315186e-03 -3.818273544311523438e-04
-1.925054192543029785e-02 9.765915572643280029e-03 -3.138035535812377930e-03
-1.615594327449798584e-02 7.674627006053924561e-03 -4.820764064788818359e-03
-1.271107792854309082e-02 8.012279868125915527e-04 -2.685487270355224609e-03
-1.152832061052322388e-02 5.588158965110778809e-04 -2.851754426956176758e-03
-1.497764885425567627e-02 3.758594393730163574e-04 -8.853971958160400391e-04
-1.682530343532562256e-02 -1.786626875400543213e-03 -2.612948417663574219e-03
-1.296088099479675293e-02 -2.614654600620269775e-03 -1.000913977622985840e-02
-1.041661202907562256e-02 -2.239592373371124268e-03 -1.323306560516357422e-02
-1.196877658367156982e-02 -2.320833504199981689e-03 -1.150757074356079102e-02
-1.359571516513824463e-02 -1.737274229526519775e-03 -1.002877950668334961e-02
-1.329299062490463257e-02 -1.901544630527496338e-03 -1.033470034599304199e-02
-1.361235976219177246e-02 -6.389990448951721191e-04 -1.226153969764709473e-02
-1.309064030647277832e-02 1.429013907909393311e-03 -1.397761702537536621e-02
-1.341509819030761719e-02 3.260336816310882568e-03 -1.416918635368347168e-02
-1.360957324504852295e-02 3.669492900371551514e-03 -1.148721575736999512e-02
-1.275438070297241211e-02 3.448449075222015381e-03 -9.724438190460205078e-03
-1.386893540620803833e-02 4.950724542140960693e-03 -8.526235818862915039e-03
-1.802005991339683533e-02 7.373340427875518799e-03 -7.511228322982788086e-03
-2.105262875556945801e-02 1.153915375471115112e-02 -8.838526904582977295e-03
-2.291391789913177490e-02 1.451735198497772217e-02 -9.296521544456481934e-03
-2.267820760607719421e-02 1.296259462833404541e-02 -6.446786224842071533e-03
-2.100680023431777954e-02 6.371401250362396240e-03 -2.767771482467651367e-03
-2.012347057461738586e-02 1.573570072650909424e-03 -1.202885061502456665e-03
-1.976860687136650085e-02 3.741808235645294189e-03 -2.803955227136611938e-03
-1.916915550827980042e-02 7.038421928882598877e-03 -3.608185797929763794e-03
-1.908233389258384705e-02 7.198803126811981201e-03 -3.297857940196990967e-03
-1.826159656047821045e-02 8.016213774681091309e-03 -3.185156732797622681e-03
-1.961223781108856201e-02 8.772186934947967529e-03 -2.302754670381546021e-03
-1.916278898715972900e-02 5.948886275291442871e-03 -3.866516053676605225e-04
-1.888577267527580261e-02 4.715099930763244629e-03 2.003397792577743530e-03
-1.979686692357063293e-02 5.194708704948425293e-03 3.358442336320877075e-03
-1.901416853070259094e-02 4.657983779907226562e-03 4.029549658298492432e-03
-1.793513447046279907e-02 3.537364304065704346e-03 3.936462104320526123e-03
-1.728815957903862000e-02 1.104079186916351318e-03 3.823485225439071655e-03
-1.577673107385635376e-02 -6.434470415115356445e-04 2.825126051902770996e-03
-1.364559680223464966e-02 2.051793038845062256e-03 4.350058734416961670e-04
-1.195736601948738098e-02 8.843511343002319336e-03 -2.145227044820785522e-03
-1.214797049760818481e-02 1.193011552095413208e-02 -2.570468932390213013e-03
-1.231978833675384521e-02 1.520052552223205566e-02 -2.317417412996292114e-03
-9.156156331300735474e-03 1.507939398288726807e-02 -2.029508352279663086e-03
-4.536867141723632812e-03 7.876455783843994141e-03 -3.125336021184921265e-03
-1.825377345085144043e-03 4.677020013332366943e-03 -3.502842038869857788e-03
-3.746047616004943848e-03 4.241339862346649170e-03 4.046484827995300293e-04
-7.222894579172134399e-03 8.507713675498962402e-03 -6.118752062320709229e-04
-1.020352914929389954e-02 9.152874350547790527e-03 -1.836538314819335938e-03
1.237347722053527832e-03 -7.683731615543365479e-03 5.665715783834457397e-03
-3.964565694332122803e-03 -1.326349377632141113e-02 3.658000379800796509e-03
2.027975767850875854e-02 -7.702596485614776611e-03 -2.809867262840270996e-03
1.543721556663513184e-02 6.580054759979248047e-04 -6.854735314846038818e-03
1.680982112884521484e-02 -1.857303082942962646e-03 -7.497601211071014404e-03
1.293950527906417847e-02 -3.842599689960479736e-03 -5.456417798995971680e-03
7.799521088600158691e-03 -3.441862761974334717e-03 -2.255596220493316650e-03
-6.655637174844741821e-03 2.119019627571105957e-04 -3.996651619672775269e-03
-5.111537873744964600e-03 -3.470107913017272949e-04 -4.121854901313781738e-03
-1.178897917270660400e-03 -5.668506026268005371e-03 -2.130635082721710205e-03
3.631137311458587646e-03 -7.970675826072692871e-03 3.404244780540466309e-04
6.318837404251098633e-03 -1.491018384695053101e-02 1.089210063219070435e-02
6.991118192672729492e-03 -1.444099843502044678e-02 1.342679560184478760e-02
-1.494164392352104187e-02 1.454040408134460449e-03 6.866663694381713867e-03
-1.712998747825622559e-02 2.008049935102462769e-02 3.025390207767486572e-03
-2.178249508142471313e-02 2.403938770294189453e-02 6.653510034084320068e-03
-1.691026985645294189e-02 2.240866422653198242e-02 3.553520888090133667e-03
-2.022917568683624268e-02 2.396867796778678894e-02 -9.664870798587799072e-03
-7.883921265602111816e-03 3.884531557559967041e-03 -2.777241170406341553e-04
3.232300281524658203e-03 -1.266192644834518433e-02 1.358795911073684692e-02
4.684001207351684570e-03 -2.599110454320907593e-02 1.761750131845474243e-02
2.371712028980255127e-02 -1.251287013292312622e-02 -5.227059125900268555e-03
1.818180084228515625e-02 -2.176449447870254517e-02 6.859749555587768555e-03
1.578713953495025635e-02 -2.245781570672988892e-02 4.957120865583419800e-03
1.597608625888824463e-02 -2.045740932226181030e-02 3.276877105236053467e-03
2.127514779567718506e-02 -1.937080174684524536e-02 -3.100447356700897217e-03
1.699055731296539307e-02 -3.350057452917098999e-02 -8.794914931058883667e-03
6.271570920944213867e-03 4.972964525222778320e-03 -9.238388389348983765e-03
-2.019529789686203003e-02 1.657546684145927429e-02 -5.867138504981994629e-03
-1.832082122564315796e-02 1.476982980966567993e-02 -9.092316031455993652e-03
-1.617699861526489258e-02 1.393182575702667236e-02 -1.101250946521759033e-02
-1.466029882431030273e-02 1.173980534076690674e-02 -1.187049597501754761e-02
-1.331776380538940430e-02 1.022095978260040283e-02 -1.320824027061462402e-02
-1.224300265312194824e-02 1.036045700311660767e-02 -1.568584144115447998e-02
-1.278401911258697510e-02 1.019128412008285522e-02 -1.504330337047576904e-02
-1.335360854864120483e-02 9.109370410442352295e-03 -1.276657730340957642e-02
-1.250518485903739929e-02 1.027602702379226685e-02 -1.398156397044658661e-02
-1.151682808995246887e-02 1.225987821817398071e-02 -1.609290391206741333e-02
-1.244101300835609436e-02 1.309130340814590454e-02 -1.722242124378681183e-02
-1.299627870321273804e-02 1.322469115257263184e-02 -1.683501526713371277e-02
-1.399958133697509766e-02 1.447077468037605286e-02 -1.656505838036537170e-02
-1.449749618768692017e-02 1.535008102655410767e-02 -1.747147552669048309e-02
-1.117224246263504028e-02 1.357781514525413513e-02 -2.033017948269844055e-02
-8.855637162923812866e-03 1.197645068168640137e-02 -2.334549464285373688e-02
-9.584940969944000244e-03 1.143602281808853149e-02 -2.160697430372238159e-02
-1.268921792507171631e-02 1.233233511447906494e-02 -1.803285442292690277e-02
-1.423756405711174011e-02 2.024611830711364746e-02 -2.338609658181667328e-02
-1.199714839458465576e-02 2.190458402037620544e-02 -2.921914309263229370e-02
-8.431825786828994751e-03 1.465727016329765320e-02 -2.760044299066066742e-02
-7.553678005933761597e-03 9.871423244476318359e-03 -2.473229356110095978e-02
-4.978716373443603516e-03 1.246662437915802002e-02 -2.925173938274383545e-02
-3.406673669815063477e-03 1.465124636888504028e-02 -3.050093352794647217e-02
-1.102685928344726562e-05 1.478528231382369995e-02 -3.052574954926967621e-02
-6.082460284233093262e-03 1.801428198814392090e-02 -2.950353547930717468e-02
-1.128020510077476501e-02 2.392012253403663635e-02 -3.241488710045814514e-02
-9.378448128700256348e-03 2.356094494462013245e-02 -3.369472548365592957e-02
-5.276285111904144287e-03 2.092821523547172546e-02 -3.674101456999778748e-02
1.010663807392120361e-03 1.018796116113662720e-02 -4.095870256423950195e-02
9.829565882682800293e-03 -1.086392253637313843e-02 -2.939959615468978882e-02
1.106397062540054321e-02 -2.303161472082138062e-02 -1.372254453599452972e-02
1.255638152360916138e-02 -2.735692262649536133e-02 -6.550580263137817383e-03
1.347930729389190674e-02 -2.641869336366653442e-02 -8.665949106216430664e-03
1.557225733995437622e-02 -2.805005759000778198e-02 -7.036346942186355591e-03
1.718370616436004639e-02 -2.452892065048217773e-02 -7.838279008865356445e-03
1.544523984193801880e-02 -1.579966396093368530e-02 -1.867464929819107056e-02
1.625540107488632202e-02 -4.681468009948730469e-03 -2.539316378533840179e-02
1.391206681728363037e-02 9.658403694629669189e-03 -2.908581867814064026e-02
1.645779609680175781e-02 1.498930156230926514e-03 -2.819783240556716919e-02
2.352450042963027954e-02 -1.705175638198852539e-02 -2.432159334421157837e-02
2.574019879102706909e-02 -3.780387341976165771e-02 2.032577991485595703e-03
2.072165906429290771e-02 -3.493861854076385498e-02 -7.442645728588104248e-04
1.946411281824111938e-02 -3.399766981601715088e-02 -3.969687968492507935e-03
1.867620646953582764e-02 -2.421067655086517334e-02 -7.219873368740081787e-03
3.238179534673690796e-02 -2.817895263433456421e-02 -9.328965097665786743e-03
3.685689717531204224e-02 -2.008211612701416016e-02 -1.235032081604003906e-02
2.380638569593429565e-02 -1.675932854413986206e-02 -1.423333771526813507e-02
1.868046075105667114e-02 -1.501348614692687988e-02 -1.274312660098075867e-02
1.881670206785202026e-02 -1.688347756862640381e-02 -1.188306137919425964e-02
2.126303315162658691e-02 -2.385524660348892212e-02 -1.182307675480842590e-02
2.070745825767517090e-02 -2.822617441415786743e-02 -8.548766374588012695e-03
1.909895241260528564e-02 -2.842337638139724731e-02 -6.233818829059600830e-03
1.813203096389770508e-02 -2.719379216432571411e-02 -6.546117365360260010e-03
1.606978476047515869e-02 -2.457544952630996704e-02 -8.218556642532348633e-03
1.341831684112548828e-02 -2.031818777322769165e-02 -1.177956908941268921e-02
1.155674457550048828e-02 -1.700121909379959106e-02 -1.658345013856887817e-02
1.156668365001678467e-02 -1.519338786602020264e-02 -1.865401118993759155e-02
1.108303666114807129e-02 -1.471176743507385254e-02 -1.652052998542785645e-02
1.070097088813781738e-02 -1.375076174736022949e-02 -1.351150497794151306e-02
1.877199858427047729e-02 -1.672226935625076294e-02 -2.753153443336486816e-03
1.223136484622955322e-02 -3.437013179063796997e-02 -8.443146944046020508e-04
8.516833186149597168e-04 2.309386432170867920e-02 -3.043066710233688354e-02
2.738252282142639160e-03 1.653733104467391968e-02 -3.481028974056243896e-02
-4.442289471626281738e-03 1.020939648151397705e-02 -2.438654750585556030e-02
-9.555123746395111084e-03 1.073876768350601196e-02 -1.837253570556640625e-02
-1.351799070835113525e-02 1.206161826848983765e-02 -1.607090234756469727e-02
-1.107189059257507324e-02 8.788220584392547607e-03 -1.603679358959197998e-02
-9.104549884796142578e-03 8.810468018054962158e-03 -1.524281501770019531e-02
-1.186323165893554688e-02 6.580449640750885010e-03 -7.802724838256835938e-03
-1.386784017086029053e-02 4.186592996120452881e-03 -3.691986203193664551e-03
-1.402728259563446045e-02 4.317559301853179932e-03 -5.321979522705078125e-03
-1.144282147288322449e-02 6.138399243354797363e-03 -8.990895003080368042e-03
-1.275270059704780579e-02 6.499119102954864502e-03 -1.059658452868461609e-02
-1.162305101752281189e-02 5.358688533306121826e-03 -1.289216801524162292e-02
-1.183441653847694397e-02 1.174030452966690063e-02 -1.600819267332553864e-02
-1.850228756666183472e-02 1.692238077521324158e-02 -1.208773255348205566e-02
-2.373547852039337158e-02 1.457831636071205139e-02 -5.502026528120040894e-03
-2.607760578393936157e-02 1.578410342335700989e-02 -5.702864378690719604e-03
-2.778998017311096191e-02 1.750764995813369751e-02 -6.563447415828704834e-03
-2.561213448643684387e-02 1.812180504202842712e-02 -5.680263042449951172e-03
-2.225823327898979187e-02 1.533880084753036499e-02 -6.161272525787353516e-03
-2.400985360145568848e-02 1.451330631971359253e-02 -5.488540977239608765e-03
-2.490257099270820618e-02 1.213634759187698364e-02 -5.726289004087448120e-03
-2.847550064325332642e-02 1.323071122169494629e-02 -5.465451627969741821e-03
-3.029556944966316223e-02 1.587852090597152710e-02 -4.060886800289154053e-03
-3.400842472910881042e-02 1.957489922642707825e-02 -2.296492457389831543e-03
-3.604671359062194824e-02 2.030481770634651184e-02 -1.457363367080688477e-03
-3.439743444323539734e-02 2.122747153043746948e-02 -2.255473285913467407e-03
-3.137679770588874817e-02 2.634093537926673889e-02 -6.026033312082290649e-03
-2.716172859072685242e-02 2.329111099243164062e-02 -5.491007119417190552e-03
-2.226474136114120483e-02 1.814638078212738037e-02 -1.466255635023117065e-03
-2.163968607783317566e-02 1.411339268088340759e-02 2.183880656957626343e-03
-2.588786929845809937e-02 1.396690681576728821e-02 5.277633666992187500e-03
-2.315584942698478699e-02 1.966814324259757996e-02 1.660518348217010498e-03
-1.924747601151466370e-02 2.435130625963211060e-02 -8.212018758058547974e-03
-1.276540756225585938e-02 1.844262704253196716e-02 -1.989464648067951202e-02
-1.063279807567596436e-02 1.365162059664726257e-02 -2.520413137972354889e-02
-1.837864145636558533e-02 2.104879543185234070e-02 -2.640861272811889648e-02
3.502674400806427002e-03 -3.015525639057159424e-03 -1.738762296736240387e-02
-1.445680856704711914e-03 -2.839464694261550903e-02 1.255450397729873657e-02
3.371968865394592285e-03 -1.428048312664031982e-02 4.348855465650558472e-03
-1.042236015200614929e-02 -5.336016416549682617e-03 -1.231603324413299561e-03
-1.233828440308570862e-02 1.683504506945610046e-02 -6.447259336709976196e-03
-1.459921896457672119e-02 2.225030586123466492e-02 -1.400685124099254608e-02
-2.690811827778816223e-02 3.133312240242958069e-02 -1.408857107162475586e-02
-3.638073056936264038e-02 3.650837019085884094e-02 -8.900236338376998901e-03
-3.777249157428741455e-02 3.227413818240165710e-02 -4.703149199485778809e-03
-3.448712080717086792e-02 2.747236564755439758e-02 -3.758788108825683594e-03
-3.096982464194297791e-02 2.028622105717658997e-02 -7.631629705429077148e-05
-2.792482823133468628e-02 1.547507569193840027e-02 2.091977745294570923e-03
-2.370264753699302673e-02 1.484008505940437317e-02 1.441955566406250000e-03
-1.904793083667755127e-02 1.738381758332252502e-02 -1.941975206136703491e-03
-1.403688266873359680e-02 1.936887577176094055e-02 -6.261985749006271362e-03
-1.318933069705963135e-02 1.729630678892135620e-02 -1.142896711826324463e-02
-1.725040376186370850e-02 2.099933475255966187e-02 -2.020475268363952637e-02
-1.315918564796447754e-02 3.051652014255523682e-02 -3.090184926986694336e-02
1.472616195678710938e-02 5.537942051887512207e-03 -2.571709081530570984e-02
4.498384892940521240e-03 -3.383546322584152222e-02 5.574464797973632812e-03
3.215343505144119263e-02 -2.392125874757766724e-02 -1.635983586311340332e-03
2.385741472244262695e-02 -1.525686681270599365e-02 -6.035860627889633179e-03
2.705074846744537354e-03 -1.417427510023117065e-02 2.694912254810333252e-03
-2.200007438659667969e-03 -1.229029148817062378e-02 2.427432686090469360e-03
-3.195747733116149902e-03 6.896220147609710693e-03 -1.829807460308074951e-02
-7.856138050556182861e-03 1.810043305158615112e-02 -2.042765170335769653e-02
-1.339350640773773193e-02 1.647733151912689209e-02 -1.281308382749557495e-02
-1.538272947072982788e-02 4.469193518161773682e-03 -2.097994089126586914e-03
-1.858298480510711670e-02 -2.285473048686981201e-03 5.019009113311767578e-03
-1.968521624803543091e-02 -4.150755703449249268e-03 8.392930030822753906e-03
-2.051097899675369263e-02 -1.783259212970733643e-03 7.126793265342712402e-03
-1.760679483413696289e-02 -9.514018893241882324e-04 4.204511642456054688e-03
-1.072848588228225708e-02 -2.147831022739410400e-03 -1.018777489662170410e-03
-7.647216320037841797e-03 -9.913519024848937988e-04 -6.331771612167358398e-03
-1.177749037742614746e-02 1.840569078922271729e-03 -6.231695413589477539e-03
-1.171541959047317505e-02 4.752747714519500732e-03 -1.056888699531555176e-02
-1.190805435180664062e-02 3.316394984722137451e-03 -1.020231842994689941e-02
-1.542090624570846558e-02 6.237171590328216553e-03 -8.710324764251708984e-03
-1.836788654327392578e-02 8.003078401088714600e-03 -6.793580949306488037e-03
-1.940183714032173157e-02 5.910873413085937500e-03 -5.667019635438919067e-03
-1.805615425109863281e-02 3.816261887550354004e-03 -4.673406481742858887e-03
-1.520042493939399719e-02 5.446970462799072266e-04 -4.330690950155258179e-03
-1.692290231585502625e-02 2.229601144790649414e-03 -5.188487470149993896e-03
-1.747556775808334351e-02 4.735708236694335938e-03 -3.723822534084320068e-03
-1.747800409793853760e-02 8.242443203926086426e-03 -3.183513879776000977e-03
-2.008955553174018860e-02 1.350114867091178894e-02 -2.779465168714523315e-03
-1.246142759919166565e-02 3.133248910307884216e-02 -1.656395569443702698e-02
2.195309102535247803e-02 -2.202689647674560547e-02 5.367454141378402710e-03
1.321073621511459351e-02 -4.185370355844497681e-02 1.194795221090316772e-02
4.019153118133544922e-02 -2.865930646657943726e-02 -1.094442978501319885e-02
2.512400597333908081e-02 -2.226052433252334595e-02 -1.171199232339859009e-02
2.405404299497604370e-02 -1.699579507112503052e-02 -1.612820662558078766e-02
2.191472798585891724e-02 -1.550351828336715698e-02 -1.676019653677940369e-02
1.981007307767868042e-02 -1.258234679698944092e-02 -1.739999838173389435e-02
2.103783190250396729e-02 -1.311040669679641724e-02 -1.283102110028266907e-02
2.923765033483505249e-02 -1.358739286661148071e-02 -2.633293718099594116e-02
7.214352488517761230e-03 -6.601639091968536377e-03 -8.384793996810913086e-03
-8.279524743556976318e-03 2.529458329081535339e-02 -1.936601847410202026e-02
-8.406318724155426025e-03 2.261724323034286499e-02 -1.938248984515666962e-02
-4.816308617591857910e-03 2.674943953752517700e-02 -2.083607763051986694e-02
-2.009421586990356445e-04 2.734722569584846497e-02 -2.312511019408702850e-02
3.256373107433319092e-03 1.805714145302772522e-02 -1.742697693407535553e-02
9.511187672615051270e-03 -1.528799533843994141e-02 1.714541390538215637e-02
1.603630185127258301e-02 -1.586711406707763672e-02 -4.427466541528701782e-03
2.068582177162170410e-02 -2.267402410507202148e-02 -7.637869566679000854e-03
2.442277222871780396e-02 -3.158992528915405273e-02 -9.590677917003631592e-03
2.140551060438156128e-02 -3.002826869487762451e-02 -1.047008484601974487e-02
1.490337401628494263e-02 -2.621889114379882812e-02 -6.883189082145690918e-03
1.135951280593872070e-02 -2.293253690004348755e-02 -5.299054086208343506e-03
8.147984743118286133e-03 -1.904986053705215454e-02 -3.260966390371322632e-03
1.167827099561691284e-02 -1.791086047887802124e-02 -1.993305981159210205e-03
2.506689727306365967e-02 -1.544833183288574219e-02 5.065582692623138428e-03
1.639369875192642212e-02 -2.209924906492233276e-02 9.971406310796737671e-03
4.470348358154296875e-04 -1.301792263984680176e-02 1.551243290305137634e-02
-4.158206284046173096e-03 -1.084853708744049072e-02 1.455208659172058105e-02
-3.331705927848815918e-03 -4.491493105888366699e-03 1.371469348669052124e-03
-4.562363028526306152e-04 6.648927927017211914e-03 -1.075380295515060425e-02
-3.665380179882049561e-03 6.569176912307739258e-05 -7.434174418449401855e-03
2.742595970630645752e-03 -1.498587429523468018e-02 1.670499891042709351e-02
8.797019720077514648e-03 -2.406280487775802612e-02 2.111707627773284912e-02
2.297202497720718384e-02 -8.999221026897430420e-03 5.215279757976531982e-03
1.921755075454711914e-02 -6.562374532222747803e-03 -2.810169011354446411e-03
1.828317344188690186e-02 -1.099001616239547729e-02 -2.177704125642776489e-03
1.960644125938415527e-02 -1.572791486978530884e-02 -2.942606806755065918e-04
2.007158100605010986e-02 -1.836075633764266968e-02 2.264264971017837524e-03
1.855051517486572266e-02 -2.066013962030410767e-02 4.338428378105163574e-03
1.646727323532104492e-02 -2.070610970258712769e-02 4.105947911739349365e-03
1.309307664632797241e-02 -1.601166278123855591e-02 2.121325582265853882e-03
1.370562613010406494e-02 -1.306674629449844360e-02 -1.158557832241058350e-03
1.321887224912643433e-02 -1.006831973791122437e-02 -3.833096474409103394e-03
7.794752717018127441e-03 -4.775784909725189209e-03 -6.458889693021774292e-03
7.448136806488037109e-03 -2.183847129344940186e-03 -5.101308226585388184e-03
8.787453174591064453e-03 -9.003505110740661621e-04 -3.790177404880523682e-03
5.903661251068115234e-03 -4.831269383430480957e-03 1.012086123228073120e-02
-1.008685678243637085e-02 -2.215604484081268311e-02 3.484091162681579590e-02
-1.179075241088867188e-02 4.673063755035400391e-03 -7.737800478935241699e-05
-1.082187891006469727e-02 8.879370987415313721e-03 -1.950025558471679688e-03
-9.024560451507568359e-03 3.613345324993133545e-03 4.336461424827575684e-04
-9.620346128940582275e-03 4.582636058330535889e-03 8.758530020713806152e-04
-1.333037018775939941e-02 7.034137845039367676e-03 1.074995845556259155e-03
-1.485456526279449463e-02 -9.287372231483459473e-04 8.437443524599075317e-03
-1.587626338005065918e-02 -7.466323673725128174e-03 5.977913737297058105e-03
-5.579367280006408691e-03 -8.565835654735565186e-03 2.525873482227325439e-03
-2.752780914306640625e-03 -6.721369922161102295e-03 4.331409931182861328e-03
-1.118607819080352783e-03 -1.162452995777130127e-02 7.544677704572677612e-03
-1.384694129228591919e-02 4.041403532028198242e-03 6.115790456533432007e-03
-1.664570346474647522e-02 2.506626397371292114e-02 -2.985604107379913330e-03
-1.770045980811119080e-02 2.659040689468383789e-02 -6.805248558521270752e-03
-1.066180318593978882e-02 2.322051301598548889e-02 -9.380973875522613525e-03
-3.932967782020568848e-03 1.356590539216995239e-02 4.772573709487915039e-03
4.315294325351715088e-03 4.784412682056427002e-03 1.772511750459671021e-03
1.209946721792221069e-02 5.982346832752227783e-03 -2.868272364139556885e-03
1.065672188997268677e-02 8.444890379905700684e-03 -5.152080208063125610e-03
1.923307776451110840e-03 1.240034401416778564e-02 -7.602278143167495728e-03
1.337021589279174805e-02 -1.902580261230468750e-03 -2.089374884963035583e-02
2.672207355499267578e-02 -1.224933564662933350e-02 -1.731331460177898407e-02
3.120362013578414917e-02 -2.424536645412445068e-02 -1.052523404359817505e-02
2.533783763647079468e-02 -2.049495279788970947e-02 -1.055762544274330139e-02
2.152473479509353638e-02 -1.714039593935012817e-02 -8.089892566204071045e-03
1.451938599348068237e-02 -9.620599448680877686e-03 -3.994885832071304321e-03
3.998622298240661621e-03 -1.086480915546417236e-03 -1.417234539985656738e-03
6.929636001586914062e-04 2.972714602947235107e-03 -1.599602401256561279e-04
4.961505532264709473e-03 5.434826016426086426e-04 -7.697120308876037598e-04
1.180420070886611938e-02 -5.375467240810394287e-03 -4.409868270158767700e-03
1.846095174551010132e-02 -1.036758720874786377e-02 -9.567506611347198486e-03
2.064764499664306641e-02 -9.952194988727569580e-03 -1.380122080445289612e-02
1.905854791402816772e-02 -9.504154324531555176e-03 -8.060730993747711182e-03
1.628944277763366699e-02 -3.919243812561035156e-03 -6.213832646608352661e-03
9.333387017250061035e-03 5.276799201965332031e-04 -6.425287574529647827e-03
4.830554127693176270e-03 5.029574036598205566e-03 -7.867652922868728638e-03
1.814290881156921387e-03 8.420489728450775146e-03 -1.320849731564521790e-02
-2.241209149360656738e-04 9.302660822868347168e-03 -1.658339612185955048e-02
4.366137087345123291e-03 5.192860960960388184e-03 -1.361618377268314362e-02
2.882696688175201416e-03 4.298180341720581055e-03 -1.125968620181083679e-02
-2.334907650947570801e-03 5.983129143714904785e-03 -8.798476308584213257e-03
-2.624221146106719971e-03 3.124482929706573486e-03 -6.583847105503082275e-03
-7.177144289016723633e-05 -4.345253109931945801e-04 -4.915613681077957153e-03
3.479346632957458496e-04 -1.377291977405548096e-03 -4.856597632169723511e-03
-3.256425261497497559e-04 -7.533282041549682617e-04 -5.307443439960479736e-03
-1.739405095577239990e-03 1.291908323764801025e-03 -6.263468414545059204e-03
-2.309821546077728271e-03 2.013288438320159912e-03 -6.232589483261108398e-03
-3.262393176555633545e-03 3.775261342525482178e-03 -6.312869489192962646e-03
-3.465019166469573975e-03 3.510996699333190918e-03 -5.207382142543792725e-03
-4.090279340744018555e-03 3.187917172908782959e-03 -4.340812563896179199e-03
-4.452154040336608887e-03 2.323113381862640381e-03 -3.900431096553802490e-03
-3.246679902076721191e-03 -9.038075804710388184e-04 -2.798721194267272949e-03
-2.153314650058746338e-03 -3.227226436138153076e-03 -8.973404765129089355e-04
-9.837374091148376465e-04 -3.001622855663299561e-03 -6.638467311859130859e-05
-1.327410340309143066e-03 -6.316378712654113770e-04 -1.310124993324279785e-03
-4.732355475425720215e-03 4.791177809238433838e-03 -4.243344068527221680e-03
-5.971178412437438965e-03 6.608687341213226318e-03 -6.010446697473526001e-03
-5.837827920913696289e-03 6.412439048290252686e-03 -6.617389619350433350e-03
-5.157962441444396973e-03 7.415078580379486084e-03 -6.928227841854095459e-03
-3.792732954025268555e-03 6.632857024669647217e-03 -5.942177027463912964e-03
-2.044081687927246094e-03 5.543224513530731201e-03 -5.290858447551727295e-03
2.059452235698699951e-03 7.651813328266143799e-03 -4.870928823947906494e-03
6.833598017692565918e-03 9.278528392314910889e-03 -1.067563891410827637e-03
8.831292390823364258e-03 1.396667212247848511e-02 1.548580825328826904e-03
-9.473823010921478271e-03 9.275369346141815186e-03 1.078763976693153381e-02
-1.318990439176559448e-02 5.678720772266387939e-03 1.987169682979583740e-02
-5.059316754341125488e-03 3.323085606098175049e-03 1.812348514795303345e-02
-1.810714602470397949e-03 -1.241937279701232910e-04 1.674180105328559875e-02
-7.405802607536315918e-04 -3.378413617610931396e-03 1.499235630035400391e-02
2.298846840858459473e-03 -5.608282983303070068e-03 1.300115138292312622e-02
1.490309834480285645e-03 -4.154346883296966553e-03 1.082161813974380493e-02
4.306837916374206543e-03 -1.983888447284698486e-03 1.140917837619781494e-02
4.150748252868652344e-03 1.318156719207763672e-04 9.584683924913406372e-03
1.467548310756683350e-03 2.419263124465942383e-03 6.584931164979934692e-03
-3.612339496612548828e-04 6.113201379776000977e-03 5.264505743980407715e-04
-5.176678299903869629e-03 9.974889457225799561e-03 -3.475934267044067383e-03
-6.720371544361114502e-03 1.283608376979827881e-02 -5.583111196756362915e-03
-1.540169119834899902e-03 8.764147758483886719e-03 -5.559585988521575928e-03
5.757361650466918945e-04 8.160538971424102783e-03 -6.049722433090209961e-03
8.282586932182312012e-04 1.036980748176574707e-02 -1.016573980450630188e-02
-6.112162023782730103e-03 1.913714408874511719e-02 -1.467481628060340881e-02
-1.199506968259811401e-02 1.885340362787246704e-02 -1.148087158799171448e-02
-1.755945384502410889e-02 2.628520503640174866e-02 -1.147327944636344910e-02
-1.893413066864013672e-02 3.120468184351921082e-02 -1.295666769146919250e-02
-2.074710279703140259e-02 2.920269593596458435e-02 -1.294062659144401550e-02
-2.330157533288002014e-02 2.656077966094017029e-02 -8.592590689659118652e-03
-2.234782278537750244e-02 2.178138494491577148e-02 -6.339594721794128418e-03
-1.538133993744850159e-02 1.768228784203529358e-02 -1.132609322667121887e-02
-6.764739751815795898e-03 1.085942983627319336e-02 -1.036672294139862061e-02
-7.399957627058029175e-03 -1.554317772388458252e-03 -1.573957502841949463e-03
-3.507018089294433594e-03 -1.319807767868041992e-02 6.660465151071548462e-03
3.767646849155426025e-03 -2.950487285852432251e-02 1.865541189908981323e-02
4.304617643356323242e-03 -3.207915276288986206e-02 2.802260220050811768e-02
-5.846768617630004883e-04 -2.652072161436080933e-02 2.552204579114913940e-02
-8.727602660655975342e-03 -2.301418781280517578e-02 1.484701037406921387e-02
-1.560691744089126587e-02 -1.278369873762130737e-02 1.278188079595565796e-02
-1.373472437262535095e-02 -3.855034708976745605e-03 1.505751907825469971e-02
-6.796434521675109863e-03 -3.996759653091430664e-03 1.492470502853393555e-02
-1.764625310897827148e-03 -3.950893878936767578e-03 1.393396779894828796e-02
1.118838787078857422e-03 -3.656610846519470215e-03 9.316772222518920898e-03
-1.090976223349571228e-02 -1.482032239437103271e-02 1.033746451139450073e-02
-1.229364797472953796e-02 -1.447946578264236450e-02 8.384574204683303833e-03
-2.347655594348907471e-03 -1.256310939788818359e-02 4.233274608850479126e-03
1.010529696941375732e-02 -1.345439255237579346e-02 1.847736537456512451e-03
1.132801920175552368e-02 -1.600857824087142944e-02 -4.762828350067138672e-03
1.059991866350173950e-02 -1.410594582557678223e-02 -1.234748214483261108e-02
7.763504981994628906e-03 -1.323433220386505127e-02 -1.275264471769332886e-02
5.307450890541076660e-03 -1.273051649332046509e-02 -8.970949798822402954e-03
3.006361424922943115e-03 -1.330570876598358154e-02 -5.761511623859405518e-03
4.266999661922454834e-03 -1.572437584400177002e-02 -3.706406801939010620e-03
5.867682397365570068e-03 -1.616666465997695923e-02 -1.384008675813674927e-03
6.175480782985687256e-03 -1.397753506898880005e-02 -9.692832827568054199e-05
7.972903549671173096e-03 -1.342018693685531616e-02 -1.596435904502868652e-04
7.631428539752960205e-03 -1.389330625534057617e-02 -1.600872725248336792e-03
7.360853254795074463e-03 -1.416241377592086792e-02 -3.218304365873336792e-03
6.931185722351074219e-03 -1.330053061246871948e-02 -4.702344536781311035e-03
3.966741263866424561e-03 -1.176728308200836182e-02 -6.245657801628112793e-03
1.738905906677246094e-03 -1.166972517967224121e-02 -7.964111864566802979e-03
4.184037446975708008e-03 -1.498148590326309204e-02 -8.190751075744628906e-03
7.382147014141082764e-03 -1.418847590684890747e-02 -8.648402988910675049e-03
1.202505826950073242e-02 -9.126849472522735596e-03 -1.144750416278839111e-02
1.380857825279235840e-02 -3.985457122325897217e-03 -1.605601608753204346e-02
1.191581785678863525e-02 1.143097877502441406e-03 -1.880110800266265869e-02
7.084086537361145020e-03 2.803497016429901123e-03 -1.722060143947601318e-02
2.245888113975524902e-03 2.423398196697235107e-03 -1.336328685283660889e-02
-1.634627580642700195e-03 6.323598325252532959e-03 -1.181562989950180054e-02
-9.269338101148605347e-03 1.074589788913726807e-02 -1.097419857978820801e-02
-1.416957005858421326e-02 1.226536184549331665e-02 -1.067249476909637451e-02
-1.836616545915603638e-02 1.395517587661743164e-02 -1.012595370411872864e-02
-1.923843100666999817e-02 1.501519978046417236e-02 -1.021767407655715942e-02
-1.211979240179061890e-02 1.007995009422302246e-02 -6.571404635906219482e-03
-3.521613776683807373e-03 2.280227839946746826e-03 -3.833215683698654175e-03
2.331189811229705811e-03 -4.082068800926208496e-03 -4.295527935028076172e-03
6.065264344215393066e-03 -9.814724326133728027e-03 -4.046410322189331055e-03
8.793987333774566650e-03 -1.336636394262313843e-02 -2.047624439001083374e-03
1.126975566148757935e-02 -1.408733427524566650e-02 -2.412259578704833984e-03
1.025467365980148315e-02 -1.395011693239212036e-02 -7.633008062839508057e-04
5.568929016590118408e-03 -2.024001628160476685e-02 3.756396472454071045e-03
2.681270241737365723e-03 -2.041982859373092651e-02 -1.395035535097122192e-03
3.556616604328155518e-03 -2.041841298341751099e-02 -4.359394311904907227e-03
5.285993218421936035e-03 -1.807393878698348999e-02 -7.372431457042694092e-03
8.235871791839599609e-03 -1.781123876571655273e-02 -7.969975471496582031e-03
9.372919797897338867e-03 -1.630040258169174194e-02 -7.256451994180679321e-03
8.823379874229431152e-03 -1.435626298189163208e-02 -9.124971926212310791e-03
7.958881556987762451e-03 -1.396106183528900146e-02 -1.129098609089851379e-02
