-2.961586229503154755e-02 -2.564685232937335968e-02 9.861980676651000977e-01
-2.695072628557682037e-02 -2.776231989264488220e-02 9.382951259613037109e-01
-2.813718840479850769e-02 -2.796451561152935028e-02 9.504464864730834961e-01
-1.931390352547168732e-02 -3.071860782802104950e-02 9.832051992416381836e-01
-1.456288341432809830e-02 -3.811611235141754150e-02 9.749664068222045898e-01
-1.003368757665157318e-02 -3.944059088826179504e-02 1.060706019401550293e+00
-1.270939037203788757e-02 -3.087281435728073120e-02 1.096343040466308594e+00
-1.467220112681388855e-02 -1.381281763315200806e-02 1.058434009552001953e+00
-2.018276602029800415e-02 -1.646635308861732483e-02 1.017882823944091797e+00
-2.266319841146469116e-02 -1.524970494210720062e-02 9.442119002342224121e-01
7.694216445088386536e-03 -1.131301559507846832e-02 9.031736850738525391e-01
5.588418245315551758e-02 -1.206738874316215515e-02 8.292598128318786621e-01
5.764361098408699036e-02 -1.859375275671482086e-02 7.719364166259765625e-01
4.165224730968475342e-02 -1.502420287579298019e-02 7.658801078796386719e-01
-6.524239201098680496e-03 -1.796426996588706970e-02 7.143585681915283203e-01
-2.343118935823440552e-02 -1.307466998696327209e-02 6.562073230743408203e-01
-1.841240376234054565e-02 -6.548317149281501770e-03 6.239206194877624512e-01
-9.215710684657096863e-03 6.529293023049831390e-04 5.466289520263671875e-01
-1.227310393005609512e-03 3.725899150595068932e-03 5.629388093948364258e-01
5.443416535854339600e-03 1.991399796679615974e-03 5.540793538093566895e-01
5.367679987102746964e-03 3.213187679648399353e-03 5.267593860626220703e-01
8.704540319740772247e-03 4.828542470932006836e-03 5.394501090049743652e-01
2.894105389714241028e-03 -1.171508524566888809e-02 6.721253991127014160e-01
-1.342895207926630974e-03 -2.385328896343708038e-02 7.326018810272216797e-01
-1.162699423730373383e-02 -1.847051270306110382e-02 7.459203600883483887e-01
-1.438580080866813660e-02 -1.245574466884136200e-02 7.525076270103454590e-01
-7.128459867089986801e-03 -6.489143706858158112e-03 7.253519892692565918e-01
-1.836571376770734787e-03 -4.399532452225685120e-03 7.013326287269592285e-01
2.442575991153717041e-03 -2.683615777641534805e-03 6.898351907730102539e-01
4.805107600986957550e-03 -2.910639159381389618e-04 6.938250064849853516e-01
5.280185490846633911e-03 -1.438440987840294838e-03 7.125591635704040527e-01
4.066545516252517700e-03 -3.424324560910463333e-03 7.309785485267639160e-01
6.993929855525493622e-03 -3.418946871533989906e-03 7.388248443603515625e-01
4.770038649439811707e-03 2.503759227693080902e-03 7.499403357505798340e-01
4.753209650516510010e-03 1.305304467678070068e-03 7.550329566001892090e-01
1.932336017489433289e-03 2.594033256173133850e-03 7.511656880378723145e-01
-3.501605242490768433e-04 4.994635935872793198e-03 7.390460968017578125e-01
-1.385951414704322815e-03 6.010088603943586349e-03 7.240576148033142090e-01
1.728533767163753510e-03 7.114127278327941895e-03 7.254037857055664062e-01
1.002515666186809540e-02 5.018135532736778259e-03 7.352980375289916992e-01
1.277083531022071838e-02 3.559089731425046921e-03 7.416983246803283691e-01
7.666161283850669861e-03 -9.002164006233215332e-06 7.312058806419372559e-01
-6.150791421532630920e-03 -1.571736857295036316e-02 7.367165684700012207e-01
-1.926618441939353943e-02 -2.679277211427688599e-02 7.969632148742675781e-01
-2.157090045511722565e-02 -2.444911003112792969e-02 8.497583270072937012e-01
-8.585469797253608704e-03 -1.555397082120180130e-02 8.453779220581054688e-01
-5.404881201684474945e-03 -6.405835505574941635e-03 8.527252078056335449e-01
-7.653902750462293625e-03 -6.004433613270521164e-03 8.366979360580444336e-01
-4.746374674141407013e-03 -2.242418238893151283e-03 8.479948043823242188e-01
3.191479947417974472e-03 8.583343587815761566e-04 8.514361977577209473e-01
-5.255484022200107574e-03 -9.452788159251213074e-03 8.766963481903076172e-01
-5.089511629194021225e-03 -1.274100784212350845e-02 8.880395293235778809e-01
-2.136069117113947868e-03 -8.791103959083557129e-03 8.708170056343078613e-01
5.309843458235263824e-03 -1.384147256612777710e-02 8.777150511741638184e-01
1.392767392098903656e-02 -2.883790805935859680e-02 8.771985769271850586e-01
1.934583112597465515e-02 -2.064527943730354309e-02 8.471394777297973633e-01
5.491913296282291412e-03 -4.195807967334985733e-03 8.910897970199584961e-01
-1.634675636887550354e-02 -1.475007738918066025e-04 9.329925179481506348e-01
-1.620271056890487671e-02 9.995411150157451630e-03 8.892641067504882812e-01
-6.227674428373575211e-03 1.112658716738224030e-02 8.891463279724121094e-01
3.554283641278743744e-03 -4.715261980891227722e-03 9.762716889381408691e-01
7.707757875323295593e-03 -1.535546779632568359e-02 1.073328137397766113e+00
9.632425382733345032e-03 -1.569071039557456970e-02 1.104227662086486816e+00
8.348761126399040222e-03 -1.066430471837520599e-02 1.110327959060668945e+00
5.009404849261045456e-03 -4.624880384653806686e-03 1.108608722686767578e+00
-5.789234302937984467e-03 -6.424263585358858109e-03 1.088880896568298340e+00
-2.119775488972663879e-02 -1.052549481391906738e-02 1.089588522911071777e+00
-2.304755523800849915e-02 -2.305568568408489227e-02 1.114571452140808105e+00
-2.353428676724433899e-02 -3.153949975967407227e-02 1.099917292594909668e+00
-2.000137791037559509e-02 -3.125941008329391479e-02 1.056893706321716309e+00
-1.477696280926465988e-02 -2.838013321161270142e-02 1.029592990875244141e+00
-9.267872199416160583e-03 -2.308672294020652771e-02 1.006415247917175293e+00
-7.813605479896068573e-03 -2.493279054760932922e-02 9.616281390190124512e-01
-9.873552247881889343e-03 -1.608138345181941986e-02 9.792792201042175293e-01
-5.339438561350107193e-03 -8.447222411632537842e-03 1.020801663398742676e+00
-9.183495305478572845e-03 -6.016192492097616196e-03 1.058428883552551270e+00
-1.181120332330465317e-02 -1.290628919377923012e-03 1.115425944328308105e+00
-1.229458861052989960e-02 2.668737433850765228e-04 1.181993365287780762e+00
-1.812928728759288788e-02 2.281479537487030029e-03 1.204521179199218750e+00
-1.667024940252304077e-02 -4.472849890589714050e-03 1.205575227737426758e+00
-1.230670791119337082e-02 -1.339618954807519913e-02 1.216072440147399902e+00
1.042687334120273590e-03 -1.524990610778331757e-02 1.172418236732482910e+00
9.814248420298099518e-03 -1.761156506836414337e-02 1.122436881065368652e+00
6.561139598488807678e-04 -2.137925475835800171e-02 1.112144470214843750e+00
-1.677139662206172943e-03 -2.163906767964363098e-02 1.117936968803405762e+00
1.012978237122297287e-02 -3.176585957407951355e-02 1.082371711730957031e+00
4.312687553465366364e-03 -2.171274274587631226e-02 1.005646109580993652e+00
-4.664441512431949377e-04 -1.933715492486953735e-02 9.673218131065368652e-01
-1.711434498429298401e-02 -1.159035041928291321e-02 9.741592407226562500e-01
-1.055304519832134247e-02 -1.326572429388761520e-02 1.025689005851745605e+00
-9.649456478655338287e-03 -1.666470244526863098e-02 1.073097467422485352e+00
-2.617416437715291977e-03 -2.086263708770275116e-02 1.045001506805419922e+00
-2.547923708334565163e-03 -1.574743911623954773e-02 1.006129980087280273e+00
4.197282250970602036e-03 -1.999894343316555023e-02 9.485355615615844727e-01
4.764950368553400040e-03 -2.104706503450870514e-02 8.937200307846069336e-01
-4.625089932233095169e-03 -2.251615561544895172e-02 8.801677823066711426e-01
-7.814103737473487854e-03 -2.448825165629386902e-02 8.452854752540588379e-01
-8.276503533124923706e-03 -2.646577917039394379e-02 8.546543717384338379e-01
-5.907505750656127930e-03 -3.737120330333709717e-02 8.220131993293762207e-01
-3.426967421546578407e-03 -3.734303638339042664e-02 7.915205359458923340e-01
-4.862817004323005676e-04 -3.366136550903320312e-02 7.876472473144531250e-01
2.597983693704009056e-03 -2.918552234768867493e-02 7.722006440162658691e-01
-2.013555727899074554e-03 -3.236461058259010315e-02 7.404193282127380371e-01
-2.525433897972106934e-03 -2.905014157295227051e-02 6.818315386772155762e-01
-6.877344101667404175e-03 -1.094687823206186295e-02 6.920092701911926270e-01
-2.858135383576154709e-03 -9.072516113519668579e-03 6.973378658294677734e-01
1.520162215456366539e-03 -4.957447759807109833e-03 6.883700489997863770e-01
-9.620508179068565369e-03 -9.355045855045318604e-03 7.001430392265319824e-01
-7.565790787339210510e-03 -8.737979456782341003e-03 7.822501063346862793e-01
-1.220371108502149582e-02 -7.224446162581443787e-04 8.027715682983398438e-01
-1.141092181205749512e-02 -1.208952907472848892e-02 8.108826875686645508e-01
4.719831049442291260e-04 -1.954152248799800873e-03 7.578534483909606934e-01
-3.952196799218654633e-03 5.375253036618232727e-03 7.264917492866516113e-01
-9.784506633877754211e-03 2.330281771719455719e-03 8.070349693298339844e-01
-7.225080393254756927e-03 6.062511354684829712e-03 8.750476837158203125e-01
-1.266348734498023987e-02 3.236000426113605499e-03 8.738356828689575195e-01
3.368668258190155029e-04 -8.151102811098098755e-03 8.689514994621276855e-01
7.549318484961986542e-03 -7.805874571204185486e-03 8.775042295455932617e-01
2.118208911269903183e-03 -1.318790204823017120e-02 8.972331881523132324e-01
1.501975301653146744e-02 -1.981956884264945984e-02 8.970299363136291504e-01
6.141928955912590027e-03 -1.912193931639194489e-02 8.726825714111328125e-01
-3.812841372564435005e-03 -2.043937519192695618e-02 7.887946963310241699e-01
1.425761170685291290e-02 -3.126227110624313354e-02 7.967563271522521973e-01
3.206975292414426804e-03 -2.135919220745563507e-02 7.099424004554748535e-01
-1.163549022749066353e-04 -3.545692563056945801e-02 6.393176913261413574e-01
1.358898915350437164e-02 -3.115812875330448151e-02 7.294271588325500488e-01
2.299541048705577850e-02 -1.864334568381309509e-02 7.596282958984375000e-01
9.541773237287998199e-03 -2.076495625078678131e-02 7.866438627243041992e-01
1.513813622295856476e-03 -1.368475705385208130e-02 7.847158908843994141e-01
-9.868275374174118042e-04 -1.003758516162633896e-02 8.172411918640136719e-01
-1.077852025628089905e-02 -9.069812484085559845e-03 8.489950299263000488e-01
-1.600470766425132751e-02 -3.948035184293985367e-03 8.976215720176696777e-01
-3.121337108314037323e-02 -2.244225703179836273e-03 9.199202656745910645e-01
-3.462924063205718994e-02 -9.076833724975585938e-03 1.017202615737915039e+00
-3.143768385052680969e-02 -1.312926877290010452e-03 1.020524144172668457e+00
-2.373405545949935913e-02 -6.693117786198854446e-03 1.057814598083496094e+00
-2.505501732230186462e-02 -1.010562665760517120e-02 1.036818504333496094e+00
-1.017990335822105408e-02 -1.047241594642400742e-02 1.048785805702209473e+00
5.418554879724979401e-03 8.390324655920267105e-04 1.023943901062011719e+00
4.587573930621147156e-04 1.044153235852718353e-02 9.586062431335449219e-01
8.419737219810485840e-03 -6.966278422623872757e-03 9.292140603065490723e-01
1.953699067234992981e-02 -1.087776757776737213e-02 9.895203113555908203e-01
2.348389104008674622e-02 -1.360408496111631393e-02 9.953771233558654785e-01
2.112932130694389343e-02 -1.329614408314228058e-02 1.006102561950683594e+00
2.097988687455654144e-02 -1.800813153386116028e-02 1.081077098846435547e+00
2.605562657117843628e-02 -1.255371421575546265e-02 1.077676057815551758e+00
2.739134011790156364e-03 -7.915215101093053818e-04 1.096103549003601074e+00
6.449023261666297913e-03 -9.246271103620529175e-03 1.068500638008117676e+00
1.768803969025611877e-02 -8.958695456385612488e-03 1.079845428466796875e+00
2.133368141949176788e-02 -3.131321072578430176e-02 1.155435085296630859e+00
2.364064101129770279e-03 -2.869507670402526855e-02 1.160598516464233398e+00
5.518062040209770203e-03 -2.315928414463996887e-02 1.062301874160766602e+00
2.525851689279079437e-02 -8.687775582075119019e-03 9.510120749473571777e-01
6.238338537514209747e-03 -5.179347470402717590e-03 1.015769839286804199e+00
-1.144299469888210297e-02 1.658984692767262459e-03 1.021431207656860352e+00
-1.679238490760326385e-02 5.360532086342573166e-03 9.660089612007141113e-01
-1.344192773103713989e-02 6.114901043474674225e-03 9.026532769203186035e-01
9.216098114848136902e-03 5.248280242085456848e-03 9.600319862365722656e-01
1.408012025058269501e-02 -2.253605797886848450e-02 1.019153833389282227e+00
2.908170968294143677e-02 -2.912551909685134888e-02 1.046487092971801758e+00
3.691879799589514732e-03 -1.460310816764831543e-02 1.033914208412170410e+00
-1.445816364139318466e-02 -1.844731718301773071e-02 1.038739681243896484e+00
-1.568512991070747375e-02 -1.760206557810306549e-02 9.548875093460083008e-01
-6.108903791755437851e-03 -2.827854827046394348e-02 1.031059384346008301e+00
-2.259957790374755859e-02 -1.410809159278869629e-02 1.053976535797119141e+00
-2.275980636477470398e-02 -3.397056087851524353e-02 1.034824252128601074e+00
7.039065472781658173e-03 -3.125715255737304688e-02 1.011356949806213379e+00
9.641799144446849823e-03 -2.298594452440738678e-02 1.110826969146728516e+00
-5.680123344063758850e-03 -1.357916183769702911e-02 1.146681785583496094e+00
-9.555896744132041931e-03 -1.517009176313877106e-02 1.203221559524536133e+00
-2.005334943532943726e-02 -1.271195895969867706e-02 1.157191514968872070e+00
-2.135437354445457458e-02 -2.311624772846698761e-02 1.149920225143432617e+00
-8.901624940335750580e-03 -2.562643587589263916e-02 1.097867608070373535e+00
4.759528208523988724e-03 -2.736448496580123901e-02 1.021940708160400391e+00
1.324737444519996643e-03 -2.197879552841186523e-02 9.961305856704711914e-01
6.009489297866821289e-04 -1.618175953626632690e-02 1.018231034278869629e+00
2.795345149934291840e-03 -1.069013029336929321e-02 1.065566658973693848e+00
1.061889622360467911e-02 -1.834586821496486664e-02 1.049063563346862793e+00
3.467011451721191406e-02 -3.091140277683734894e-02 1.043655276298522949e+00
3.945580869913101196e-02 -3.176388144493103027e-02 1.046998262405395508e+00
3.422147035598754883e-02 -2.701919712126255035e-02 9.660888314247131348e-01
3.653272241353988647e-02 -2.323533408343791962e-02 9.261482357978820801e-01
2.048553153872489929e-02 -1.733637228608131409e-02 8.526118397712707520e-01
1.276232115924358368e-02 -1.881702989339828491e-02 8.196110725402832031e-01
1.853097788989543915e-02 -3.238309174776077271e-02 8.133540749549865723e-01
1.240974105894565582e-02 -2.523008733987808228e-02 7.827508449554443359e-01
1.403968408703804016e-02 -1.020301971584558487e-02 8.123204708099365234e-01
1.991834677755832672e-02 -9.468995034694671631e-03 8.155907988548278809e-01
2.689393423497676849e-02 -1.466059125959873199e-02 7.892001867294311523e-01
2.954000234603881836e-02 -1.522232033312320709e-02 7.311217188835144043e-01
3.459119051694869995e-02 -2.911363355815410614e-02 6.710563898086547852e-01
2.857024595141410828e-02 -4.201047867536544800e-02 6.910977363586425781e-01
1.649578288197517395e-02 -3.807848319411277771e-02 7.961019277572631836e-01
1.030610129237174988e-02 -2.941836602985858917e-02 8.642955422401428223e-01
1.647102832794189453e-02 -2.380012534558773041e-02 8.859330415725708008e-01
2.498147077858448029e-02 -2.364413812756538391e-02 9.021139144897460938e-01
3.337504714727401733e-02 -1.228176802396774292e-02 9.524857401847839355e-01
4.072608798742294312e-02 -1.084463298320770264e-02 1.048853993415832520e+00
3.225461766123771667e-02 -1.669938862323760986e-02 1.071285724639892578e+00
3.014090657234191895e-02 -1.186361256986856461e-02 1.003089666366577148e+00
2.641948312520980835e-02 -4.908907227218151093e-03 9.433905482292175293e-01
2.419475466012954712e-02 -6.060403306037187576e-03 9.353309273719787598e-01
2.887008897960186005e-02 -2.420854289084672928e-03 9.817643165588378906e-01
3.304143622517585754e-02 -1.182892359793186188e-02 9.180984497070312500e-01
2.945988066494464874e-02 -1.786587387323379517e-02 8.468878865242004395e-01
4.121326282620429993e-02 -2.075029350817203522e-02 8.512962460517883301e-01
4.535055905580520630e-02 -2.434907108545303345e-02 8.538887500762939453e-01
4.358037933707237244e-02 -2.270495705306529999e-02 8.011623024940490723e-01
4.150724783539772034e-02 -3.067605569958686829e-02 8.246849179267883301e-01
3.474351763725280762e-02 -2.920143492519855499e-02 8.721936345100402832e-01
2.488782815635204315e-02 -2.062820270657539368e-02 8.185210227966308594e-01
8.817479014396667480e-03 -1.876274123787879944e-02 7.103970050811767578e-01
1.140234526246786118e-02 -1.352751161903142929e-02 6.526940464973449707e-01
1.997851207852363586e-02 -1.353266462683677673e-02 6.025803685188293457e-01
9.861561469733715057e-03 -2.103675715625286102e-02 5.510583519935607910e-01
3.372964914888143539e-03 -1.030600257217884064e-02 5.542841553688049316e-01
9.505265392363071442e-03 5.412591854110360146e-04 5.706360936164855957e-01
1.691536419093608856e-02 -6.190715939737856388e-04 6.126416325569152832e-01
1.485223136842250824e-02 -3.033315297216176987e-03 5.974364280700683594e-01
5.178279243409633636e-03 -4.772154148668050766e-03 5.718912482261657715e-01
7.045591715723276138e-03 7.729404605925083160e-04 5.013733506202697754e-01
1.530882157385349274e-02 2.685101702809333801e-03 4.771199524402618408e-01
1.898622885346412659e-02 -3.670935519039630890e-03 4.839941263198852539e-01
2.009838633239269257e-02 -6.219048053026199341e-03 4.393680393695831299e-01
5.832985974848270416e-03 -1.118040177971124649e-02 4.353190660476684570e-01
1.978680258616805077e-03 -8.877508342266082764e-03 4.775577485561370850e-01
-4.114206880331039429e-03 -1.058776862919330597e-02 5.875228643417358398e-01
-1.695228274911642075e-03 -1.222382113337516785e-02 7.226197123527526855e-01
1.207995880395174026e-02 -2.603156492114067078e-02 7.833009362220764160e-01
2.257414720952510834e-02 -4.712574928998947144e-02 8.142067790031433105e-01
1.870138011872768402e-02 -4.882367327809333801e-02 8.370872139930725098e-01
4.223766736686229706e-03 -2.989697642624378204e-02 8.012765049934387207e-01
4.830660764127969742e-04 -1.141173765063285828e-02 7.918566465377807617e-01
1.417197100818157196e-02 -1.790270954370498657e-02 8.474562168121337891e-01
3.219584375619888306e-02 -2.804837748408317566e-02 8.608885407447814941e-01
2.328935638070106506e-02 -2.602560818195343018e-02 8.293012976646423340e-01
1.951076276600360870e-02 -1.646992191672325134e-02 8.411853313446044922e-01
2.474459260702133179e-02 -1.173971779644489288e-02 8.515906333923339844e-01
2.704245038330554962e-02 -1.519248355180025101e-02 9.136719703674316406e-01
2.185354009270668030e-02 -1.874323189258575439e-02 9.411482214927673340e-01
1.249079778790473938e-02 -2.565805241465568542e-02 8.696351647377014160e-01
1.525999698787927628e-02 -2.490564994513988495e-02 8.045720458030700684e-01
2.581807971000671387e-02 -2.681951038539409637e-02 8.361135125160217285e-01
2.373282611370086670e-02 -3.730862215161323547e-02 8.851339221000671387e-01
2.452356740832328796e-02 -4.491922259330749512e-02 9.118273854255676270e-01
1.927558705210685730e-02 -3.037938289344310760e-02 9.266612529754638672e-01
1.927100308239459991e-02 -2.173653990030288696e-02 9.660276174545288086e-01
1.807211898267269135e-02 -2.385253272950649261e-02 9.750730395317077637e-01
1.490097306668758392e-02 -2.962757460772991180e-02 9.814031720161437988e-01
1.340810395777225494e-02 -3.265832364559173584e-02 1.003213644027709961e+00
8.857880719006061554e-03 -2.694725990295410156e-02 1.035786032676696777e+00
6.530311889946460724e-03 -2.232803590595722198e-02 1.061795949935913086e+00
3.431855468079447746e-03 -2.099961787462234497e-02 1.038753390312194824e+00
-1.011090353131294250e-04 -1.201163791120052338e-02 1.016811370849609375e+00
-7.177888415753841400e-03 -1.406639069318771362e-02 1.013593673706054688e+00
5.935500375926494598e-04 -1.651030220091342926e-02 1.027976870536804199e+00
4.349038936197757721e-03 -1.785743236541748047e-02 1.035213708877563477e+00
1.275017298758029938e-02 -2.461216039955615997e-02 1.029059529304504395e+00
2.964612655341625214e-02 -3.170367330312728882e-02 9.856190085411071777e-01
1.921204477548599243e-02 -2.653633803129196167e-02 9.683123826980590820e-01
1.106887497007846832e-02 -1.713301241397857666e-02 1.024866342544555664e+00
7.017884403467178345e-03 -1.273694727569818497e-02 1.113414764404296875e+00
1.207676716148853302e-02 -6.061090156435966492e-03 1.148314118385314941e+00
1.242434978485107422e-02 6.167264655232429504e-05 1.155035614967346191e+00
1.429681852459907532e-02 1.545091392472386360e-03 1.158747553825378418e+00
1.409710198640823364e-02 -5.869697779417037964e-04 1.143486142158508301e+00
1.234287116676568985e-02 -2.055997028946876526e-04 1.112403273582458496e+00
3.855378832668066025e-03 -3.767397254705429077e-03 1.095429420471191406e+00
-7.380407769232988358e-04 -3.132720477879047394e-03 1.079438328742980957e+00
-4.654656164348125458e-03 -3.787088207900524139e-04 1.037598729133605957e+00
-6.802314892411231995e-03 2.254198770970106125e-04 9.990760087966918945e-01
-5.744875874370336533e-03 -9.198857005685567856e-04 1.012838244438171387e+00
4.676457494497299194e-03 -8.442096877843141556e-04 1.001384496688842773e+00
2.863392466679215431e-03 -4.734555259346961975e-04 9.649314284324645996e-01
-3.321624360978603363e-03 -1.593725988641381264e-03 9.342358112335205078e-01
2.387615386396646500e-03 -2.018045634031295776e-04 1.007176399230957031e+00
-6.831622449681162834e-04 9.787261951714754105e-04 1.077961325645446777e+00
2.710971748456358910e-03 1.330493483692407608e-03 1.109508633613586426e+00
9.856250137090682983e-03 1.718429382890462875e-03 1.057852625846862793e+00
1.696423254907131195e-02 -1.371434237807989120e-02 1.007119178771972656e+00
8.129702880978584290e-03 -2.079545985907316208e-03 1.031327962875366211e+00
1.349815167486667633e-03 4.163461271673440933e-03 1.094201564788818359e+00
-2.928898669779300690e-03 -5.632739048451185226e-04 1.111161112785339355e+00
4.033748526126146317e-03 -6.353110074996948242e-04 1.130324721336364746e+00
9.567374363541603088e-03 -1.301751472055912018e-04 1.131911754608154297e+00
1.314552500844001770e-02 -7.095990702509880066e-03 1.137353420257568359e+00
8.933261036872863770e-03 -3.474330063909292221e-03 1.104673504829406738e+00
2.208291552960872650e-04 7.515516132116317749e-03 1.048875570297241211e+00
-2.365298802033066750e-03 8.877787739038467407e-03 1.013004899024963379e+00
-2.576919272541999817e-03 3.150728764012455940e-03 9.975345730781555176e-01
-2.108983462676405907e-03 -7.767647039145231247e-03 1.031551718711853027e+00
-1.314944354817271233e-03 -1.135098561644554138e-02 1.067162632942199707e+00
4.488906357437372208e-03 -1.278230175375938416e-02 1.074697613716125488e+00
7.509911898523569107e-03 -1.203962229192256927e-02 1.082344055175781250e+00
8.956523612141609192e-03 -9.004020132124423981e-03 1.083730816841125488e+00
1.643382757902145386e-02 -9.553185664117336273e-03 1.127888321876525879e+00
2.451586723327636719e-02 -1.486380305141210556e-02 1.159406781196594238e+00
2.632779441773891449e-02 -1.520036347210407257e-02 1.149072051048278809e+00
2.214252762496471405e-02 -1.253286097198724747e-02 1.126435637474060059e+00
1.864834874868392944e-02 -1.028875913470983505e-02 1.097254514694213867e+00
1.732183434069156647e-02 -1.047549955546855927e-02 1.067231893539428711e+00
1.861633546650409698e-02 -1.401860173791646957e-02 1.045977711677551270e+00
2.058695629239082336e-02 -1.108046341687440872e-02 1.023630499839782715e+00
1.621849089860916138e-02 -8.771156892180442810e-03 1.031911015510559082e+00
6.235270760953426361e-03 -7.687999866902828217e-03 1.018248915672302246e+00
1.142177730798721313e-03 -9.166128002107143402e-03 9.787493348121643066e-01
1.762916333973407745e-03 -9.138119406998157501e-03 9.648410081863403320e-01
-5.483659915626049042e-04 -9.897555224597454071e-03 9.771813154220581055e-01
-1.686416100710630417e-03 -1.208325009793043137e-02 9.593025445938110352e-01
3.095636609941720963e-03 -1.270540338009595871e-02 9.643872380256652832e-01
2.838580869138240814e-03 -1.516456529498100281e-02 1.010419964790344238e+00
-1.801665406674146652e-03 -2.164702862501144409e-02 1.039453148841857910e+00
-3.180289641022682190e-04 -2.204679884016513824e-02 1.038120031356811523e+00
4.755397327244281769e-03 -1.343513187021017075e-02 1.023046255111694336e+00
1.174536719918251038e-02 -6.176466587930917740e-03 9.936347007751464844e-01
1.688283681869506836e-02 -7.317346986383199692e-03 9.640750288963317871e-01
1.576260663568973541e-02 -1.604375615715980530e-02 9.951292872428894043e-01
1.669869571924209595e-02 -1.970376446843147278e-02 1.024914622306823730e+00
1.288762502372264862e-02 -2.303694747388362885e-02 9.980272054672241211e-01
6.267501972615718842e-03 -2.566234767436981201e-02 1.000938653945922852e+00
5.106693133711814880e-03 -2.733849361538887024e-02 1.024257302284240723e+00
-4.759554751217365265e-03 -1.963896490633487701e-02 1.033172130584716797e+00
-1.311535015702247620e-02 -9.273698553442955017e-03 1.095946311950683594e+00
3.441134933382272720e-03 -4.394487477838993073e-03 1.123023867607116699e+00
2.420926839113235474e-02 -9.931420907378196716e-03 1.065705418586730957e+00
1.944534480571746826e-02 -3.291539149358868599e-03 1.038798451423645020e+00
3.461320884525775909e-04 -1.576188392937183380e-02 1.055155038833618164e+00
3.084698226302862167e-03 -5.888549610972404480e-03 1.064384341239929199e+00
3.448764793574810028e-03 -6.531993858516216278e-04 1.083847641944885254e+00
1.269891206175088882e-02 1.452658325433731079e-03 1.086462974548339844e+00
1.493461895734071732e-02 -5.615667439997196198e-03 1.106561303138732910e+00
1.392330415546894073e-02 -8.426905609667301178e-03 1.099494576454162598e+00
1.592834293842315674e-02 -7.096788380295038223e-03 1.095546245574951172e+00
1.865286193788051605e-02 -9.353249333798885345e-03 1.064745187759399414e+00
2.325156331062316895e-02 -5.234662443399429321e-03 1.056868672370910645e+00
1.032309513539075851e-02 3.346646670252084732e-03 1.081653356552124023e+00
-4.299486521631479263e-03 8.249694481492042542e-03 1.075402855873107910e+00
-9.673982858657836914e-03 9.285527281463146210e-03 1.066324114799499512e+00
-1.394086051732301712e-02 1.352305337786674500e-02 1.039829254150390625e+00
-1.415777578949928284e-02 5.462532863020896912e-03 1.064146757125854492e+00
-2.056430093944072723e-03 -6.700522266328334808e-03 1.099450230598449707e+00
-1.258422620594501495e-03 -9.782335720956325531e-03 1.087793588638305664e+00
-5.229576490819454193e-03 -9.708037599921226501e-03 1.090584278106689453e+00
-1.488631404936313629e-02 -6.332381162792444229e-03 1.054928779602050781e+00
-1.528322510421276093e-02 -2.749704755842685699e-03 1.025716304779052734e+00
-2.595452824607491493e-03 -3.564266022294759750e-03 1.010392904281616211e+00
7.266804575920104980e-03 -8.787507191300392151e-03 9.819441437721252441e-01
7.330618798732757568e-03 -1.414352469146251678e-02 9.702942967414855957e-01
4.488030448555946350e-03 -1.414448115974664688e-02 9.661576151847839355e-01
-2.001412911340594292e-03 -1.411324553191661835e-02 9.229881167411804199e-01
-2.182263415306806564e-05 4.111130721867084503e-03 9.640361666679382324e-01
2.425517141819000244e-02 -8.844012394547462463e-03 9.522755146026611328e-01
3.448436781764030457e-02 -3.243981860578060150e-03 9.281408190727233887e-01
3.764084354043006897e-02 -7.936732843518257141e-03 9.739868044853210449e-01
2.623441442847251892e-02 -6.767489947378635406e-03 1.061607480049133301e+00
1.650070399045944214e-02 -1.820260845124721527e-02 1.118760824203491211e+00
8.113562129437923431e-03 -1.892274431884288788e-02 1.128512620925903320e+00
4.796543624252080917e-03 -1.639131456613540649e-02 1.055727124214172363e+00
4.034236073493957520e-03 -2.132950536906719208e-02 1.045041799545288086e+00
1.049233600497245789e-03 -1.574764400720596313e-02 1.050167441368103027e+00
-4.150870256125926971e-03 -1.547722239047288895e-02 1.108690023422241211e+00
-9.619209449738264084e-04 -1.904439181089401245e-02 1.150230526924133301e+00
-4.770471714437007904e-04 -1.500676292926073074e-02 1.145036101341247559e+00
-2.353235613554716110e-03 -1.129797473549842834e-02 1.175681710243225098e+00
-8.316691964864730835e-03 -1.517318841069936752e-02 1.176264762878417969e+00
-2.112166490405797958e-03 -1.282194349914789200e-02 1.072341799736022949e+00
-1.579186320304870605e-02 -1.137162186205387115e-02 9.946544766426086426e-01
-1.746647618710994720e-02 -9.914504364132881165e-03 9.835256934165954590e-01
-1.321862265467643738e-02 -2.020962419919669628e-04 9.295326471328735352e-01
1.502961618825793266e-03 1.070486940443515778e-02 9.783737659454345703e-01
4.581413231790065765e-03 -1.269781682640314102e-02 1.017667889595031738e+00
3.235713578760623932e-03 -1.626089215278625488e-02 1.065589427947998047e+00
-1.085134223103523254e-03 -2.044703438878059387e-02 1.048571109771728516e+00
-5.935868248343467712e-04 -1.749036088585853577e-02 1.074429512023925781e+00
8.866079151630401611e-04 -1.099820900708436966e-02 1.125769019126892090e+00
-1.201170496642589569e-03 -9.677879512310028076e-03 1.173059821128845215e+00
-8.692871779203414917e-04 -8.233676664531230927e-03 1.172285676002502441e+00
4.186842590570449829e-03 -2.061124192550778389e-03 1.119191288948059082e+00
2.096346579492092133e-03 -6.837589666247367859e-03 1.116513729095458984e+00
-2.353821881115436554e-03 -1.023666188120841980e-02 1.117633581161499023e+00
6.871255114674568176e-03 -1.320941280573606491e-02 1.147031307220458984e+00
1.941824331879615784e-02 -1.829510740935802460e-02 1.143338561058044434e+00
2.302544191479682922e-02 -1.717880740761756897e-02 1.139690756797790527e+00
1.452281977981328964e-02 -1.435469556599855423e-02 1.145629644393920898e+00
4.045159555971622467e-03 -6.903530564159154892e-03 1.152385473251342773e+00
2.873289398849010468e-03 -1.499155443161725998e-02 1.138644218444824219e+00
1.040557213127613068e-02 -2.069306373596191406e-02 1.125894665718078613e+00
1.193818543106317520e-02 -1.497106067836284637e-02 1.078906059265136719e+00
8.466362953186035156e-03 -9.697925299406051636e-03 1.008923411369323730e+00
5.943811498582363129e-03 -1.796764880418777466e-02 9.950145483016967773e-01
1.363726146519184113e-02 -5.787899252027273178e-03 1.037684679031372070e+00
2.346697635948657990e-02 -5.930447950959205627e-03 1.027497649192810059e+00
1.100280415266752243e-02 -3.649846417829394341e-03 1.033150672912597656e+00
-7.176134968176484108e-04 -1.005116384476423264e-03 1.035483002662658691e+00
-2.365034306421875954e-03 -5.695644766092300415e-03 1.070001840591430664e+00
3.190059680491685867e-03 -8.516292087733745575e-03 1.041641116142272949e+00
3.158842446282505989e-03 -3.226540749892592430e-03 1.010306835174560547e+00
5.087909521535038948e-04 -2.060165163129568100e-03 9.871728420257568359e-01
-8.333604782819747925e-03 -5.409201607108116150e-03 9.358648061752319336e-01
-1.991486921906471252e-02 -7.600681856274604797e-04 9.114692211151123047e-01
-2.122606150805950165e-02 5.931777413934469223e-03 8.867737650871276855e-01
-1.868454180657863617e-02 3.627757541835308075e-04 8.750126361846923828e-01
-2.125367522239685059e-02 -3.174732904881238937e-03 8.583940267562866211e-01
-1.066785492002964020e-02 -6.855152081698179245e-03 8.818156719207763672e-01
5.639378912746906281e-03 -1.291504502296447754e-02 9.346812963485717773e-01
7.120502181351184845e-03 -1.061762217432260513e-02 9.352520108222961426e-01
-7.244857260957360268e-04 -1.637653261423110962e-02 9.133750796318054199e-01
-6.994292140007019043e-03 -2.683439850807189941e-02 8.829975128173828125e-01
-1.888723671436309814e-02 -3.015667758882045746e-02 9.263234138488769531e-01
-1.080959197133779526e-02 -3.028583712875843048e-02 9.674536585807800293e-01
-6.100833415985107422e-03 -2.787159569561481476e-02 9.770659804344177246e-01
3.210164140909910202e-03 -3.156656026840209961e-02 1.024493575096130371e+00
5.400873720645904541e-03 -3.150160983204841614e-02 1.002993583679199219e+00
-2.212225459516048431e-03 -3.732528910040855408e-02 9.879396557807922363e-01
-3.738665487617254257e-03 -4.053822532296180725e-02 1.008657455444335938e+00
-1.050990726798772812e-02 -3.513832017779350281e-02 9.540990591049194336e-01
-1.529768388718366623e-02 -1.743651926517486572e-02 9.369733333587646484e-01
-1.190136838704347610e-02 -1.286070700734853745e-02 9.689897298812866211e-01
-1.495000161230564117e-02 -1.589095219969749451e-02 9.760528802871704102e-01
-2.450170740485191345e-02 -1.019518263638019562e-02 9.445523023605346680e-01
-2.587095275521278381e-02 -1.163532771170139313e-02 9.489815235137939453e-01
-2.096844837069511414e-02 -1.771503686904907227e-02 9.560535550117492676e-01
-1.455003023147583008e-02 -1.867883652448654175e-02 9.250127673149108887e-01
-4.103618673980236053e-03 -1.839339546859264374e-02 8.924870491027832031e-01
-4.536300897598266602e-03 -1.276508346199989319e-02 8.402764201164245605e-01
-1.067257672548294067e-02 -1.882319152355194092e-02 8.789253830909729004e-01
-1.787979900836944580e-02 -1.574288308620452881e-02 8.383135199546813965e-01
-7.009461056441068649e-03 -1.429905742406845093e-02 8.689401745796203613e-01
4.097840283066034317e-03 -8.649659343063831329e-03 9.253946542739868164e-01
1.582554541528224945e-02 -1.247829385101795197e-02 9.117280840873718262e-01
3.103304095566272736e-02 -1.162265706807374954e-02 9.536819458007812500e-01
3.711014613509178162e-02 -8.720248006284236908e-03 9.213096499443054199e-01
3.347969800233840942e-02 -1.453162916004657745e-02 9.482710957527160645e-01
2.140500396490097046e-02 -2.315138466656208038e-02 1.033947706222534180e+00
2.454761415719985962e-02 -1.593183167278766632e-02 1.077525854110717773e+00
2.666469290852546692e-02 -1.892965100705623627e-02 1.058086395263671875e+00
1.704281382262706757e-02 -1.556647196412086487e-02 1.009146332740783691e+00
1.196297258138656616e-02 -4.910327494144439697e-03 1.035745739936828613e+00
1.656075939536094666e-03 -4.453809524420648813e-04 1.094649434089660645e+00
8.482947945594787598e-03 -3.063268959522247314e-03 1.062716007232666016e+00
1.074551697820425034e-02 -7.051624357700347900e-03 1.029269456863403320e+00
2.865621075034141541e-02 -2.154315076768398285e-02 1.079404950141906738e+00
2.680028602480888367e-02 -2.095701545476913452e-02 1.054758548736572266e+00
3.999588266015052795e-02 -2.366517856717109680e-02 9.818683862686157227e-01
3.647141531109809875e-02 -3.825939819216728210e-02 9.866273403167724609e-01
2.559167332947254181e-02 -3.474656865000724792e-02 1.073501825332641602e+00
2.322654239833354950e-02 -3.546877577900886536e-02 1.088585138320922852e+00
1.820722594857215881e-02 -3.176821768283843994e-02 1.102205634117126465e+00
2.986671775579452515e-02 -2.523380890488624573e-02 1.080641031265258789e+00
3.533247113227844238e-02 -2.106706611812114716e-02 1.041226029396057129e+00
3.384904563426971436e-02 -3.280424326658248901e-02 1.090589165687561035e+00
2.937558852136135101e-02 -3.857298567891120911e-02 1.076197028160095215e+00
2.315722592175006866e-02 -2.792984060943126678e-02 1.092443227767944336e+00
-9.948811493813991547e-03 -1.708311215043067932e-02 1.026017427444458008e+00
-2.055232413113117218e-02 -1.206519640982151031e-02 9.286012053489685059e-01
-1.191849354654550552e-02 -9.862799197435379028e-05 8.308184146881103516e-01
-1.280623953789472580e-02 5.790736759081482887e-04 8.464999198913574219e-01
-5.838861223310232162e-03 -1.753121428191661835e-02 9.073977470397949219e-01
-1.927365176379680634e-02 -1.344384532421827316e-02 1.028480887413024902e+00
-9.649059735238552094e-03 -4.594047740101814270e-02 1.055963158607482910e+00
-3.752732276916503906e-02 -7.996452040970325470e-03 9.668844938278198242e-01
-1.944928243756294250e-02 1.556068193167448044e-02 8.077581524848937988e-01
-1.989643275737762451e-02 8.537819609045982361e-03 7.232830524444580078e-01
-7.988193072378635406e-03 -4.956936929374933243e-03 7.421764731407165527e-01
-7.052980363368988037e-04 9.310401510447263718e-04 8.367159366607666016e-01
8.077316917479038239e-03 -1.417022943496704102e-02 9.644111990928649902e-01
3.801436861976981163e-03 -1.147300563752651215e-02 9.803146719932556152e-01
4.177202470600605011e-03 -2.156108245253562927e-02 9.554195404052734375e-01
-2.934143412858247757e-03 -2.108400315046310425e-02 9.484824538230895996e-01
-6.374414078891277313e-03 -1.895196177065372467e-02 9.661635756492614746e-01
-1.479353383183479309e-02 -1.839522086083889008e-02 1.000184178352355957e+00
-2.473759651184082031e-02 -4.233094677329063416e-02 1.039786577224731445e+00
-1.496948674321174622e-02 -3.350435942411422729e-02 1.111337304115295410e+00
-4.100107401609420776e-02 -1.800958998501300812e-02 1.197748780250549316e+00
-1.152313593775033951e-02 -2.852028608322143555e-02 1.260856509208679199e+00
-1.303676329553127289e-02 -1.143183931708335876e-02 1.147089004516601562e+00
-1.004733983427286148e-02 -6.803922820836305618e-03 1.132850050926208496e+00
-3.420706372708082199e-03 1.867733895778656006e-03 1.104673266410827637e+00
-9.994318243116140366e-04 -3.330219537019729614e-03 9.929468035697937012e-01
1.121799927204847336e-02 -2.022002823650836945e-02 9.984315633773803711e-01
-2.564808726310729980e-02 -2.453027293086051941e-02 1.040355443954467773e+00
8.009336888790130615e-03 -4.015221819281578064e-02 9.782887697219848633e-01
9.755633072927594185e-04 -2.976021170616149902e-02 9.581997394561767578e-01
-1.291143801063299179e-02 -3.946908563375473022e-02 9.983078241348266602e-01
-1.012356579303741455e-02 -3.598052263259887695e-02 1.022814989089965820e+00
-1.762741431593894958e-02 -1.831517927348613739e-02 1.068113803863525391e+00
-2.233672887086868286e-02 -1.532740518450737000e-02 1.059637546539306641e+00
-2.328349463641643524e-02 -2.037639357149600983e-02 1.007093548774719238e+00
-3.920661751180887222e-03 -2.065343596041202545e-02 1.033373355865478516e+00
9.375392459332942963e-03 -2.048368006944656372e-02 1.049772620201110840e+00
-1.786571112461388111e-03 -1.602616347372531891e-02 1.041794061660766602e+00
-9.729606099426746368e-03 -1.485644187778234482e-02 1.019093871116638184e+00
1.502480078488588333e-02 -1.012668758630752563e-02 9.761452674865722656e-01
-7.972626015543937683e-03 -6.436980329453945160e-03 8.895691037178039551e-01
-7.216171361505985260e-03 -4.338705912232398987e-03 9.258022904396057129e-01
-6.289970129728317261e-03 -6.758281961083412170e-03 9.731804728507995605e-01
-3.928607795387506485e-03 -1.020866166800260544e-02 9.235297441482543945e-01
-5.693957209587097168e-04 -1.511878147721290588e-02 8.616033792495727539e-01
-1.349610835313796997e-02 -1.323343813419342041e-02 8.236074447631835938e-01
-1.854098029434680939e-02 -1.598126720637083054e-03 7.735686898231506348e-01
-2.258102223277091980e-02 1.724316738545894623e-03 7.774993181228637695e-01
-1.272748690098524094e-02 -4.528319928795099258e-03 8.720629811286926270e-01
-6.266232579946517944e-03 -7.525279186666011810e-03 8.988076448440551758e-01
-3.220652230083942413e-03 -1.008478924632072449e-02 8.966350555419921875e-01
6.685830652713775635e-03 -1.005426142364740372e-02 9.097092747688293457e-01
1.190645154565572739e-02 -8.712053298950195312e-03 9.342160224914550781e-01
1.061948202550411224e-02 -1.190067455172538757e-02 9.330754280090332031e-01
1.732989959418773651e-02 -1.711850985884666443e-03 9.496780037879943848e-01
2.284535765647888184e-02 -1.994337886571884155e-02 1.004047513008117676e+00
6.664863321930170059e-03 -3.363925218582153320e-02 9.661011695861816406e-01
1.940461341291666031e-03 -4.488059133291244507e-02 9.581522345542907715e-01
2.849601581692695618e-02 -2.696664538234472275e-03 9.307557940483093262e-01
2.580993436276912689e-02 -1.785519719123840332e-02 9.574462771415710449e-01
2.530205063521862030e-02 -3.405839949846267700e-02 1.006758332252502441e+00
1.680593192577362061e-02 -1.561060361564159393e-02 1.049762845039367676e+00
4.785859957337379456e-03 -9.271851740777492523e-03 1.056152701377868652e+00
8.825369179248809814e-03 -2.241209149360656738e-03 1.000777006149291992e+00
1.361533626914024353e-02 -1.079747453331947327e-03 9.389171600341796875e-01
1.760815083980560303e-02 -2.520512323826551437e-03 9.565991163253784180e-01
1.575349830090999603e-02 -3.720568493008613586e-03 9.585212469100952148e-01
2.619814127683639526e-02 -6.571101956069469452e-03 9.750990271568298340e-01
2.317518368363380432e-02 -5.593989510089159012e-03 9.761819243431091309e-01
1.239241100847721100e-02 -5.591562949120998383e-03 9.611710309982299805e-01
2.426159568130970001e-03 -9.792612865567207336e-03 1.005289912223815918e+00
-1.092325430363416672e-03 -7.634691894054412842e-03 9.716247916221618652e-01
-1.638998743146657944e-03 -6.374692544341087341e-03 9.664056897163391113e-01
-3.823962528258562088e-03 -1.114626880735158920e-02 9.770777821540832520e-01
7.273587863892316818e-03 -1.601082645356655121e-02 9.802496433258056641e-01
9.042807854712009430e-03 -2.276942320168018341e-02 9.246669411659240723e-01
5.034840665757656097e-03 -1.662949658930301666e-02 9.339692592620849609e-01
-6.391370669007301331e-03 2.825414761900901794e-03 8.826286196708679199e-01
6.189906038343906403e-03 -1.139272376894950867e-02 8.612275123596191406e-01
-4.542459268122911453e-03 -9.096129797399044037e-03 8.427396416664123535e-01
-5.827328655868768692e-03 -6.019867956638336182e-03 8.645679354667663574e-01
-1.165627408772706985e-02 -1.507335063070058823e-02 8.564022183418273926e-01
-6.658162921667098999e-03 -2.048051357269287109e-02 8.376751542091369629e-01
-1.364796888083219528e-03 -1.834706217050552368e-02 8.652324676513671875e-01
3.856802359223365784e-04 -1.080904994159936905e-02 8.942462205886840820e-01
2.807305194437503815e-03 -1.378430612385272980e-02 9.684482216835021973e-01
1.746227964758872986e-03 -1.082392781972885132e-02 9.812383055686950684e-01
-8.390900678932666779e-03 1.628930680453777313e-03 9.747173786163330078e-01
-1.220998167991638184e-02 -3.707906929776072502e-03 9.670170545578002930e-01
-8.205899968743324280e-03 -3.063653595745563507e-03 1.006357192993164062e+00
-4.373529925942420959e-03 4.167165607213973999e-03 1.026793718338012695e+00
-7.501757703721523285e-03 -5.920434836298227310e-03 1.014743328094482422e+00
-8.929429575800895691e-03 -1.474997773766517639e-02 1.059624433517456055e+00
-1.173448748886585236e-02 -2.066911570727825165e-02 1.090893268585205078e+00
-1.065144035965204239e-02 -2.033181861042976379e-02 1.122053146362304688e+00
-3.179197199642658234e-03 -2.760387584567070007e-02 1.101037740707397461e+00
5.835594609379768372e-03 -2.659513428807258606e-02 1.116040825843811035e+00
1.554910279810428619e-02 -2.322818525135517120e-02 1.105528116226196289e+00
2.832417003810405731e-02 -2.746825292706489563e-02 1.097625851631164551e+00
3.002743236720561981e-02 -3.033407777547836304e-02 1.107462406158447266e+00
2.622788585722446442e-02 -2.883726917207241058e-02 1.111930012702941895e+00
1.212158799171447754e-02 -2.125363051891326904e-02 1.100744843482971191e+00
4.395648837089538574e-03 -1.955056190490722656e-02 1.071564555168151855e+00
-1.228057779371738434e-03 -2.171694114804267883e-02 1.044487714767456055e+00
-1.949127763509750366e-04 -2.377781644463539124e-02 1.008035540580749512e+00
-3.255924209952354431e-03 -2.353608980774879456e-02 1.010905027389526367e+00
-1.104780193418264389e-02 -2.045332454144954681e-02 1.014918088912963867e+00
-7.859182544052600861e-03 -1.798203215003013611e-02 1.020364880561828613e+00
1.061865687370300293e-02 -7.514729164540767670e-03 1.044132113456726074e+00
2.027105726301670074e-02 -6.303166039288043976e-03 1.092651724815368652e+00
1.792244799435138702e-02 6.465198006480932236e-03 1.103991508483886719e+00
1.441899500787258148e-02 6.447744090110063553e-03 1.075419187545776367e+00
8.106521330773830414e-03 7.694442290812730789e-03 1.041348934173583984e+00
9.360065683722496033e-03 8.649287745356559753e-03 1.080353260040283203e+00
1.287314482033252716e-02 -8.275307714939117432e-03 1.129931330680847168e+00
-4.480853676795959473e-04 -2.251730859279632568e-02 1.084868192672729492e+00
-7.475819438695907593e-04 -2.981030382215976715e-02 1.057655572891235352e+00
-1.108760479837656021e-03 -2.479145862162113190e-02 1.106706619262695312e+00
5.546832457184791565e-03 -2.134872041642665863e-02 1.054828882217407227e+00
-6.262231618165969849e-04 -2.759811095893383026e-02 9.989970922470092773e-01
-1.347221434116363525e-03 -2.588861063122749329e-02 1.045728683471679688e+00
-1.136266812682151794e-02 -3.128913789987564087e-02 1.203231811523437500e+00
-9.181236848235130310e-03 -3.702436015009880066e-02 1.166319370269775391e+00
-4.606500267982482910e-03 -3.237257152795791626e-02 1.097734093666076660e+00
3.020919859409332275e-03 -3.412145376205444336e-02 1.046312093734741211e+00
9.637601673603057861e-03 -3.424964472651481628e-02 1.028196811676025391e+00
1.705515943467617035e-02 -3.372070565819740295e-02 1.008625268936157227e+00
1.443911902606487274e-02 -3.442711010575294495e-02 9.983392357826232910e-01
1.651058532297611237e-02 -3.087410703301429749e-02 1.044019818305969238e+00
9.258609265089035034e-03 -3.318678215146064758e-02 9.834216833114624023e-01
7.813374511897563934e-03 -2.103571966290473938e-02 9.691728949546813965e-01
9.279908612370491028e-03 -1.684780232608318329e-02 9.785645008087158203e-01
2.890858799219131470e-03 -1.711502671241760254e-02 9.634948968887329102e-01
-6.209436338394880295e-03 -1.944314502179622650e-02 8.818352818489074707e-01
-5.208253860473632812e-03 -1.980436220765113831e-02 8.691142797470092773e-01
4.073183052241802216e-03 -1.534082274883985519e-02 9.076176881790161133e-01
-2.783835167065262794e-03 9.271914139389991760e-03 9.767923355102539062e-01
-1.002233126200735569e-03 1.071146316826343536e-02 1.040574312210083008e+00
1.339966896921396255e-02 -1.530645182356238365e-03 1.053634643554687500e+00
2.546351961791515350e-02 -1.431636791676282883e-02 9.862389564514160156e-01
3.273941949009895325e-02 -9.521096944808959961e-03 8.888656497001647949e-01
3.098736330866813660e-02 -6.869515404105186462e-03 9.075773954391479492e-01
2.546540834009647369e-02 -1.894425228238105774e-02 9.756886959075927734e-01
9.529327973723411560e-03 -2.557203918695449829e-02 1.013659954071044922e+00
8.262943476438522339e-03 -9.187201969325542450e-03 8.961261510848999023e-01
1.315001491457223892e-02 -1.211019139736890793e-02 8.371383547782897949e-01
2.900883555412292480e-05 -1.624695584177970886e-02 8.454592823982238770e-01
-4.406287800520658493e-03 -2.090911567211151123e-02 8.683199286460876465e-01
-1.602486707270145416e-03 -2.407678961753845215e-02 8.719397187232971191e-01
-1.270390953868627548e-02 -2.405432052910327911e-02 8.414782881736755371e-01
-1.497713848948478699e-02 -1.254179794341325760e-02 8.322787880897521973e-01
-1.007138751447200775e-02 -2.095673792064189911e-02 8.682222366333007812e-01
-1.428546849638223648e-02 -2.615654841065406799e-02 9.359425306320190430e-01
-1.950632035732269287e-02 -2.733818814158439636e-02 8.868688941001892090e-01
-1.775673590600490570e-02 -2.538106590509414673e-02 8.554814457893371582e-01
-9.073839522898197174e-03 -7.554661482572555542e-03 8.567063808441162109e-01
-2.033445285633206367e-03 -1.337474957108497620e-02 8.732057213783264160e-01
-5.203564185649156570e-03 -1.991621777415275574e-02 9.231099486351013184e-01
-1.470389030873775482e-02 -7.547602988779544830e-03 9.496850967407226562e-01
-1.382419560104608536e-02 -1.555698271840810776e-02 8.406107425689697266e-01
-1.657117158174514771e-02 -9.349508211016654968e-03 7.510342001914978027e-01
-6.380711216479539871e-03 -4.453053232282400131e-03 7.881202697753906250e-01
-6.195762660354375839e-03 2.927822060883045197e-03 8.292811512947082520e-01
-9.915718808770179749e-03 9.633018635213375092e-03 8.355107307434082031e-01
-7.454623933881521225e-03 1.390772499144077301e-02 8.536949753761291504e-01
-9.995521046221256256e-03 1.673453487455844879e-02 8.545216321945190430e-01
-1.319217868149280548e-02 2.221983671188354492e-02 8.580520153045654297e-01
-1.171058602631092072e-02 2.725095488131046295e-02 8.571707606315612793e-01
-1.030125655233860016e-02 2.933859452605247498e-02 8.588321805000305176e-01
-8.656866848468780518e-03 2.952863462269306183e-02 8.602265119552612305e-01
-5.508755333721637726e-03 2.708333544433116913e-02 8.635305166244506836e-01
-4.690170288085937500e-03 2.597668766975402832e-02 8.737651109695434570e-01
-3.341601230204105377e-03 2.681204862892627716e-02 8.787990808486938477e-01
-1.735823694616556168e-03 2.953168377280235291e-02 8.720830678939819336e-01
1.464845146983861923e-03 3.182319551706314087e-02 8.540118336677551270e-01
3.848710563033819199e-03 3.256610035896301270e-02 8.347583413124084473e-01
6.540905684232711792e-03 3.048090636730194092e-02 8.246314525604248047e-01
7.259170059114694595e-03 2.885310538113117218e-02 8.317095041275024414e-01
7.713871542364358902e-03 3.103002533316612244e-02 8.183296322822570801e-01
8.951378986239433289e-03 3.128375858068466187e-02 8.058085441589355469e-01
7.677537389099597931e-03 3.016016073524951935e-02 7.945988774299621582e-01
5.055070854723453522e-03 2.915612608194351196e-02 7.883052825927734375e-01
1.732204575091600418e-03 2.580080553889274597e-02 8.129155039787292480e-01
4.784552846103906631e-03 1.592335663735866547e-02 8.461834788322448730e-01
8.312217891216278076e-03 8.257253095507621765e-03 8.712460994720458984e-01
1.088854297995567322e-02 6.594317033886909485e-03 8.879531621932983398e-01
1.003525033593177795e-02 1.165731251239776611e-02 8.991455435752868652e-01
7.608066778630018234e-03 1.520568039268255234e-02 8.984620571136474609e-01
7.263319566845893860e-04 2.500026673078536987e-02 9.004546999931335449e-01
1.833378337323665619e-05 3.492750227451324463e-02 8.993349671363830566e-01
3.447312861680984497e-03 3.231316059827804565e-02 8.998916149139404297e-01
5.992940161377191544e-03 2.632881514728069305e-02 8.988300561904907227e-01
4.475393332540988922e-03 2.502043172717094421e-02 9.073738455772399902e-01
-6.265388801693916321e-04 2.114929631352424622e-02 9.143920540809631348e-01
-6.796147674322128296e-03 1.964742131531238556e-02 9.115900993347167969e-01
-1.069852150976657867e-02 1.671130023896694183e-02 9.115542769432067871e-01
-1.099139451980590820e-02 1.212689280509948730e-02 9.070571064949035645e-01
-1.122512482106685638e-02 1.067196764051914215e-02 8.856174945831298828e-01
-1.157053187489509583e-02 1.073921006172895432e-02 8.637470602989196777e-01
-1.157137937843799591e-02 1.862045004963874817e-02 8.730777502059936523e-01
-9.102580137550830841e-03 2.705473080277442932e-02 9.438137412071228027e-01
-1.183559745550155640e-02 2.855381369590759277e-02 1.031227946281433105e+00
-1.360461115837097168e-02 2.252420037984848022e-02 1.055390954017639160e+00
-6.128315348178148270e-03 1.728912070393562317e-02 9.907482862472534180e-01
-8.193549700081348419e-03 6.601801142096519470e-03 9.454271793365478516e-01
8.048169547691941261e-04 -6.241207476705312729e-03 9.503086209297180176e-01
5.032775457948446274e-03 -1.223806105554103851e-02 9.917055964469909668e-01
-4.058067686855792999e-03 -1.295703183859586716e-02 1.009139895439147949e+00
-5.211975891143083572e-03 -1.347007462754845619e-03 9.699520468711853027e-01
-1.328337844461202621e-02 4.601669497787952423e-03 9.688008427619934082e-01
-1.039168518036603928e-02 -8.221198804676532745e-04 9.616124033927917480e-01
-6.511685438454151154e-03 -9.796580299735069275e-03 9.446025490760803223e-01
-4.999414552003145218e-03 -1.984149403870105743e-02 9.325584173202514648e-01
-7.088625337928533554e-03 -1.952671818435192108e-02 9.484285116195678711e-01
-1.520825456827878952e-02 -8.583150804042816162e-03 9.777995347976684570e-01
-2.190508320927619934e-02 -8.096656529232859612e-04 9.897476434707641602e-01
-2.941738441586494446e-02 -4.795969463884830475e-03 9.972912073135375977e-01
-2.606505528092384338e-02 -3.468188922852277756e-03 9.685508608818054199e-01
-1.833670027554035187e-02 -3.445912152528762817e-03 9.475817680358886719e-01
-1.488951500505208969e-02 1.874816138297319412e-03 9.670951366424560547e-01
-6.168097257614135742e-03 -5.977215711027383804e-03 9.796097278594970703e-01
-1.573307556100189686e-03 -1.936327107250690460e-02 9.579584002494812012e-01
8.812661981210112572e-04 -2.640113048255443573e-02 9.260907769203186035e-01
8.233501575887203217e-04 -2.360771596431732178e-02 9.120303988456726074e-01
-7.125081494450569153e-03 -1.386664900928735733e-02 9.203096032142639160e-01
-7.239178288727998734e-03 -1.131702214479446411e-02 9.058160781860351562e-01
-7.251877337694168091e-03 -1.796601526439189911e-02 8.805937767028808594e-01
7.258243858814239502e-04 -2.971211448311805725e-02 8.629810810089111328e-01
7.868919055908918381e-04 -3.489885851740837097e-02 8.582241535186767578e-01
6.543938070535659790e-04 -3.121020831167697906e-02 8.561549186706542969e-01
3.489673603326082230e-03 -2.662918716669082642e-02 8.672856688499450684e-01
1.587792765349149704e-03 -2.073165774345397949e-02 8.533960580825805664e-01
1.158700603991746902e-02 -2.127748541533946991e-02 8.652328252792358398e-01
1.919311471283435822e-02 -1.524816267192363739e-02 8.985234498977661133e-01
2.844436652958393097e-02 -1.244201418012380600e-02 9.284841418266296387e-01
2.818975970149040222e-02 -1.155407819896936417e-02 9.362246394157409668e-01
1.985237747430801392e-02 -9.148678742349147797e-03 9.733299016952514648e-01
1.707945764064788818e-02 -5.625079385936260223e-03 9.640445113182067871e-01
1.233813725411891937e-02 -2.367754001170396805e-03 9.237266182899475098e-01
1.045247912406921387e-02 -2.913959324359893799e-04 8.961009383201599121e-01
7.412875536829233170e-03 4.118369892239570618e-03 8.803097605705261230e-01
6.295101717114448547e-03 1.304167322814464569e-03 9.086329936981201172e-01
3.539487486705183983e-03 -2.656308002769947052e-03 8.994691371917724609e-01
-1.919420319609344006e-03 3.168316790834069252e-03 9.002027511596679688e-01
-6.234079599380493164e-03 5.932199768722057343e-03 8.846461176872253418e-01
-7.899788208305835724e-03 -7.978892885148525238e-03 8.052754402160644531e-01
-1.367795746773481369e-03 -1.805343106389045715e-02 7.817352414131164551e-01
-3.990971483290195465e-03 6.420228630304336548e-03 9.133958220481872559e-01
-1.113707385957241058e-02 1.176853291690349579e-02 1.025363445281982422e+00
-3.504642285406589508e-03 7.277227938175201416e-03 1.016370773315429688e+00
9.329702705144882202e-03 3.589177038520574570e-03 9.712145328521728516e-01
1.698153652250766754e-02 -6.618508603423833847e-03 9.917554855346679688e-01
2.534564770758152008e-02 -1.781156472861766815e-02 1.023492574691772461e+00
2.937338128685951233e-02 -2.567110583186149597e-02 1.001451015472412109e+00
1.904113404452800751e-02 -1.929756067693233490e-02 9.369627833366394043e-01
4.816955886781215668e-03 -1.359320338815450668e-02 8.983204960823059082e-01
-7.702936418354511261e-04 -1.721781864762306213e-02 9.145976901054382324e-01
-3.175318473950028419e-03 -2.163263596594333649e-02 9.394972920417785645e-01
-2.188958926126360893e-03 -1.542641781270503998e-02 9.787132740020751953e-01
-8.450904861092567444e-04 -3.261408302932977676e-03 9.954372048377990723e-01
-9.766560047864913940e-03 2.501807175576686859e-03 9.894420504570007324e-01
-8.996062912046909332e-03 4.812279250472784042e-03 1.010456442832946777e+00
-7.877827156335115433e-04 1.961841247975826263e-03 1.040259599685668945e+00
7.034940179437398911e-03 -4.280414432287216187e-04 1.055273771286010742e+00
1.146676205098628998e-02 -1.156379468739032745e-03 1.106134057044982910e+00
1.658133976161479950e-02 1.040104776620864868e-03 1.153762102127075195e+00
9.572894312441349030e-03 1.739331055432558060e-03 1.127996921539306641e+00
-2.461094409227371216e-03 1.721714623272418976e-03 1.063856005668640137e+00
-6.222332827746868134e-03 -4.292089492082595825e-03 9.746201038360595703e-01
-1.025346107780933380e-03 -5.080187693238258362e-03 9.438183903694152832e-01
6.618252955377101898e-03 -1.265097875148057938e-02 8.749350905418395996e-01
6.192788481712341309e-03 -8.589481934905052185e-03 8.399839997291564941e-01
9.741345420479774475e-03 -1.054604165256023407e-02 8.486524224281311035e-01
7.712492253631353378e-03 -1.489348523318767548e-02 8.959084749221801758e-01
5.537499673664569855e-03 -9.804255329072475433e-03 9.230765700340270996e-01
5.724419839680194855e-03 -9.141596965491771698e-03 9.761087298393249512e-01
1.192961353808641434e-02 -1.855534873902797699e-02 1.046947956085205078e+00
1.767000928521156311e-02 -3.025261126458644867e-02 1.091520071029663086e+00
4.102369304746389389e-03 -3.765025734901428223e-02 1.075442671775817871e+00
-6.187292747199535370e-03 -3.023075684905052185e-02 1.051311373710632324e+00
-5.288628861308097839e-03 -2.926863916218280792e-02 1.038405776023864746e+00
-6.505078170448541641e-03 -2.537392638623714447e-02 1.021718740463256836e+00
-1.835906691849231720e-02 -2.014137059450149536e-02 9.934064149856567383e-01
-2.320466004312038422e-02 -1.264954451471567154e-02 9.936079978942871094e-01
-2.444789744913578033e-02 -1.204098295420408249e-02 9.831870794296264648e-01
-2.567706257104873657e-02 -1.544496230781078339e-02 9.836276173591613770e-01
-2.371079660952091217e-02 -1.744415611028671265e-02 9.866322875022888184e-01
-2.309887483716011047e-02 -2.045513503253459930e-02 9.803134202957153320e-01
-2.032882533967494965e-02 -2.102911658585071564e-02 9.821879267692565918e-01
-1.827588304877281189e-02 -2.321000955998897552e-02 9.993650913238525391e-01
-9.958221577107906342e-03 -2.729460038244724274e-02 1.005345225334167480e+00
-7.051363587379455566e-03 -2.341036126017570496e-02 9.484512805938720703e-01
-1.092996448278427124e-02 -1.093772426247596741e-02 8.925871253013610840e-01
-1.972487568855285645e-02 7.832538336515426636e-03 8.877604603767395020e-01
-1.291695144027471542e-02 1.023279782384634018e-02 8.792278170585632324e-01
-5.197988823056221008e-03 4.680742509663105011e-03 9.336900115013122559e-01
-8.359756320714950562e-03 5.938784219324588776e-03 9.829499721527099609e-01
-3.234738949686288834e-03 4.443531855940818787e-03 9.988623261451721191e-01
-1.107206847518682480e-02 4.359148442745208740e-04 1.003525614738464355e+00
-9.515661746263504028e-03 -5.789347924292087555e-03 9.041269421577453613e-01
-9.461108595132827759e-03 3.975690808147192001e-03 8.607472777366638184e-01
-5.586310755461454391e-03 7.988427765667438507e-03 8.095835447311401367e-01
2.159709343686699867e-03 -5.175614263862371445e-03 9.093359112739562988e-01
5.268596112728118896e-03 -1.220079883933067322e-02 9.329711794853210449e-01
1.232192968018352985e-03 -8.014527149498462677e-03 8.807113766670227051e-01
-4.045537207275629044e-03 -2.007902227342128754e-02 8.487868905067443848e-01
-2.317919954657554626e-02 -1.582104340195655823e-02 8.806961774826049805e-01
-1.440812088549137115e-02 -8.948552422225475311e-03 9.249099493026733398e-01
-1.619415357708930969e-03 -1.178258098661899567e-02 9.546241164207458496e-01
1.252909563481807709e-02 -1.135634817183017731e-02 9.189614653587341309e-01
1.007189787924289703e-02 -1.406405400484800339e-02 8.595513105392456055e-01
9.135786443948745728e-03 -1.744499430060386658e-02 8.504220843315124512e-01
2.001907303929328918e-02 -1.348245330154895782e-02 9.410606026649475098e-01
-7.865525782108306885e-03 -2.736017340794205666e-03 9.013009667396545410e-01
-7.238345220685005188e-03 4.489800892770290375e-03 9.096990227699279785e-01
6.478531751781702042e-03 -5.453387275338172913e-04 9.579469561576843262e-01
3.817215329036116600e-03 -7.538366131484508514e-03 9.679314494132995605e-01
-8.228881284594535828e-03 -3.835855983197689056e-03 9.737492203712463379e-01
-9.050050750374794006e-03 -5.420217290520668030e-03 1.042814016342163086e+00
-1.078933756798505783e-02 -4.880341701209545135e-03 1.062875390052795410e+00
-9.740674868226051331e-04 -2.666894812136888504e-03 1.070748329162597656e+00
-6.333367433398962021e-03 -9.739871136844158173e-03 1.104095816612243652e+00
-1.887643337249755859e-02 -2.142640575766563416e-02 1.140838503837585449e+00
-1.497286092489957809e-02 -3.023404255509376526e-02 1.221198081970214844e+00
2.886950387619435787e-04 -2.609790489077568054e-02 1.243476271629333496e+00
1.083885319530963898e-02 -2.084647677838802338e-02 1.247446656227111816e+00
1.476710475981235504e-02 -2.699951082468032837e-02 1.267892122268676758e+00
1.215303502976894379e-02 -8.951796218752861023e-03 1.209545850753784180e+00
1.755657419562339783e-02 1.300475094467401505e-03 1.168057918548583984e+00
1.887171529233455658e-02 -1.498378533869981766e-02 1.162391543388366699e+00
2.294581569731235504e-02 -1.523192971944808960e-02 1.168362259864807129e+00
3.197965770959854126e-02 -1.344052236527204514e-02 1.185073137283325195e+00
1.595252193510532379e-02 -1.959352940320968628e-02 1.189532041549682617e+00
-2.486258978024125099e-03 -9.109565988183021545e-03 1.170395135879516602e+00
-8.476873859763145447e-03 -5.166077520698308945e-03 1.116053938865661621e+00
-1.341253705322742462e-02 -1.863974705338478088e-02 1.138926029205322266e+00
-8.419451303780078888e-03 -2.424973063170909882e-02 1.195903182029724121e+00
7.136118598282337189e-03 -3.132106363773345947e-02 1.184581995010375977e+00
3.254485316574573517e-03 -2.728788554668426514e-02 1.102965116500854492e+00
-1.670818310230970383e-03 -2.107490971684455872e-02 1.069051504135131836e+00
-1.046314183622598648e-02 -1.627840846776962280e-02 1.041047692298889160e+00
-8.448555134236812592e-03 -1.854464039206504822e-02 1.033571600914001465e+00
-8.183510974049568176e-03 -8.038181811571121216e-03 1.065782904624938965e+00
-6.598489359021186829e-03 -8.990382775664329529e-03 1.088404774665832520e+00
-5.978201515972614288e-03 -3.570641390979290009e-03 1.092276930809020996e+00
-1.248424686491489410e-02 -1.175253652036190033e-03 1.111916303634643555e+00
-1.236067060381174088e-02 5.705142393708229065e-04 1.107978224754333496e+00
-6.461785174906253815e-03 5.004682112485170364e-03 1.120753049850463867e+00
1.899851718917489052e-03 -9.575970470905303955e-03 1.063536405563354492e+00
2.660586964339017868e-03 -1.467684283852577209e-02 9.714568853378295898e-01
-3.789251204580068588e-03 -1.933324523270130157e-02 9.826926589012145996e-01
-2.049926295876502991e-02 -2.256036922335624695e-02 9.589132666587829590e-01
-1.319604367017745972e-02 -1.242888160049915314e-02 9.521232247352600098e-01
-1.003227103501558304e-02 -1.875928416848182678e-02 9.359682202339172363e-01
-2.214945480227470398e-02 -1.122933905571699142e-02 9.971374869346618652e-01
-1.515866443514823914e-02 -5.813484080135822296e-03 9.766862392425537109e-01
6.784820463508367538e-03 -1.182784885168075562e-02 1.023208737373352051e+00
4.163156449794769287e-02 -2.141706272959709167e-02 1.152343153953552246e+00
1.570792868733406067e-02 -2.620806917548179626e-02 1.088589429855346680e+00
2.430421113967895508e-02 -3.707392513751983643e-02 1.034355401992797852e+00
2.177300304174423218e-02 -3.807605430483818054e-02 1.068458557128906250e+00
2.042550034821033478e-02 -1.584853604435920715e-02 1.055626869201660156e+00
5.953948944807052612e-03 -2.062966860830783844e-02 1.092072725296020508e+00
1.612461917102336884e-02 -3.121048957109451294e-02 1.145539164543151855e+00
1.660130172967910767e-02 -2.012211643159389496e-02 1.162295579910278320e+00
-6.778357084840536118e-03 -7.386365905404090881e-03 9.846314787864685059e-01
3.044839832000434399e-04 -1.230815774761140347e-03 9.116858243942260742e-01
-9.774092584848403931e-03 9.163725189864635468e-05 8.857619166374206543e-01
-8.856028318405151367e-03 -4.190342500805854797e-03 9.411283135414123535e-01
-1.459174230694770813e-02 -2.438931725919246674e-03 9.763150215148925781e-01
-4.411570727825164795e-03 -1.844101585447788239e-02 9.477421641349792480e-01
-1.127949543297290802e-02 -1.461140532046556473e-02 8.508446216583251953e-01
-2.110039815306663513e-02 -2.261857502162456512e-02 8.186995983123779297e-01
-2.499366924166679382e-02 -2.593057975172996521e-02 8.114225268363952637e-01
-2.134534902870655060e-02 -2.312941849231719971e-02 8.456156849861145020e-01
-2.030595019459724426e-02 -1.819955930113792419e-02 9.659036397933959961e-01
-3.995519131422042847e-02 -1.715478487312793732e-02 1.013456106185913086e+00
-2.842873893678188324e-02 -9.586212225258350372e-03 1.027432322502136230e+00
-1.975190080702304840e-02 -2.064032480120658875e-03 1.013698101043701172e+00
-1.406418345868587494e-02 -4.872271791100502014e-03 9.750649929046630859e-01
-7.322303485125303268e-03 -4.106311593204736710e-03 1.000937700271606445e+00
-7.205623667687177658e-03 -7.263791747391223907e-03 1.026594042778015137e+00
-1.042342465370893478e-02 -1.176224090158939362e-02 1.038188815116882324e+00
-9.332959540188312531e-03 -1.227918453514575958e-02 1.057606339454650879e+00
-1.015608943998813629e-02 -1.469631865620613098e-02 1.051458477973937988e+00
-1.785085909068584442e-02 -1.061377767473459244e-02 9.784846901893615723e-01
-2.427292056381702423e-02 -7.804760243743658066e-03 9.082033634185791016e-01
-2.633758075535297394e-02 -9.754909202456474304e-03 8.787299394607543945e-01
-2.088101580739021301e-02 -1.055071596056222916e-02 9.177947640419006348e-01
-1.814257353544235229e-02 -1.115930359810590744e-02 9.315158128738403320e-01
-1.141198910772800446e-02 -1.888493262231349945e-02 9.130992293357849121e-01
-1.264705788344144821e-02 -1.991880312561988831e-02 8.826043009757995605e-01
-4.868312273174524307e-03 -1.650377549231052399e-02 8.135114312171936035e-01
-1.882411073893308640e-03 -1.558739878237247467e-02 7.931340932846069336e-01
2.521197311580181122e-04 -2.000220492482185364e-02 7.807124853134155273e-01
2.860701642930507660e-04 -1.994163170456886292e-02 7.593099474906921387e-01
-2.748297993093729019e-03 -1.833535544574260712e-02 7.463090419769287109e-01
-6.389604881405830383e-03 -1.924617774784564972e-02 7.740375995635986328e-01
-3.940197639167308807e-03 -2.333328127861022949e-02 7.708309888839721680e-01
3.349847393110394478e-04 -1.591133698821067810e-02 7.580540776252746582e-01
1.227565668523311615e-02 -2.163608558475971222e-03 7.357047200202941895e-01
7.529090624302625656e-03 1.155794039368629456e-02 7.550642490386962891e-01
5.001466255635023117e-03 1.908862218260765076e-02 7.923446893692016602e-01
3.370295092463493347e-02 2.085353620350360870e-02 7.549436688423156738e-01
4.013129696249961853e-02 1.509393006563186646e-02 6.751918196678161621e-01
3.108100965619087219e-02 1.394677907228469849e-02 6.859515905380249023e-01
4.345909878611564636e-02 -1.848086901009082794e-02 6.595249176025390625e-01
4.960810020565986633e-02 -2.248441800475120544e-02 5.513457059860229492e-01
3.645887970924377441e-02 -7.644233293831348419e-03 5.687359571456909180e-01
2.302490361034870148e-02 -1.192288752645254135e-02 5.989764928817749023e-01
-2.296978048980236053e-02 -2.200442552566528320e-02 5.082283020019531250e-01
-3.020621091127395630e-02 -9.325342252850532532e-03 3.857366144657135010e-01
-4.074210766702890396e-03 -1.231585163623094559e-02 3.654273450374603271e-01
-7.792693562805652618e-03 -1.987930946052074432e-02 4.129079878330230713e-01
-2.274055965244770050e-03 -1.831276714801788330e-02 5.233671665191650391e-01
-2.156125754117965698e-02 -1.718019507825374603e-02 3.979959785938262939e-01
-6.752334535121917725e-03 -1.912860199809074402e-02 4.561401903629302979e-01
1.006080769002437592e-02 -1.483796350657939911e-02 5.839916467666625977e-01
4.636050201952457428e-03 -1.236267201602458954e-02 6.241289377212524414e-01
-1.698680780827999115e-02 -1.786697190254926682e-03 6.190321445465087891e-01
-6.840968970209360123e-03 -7.647990249097347260e-03 6.366782784461975098e-01
-3.282380755990743637e-03 6.571792531758546829e-03 7.021983861923217773e-01
1.891827210783958435e-03 1.529383473098278046e-02 6.746112108230590820e-01
-3.488457761704921722e-03 4.321259446442127228e-03 6.513074040412902832e-01
6.171325221657752991e-03 -1.549621392041444778e-02 7.186079025268554688e-01
1.684549078345298767e-02 -1.247605402022600174e-02 7.398412227630615234e-01
1.497215311974287033e-02 -7.897694595158100128e-03 5.944504141807556152e-01
2.782316179946064949e-03 -1.049068570137023926e-02 5.472261309623718262e-01
-4.874132573604583740e-03 -1.884251646697521210e-02 7.088994979858398438e-01
2.415466122329235077e-02 -1.349334418773651123e-02 7.018106579780578613e-01
2.587816864252090454e-02 -4.746960941702127457e-03 6.532769799232482910e-01
-2.606278285384178162e-04 -1.817764155566692352e-02 6.779690384864807129e-01
-1.291696634143590927e-02 -2.105614915490150452e-02 6.470694541931152344e-01
8.185114711523056030e-03 -3.292993456125259399e-02 6.361173391342163086e-01
7.383548188954591751e-03 -2.779394760727882385e-02 6.727792620658874512e-01
1.175617985427379608e-02 -1.377027481794357300e-02 7.397295832633972168e-01
1.869633793830871582e-02 -1.211933977901935577e-02 7.215697169303894043e-01
-1.980266720056533813e-02 4.183722659945487976e-03 7.832564711570739746e-01
-1.946928538382053375e-02 -3.805154934525489807e-03 7.824319005012512207e-01
-1.292524859309196472e-02 -8.781276643276214600e-03 7.030826210975646973e-01
-5.491353571414947510e-03 -1.682706177234649658e-02 8.298745751380920410e-01
7.238576188683509827e-03 -1.979263871908187866e-02 8.692428469657897949e-01
2.483453974127769470e-02 -6.394774653017520905e-03 9.440000057220458984e-01
2.748789265751838684e-03 2.027090638875961304e-02 9.907284975051879883e-01
-1.093283202499151230e-02 -1.313639618456363678e-02 1.112847447395324707e+00
-2.113489434123039246e-03 -1.602747477591037750e-02 1.196717977523803711e+00
6.777245551347732544e-03 -1.171355415135622025e-02 1.185260295867919922e+00
1.629565097391605377e-02 -1.679982244968414307e-02 1.103273034095764160e+00
1.229673065245151520e-02 -3.316302970051765442e-02 1.058649420738220215e+00
1.305744890123605728e-02 -3.791610524058341980e-02 1.008560776710510254e+00
1.205588318407535553e-02 -3.281123191118240356e-02 9.999942183494567871e-01
1.745116314850747585e-04 -2.939056605100631714e-02 1.017922878265380859e+00
3.402826376259326935e-03 -2.453430183231830597e-02 1.035288572311401367e+00
1.522308960556983948e-02 -2.529786340892314911e-02 1.001862645149230957e+00
2.045713923871517181e-02 -1.702434010803699493e-02 1.038701415061950684e+00
2.382157370448112488e-02 -3.480893373489379883e-02 1.012404441833496094e+00
2.601391635835170746e-02 -5.148393288254737854e-02 9.855262637138366699e-01
2.687271311879158020e-02 -5.080134049057960510e-02 9.777413010597229004e-01
2.729273587465286255e-02 -4.277980700135231018e-02 9.695595502853393555e-01
2.558622322976589203e-02 -3.694853186607360840e-02 1.019388675689697266e+00
2.515208348631858826e-02 -2.751206234097480774e-02 1.076748013496398926e+00
2.601099014282226562e-02 -2.361080422997474670e-02 1.103213429450988770e+00
1.353141479194164276e-02 -1.318677328526973724e-02 1.099620819091796875e+00
8.896765299141407013e-03 -6.528828758746385574e-03 1.064102768898010254e+00
-2.463996177539229393e-03 -1.002406515181064606e-02 9.055432081222534180e-01
-7.327859289944171906e-03 -1.824241504073143005e-02 7.863868474960327148e-01
1.573282107710838318e-02 -2.844586223363876343e-02 8.102163076400756836e-01
2.432321943342685699e-02 -4.092695936560630798e-02 8.714446425437927246e-01
4.241119138896465302e-03 -4.136219993233680725e-02 9.676423072814941406e-01
-2.893903478980064392e-02 -1.305261626839637756e-02 9.788277149200439453e-01
-5.009859055280685425e-02 -1.959647517651319504e-03 9.788728952407836914e-01
-3.118401020765304565e-02 -2.833202481269836426e-03 8.982807993888854980e-01
-8.950237184762954712e-03 -9.610462933778762817e-03 9.763244986534118652e-01
-1.669166376814246178e-03 -2.650382183492183685e-02 8.754991292953491211e-01
2.187444642186164856e-02 -1.416022703051567078e-02 7.600415945053100586e-01
1.657851785421371460e-02 -2.308189868927001953e-02 7.392191290855407715e-01
1.366175711154937744e-02 -8.586099371314048767e-03 7.459247708320617676e-01
2.188724838197231293e-02 -1.409537158906459808e-02 6.785284280776977539e-01
1.984397508203983307e-02 -3.159279003739356995e-02 6.175931096076965332e-01
9.221165440976619720e-03 -1.634726859629154205e-02 7.136556506156921387e-01
-8.164406754076480865e-03 -9.178565815091133118e-03 7.099639177322387695e-01
-2.213068306446075439e-02 1.585992611944675446e-02 6.807357072830200195e-01
-1.078561600297689438e-02 8.377126418054103851e-03 6.515151858329772949e-01
2.006085775792598724e-02 -1.957645639777183533e-02 5.621814727783203125e-01
8.851150050759315491e-03 8.207525126636028290e-03 5.925124883651733398e-01
5.163680762052536011e-03 -1.573336124420166016e-02 5.128126740455627441e-01
1.521964929997920990e-02 -3.295177966356277466e-02 5.116141438484191895e-01
-2.190173137933015823e-03 -9.251697920262813568e-03 5.839809775352478027e-01
7.936159148812294006e-03 -1.017734967172145844e-02 6.472446918487548828e-01
-1.433488819748163223e-02 -6.407470442354679108e-03 6.018552184104919434e-01
-4.350940231233835220e-03 -2.171335741877555847e-02 5.477601885795593262e-01
-1.773409079760313034e-03 -1.615556306205689907e-03 5.268663763999938965e-01
6.976887583732604980e-03 3.105093259364366531e-03 5.582124590873718262e-01
1.376831717789173126e-02 -3.525578416883945465e-03 5.842753648757934570e-01
1.472015492618083954e-02 -8.785937912762165070e-03 6.059586405754089355e-01
6.168972700834274292e-03 -2.162574231624603271e-02 6.121943593025207520e-01
2.885621972382068634e-03 -1.957426778972148895e-02 5.957673788070678711e-01
8.857955690473318100e-04 -1.034056115895509720e-02 5.936973094940185547e-01
3.937231842428445816e-03 -1.013960689306259155e-02 6.145215630531311035e-01
1.039367355406284332e-02 -1.553311571478843689e-02 6.881141662597656250e-01
2.546085976064205170e-02 -1.725783012807369232e-02 6.888298392295837402e-01
3.478809446096420288e-02 -1.785523071885108948e-02 6.660640239715576172e-01
3.478966280817985535e-02 -2.189697325229644775e-02 6.731559634208679199e-01
3.329391404986381531e-02 -2.162598073482513428e-02 6.736561655998229980e-01
2.817265875637531281e-02 -1.881280168890953064e-02 7.022817730903625488e-01
1.945268176496028900e-02 -1.602336950600147247e-02 7.072939872741699219e-01
7.920958101749420166e-03 -1.717909052968025208e-02 6.892435550689697266e-01
-8.409488946199417114e-04 -2.086553722620010376e-02 6.595590710639953613e-01
-5.702036432921886444e-04 -1.044844463467597961e-02 6.493243575096130371e-01
-5.370008759200572968e-03 -3.957089968025684357e-03 6.591739058494567871e-01
-3.446160815656185150e-03 2.459429204463958740e-03 6.700254678726196289e-01
3.385141026228666306e-03 2.977557014673948288e-04 6.602938771247863770e-01
8.616738021373748779e-03 -1.935536507517099380e-03 6.441673040390014648e-01
6.319918669760227203e-03 -1.686876872554421425e-03 6.392838954925537109e-01
4.738111048936843872e-03 -1.197786303237080574e-03 6.586542129516601562e-01
6.287660449743270874e-03 -3.466033376753330231e-04 6.589640378952026367e-01
6.030030082911252975e-03 -1.339996699243783951e-03 6.612673401832580566e-01
2.511366270482540131e-03 -7.477863691747188568e-04 6.700180172920227051e-01
-2.538751577958464622e-03 6.189001724123954773e-04 6.527661681175231934e-01
-8.765398524701595306e-04 2.878727391362190247e-03 6.406906843185424805e-01
4.242162685841321945e-03 4.292243160307407379e-03 6.520594954490661621e-01
6.775788962841033936e-03 7.894613780081272125e-03 6.612008213996887207e-01
4.527345299720764160e-03 7.358241360634565353e-03 6.163952946662902832e-01
-3.650922328233718872e-03 9.020317345857620239e-03 5.687251687049865723e-01
-1.239248830825090408e-02 1.519141998142004013e-02 5.556169748306274414e-01
-1.220825593918561935e-02 2.015765197575092316e-02 5.623367428779602051e-01
-7.029800210148096085e-03 2.178777381777763367e-02 5.697572827339172363e-01
-2.875787904486060143e-03 2.300663106143474579e-02 6.119751930236816406e-01
-1.927733654156327248e-03 2.346578054130077362e-02 6.711882352828979492e-01
-3.882671706378459930e-03 1.984116621315479279e-02 7.212026119232177734e-01
-3.046809229999780655e-03 1.703824475407600403e-02 7.255496978759765625e-01
-1.228719484061002731e-03 1.389387156814336777e-02 6.946326494216918945e-01
-4.127039574086666107e-06 1.161612384021282196e-02 6.421283483505249023e-01
5.305404774844646454e-03 6.568126380443572998e-03 5.933209657669067383e-01
1.329189166426658630e-02 -1.620375551283359528e-03 5.741624832153320312e-01
2.694451808929443359e-02 -6.420434452593326569e-03 5.740246176719665527e-01
3.858988732099533081e-02 -9.617224335670471191e-03 5.804572105407714844e-01
4.399696737527847290e-02 -4.790672101080417633e-03 5.875181555747985840e-01
4.824242740869522095e-02 6.818552501499652863e-04 6.106564998626708984e-01
4.527465626597404480e-02 3.189781215041875839e-03 6.566411852836608887e-01
4.014128446578979492e-02 7.811514660716056824e-05 7.306278944015502930e-01
3.841794282197952271e-02 -6.057753227651119232e-03 7.880240678787231445e-01
3.981399163603782654e-02 -1.019614189863204956e-02 8.035277128219604492e-01
3.934744000434875488e-02 -1.161239203065633774e-02 8.011502027511596680e-01
3.429637849330902100e-02 -1.205372996628284454e-02 8.060830831527709961e-01
2.468661591410636902e-02 -1.195132732391357422e-02 8.038688898086547852e-01
2.115456759929656982e-02 -1.654290780425071716e-02 7.801210880279541016e-01
2.406184375286102295e-02 -2.226917631924152374e-02 7.480700612068176270e-01
2.877126447856426239e-02 -2.406964637339115143e-02 7.141568660736083984e-01
3.297851979732513428e-02 -3.001296520233154297e-02 7.247241735458374023e-01
2.285594865679740906e-02 -2.014671824872493744e-02 7.320324182510375977e-01
1.318516768515110016e-02 -5.629119463264942169e-03 7.159276604652404785e-01
1.123633235692977905e-02 -3.477175720036029816e-03 6.423478722572326660e-01
1.426559966057538986e-02 -4.967714659869670868e-03 6.466740965843200684e-01
2.356458082795143127e-02 -1.675084047019481659e-02 6.990371346473693848e-01
2.552039362490177155e-02 -2.782251127064228058e-02 7.754017114639282227e-01
2.229535393416881561e-02 -2.904852479696273804e-02 7.467752099037170410e-01
2.868203073740005493e-02 -2.211653999984264374e-02 6.966703534126281738e-01
3.558188676834106445e-02 -1.592822186648845673e-02 6.976500749588012695e-01
1.249424275010824203e-02 -9.263142943382263184e-03 7.556439042091369629e-01
-1.104662939906120300e-02 -5.601388402283191681e-03 8.295037150382995605e-01
-1.823064312338829041e-02 -1.427070703357458115e-03 8.006536960601806641e-01
-7.891600020229816437e-03 -6.856109481304883957e-03 7.514340281486511230e-01
-3.285655053332448006e-03 -1.160979550331830978e-02 7.508493065834045410e-01
1.041529700160026550e-03 -1.819814182817935944e-02 8.719305992126464844e-01
1.584499841555953026e-03 -1.565860956907272339e-02 9.179365038871765137e-01
7.349708117544651031e-03 -1.132018305361270905e-02 8.953789472579956055e-01
1.230491511523723602e-02 -1.542447973042726517e-02 8.473249077796936035e-01
9.806080721318721771e-03 -3.318517468869686127e-03 8.769199252128601074e-01
4.646899644285440445e-03 9.340954944491386414e-03 9.096601009368896484e-01
-9.593090973794460297e-03 3.731476608663797379e-03 9.443285465240478516e-01
-6.839213427156209946e-03 8.425841107964515686e-03 9.084506630897521973e-01
3.485984401777386665e-03 4.533833824098110199e-03 8.794540762901306152e-01
8.313378319144248962e-03 1.424554735422134399e-02 8.990191817283630371e-01
-1.350310863927006721e-03 1.158520765602588654e-02 9.600800871849060059e-01
-5.921572912484407425e-03 -6.707767490297555923e-03 1.006301164627075195e+00
-4.934672731906175613e-03 -3.694991348311305046e-03 9.915714859962463379e-01
1.591000240296125412e-03 -8.454251219518482685e-04 9.902306199073791504e-01
1.338723767548799515e-02 -5.306756123900413513e-03 9.811413288116455078e-01
4.655607976019382477e-03 3.513335250318050385e-04 9.950351119041442871e-01
-2.233238890767097473e-03 1.397714111953973770e-02 9.639969468116760254e-01
-8.042315952479839325e-03 9.846569970250129700e-03 8.281282782554626465e-01
6.389319896697998047e-04 1.043949974700808525e-03 8.957006335258483887e-01
7.573669776320457458e-03 -8.883654139935970306e-03 8.231921792030334473e-01
9.831147268414497375e-03 -7.704007439315319061e-03 7.884063720703125000e-01
1.343373861163854599e-02 -1.006457582116127014e-02 8.095428347587585449e-01
1.808056421577930450e-02 -5.191846750676631927e-03 8.626027703285217285e-01
1.436231844127178192e-02 -1.231579855084419250e-02 9.326692819595336914e-01
1.107552368193864822e-02 -5.516300909221172333e-03 8.978086113929748535e-01
1.153177674859762192e-02 -4.396091215312480927e-03 8.704585433006286621e-01
5.005014594644308090e-03 -1.129010412842035294e-02 9.375970959663391113e-01
-4.378271289169788361e-03 -3.332922235131263733e-03 7.616389393806457520e-01
6.131222937256097794e-03 -1.234372053295373917e-02 7.448248863220214844e-01
4.751197993755340576e-03 -1.092762500047683716e-02 7.244968414306640625e-01
1.389288622885942459e-02 -1.200795639306306839e-02 7.149586677551269531e-01
3.993895370513200760e-03 -6.493910681456327438e-03 7.510107159614562988e-01
-3.181402571499347687e-04 -1.318711787462234497e-03 7.547602653503417969e-01
-5.572319496423006058e-03 -1.360562909394502640e-02 7.742482423782348633e-01
6.149308755993843079e-03 -2.780213020741939545e-02 8.946505784988403320e-01
-2.929940819740295410e-03 -1.503231003880500793e-02 9.187752604484558105e-01
-1.675765216350555420e-02 7.169278338551521301e-03 8.565528392791748047e-01
-1.417520642280578613e-02 5.293076857924461365e-03 8.745885491371154785e-01
-1.234026253223419189e-02 9.936793707311153412e-03 8.313365578651428223e-01
-1.456310041248798370e-02 1.564830355346202850e-02 8.899955153465270996e-01
-1.644127815961837769e-02 1.317535713315010071e-02 9.354069232940673828e-01
-1.064163818955421448e-02 2.654579235240817070e-03 9.990326762199401855e-01
-7.817517966032028198e-03 -4.307663068175315857e-03 9.937105178833007812e-01
3.232006449252367020e-03 -2.031674608588218689e-03 9.608746170997619629e-01
4.054857417941093445e-04 3.784025786444544792e-03 9.708167910575866699e-01
3.069686354137957096e-04 -2.352433744817972183e-03 9.955270290374755859e-01
4.069318994879722595e-03 -7.977206259965896606e-03 9.857856631278991699e-01
5.198816768825054169e-03 -8.391110226511955261e-03 9.173967242240905762e-01
-1.321700401604175568e-03 -8.093113079667091370e-03 9.253368973731994629e-01
3.118192777037620544e-03 -1.535450667142868042e-02 9.199821949005126953e-01
7.781584747135639191e-03 -1.508946903049945831e-02 8.836750984191894531e-01
2.276959363371133804e-03 -1.209049578756093979e-02 8.042529225349426270e-01
4.186432342976331711e-03 -1.615998893976211548e-02 7.815756201744079590e-01
1.114340964704751968e-02 -1.445701159536838531e-02 7.499879598617553711e-01
1.053673960268497467e-02 -1.716496609151363373e-02 7.568165659904479980e-01
1.140845380723476410e-02 -2.130734734237194061e-02 7.555238604545593262e-01
1.499328762292861938e-02 -2.368955872952938080e-02 7.701781988143920898e-01
1.302603632211685181e-02 -1.527283713221549988e-02 7.843815684318542480e-01
6.022469606250524521e-03 -2.627617213875055313e-03 8.473047614097595215e-01
2.483369782567024231e-03 8.905017748475074768e-03 8.399094939231872559e-01
6.961718667298555374e-03 6.892757955938577652e-04 8.446555137634277344e-01
6.279724650084972382e-03 -1.313126832246780396e-02 8.898754119873046875e-01
1.719525083899497986e-03 -1.622735708951950073e-02 9.276008009910583496e-01
3.630578052252531052e-03 -2.703951299190521240e-02 9.252283573150634766e-01
1.903537660837173462e-02 -2.745703235268592834e-02 9.451169371604919434e-01
4.351584613323211670e-02 -1.735031791031360626e-02 9.055703282356262207e-01
4.175645112991333008e-02 -1.475800015032291412e-02 9.152545332908630371e-01
1.892656832933425903e-02 -2.237824164330959320e-02 1.004520535469055176e+00
1.446282863616943359e-02 -2.066060528159141541e-02 1.012495160102844238e+00
1.430467702448368073e-02 -1.805302314460277557e-02 1.002112030982971191e+00
2.013782411813735962e-02 -1.921506412327289581e-02 9.967374801635742188e-01
1.953986473381519318e-02 -1.334280520677566528e-02 9.632911682128906250e-01
1.567156799137592316e-02 -4.981432110071182251e-03 9.624024033546447754e-01
1.129411067813634872e-02 -4.847588948905467987e-03 9.651820063591003418e-01
2.714069560170173645e-03 -3.532432019710540771e-03 9.860349297523498535e-01
5.346765741705894470e-03 -1.872661709785461426e-02 1.068029403686523438e+00
6.506969220936298370e-03 -2.328099682927131653e-02 1.050639510154724121e+00
6.760349497199058533e-04 -1.611048541963100433e-02 1.067614555358886719e+00
1.536018401384353638e-02 2.830807119607925415e-03 1.095552563667297363e+00
1.233365572988986969e-02 5.531007423996925354e-03 1.144088029861450195e+00
7.040367927402257919e-03 5.804270971566438675e-03 1.153162598609924316e+00
8.588930591940879822e-03 -7.095399312674999237e-03 1.183562994003295898e+00
-6.697056349366903305e-03 -1.694047823548316956e-02 1.159840464591979980e+00
-6.134475581347942352e-03 -2.056842856109142303e-02 1.158475875854492188e+00
-1.130738202482461929e-02 -1.732635498046875000e-02 1.165898799896240234e+00
-1.537277549505233765e-02 -1.545100100338459015e-02 1.187758326530456543e+00
-3.661532886326313019e-03 -1.591261476278305054e-02 1.223200678825378418e+00
-2.186516299843788147e-03 -2.044675499200820923e-02 1.222140431404113770e+00
3.900663461536169052e-03 -3.035271540284156799e-03 1.160491108894348145e+00
6.288498174399137497e-03 2.090358175337314606e-03 1.122665405273437500e+00
-8.653695695102214813e-03 -6.026088260114192963e-03 1.183626055717468262e+00
-3.624213393777608871e-03 -1.441703736782073975e-02 1.164762377738952637e+00
1.283466164022684097e-02 -1.873680204153060913e-02 1.118723273277282715e+00
1.634087413549423218e-02 -1.744894869625568390e-02 1.098563790321350098e+00
1.596911624073982239e-02 -1.876480132341384888e-02 1.069028139114379883e+00
1.703637838363647461e-02 -1.282609719783067703e-02 1.027772545814514160e+00
1.712382398545742035e-02 -1.307609118521213531e-02 1.008764982223510742e+00
1.638553477823734283e-02 -1.215380802750587463e-02 1.055429458618164062e+00
1.665139198303222656e-02 -1.466974057257175446e-02 1.065707087516784668e+00
1.400652900338172913e-02 -1.114432420581579208e-02 1.004910469055175781e+00
1.417103130370378494e-02 -1.105692237615585327e-02 9.453596472740173340e-01
1.057652849704027176e-02 -9.520344436168670654e-03 9.349795579910278320e-01
4.842011258006095886e-04 -7.375781424343585968e-03 9.661940932273864746e-01
-8.800853975117206573e-03 -6.462011486291885376e-03 9.726887941360473633e-01
-1.204249635338783264e-02 -4.250532481819391251e-03 9.778507351875305176e-01
-1.485838368535041809e-02 -4.036397207528352737e-03 1.008911013603210449e+00
-1.546834595501422882e-02 -1.469813100993633270e-02 1.033083438873291016e+00
-1.803653500974178314e-02 -2.172984555363655090e-02 1.042271733283996582e+00
-1.758155785501003265e-02 -1.931517012417316437e-02 1.001120567321777344e+00
-1.713714934885501862e-02 -1.694912090897560120e-02 9.916973710060119629e-01
-1.764459162950515747e-02 -2.000921964645385742e-02 1.044516444206237793e+00
-1.543785352259874344e-02 -2.465540543198585510e-02 1.092377543449401855e+00
-1.236539240926504135e-02 -2.863707765936851501e-02 1.111612439155578613e+00
-6.145095452666282654e-03 -2.731556817889213562e-02 1.114981293678283691e+00
-1.200054772198200226e-03 -2.350006997585296631e-02 1.083851933479309082e+00
2.169718034565448761e-03 -2.142513170838356018e-02 1.033657908439636230e+00
2.302086912095546722e-03 -1.863340847194194794e-02 9.941574335098266602e-01
1.905123703181743622e-03 -1.762884110212326050e-02 9.884322881698608398e-01
1.192351803183555603e-03 -1.510896719992160797e-02 9.847419857978820801e-01
-8.693430572748184204e-05 -1.182049699127674103e-02 9.792561531066894531e-01
-2.925733104348182678e-03 -8.974502794444561005e-03 9.573097825050354004e-01
-6.266925018280744553e-03 -1.029259245842695236e-02 9.706329107284545898e-01
-8.518791757524013519e-03 -1.385205984115600586e-02 1.005801439285278320e+00
-5.311006680130958557e-03 -1.753013581037521362e-02 1.035079479217529297e+00
-9.170658886432647705e-04 -2.251318655908107758e-02 1.044429421424865723e+00
-4.217866808176040649e-05 -2.555342018604278564e-02 1.035161972045898438e+00
-2.153902314603328705e-03 -2.481315843760967255e-02 1.013856291770935059e+00
-3.708471078425645828e-03 -2.387906610965728760e-02 1.007616400718688965e+00
-3.333291970193386078e-03 -2.310726232826709747e-02 1.022689461708068848e+00
-3.377391491085290909e-03 -2.156675234436988831e-02 1.041216135025024414e+00
-3.041256219148635864e-03 -2.274055220186710358e-02 1.059624791145324707e+00
-2.337704412639141083e-03 -2.530285902321338654e-02 1.069990158081054688e+00
-7.972400635480880737e-04 -2.716961689293384552e-02 1.074227213859558105e+00
-8.672056719660758972e-04 -2.790759131312370300e-02 1.074101924896240234e+00
-1.851790584623813629e-03 -2.772833593189716339e-02 1.067121863365173340e+00
-2.282468602061271667e-03 -2.698136866092681885e-02 1.054133176803588867e+00
-1.923342235386371613e-03 -2.631424367427825928e-02 1.044165849685668945e+00
-1.552856527268886566e-03 -2.578451111912727356e-02 1.033321857452392578e+00
-5.592824891209602356e-04 -2.487384714186191559e-02 1.022647857666015625e+00
-5.370574072003364563e-04 -2.403913065791130066e-02 1.014699816703796387e+00
-1.619365997612476349e-03 -2.344607561826705933e-02 1.010365962982177734e+00
-2.611158415675163269e-03 -2.300029061734676361e-02 1.007307529449462891e+00
-2.868535928428173065e-03 -2.270295843482017517e-02 1.003378391265869141e+00
-2.831167541444301605e-03 -2.249941974878311157e-02 1.000625014305114746e+00
-2.374864183366298676e-03 -2.248610369861125946e-02 9.997172355651855469e-01
-1.323295757174491882e-03 -2.287971042096614838e-02 1.000010132789611816e+00
-1.336382701992988586e-04 -2.301855757832527161e-02 1.001464605331420898e+00
8.086515590548515320e-04 -2.320495620369911194e-02 1.003924489021301270e+00
9.774249047040939331e-04 -2.359057031571865082e-02 1.005195260047912598e+00
4.748133942484855652e-04 -2.326526865363121033e-02 1.006279349327087402e+00
-1.533990725874900818e-04 -2.261441200971603394e-02 1.007379412651062012e+00
-2.909712493419647217e-04 -2.162185497581958771e-02 1.008629798889160156e+00
7.150322198867797852e-05 -2.061505615711212158e-02 1.009402275085449219e+00
7.400456815958023071e-04 -1.976966112852096558e-02 1.009357213973999023e+00
9.640557691454887390e-04 -1.838845014572143555e-02 1.004180669784545898e+00
9.053889662027359009e-04 -1.683674193918704987e-02 9.994054436683654785e-01
1.439354382455348969e-03 -1.563149690628051758e-02 9.983944296836853027e-01
1.632628962397575378e-03 -1.394962985068559647e-02 9.999207854270935059e-01
1.507808454334735870e-03 -1.197997294366359711e-02 1.012166023254394531e+00
8.642161265015602112e-04 -1.013252325356006622e-02 1.026907324790954590e+00
-1.149510964751243591e-03 -9.816644713282585144e-03 1.036123871803283691e+00
-2.893115393817424774e-03 -1.171025820076465607e-02 1.032421350479125977e+00
-5.468002520501613617e-03 -1.306176465004682541e-02 1.025632619857788086e+00
-7.168576121330261230e-03 -1.545945554971694946e-02 1.007802844047546387e+00
-1.141722500324249268e-02 -1.554746925830841064e-02 9.902381300926208496e-01
-1.438852306455373764e-02 -1.302384957671165466e-02 9.734746217727661133e-01
-1.366534736007452011e-02 -1.156914141029119492e-02 9.852273464202880859e-01
-1.142743974924087524e-02 -1.072016265243291855e-02 1.006840586662292480e+00
-1.016191113740205765e-02 -9.957328438758850098e-03 9.998175501823425293e-01
-9.294068440794944763e-03 -8.462257683277130127e-03 9.782411456108093262e-01
-9.100003167986869812e-03 -6.849857978522777557e-03 9.695646166801452637e-01
-1.290839444845914841e-02 -5.909427534788846970e-03 9.662144780158996582e-01
-1.834782212972640991e-02 -3.542246529832482338e-03 9.446920752525329590e-01
-2.180624380707740784e-02 -6.188825936987996101e-04 9.185445904731750488e-01
-2.000678889453411102e-02 2.671393333002924919e-03 8.996238112449645996e-01
-1.780615374445915222e-02 4.864831920713186264e-03 8.926208615303039551e-01
-1.846727728843688965e-02 5.888586863875389099e-03 8.685552477836608887e-01
-1.959097012877464294e-02 7.351577281951904297e-03 8.489598035812377930e-01
-2.291790768504142761e-02 7.925756275653839111e-03 8.413767218589782715e-01
-2.748434618115425110e-02 8.816035464406013489e-03 8.236306905746459961e-01
-3.085342422127723694e-02 1.094113662838935852e-02 8.036532402038574219e-01
-3.008892387151718140e-02 1.249965839087963104e-02 7.959014177322387695e-01
-2.920216321945190430e-02 1.278775371611118317e-02 8.091843724250793457e-01
