0.1045
0.10329
0.10384
0.10386
0.10415
0.10376
0.10394
0.10383
0.10385
0.10385
0.1039
0.10386
0.10392
0.10386
0.10388
0.10386
0.1039
0.10403
0.10383
0.10395
0.10388
0.1039
0.10398
0.10386
0.10387
0.10408
0.10466
0.10324
0.1038
0.104
0.10387
0.10399
0.104
0.10407
0.10382
0.10399
0.104
0.104
0.10387
0.104
0.10399
0.10388
0.104
0.104
0.10388
0.10388
0.10387
0.10387
0.10388
0.104
0.10391
0.10385
0.10401
0.10386
0.10388
0.10402
0.10386
0.10402
0.10387
0.10398
0.10388
0.104
0.104
0.104
0.104
0.104
0.104
0.104
0.104
0.104
0.104
0.104
0.104
0.104
0.10402
0.10398
0.104
0.104
0.104
0.104
0.104
0.104
0.10401
0.10399
0.104
0.104
0.104
0.104
0.104
0.10388
0.104
0.104
0.10389
0.10398
0.10387
0.10402
0.10398
0.10387
0.10401
0.104
0.10399
0.10401
0.10412
0.104
0.104
0.104
0.104
0.104
0.10402
0.10385
0.10401
0.104
0.104
0.104
0.10399
0.10388
0.104
0.10402
0.10386
0.10399
0.104
0.10388
0.104
0.104
0.10388
0.104
0.104
0.10387
0.104
0.10401
0.10387
0.104
0.10387
0.104
0.104
0.104
0.10388
0.104
0.10402
0.10398
0.10387
0.10401
0.10387
0.104
0.10387
0.104
0.10401
0.10387
0.104
0.104
0.10387
0.10401
0.104
0.104
0.10387
0.104
0.104
0.104
0.104
0.104
0.10388
0.104
0.104
0.104
0.104
0.104
0.10399
0.10401
0.10399
0.10401
0.104
0.10387
0.10402
0.10398
0.104
0.104
0.104
0.104
0.10389
0.10399
0.104
0.104
0.10412
0.104
0.104
0.10388
0.104
0.10413
0.10401
0.10398
0.104
0.10415
0.10411
0.10399
0.10413
0.104
0.10414
0.10411
0.10401
0.10411
0.10413
0.104
0.10412
0.10401
0.10412
0.104
0.10412
0.10413
0.104
0.10413
0.10412
0.104
0.10414
0.10411
0.104
0.10415
0.1041
0.104
0.104
0.104
0.10413
0.10401
0.10399
0.104
0.10412
0.104
0.104
0.10415
0.10397
0.10413
0.10401
0.10401
0.10411
0.104
0.10414
0.10398
0.10413
0.104
0.10412
0.104
0.10402
0.10398
0.104
0.10401
0.104
0.104
0.10399
0.10389
0.10399
0.10388
0.104
0.10399
0.10388
0.104
0.10388
0.10399
0.10388
0.104
0.104
0.104
0.104
0.10412
0.104
0.10413
0.104
0.10402
0.10398
0.10402
0.10398
0.10402
0.10385
0.10401
0.10377
0.10386
0.10389
0.10373
0.10375
0.10377
0.10373
0.10374
0.10377
0.10372
0.10364
0.10375
0.10377
0.10361
0.10377
0.10374
0.10386
0.10375
0.10375
0.10375
0.10365
0.10375
0.10373
0.10388
0.10374
0.10375
0.10388
0.10387
0.10377
0.10386
0.10389
0.10374
0.10391
0.10384
0.10387
0.10388
0.10389
0.10401
0.10399
0.10414
0.10409
0.10425
0.10425
0.10413
0.10425
0.10412
0.10425
0.10425
0.10412
0.10428
0.10422
0.10413
0.10425
0.10413
0.10413
0.10424
0.10413
0.10412
0.10412
0.10413
0.10425
0.10413
0.10426
0.10412
0.10424
0.10413
0.10425
0.10425
0.10427
0.10435
0.10425
0.10425
0.10441
0.1041
0.10424
0.10413
0.10426
0.10412
0.10412
0.104
0.10413
0.104
0.104
0.10399
0.10401
0.10402
0.10385
0.104
0.10388
0.10387
0.10387
0.10376
0.10387
0.10375
0.10387
0.10376
0.10375
0.10375
0.10377
0.10373
0.10387
0.10375
0.10375
0.10375
0.10375
0.10375
0.10387
0.10376
0.10375
0.10375
0.10362
0.10375
0.10376
0.10374
0.10364
0.10374
0.10375
0.10375
0.10376
0.10374
0.10375
0.10377
0.10374
0.10376
0.10373
0.10377
0.10385
0.10376
0.10376
0.10386
0.10375
0.10375
0.10375
0.10375
0.10375
0.10377
0.10385
0.10376
0.10374
0.10376
0.10375
0.10375
0.10375
0.10375
0.10375
0.10378
0.10371
0.10363
0.10376
0.10374
0.10376
0.10363
0.10374
0.10362
0.10376
0.10374
0.10375
0.10375
0.10388
0.10375
0.10387
0.10375
0.10388
0.10375
0.10387
0.10388
0.10387
0.10388
0.10387
0.10388
0.104
0.104
0.10387
0.104
0.10402
0.10398
0.10402
0.104
0.10398
0.10401
0.10399
0.10401
0.104
0.10399
0.10413
0.104
0.104
0.104
0.104
0.104
0.10402
0.10398
0.104
0.104
0.104
0.104
0.104
0.104
0.104
0.10412
0.10401
0.104
0.104
0.104
0.104
0.104
0.104
0.104
0.104
0.10401
0.10399
0.104
0.104
0.104
0.10413
0.10399
0.104
0.10413
0.104
0.104
0.104
0.104
0.104
0.104
0.104
0.104
0.104
0.104
0.104
0.10387
0.10402
0.10399
0.104
0.104
0.10387
0.104
0.10387
0.10401
0.10389
0.10385
0.10388
0.10387
0.10388
0.10388
0.10375
0.10389
0.10386
0.10375
0.10387
0.10375
0.10375
0.10387
0.10375
0.10378
0.10385
0.10375
0.10388
0.10375
0.10387
0.10375
0.10387
0.10378
0.10372
0.10388
0.10375
0.10376
0.10387
0.10375
0.10375
0.10375
0.10387
0.10375
0.10377
0.10374
0.10374
0.10377
0.10373
0.10375
0.10376
0.10387
0.10375
0.10375
0.10375
0.10375
0.10375
0.10376
0.10374
0.10377
0.10385
0.10376
0.10375
0.10387
0.10377
0.10388
0.10375
0.10373
0.10387
0.10375
0.10387
0.10376
0.10378
0.10384
0.10376
0.10374
0.10388
0.10375
0.10377
0.10385
0.10375
0.10375
0.10375
0.10376
0.10387
0.10375
0.10375
0.10375
0.10387
0.10375
0.10375
0.10388
0.10375
0.10375
0.10375
0.10375
0.10387
0.10375
0.10375
0.10375
0.10388
0.10375
0.10375
0.10387
0.10376
0.10387
0.10375
0.10387
0.10376
0.10387
0.10375
0.10388
0.10374
0.10388
0.10375
0.10388
0.10374
0.10376
0.10387
0.10375
0.10377
0.10386
0.10387
0.10375
0.10387
0.10377
0.10386
0.10375
0.10375
0.10388
0.10375
0.10374
0.10376
0.10375
0.10387
0.10375
0.10375
0.10378
0.10387
0.10373
0.10375
0.10387
0.10375
0.10376
0.10387
0.10376
0.10386
0.10375
0.10377
0.10386
0.10387
0.10375
0.10376
0.10387
0.10388
0.10374
0.10388
0.10375
0.10387
0.10388
0.10375
0.10388
0.10387
0.10375
0.10387
0.10388
0.10387
0.10401
0.10387
0.10388
0.10388
0.10388
0.104
0.10374
0.10387
0.10363
0.10362
0.10363
0.10376
0.10361
0.10363
0.10362
0.10363
0.10362
0.10363
0.10362
0.10375
0.10363
0.10377
0.10373
0.10362
0.10377
0.10361
0.10387
0.10377
0.10386
0.10387
0.10388
0.10387
0.10402
0.10387
0.10399
0.104
0.10402
0.10386
0.10399
0.10388
0.104
0.10402
0.10386
0.10401
0.10399
0.104
0.10412
0.104
0.10412
0.10413
0.104
0.10401
0.10411
0.10415
0.10412
0.10436
0.10425
0.10438
0.10437
0.10437
0.10438
0.10437
0.10454
0.10449
0.10448
0.10452
0.10435
0.1044
0.10435
0.10425
0.10425
0.10413
0.10412
0.10413
0.10412
0.10413
0.10412
0.104
0.10413
0.104
0.104
0.104
0.10402
0.10385
0.10401
0.10387
0.10388
0.10387
0.10389
0.10374
0.10387
0.10387
0.10388
0.10387
0.10388
0.10375
0.10387
0.10389
0.10386
0.10388
0.10388
0.10374
0.1039
0.10373
0.10375
0.10387
0.10386
0.10377
0.10388
0.10378
0.10386
0.10374
0.10374
0.10377
0.10373
0.10376
0.10387
0.10376
0.10374
0.10387
0.10376
0.10374
0.10387
0.10376
0.10377
0.10373
0.10387
0.10377
0.10375
0.10386
0.10375
0.10387
0.10375
0.10375
0.10388
0.10375
0.10387
0.10388
0.10387
0.10388
0.10388
0.1039
0.10384
0.104
0.1039
0.10385
0.10388
0.10388
0.10387
0.10387
0.10388
0.10389
0.10374
0.10388
0.10386
0.10377
0.10386
0.10377
0.10373
0.10375
0.10375
0.10387
0.10377
0.10375
0.10386
0.10375
0.10387
0.10376
0.10375
0.10375
0.10375
0.10387
0.10375
0.10375
0.10376
0.10386
0.10376
0.10387
0.10375
0.10388
0.10375
0.10389
0.10373
0.10388
0.10387
0.10375
0.10376
0.10387
0.10375
0.10375
0.10385
0.10379
0.10373
0.10377
0.10374
0.10374
0.10377
0.10386
0.10375
0.10375
0.10375
0.10388
0.10375
0.10387
0.10375
0.10387
0.10375
0.10375
0.10377
0.10386
0.10375
0.10377
0.10373
0.10375
0.1039
0.10361
0.10387
0.10375
0.10375
0.10374
0.10375
0.10376
0.10375
0.10374
0.10375
0.10376
0.10375
0.10374
0.10388
0.10375
0.10388
0.10375
0.10387
0.10375
0.10388
0.10375
0.10387
0.10388
0.10387
0.10388
0.10387
0.10389
0.10386
0.10376
0.10387
0.10388
0.10387
0.10387
0.10375
0.10388
0.10387
0.10388
0.10389
0.10386
0.104
0.104
0.10413
0.10399
0.10415
0.10398
0.10414
0.10398
0.10413
0.104
0.104
0.10402
0.10386
0.10401
0.10386
0.104
0.10388
0.10387
0.10388
0.10387
0.10376
0.10374
0.10389
0.10361
0.10376
0.10386
0.10377
0.10373
0.10376
0.10387
0.10375
0.10375
0.10375
0.10388
0.10375
0.10387
0.10375
0.10375
0.10388
0.10375
0.10375
0.10374
0.1038
0.1038
0.1038
0.1038
0.1038
0.1038
0.1037
0.1039
0.1037
0.1039
0.1038
0.1037
0.1038
0.1038
0.1038
0.1037
0.1038
0.1037
0.1038
0.1037
0.1039
0.1038
0.1037
0.1038
0.1037
0.1039
0.1037
0.1038
0.1037
0.1038
0.1039
0.1037
0.1038
0.1037
0.1039
0.1038
0.1037
0.1036
0.1038
0.1037
0.1038
0.1038
0.1038
0.1037
0.1039
0.1038
0.1037
0.1038
0.1038
0.1038
0.1039
0.1038
0.1038
0.1039
0.1038
0.1039
0.104
0.1039
0.104
0.104
0.104
0.104
0.104
0.104
0.104
0.104
0.104
0.1039
0.104
0.104
0.104
0.104
0.104
0.1038
0.104
0.104
0.104
0.104
0.1041
0.1039
0.104
0.104
0.104
0.1041
0.1041
0.104
0.104
0.104
0.104
0.104
0.104
0.104
0.104
0.104
0.104
0.104
0.104
0.104
0.104
0.104
0.104
0.104
0.104
0.1038
0.104
0.104
0.104
0.104
0.1039
0.104
0.104
0.104
0.1039
0.104
0.104
0.104
0.104
0.104
0.104
0.104
0.104
0.104
0.104
0.104
0.104
0.104
0.104
0.104
0.104
0.104
0.104
0.104
0.1039
0.104
0.1038
0.104
0.104
