-0.013595,-0.02813,1.199
-0.01261,-0.027662,1.1852
-0.011845,-0.027663,1.1915
-0.011015,-0.02752,1.1917
-0.010209,-0.027448,1.195
-0.0093381,-0.027195,1.1905
-0.0085218,-0.027093,1.1927
-0.0076805,-0.026912,1.1914
-0.00685,-0.026764,1.1916
-0.0060181,-0.026608,1.1916
-0.0051891,-0.026465,1.1922
-0.0042863,-0.026173,1.1917
-0.0041146,-0.027163,1.1932
-0.0018896,-0.024884,1.1911
-0.001101,-0.024788,1.1936
-0.0012387,-0.024445,1.1957
-0.0018875,-0.024647,1.1937
-0.0018134,-0.023308,1.1947
-0.0027761,-0.023751,1.1943
-0.0022556,-0.02521,1.1943
-0.0015743,-0.025343,1.1941
-0.0024369,-0.02234,1.1965
-0.0011358,-0.024031,1.1988
-0.0009063,-0.023115,1.1956
-0.0008228,-0.024659,1.1914
-0.0002629,-0.023772,1.1999
-0.0015136,-0.023923,1.2043
-0.00046406,-0.024962,1.1886
-0.00067089,-0.026172,1.1949
-2.3686e-05,-0.0247,1.1981
-0.0011628,-0.025587,1.1971
0.00017617,-0.026048,1.1979
-0.0014326,-0.026036,1.1989
-0.0015862,-0.027427,1.1973
-0.0024597,-0.027273,1.1966
-0.0031007,-0.025206,1.1975
-0.0066645,-0.02437,1.2001
-0.0033693,-0.024291,1.2002
-0.0033884,-0.024931,1.2006
-0.0022758,-0.025264,1.2054
-0.0020033,-0.027607,1.203
-0.00019057,-0.024632,1.1988
-0.0029997,-0.023965,1.201
-0.0049869,-0.023997,1.2012
-0.0021832,-0.024991,1.2053
-0.0033758,-0.025178,1.2039
-0.0034943,-0.024751,1.2051
-0.0039649,-0.027934,1.2075
-0.00413,-0.026497,1.2049
-0.0052537,-0.026255,1.206
-0.0043965,-0.026701,1.2036
-0.0029977,-0.02668,1.2036
-0.0011482,-0.026164,1.2019
-0.0027516,-0.024189,1.2002
-0.0024419,-0.027268,1.2029
-0.0038572,-0.026283,1.1973
-0.0055062,-0.023198,1.1936
-0.0064457,-0.025005,1.1944
-0.0055887,-0.024999,1.1911
-0.0052578,-0.02495,1.19
-0.003399,-0.027234,1.1863
-0.0041166,-0.027572,1.1853
-9.1374e-05,-0.030233,1.1779
0.0043594,-0.025143,1.1751
0.00061903,-0.02312,1.1755
0.0012835,-0.026529,1.1782
0.0016347,-0.02793,1.1737
-0.0010425,-0.025283,1.166
0.0026108,-0.025389,1.1645
0.0038054,-0.025557,1.1589
0.0027081,-0.023637,1.1596
0.0003662,-0.024087,1.1596
-0.00025406,-0.025084,1.1543
0.0015762,-0.025352,1.153
0.002076,-0.022423,1.15
0.0017606,-0.022221,1.1507
0.0028188,-0.02293,1.1538
0.0032238,-0.022806,1.1556
0.0033191,-0.023539,1.1568
0.0044713,-0.025136,1.1565
0.0040756,-0.024623,1.1539
0.0054952,-0.022164,1.1592
0.003055,-0.019998,1.1606
0.0029372,-0.020184,1.1691
0.0010282,-0.020981,1.1761
-4.3299e-05,-0.022245,1.1822
0.0010319,-0.023866,1.1857
0.0020348,-0.024902,1.1927
8.1626e-05,-0.024093,1.1992
-2.5627e-05,-0.024819,1.2004
-0.0025523,-0.02455,1.2056
-0.00065449,-0.024649,1.2075
-0.00025185,-0.026573,1.2136
-0.0007167,-0.026727,1.2161
-8.4156e-05,-0.026626,1.2167
-0.0014638,-0.026245,1.219
-0.002191,-0.027326,1.2204
-0.00088638,-0.028549,1.2232
-0.00095898,-0.029771,1.2256
-0.0020325,-0.028954,1.2283
-0.0028219,-0.028655,1.2316
-0.0015353,-0.027738,1.23
-0.0038438,-0.025801,1.2412
-0.0029514,-0.026447,1.2406
-0.001368,-0.027692,1.2413
-0.0067176,-0.024142,1.2462
-0.005153,-0.026011,1.2501
-0.0022123,-0.024428,1.2497
-0.0015565,-0.022369,1.2502
0.0024196,-0.022762,1.2555
0.0045646,-0.024991,1.2578
0.0027341,-0.025362,1.2623
0.0023066,-0.025946,1.2633
0.004945,-0.024957,1.2632
0.0057062,-0.024675,1.2668
0.0037443,-0.024878,1.2673
-0.00021611,-0.026065,1.2738
-0.0011874,-0.026193,1.2754
-0.004625,-0.027643,1.2742
-0.0022066,-0.027615,1.2727
-0.0023346,-0.02586,1.2711
-0.0030162,-0.026534,1.2699
-0.00069961,-0.027128,1.2671
-0.0027065,-0.023966,1.266
-0.0023309,-0.025869,1.2656
-0.0011828,-0.028589,1.264
-0.0038832,-0.026318,1.2688
-0.0034357,-0.026565,1.2637
-0.0051327,-0.02522,1.2652
-0.003095,-0.02497,1.2638
-0.0035259,-0.024493,1.2611
-0.0017388,-0.026093,1.2646
-0.0032834,-0.027363,1.2617
-0.0025572,-0.026914,1.2606
-0.0032377,-0.024789,1.2623
-0.0040557,-0.025927,1.2644
-0.0021919,-0.027235,1.2619
-0.0024901,-0.025917,1.2627
-0.0019436,-0.025156,1.2625
-0.0025654,-0.027026,1.2653
-0.0022342,-0.027634,1.2636
-0.0023775,-0.026724,1.2664
-0.0025912,-0.026509,1.264
-0.0025075,-0.02713,1.2644
-0.0021051,-0.026061,1.2611
-0.00066874,-0.027312,1.2678
-0.00046378,-0.027988,1.2631
0.0021227,-0.026516,1.2605
0.0029805,-0.02524,1.2619
0.0016662,-0.026012,1.2619
0.00062083,-0.028656,1.2648
-0.00091888,-0.028403,1.257
-0.0023063,-0.026628,1.2501
-0.0014548,-0.026384,1.2496
0.00092869,-0.02719,1.2469
0.00029651,-0.027167,1.2472
0.00048923,-0.029419,1.2455
0.0019,-0.030751,1.2391
0.0021589,-0.031431,1.234
0.0037752,-0.029665,1.2311
0.0030672,-0.030778,1.2268
0.0044741,-0.030468,1.2208
0.0027515,-0.030116,1.2173
0.0030312,-0.030313,1.2129
0.0015577,-0.031277,1.2078
0.0021729,-0.029852,1.2016
0.0021483,-0.029224,1.1948
0.0030667,-0.031086,1.1878
0.0022747,-0.028401,1.1788
0.0016858,-0.028651,1.1704
0.0031782,-0.028867,1.1569
0.0023025,-0.028671,1.1428
0.002081,-0.02988,1.1295
-0.00056567,-0.028554,1.1119
-0.0014,-0.028238,1.097
-0.0021642,-0.0269,1.0842
-0.0012561,-0.026717,1.0704
-0.0011973,-0.026731,1.0593
-0.00052559,-0.026649,1.0436
0.0008337,-0.026566,1.0372
-0.0011956,-0.026871,1.0223
-0.0019818,-0.027614,1.0038
-0.0029941,-0.024426,0.98376
-0.0014279,-0.024481,0.96639
-0.0020954,-0.026222,0.94165
-0.0017783,-0.026616,0.92051
-0.0014422,-0.024965,0.89679
-0.0009896,-0.024185,0.87448
-0.002956,-0.024605,0.85365
-0.0019939,-0.024751,0.83031
-0.0036803,-0.021911,0.81359
-0.0011812,-0.021428,0.79432
0.00072053,-0.022005,0.77771
0.0016267,-0.022757,0.75822
0.0016263,-0.021985,0.74169
0.00048306,-0.019316,0.73115
0.001754,-0.018357,0.72801
0.0014034,-0.017335,0.72332
0.0013434,-0.017459,0.7223
0.0031903,-0.016998,0.71808
0.0032353,-0.016979,0.71433
0.0013624,-0.016456,0.71105
0.0024073,-0.016123,0.70677
0.001865,-0.014744,0.70343
0.003778,-0.014862,0.7
0.0044817,-0.017502,0.69633
0.0040569,-0.018129,0.69239
0.003792,-0.018193,0.68796
0.0038122,-0.016096,0.68754
0.0022642,-0.015919,0.68865
0.0020921,-0.016332,0.69345
0.002277,-0.015329,0.69623
-0.00061502,-0.015637,0.70243
0.00052027,-0.015776,0.70311
-0.00015516,-0.015191,0.70442
-0.0001111,-0.012307,0.70814
-0.00027991,-0.010571,0.71486
0.0001136,-0.01252,0.7219
-0.00018571,-0.014043,0.72792
-0.001845,-0.014219,0.73372
-0.0024886,-0.015248,0.74203
-0.0011347,-0.014,0.74605
0.0028637,-0.013264,0.7529
0.0030952,-0.0096787,0.76099
-0.0036915,-0.0090056,0.77434
-0.0088855,-0.014057,0.78397
-0.00184,-0.016411,0.78712
0.0032267,-0.016124,0.79474
-0.0021153,-0.0095744,0.79496
-0.0033318,-0.008976,0.80645
-0.001315,-0.0096219,0.81797
0.0022197,-0.012824,0.8286
0.004588,-0.014855,0.83548
0.0032448,-0.014015,0.83717
-0.00047603,-0.017075,0.83943
-0.0027644,-0.01842,0.83474
0.00025778,-0.015465,0.83764
0.00088957,-0.014284,0.83966
-0.0010131,-0.01756,0.84329
-0.0029609,-0.019752,0.84268
-0.001231,-0.018883,0.84043
0.0013177,-0.017313,0.84417
0.0048602,-0.016598,0.84448
0.0040283,-0.015122,0.84744
0.00385,-0.015699,0.8492
0.0002741,-0.017481,0.84864
0.00020902,-0.017823,0.85378
-0.00038658,-0.017138,0.85395
-0.0021687,-0.01968,0.85633
-0.0015264,-0.019415,0.85543
-0.0042484,-0.016508,0.85332
-0.0048339,-0.016132,0.85675
-0.0035093,-0.015563,0.85346
-0.0042999,-0.016868,0.85186
-0.0034918,-0.016141,0.85022
-0.0034472,-0.016945,0.84871
-0.0026026,-0.017881,0.8458
-0.0028448,-0.019,0.83921
-0.0041894,-0.01927,0.8336
-0.0044765,-0.01854,0.82117
-0.0031234,-0.018171,0.81351
-0.0021623,-0.01857,0.80055
-0.0042885,-0.01792,0.78427
-0.0070785,-0.015388,0.76733
-0.0078634,-0.015684,0.74983
-0.0053445,-0.017077,0.73065
-0.0046365,-0.017586,0.70807
-0.0082785,-0.017117,0.68914
-0.010846,-0.015848,0.66758
-0.010902,-0.01377,0.65096
-0.010754,-0.014569,0.63851
-0.014089,-0.015097,0.62944
-0.017975,-0.013201,0.61277
-0.023885,-0.012965,0.60529
-0.022958,-0.012093,0.58095
-0.024141,-0.013043,0.5797
-0.027049,-0.012086,0.56823
-0.031528,-0.010876,0.54414
-0.030171,-0.010809,0.54795
-0.030896,-0.01553,0.53693
-0.037593,-0.017602,0.50565
-0.036165,-0.017302,0.516
-0.043003,-0.016365,0.48093
-0.035877,-0.013968,0.50143
-0.035227,-0.01451,0.49766
-0.049644,-0.015662,0.45967
-0.034945,-0.013879,0.48725
-0.035718,-0.014334,0.48283
-0.062775,-0.01278,0.44488
-0.040068,-0.016909,0.47493
-0.068749,-0.013578,0.43446
-0.03518,-0.0090193,0.46995
-0.039267,-0.0099445,0.46149
-0.090172,-0.0057248,0.41816
-0.054507,-0.01499,0.44589
-0.05029,-0.012092,0.43867
-0.096032,-0.0062172,0.40175
-0.041919,-0.0070716,0.42231
-0.092431,-0.0057774,0.40045
-0.041391,-0.010837,0.41702
-0.041717,-0.010043,0.42066
-0.10165,-0.0078564,0.41629
-0.043275,-0.011053,0.43809
-0.043593,-0.0098707,0.44542
-0.10368,-0.0056712,0.45799
-0.042684,-0.013316,0.46671
-0.10268,-0.0087797,0.48568
-0.039512,-0.013559,0.48759
-0.039954,-0.013055,0.49751
-0.094661,-0.011278,0.52923
-0.040366,-0.0077406,0.52594
-0.082418,-0.0051112,0.5662
-0.039144,-0.0050285,0.56505
-0.039059,-0.0098184,0.59082
-0.057761,-0.0073987,0.63131
-0.025905,-0.010591,0.63532
-0.052613,-0.0072249,0.6824
-0.033769,-0.010339,0.68116
-0.05549,-0.010823,0.72451
-0.035482,-0.006932,0.72548
-0.034458,-0.0018546,0.75061
-0.044123,-0.0029806,0.795
-0.032126,-0.0054055,0.80259
-0.048421,-0.010013,0.84523
-0.031994,-0.0083272,0.848
-0.033714,-0.0079311,0.89323
-0.022518,-0.013556,0.89666
-0.02603,-0.012377,0.92137
-0.024328,-0.014579,0.96523
-0.020697,-0.01742,0.96777
-0.025734,-0.013316,1.0026
-0.019375,-0.0085234,1.0125
-0.019356,-0.011716,1.0426
-0.020089,-0.013825,1.0757
-0.017198,-0.014091,1.0906
-0.014476,-0.011949,1.1205
-0.017006,-0.013987,1.138
-0.014212,-0.014354,1.1663
-0.012321,-0.015622,1.1794
-0.014543,-0.01571,1.1934
-0.012824,-0.015699,1.2114
-0.011812,-0.016462,1.2287
-0.0084432,-0.018624,1.2498
0.0018232,-0.018993,1.2627
0.0010077,-0.015767,1.282
-0.0002394,-0.014716,1.2967
0.00054876,-0.017527,1.3099
0.0034936,-0.017863,1.3249
0.0035121,-0.022331,1.3337
-0.0010991,-0.027574,1.3344
-0.00048456,-0.029408,1.3334
0.00028403,-0.030348,1.3292
-4.6943e-05,-0.028709,1.3421
-0.0013721,-0.029088,1.3401
-0.0010851,-0.027411,1.3423
-0.00037961,-0.028208,1.3472
0.0013598,-0.029863,1.3499
0.0025195,-0.027934,1.3519
0.0034579,-0.025483,1.3505
0.0020955,-0.026495,1.3572
0.00028406,-0.026757,1.352
-0.00056372,-0.022577,1.3587
-0.00062523,-0.023131,1.368
0.0010972,-0.02521,1.3685
0.0014981,-0.022112,1.3744
-0.00074977,-0.02262,1.3736
0.001487,-0.024362,1.3841
0.0024424,-0.026319,1.3809
0.0010893,-0.022599,1.3847
0.00039112,-0.021605,1.3895
-0.00044354,-0.023211,1.3931
-0.00191,-0.021094,1.3988
-0.004812,-0.025394,1.401
-0.0053418,-0.027617,1.4011
-0.0049082,-0.029173,1.4039
-0.0017074,-0.027665,1.4047
-0.0011167,-0.026215,1.4126
0.00089121,-0.02774,1.417
-0.00056966,-0.028454,1.4204
-0.0014724,-0.028431,1.4235
-0.0031594,-0.029264,1.4245
-0.0013036,-0.028862,1.4301
-0.0029321,-0.026199,1.4287
-0.00078423,-0.023649,1.4371
-0.0022485,-0.027958,1.4395
-0.0071905,-0.022066,1.4421
-0.0069712,-0.021092,1.4413
-0.0073424,-0.020475,1.4474
-0.0079336,-0.021634,1.4519
-0.0062003,-0.019753,1.4542
-0.0081141,-0.018955,1.4611
-0.0077853,-0.025022,1.4639
-0.0075549,-0.023905,1.4636
-0.0039689,-0.026382,1.4638
-0.004397,-0.026072,1.4597
-0.0046625,-0.02673,1.4691
-0.0063799,-0.030313,1.4646
-0.0071242,-0.029845,1.4613
-0.0066902,-0.029405,1.4601
-0.0078477,-0.031991,1.4558
-0.0063522,-0.030686,1.4563
-0.0041729,-0.031564,1.4528
-0.003903,-0.032465,1.4487
-0.0029417,-0.034592,1.4484
-0.0048464,-0.032935,1.4421
-0.0050025,-0.033549,1.444
-0.0040039,-0.033828,1.4399
-0.0035006,-0.03477,1.4371
-0.0033448,-0.032811,1.4307
-0.0038306,-0.032094,1.4258
-0.0032528,-0.031736,1.4247
-0.0021264,-0.033662,1.4134
-0.0015348,-0.033628,1.4077
-0.0024227,-0.034008,1.3921
-0.001806,-0.034843,1.3813
-0.0025352,-0.035013,1.3643
-0.0010938,-0.036363,1.3448
-0.0015841,-0.036435,1.3206
-0.00092957,-0.034325,1.3048
-0.0034003,-0.036008,1.2829
-0.0017462,-0.037899,1.2598
-0.0029606,-0.036597,1.2321
-0.0038505,-0.035583,1.2099
-0.001024,-0.036799,1.1838
-0.0019831,-0.036464,1.1601
-0.0027448,-0.035465,1.1329
-0.0021448,-0.035054,1.1094
-0.0020431,-0.037643,1.0811
-0.0030029,-0.034659,1.0514
8.9544e-05,-0.032084,1.0291
-0.00012282,-0.031682,1.0007
-0.0017183,-0.030624,0.97604
-0.00079954,-0.02974,0.94887
-0.0011818,-0.030862,0.92217
-0.0010417,-0.028104,0.90029
-0.0006211,-0.026331,0.87806
-0.0026135,-0.027591,0.86213
-0.0011174,-0.025444,0.84501
0.0023842,-0.021054,0.83161
0.00049941,-0.019027,0.81873
-0.0041238,-0.021172,0.80124
-0.0021344,-0.021969,0.7825
0.0019819,-0.018802,0.76766
0.00022171,-0.018582,0.75932
-0.0026901,-0.020133,0.7506
-0.0018408,-0.021297,0.74266
-0.00086863,-0.021926,0.73384
8.4589e-05,-0.018737,0.72139
0.00079507,-0.017684,0.71422
0.0014698,-0.019426,0.70833
0.00054367,-0.021191,0.70421
3.9815e-05,-0.019063,0.70078
-0.0040172,-0.013264,0.69922
-0.0057171,-0.012309,0.69721
-0.0021962,-0.012804,0.69595
0.0027782,-0.011761,0.6954
-0.0063886,-0.017643,0.68823
-0.011906,-0.020622,0.67991
-0.006478,-0.014276,0.68241
0.0045456,-0.0072689,0.68504
-0.0073617,-0.0072056,0.6974
-0.010705,-0.0098349,0.70839
-0.0069854,-0.0099441,0.72277
-0.0054563,-0.010943,0.7322
-0.0042723,-0.013436,0.74125
-0.0043696,-0.012294,0.75179
-0.0063463,-0.005908,0.76336
-0.0080089,-0.0063252,0.78274
-0.0068552,-0.0093252,0.80181
-0.0048679,-0.011602,0.81884
-0.0026566,-0.012695,0.8354
-0.0024518,-0.01387,0.84853
-0.00092719,-0.01152,0.86697
-0.0015664,-0.010899,0.88233
-0.00043275,-0.011335,0.89984
-0.0031556,-0.010024,0.92076
-0.0015692,-0.013764,0.93724
-0.0020461,-0.014468,0.95754
0.00021151,-0.015767,0.9712
-0.0014462,-0.01493,0.98637
-0.0031873,-0.011857,1.0031
-0.0028215,-0.010584,1.0222
-0.0040983,-0.012599,1.0417
-0.0049358,-0.014056,1.0578
-0.0047173,-0.013231,1.0723
-0.003536,-0.01284,1.0904
0.00038697,-0.0087893,1.1057
0.00058527,-0.0085275,1.1328
-0.0014432,-0.014862,1.1533
-0.0012429,-0.015282,1.1669
-0.0037041,-0.014937,1.1748
-0.0039672,-0.01365,1.1947
-0.0052581,-0.015015,1.2124
-0.0031529,-0.016692,1.2262
-0.0014503,-0.013584,1.2415
-2.1974e-05,-0.015712,1.2579
-0.0028243,-0.019015,1.2774
-0.0019992,-0.017313,1.2863
-0.0013439,-0.016602,1.3048
-0.0048718,-0.021119,1.3172
-0.00035197,-0.014502,1.3221
-0.0012719,-0.01259,1.3457
-0.00039178,-0.018449,1.3732
-0.0012645,-0.021347,1.3868
-0.002798,-0.019834,1.3963
-0.0037184,-0.018013,1.4042
-0.001438,-0.018435,1.4276
-0.00087024,-0.020173,1.4433
0.00020255,-0.020708,1.4566
-0.0015086,-0.02148,1.4708
-0.0034298,-0.024697,1.4736
-0.0048586,-0.027705,1.476
-0.0051342,-0.032923,1.4744
-0.0028748,-0.033925,1.4728
-0.0039934,-0.032654,1.468
-0.0026321,-0.032535,1.4695
-0.0039067,-0.032088,1.4678
-0.0050733,-0.033,1.4698
-0.0046952,-0.032855,1.4648
-0.0044059,-0.030664,1.4634
-0.0035228,-0.030481,1.4709
-0.0044379,-0.032393,1.4701
-0.005563,-0.033001,1.4677
-0.0061081,-0.033143,1.4627
-0.0071804,-0.031126,1.4536
-0.0079384,-0.032034,1.4583
-0.0079602,-0.031487,1.4564
-0.0071889,-0.032403,1.454
-0.0057638,-0.033332,1.4556
-0.0074603,-0.033834,1.4505
-0.0087967,-0.035384,1.4475
-0.0076231,-0.033905,1.4383
-0.0077817,-0.031485,1.439
-0.0056946,-0.032238,1.4391
-0.0045622,-0.03297,1.4362
-0.006565,-0.035614,1.437
-0.0083406,-0.033121,1.4281
-0.0097693,-0.033162,1.4269
-0.0085372,-0.032539,1.4257
-0.0070759,-0.031199,1.4198
-0.0046619,-0.031422,1.4169
-0.0030661,-0.031543,1.4231
-0.0042366,-0.033488,1.4171
-0.0050749,-0.031941,1.4103
-0.0074803,-0.030474,1.4073
-0.0091913,-0.031354,1.4041
-0.0080279,-0.03019,1.3978
-0.0067924,-0.032387,1.3918
-0.005009,-0.032378,1.3841
-0.0032613,-0.031279,1.3842
-0.0036581,-0.032445,1.38
-0.0052425,-0.031926,1.3755
-0.0074378,-0.028795,1.3708
-0.011939,-0.029294,1.3673
-0.010685,-0.029797,1.3735
-0.0086285,-0.029688,1.3685
-0.0046835,-0.030133,1.3656
-4.4585e-05,-0.031233,1.3646
0.002069,-0.032729,1.359
-0.00028289,-0.030528,1.3636
-0.0022002,-0.028753,1.3616
-0.0061295,-0.027037,1.363
-0.0093497,-0.026121,1.3674
-0.0086517,-0.027998,1.3722
-0.0078082,-0.028507,1.3734
-0.0064166,-0.029099,1.3771
-0.0062204,-0.027462,1.3788
-0.0060367,-0.027797,1.3842
-0.0081265,-0.02721,1.3897
-0.0087528,-0.026173,1.3912
-0.0098736,-0.027366,1.3982
-0.0096021,-0.030145,1.3948
-0.0087792,-0.027021,1.3977
-0.0093559,-0.02572,1.4037
-0.0075145,-0.029082,1.4081
-0.0081023,-0.029811,1.4052
-0.0080114,-0.030665,1.409
-0.0077877,-0.026128,1.4106
-0.0052177,-0.02913,1.4197
-0.0029535,-0.028447,1.4204
-0.0019841,-0.027986,1.4206
-0.0053371,-0.029808,1.4227
-0.0063413,-0.02936,1.4201
-0.0085508,-0.027864,1.4273
-0.0059297,-0.028645,1.4325
-0.0031574,-0.02788,1.4253
-0.00059388,-0.030112,1.423
-0.00033292,-0.030882,1.4238
-0.0018105,-0.031798,1.4244
-0.00058618,-0.032458,1.421
-0.0012837,-0.031743,1.4165
-0.0013232,-0.030329,1.4169
-0.0010486,-0.031441,1.4149
-0.00048981,-0.030867,1.4087
-0.00080179,-0.028013,1.4021
-0.0015647,-0.027051,1.4058
-0.0022716,-0.027579,1.4075
-0.0036745,-0.027143,1.4061
-0.0029911,-0.026285,1.4027
-0.0032009,-0.023979,1.4021
-0.0032298,-0.024984,1.4044
-0.0028937,-0.024374,1.3954
-0.0042799,-0.021833,1.4018
-0.0042669,-0.024333,1.4027
-0.0027406,-0.02587,1.3993
-0.0026048,-0.025914,1.3993
-0.0028586,-0.025265,1.3987
-0.0056331,-0.026846,1.4021
-0.0064054,-0.027856,1.3992
-0.007922,-0.028448,1.3999
-0.0064235,-0.027859,1.3957
-0.0048282,-0.028353,1.3921
-0.003827,-0.030262,1.3957
-0.003851,-0.030251,1.3884
-0.0050688,-0.028373,1.385
-0.0050537,-0.030204,1.3867
-0.0044641,-0.03287,1.3807
-0.0048094,-0.033472,1.3799
-0.0050018,-0.033281,1.3698
-0.0080779,-0.030608,1.3666
-0.0082304,-0.03094,1.3602
-0.0086831,-0.031686,1.3635
-0.0070659,-0.032228,1.363
-0.0052592,-0.032438,1.3542
-0.0052532,-0.033694,1.3489
-0.0054165,-0.032864,1.3425
-0.0080192,-0.034511,1.3434
-0.0086171,-0.03147,1.3374
-0.0099149,-0.031636,1.3329
-0.0085022,-0.031973,1.3354
-0.0081386,-0.033142,1.3234
-0.0081185,-0.029803,1.3238
-0.0071539,-0.030028,1.3209
-0.008235,-0.032284,1.3176
-0.0072331,-0.030519,1.313
-0.0078402,-0.029294,1.307
-0.007268,-0.030876,1.3062
-0.0090034,-0.029584,1.3021
-0.006719,-0.03018,1.2992
-0.0083463,-0.029261,1.2936
-0.00753,-0.029339,1.2868
-0.0071543,-0.028728,1.2899
-0.0061231,-0.027168,1.2828
-0.0073001,-0.030111,1.2829
-0.0060754,-0.028919,1.2761
-0.0082509,-0.027262,1.2715
-0.0068488,-0.028376,1.2704
-0.0065718,-0.028772,1.2632
-0.0063888,-0.029723,1.2577
-0.0070396,-0.030554,1.2544
-0.0068053,-0.029627,1.2494
-0.0078147,-0.028464,1.2405
-0.0065872,-0.030301,1.2305
-0.0066622,-0.029618,1.2219
-0.0070851,-0.029705,1.2141
-0.0073261,-0.029666,1.2053
-0.0079884,-0.029825,1.1978
-0.0069702,-0.02981,1.1849
-0.0060337,-0.028354,1.1747
-0.0057342,-0.02722,1.1634
-0.0055954,-0.027905,1.153
-0.006109,-0.02999,1.1372
-0.0032686,-0.030207,1.1175
-0.0018102,-0.030709,1.0963
-0.0082972,-0.026684,1.08
-0.0053684,-0.030492,1.0597
-0.0056421,-0.028858,1.0325
-0.0068965,-0.026593,1.0086
-0.0055987,-0.028124,0.98033
-0.0040723,-0.028598,0.95453
-0.0032168,-0.028088,0.92485
-0.0044396,-0.027253,0.89574
-0.0044519,-0.026068,0.86865
-0.0049663,-0.024469,0.83363
-0.007521,-0.022969,0.80803
-0.012734,-0.021387,0.78116
-0.019848,-0.022546,0.75537
-0.026565,-0.020437,0.72762
-0.031252,-0.020577,0.70617
-0.032469,-0.023638,0.67609
-0.036007,-0.023991,0.64171
-0.037865,-0.017288,0.62564
-0.041509,-0.012753,0.60739
-0.052051,-0.013394,0.56903
-0.04688,-0.017368,0.57048
-0.057264,-0.019422,0.53127
-0.052764,-0.015798,0.54682
-0.054364,-0.013492,0.54137
-0.072269,-0.011925,0.50867
-0.053998,-0.016944,0.53059
-0.057358,-0.016089,0.52279
-0.083357,-0.010555,0.4911
-0.059729,-0.0098263,0.51019
-0.091546,-0.010545,0.48252
-0.063198,-0.015928,0.49627
-0.05877,-0.014482,0.49074
-0.087756,-0.012013,0.47101
-0.051331,-0.012236,0.48099
-0.053923,-0.013056,0.47535
-0.08876,-0.0098572,0.46861
-0.057209,-0.0099759,0.47639
-0.090324,-0.0019109,0.48122
-0.050858,-0.0047648,0.4902
-0.054858,-0.010509,0.49491
-0.097239,-0.0087162,0.50323
-0.061151,-0.016709,0.50227
-0.094298,-0.010416,0.51366
-0.055855,-0.0066912,0.51201
-0.054123,-0.0044997,0.52532
-0.091131,-0.0013837,0.55499
-0.054181,-0.0086151,0.5491
-0.088277,-0.013087,0.57994
-0.057253,-0.012503,0.56889
-0.056393,-0.0071146,0.58185
-0.069466,-0.0033742,0.61768
-0.052817,-0.0041225,0.61357
-0.068471,-0.006705,0.65438
-0.059507,-0.0068374,0.64249
-0.053828,-0.0081003,0.65591
-0.064789,-0.010809,0.69865
-0.053189,-0.0096556,0.69323
-0.05744,-0.0099379,0.7283
-0.05192,-0.00509,0.73628
-0.046951,-0.0059946,0.77147
-0.032556,-0.0066898,0.78751
-0.026388,-0.0093089,0.81034
-0.027212,-0.011249,0.8354
-0.026662,-0.011747,0.85333
-0.025343,-0.013211,0.87597
-0.021622,-0.010929,0.89429
-0.017667,-0.011256,0.91637
-0.0081149,-0.011442,0.93582
4.667e-06,-0.012973,0.95869
0.0014558,-0.012141,0.97698
0.0029686,-0.012039,0.99736
-0.00025033,-0.011774,1.0136
-0.0031861,-0.012536,1.031
-0.0025011,-0.013277,1.0516
-0.00076092,-0.016069,1.0701
0.00069307,-0.016632,1.087
0.0012979,-0.018956,1.1045
-0.00091532,-0.015919,1.1213
-0.0017814,-0.016078,1.1394
-0.0036221,-0.016661,1.1556
-0.0020828,-0.017607,1.1678
-0.0008688,-0.016889,1.1882
-0.0014238,-0.017997,1.2034
-0.001567,-0.01955,1.2197
-0.00099004,-0.020619,1.2311
0.00051367,-0.019884,1.2428
0.0004,-0.018,1.2604
-0.0014959,-0.017651,1.2808
-0.0007293,-0.018535,1.2939
-0.0014276,-0.021518,1.3091
-0.0027385,-0.018996,1.3195
-0.0060542,-0.015543,1.3344
-0.0058956,-0.016037,1.3549
-0.004496,-0.018502,1.3683
-0.0050075,-0.020062,1.3802
-0.0040669,-0.016908,1.3929
-0.0033572,-0.016197,1.4097
-0.0033785,-0.016394,1.4237
-0.0058708,-0.017105,1.4364
-0.0033726,-0.016665,1.454
-0.007283,-0.018542,1.4717
-0.0035556,-0.020458,1.479
-0.0024304,-0.018073,1.5035
-0.0025536,-0.02276,1.5106
-0.0030561,-0.026204,1.5136
-0.0033855,-0.028671,1.5109
-0.0043789,-0.029633,1.5092
-0.0013046,-0.031406,1.5061
0.00035218,-0.032722,1.5028
0.0017742,-0.031341,1.5063
0.0014501,-0.030468,1.4996
0.0014757,-0.029843,1.5128
0.003635,-0.030854,1.5047
0.0033719,-0.030322,1.5038
0.0021026,-0.031195,1.503
0.0032472,-0.029909,1.5026
0.0036685,-0.029872,1.505
0.0035962,-0.029703,1.5022
0.0029083,-0.031198,1.4954
0.0014284,-0.029825,1.4928
-0.0033225,-0.028405,1.4873
-0.00026373,-0.02802,1.4933
-0.00061436,-0.030319,1.4912
0.0051938,-0.029798,1.4821
0.0045478,-0.0276,1.4839
0.0048806,-0.030117,1.4795
0.0041055,-0.029194,1.48
0.0029601,-0.029987,1.4698
0.0030656,-0.027408,1.4722
0.00064915,-0.028861,1.4759
0.0016353,-0.027115,1.4671
-2.4498e-05,-0.026321,1.4627
-0.00239,-0.026496,1.4616
-0.0022677,-0.029409,1.4583
-0.00011962,-0.030502,1.4558
0.0018363,-0.031146,1.4536
0.0013812,-0.030075,1.4515
0.0027062,-0.030017,1.4496
0.0038247,-0.029815,1.4428
0.0030211,-0.030835,1.4465
0.0018852,-0.032415,1.4425
0.00071818,-0.031252,1.4394
0.00066771,-0.031284,1.4346
-0.00061273,-0.030142,1.4346
-0.00077067,-0.032216,1.4329
0.0009457,-0.033515,1.4311
0.0011516,-0.032331,1.4276
0.0028173,-0.031813,1.4219
0.0041749,-0.030328,1.4198
0.0022029,-0.029649,1.4163
0.0013268,-0.032578,1.4214
0.00274,-0.031018,1.4081
0.00024612,-0.029597,1.4042
0.0005876,-0.029023,1.4036
0.00096782,-0.032616,1.4016
0.0015275,-0.030807,1.3979
0.0012333,-0.030986,1.3971
0.0017071,-0.031038,1.3934
0.0017669,-0.031649,1.3841
0.002254,-0.031732,1.3836
0.0015651,-0.029037,1.3788
-0.0016697,-0.030145,1.3765
-0.00015772,-0.031654,1.3727
-0.0015939,-0.029677,1.3696
0.00035307,-0.030911,1.371
0.0003945,-0.03097,1.3661
0.0012701,-0.02745,1.3648
-0.00083174,-0.030172,1.3649
-0.00069684,-0.029776,1.3624
-0.0016693,-0.032107,1.3658
-0.0021944,-0.029195,1.3603
-0.00067779,-0.030486,1.3598
-0.00022962,-0.028641,1.3592
7.8458e-05,-0.030227,1.3562
0.00068477,-0.031204,1.3605
0.00056202,-0.029956,1.3556
5.405e-05,-0.028765,1.3562
-0.0025695,-0.03038,1.3553
-0.00066886,-0.032269,1.3522
-0.00016206,-0.030442,1.3543
0.0021812,-0.032851,1.3531
0.0018232,-0.031611,1.3507
0.003899,-0.032141,1.3527
0.0022072,-0.033648,1.3496
0.0016409,-0.033158,1.3503
0.0022439,-0.031732,1.347
0.00015338,-0.030472,1.3465
0.0010154,-0.032218,1.3467
0.00070885,-0.03098,1.3406
0.00068937,-0.031912,1.3415
0.0024282,-0.031548,1.3382
0.00011967,-0.030744,1.3309
0.0019482,-0.030657,1.3272
-0.00077847,-0.029839,1.3317
0.0018871,-0.031159,1.3241
0.0014038,-0.031384,1.3205
0.0017157,-0.031567,1.3165
0.0029881,-0.030729,1.3117
0.0023278,-0.031104,1.3116
0.00066202,-0.030746,1.3073
2.9601e-05,-0.031462,1.3064
-7.5766e-05,-0.030873,1.2983
-0.0057122,-0.030343,1.2977
-0.0030097,-0.029754,1.2972
-0.0045852,-0.02994,1.2969
-0.00241,-0.030254,1.2909
-0.002615,-0.03118,1.2882
-0.00099351,-0.027089,1.2782
-0.0055485,-0.02675,1.2828
-0.0039852,-0.027015,1.2769
-0.0036106,-0.028187,1.2738
-0.0045945,-0.026968,1.2688
-0.0036323,-0.026511,1.2723
-0.0031424,-0.028379,1.2695
-0.0024051,-0.028281,1.2634
-0.0039765,-0.027316,1.2608
-0.0012763,-0.027827,1.2549
-0.0011517,-0.026938,1.2583
-0.00049817,-0.026684,1.2513
-0.0011453,-0.028969,1.252
-0.0017585,-0.030258,1.2438
-0.0033612,-0.02806,1.2381
-0.005093,-0.028845,1.2421
-0.0044341,-0.028785,1.2361
-0.0043904,-0.027707,1.2319
-0.0016761,-0.028627,1.2272
-0.0019735,-0.029791,1.2141
0.003174,-0.031351,1.2025
0.0066136,-0.029409,1.1791
0.00049354,-0.026247,1.1642
0.001137,-0.030536,1.1503
0.00162,-0.030867,1.1223
0.0013558,-0.02831,1.1076
0.0039426,-0.02738,1.099
0.0056998,-0.024573,1.095
0.0059687,-0.020901,1.0957
0.0050568,-0.021351,1.0978
0.0012611,-0.021102,1.0959
-0.0003524,-0.02179,1.0854
0.0016278,-0.021006,1.0827
0.00029137,-0.022068,1.079
0.0019773,-0.024358,1.0776
0.002453,-0.02428,1.074
0.001806,-0.022259,1.069
0.0023026,-0.023804,1.0635
0.0030883,-0.02427,1.0625
0.0026537,-0.023409,1.0538
-0.00038687,-0.020717,1.0536
-0.0029847,-0.017582,1.0561
-0.0039773,-0.019178,1.0624
-0.0040522,-0.018169,1.0667
-0.0046273,-0.019497,1.0744
-0.0045281,-0.021441,1.0778
-0.0049407,-0.021535,1.0818
-0.0065184,-0.020949,1.0898
-0.0073944,-0.021331,1.0953
-0.0065885,-0.022648,1.0991
-0.0053431,-0.020785,1.1057
-0.0029309,-0.020455,1.1117
-0.00029627,-0.019264,1.1217
0.0013897,-0.018907,1.1271
0.0037155,-0.020857,1.1356
0.0039705,-0.019665,1.1377
0.0045346,-0.018529,1.1453
0.0057565,-0.018418,1.1526
0.0082857,-0.020525,1.1628
0.0081071,-0.019156,1.1666
0.0075383,-0.019085,1.177
0.004557,-0.019139,1.1829
0.0050717,-0.020997,1.1913
0.0024228,-0.020351,1.2035
-0.0010528,-0.021412,1.2093
-0.0020139,-0.02029,1.2194
0.002452,-0.019119,1.2282
0.001103,-0.022448,1.2355
0.0038847,-0.020914,1.2462
0.0066524,-0.01642,1.2575
0.0052937,-0.02024,1.272
0.005756,-0.019503,1.2807
0.0047066,-0.019169,1.2941
0.0049704,-0.023813,1.3015
0.0041315,-0.021646,1.3091
0.0021498,-0.020459,1.3261
-4.7596e-05,-0.021714,1.3356
-0.00057221,-0.023612,1.3423
-0.004888,-0.023342,1.3601
-0.0053387,-0.02405,1.3661
-0.0046589,-0.020435,1.3734
-0.0040934,-0.021708,1.3833
-0.0010473,-0.023795,1.388
-0.0022383,-0.021061,1.4045
-0.0018524,-0.021994,1.4132
-0.0012372,-0.023881,1.423
5.208e-05,-0.025597,1.4284
-0.0008487,-0.026155,1.4362
0.00058485,-0.027488,1.4431
-0.00043194,-0.028147,1.4412
0.001533,-0.030588,1.443
-0.00083583,-0.030242,1.4404
0.0004923,-0.031825,1.4401
-0.001454,-0.030315,1.4379
-0.00083689,-0.03162,1.4365
-0.0013707,-0.030149,1.4366
-0.00096303,-0.029421,1.4341
9.4813e-05,-0.03033,1.4409
-0.00082855,-0.031834,1.4336
0.0001021,-0.032715,1.4323
-0.0014215,-0.033235,1.4278
-0.00036045,-0.033737,1.4225
-0.00088735,-0.032998,1.4245
0.00032283,-0.033516,1.4187
0.0013996,-0.030578,1.4142
0.0023413,-0.030647,1.4138
0.0013797,-0.032084,1.4119
0.00059467,-0.033695,1.4107
-0.0020079,-0.030931,1.4009
-0.0029091,-0.028566,1.3941
-0.002212,-0.031523,1.393
-0.0011776,-0.032162,1.3936
-0.0011818,-0.032048,1.3927
0.00053813,-0.032682,1.3862
8.5086e-05,-0.032954,1.3802
0.00050343,-0.030768,1.3756
-0.00068248,-0.030877,1.3746
-0.00058069,-0.031016,1.3721
-0.00090516,-0.032344,1.3668
-0.00071747,-0.032405,1.3652
-0.00065562,-0.031943,1.3564
0.0010721,-0.032378,1.3588
0.00074998,-0.033684,1.3528
0.0020397,-0.032222,1.3463
0.0022273,-0.032503,1.3433
0.0039235,-0.032721,1.3385
0.0019614,-0.030927,1.3403
0.0016741,-0.032591,1.3344
0.001515,-0.031661,1.3255
0.0011116,-0.030464,1.3164
0.0041823,-0.032213,1.2999
0.0035615,-0.034323,1.2811
0.0056782,-0.035448,1.2593
0.003137,-0.037132,1.2353
0.003074,-0.038028,1.208
0.0033503,-0.034563,1.1778
0.0060203,-0.037454,1.1564
0.0037535,-0.037466,1.1256
0.0045489,-0.034757,1.0943
0.0017046,-0.033918,1.0623
0.0019594,-0.034434,1.0366
0.00034702,-0.033383,1.0004
0.0029679,-0.031756,0.97107
0.0044416,-0.032712,0.93859
0.0029183,-0.031725,0.90245
0.0021027,-0.029909,0.87262
0.0031242,-0.027513,0.83994
0.0011414,-0.02739,0.80758
0.00053866,-0.027206,0.78627
0.0012379,-0.024071,0.7739
0.0023582,-0.021397,0.77396
0.0052054,-0.018792,0.77226
0.0086605,-0.017341,0.77052
0.0087825,-0.017271,0.76883
0.005322,-0.017436,0.76234
0.00054132,-0.018254,0.76388
0.0025648,-0.018341,0.75728
0.0019312,-0.01667,0.75455
-0.00021941,-0.016209,0.75144
-0.0019185,-0.015578,0.74781
-0.0050095,-0.014202,0.74549
-0.0033533,-0.015809,0.74266
-0.0058992,-0.015115,0.73705
-0.0035446,-0.015549,0.73688
-0.0081432,-0.011256,0.74121
-0.0044241,-0.011366,0.74596
-0.0055131,-0.012022,0.75348
-0.0039461,-0.013173,0.75669
-0.0066644,-0.011992,0.76067
-0.0051144,-0.013675,0.7663
-0.003675,-0.012782,0.76754
0.00077974,-0.010549,0.77317
-0.00090846,-0.0077977,0.78223
-0.0089565,-0.01086,0.79006
-0.0033503,-0.017045,0.79721
0.002083,-0.016184,0.79491
-0.001174,-0.013765,0.79535
-0.004269,-0.009647,0.8011
-0.0031251,-0.011425,0.807
-0.00077034,-0.015031,0.81939
0.0026755,-0.015621,0.82256
0.0046735,-0.013933,0.8282
0.00040581,-0.01514,0.83164
-0.0033334,-0.015552,0.83672
-0.0013997,-0.012783,0.84465
0.0003923,-0.010325,0.85357
-0.00063086,-0.012221,0.86762
-0.0023356,-0.015507,0.87551
-0.0014266,-0.016144,0.88498
-0.00028338,-0.015127,0.89304
0.0032489,-0.015829,0.902
0.0033719,-0.016788,0.90982
0.0038388,-0.018974,0.91885
1.6518e-05,-0.018526,0.92531
-0.0011734,-0.018154,0.93255
-0.0024557,-0.018934,0.93516
-0.0027563,-0.022556,0.93822
-0.0038224,-0.021902,0.93604
-0.0056856,-0.019682,0.93613
-0.0078363,-0.019659,0.93552
-0.0086528,-0.020258,0.93386
-0.0087514,-0.019823,0.93401
-0.0087712,-0.020641,0.93245
-0.0082074,-0.021907,0.9333
-0.0068762,-0.022413,0.92736
-0.0076166,-0.021832,0.92451
-0.0066531,-0.021256,0.9217
-0.0052455,-0.020951,0.9188
-0.004882,-0.021416,0.9154
-0.0063772,-0.020591,0.91119
-0.0070271,-0.020708,0.89908
-0.0060211,-0.022152,0.88297
-0.0070696,-0.023617,0.86056
-0.009398,-0.022772,0.84368
-0.0071833,-0.020448,0.83035
-0.0050954,-0.019107,0.82651
-0.0054324,-0.01924,0.82484
-0.0049791,-0.017467,0.82425
-0.0035192,-0.016973,0.82016
-0.0033595,-0.019344,0.81491
-0.0023169,-0.020246,0.81205
-0.0024455,-0.018964,0.80793
-0.00095789,-0.020423,0.80872
-0.0015856,-0.021074,0.80346
-0.0011515,-0.020776,0.79931
-0.0027655,-0.020428,0.79744
-0.0020868,-0.01973,0.79602
-0.0011821,-0.018428,0.7983
-0.00050157,-0.017575,0.80058
