0.00012981,-0.00068704,-0.00071973
0.00012879,-0.00067904,-0.00071133
0.00012995,-0.00068254,-0.00071498
0.00013045,-0.00068258,-0.00071501
0.0001313,-0.00068439,-0.0007169
0.00013129,-0.00068173,-0.00071409
0.000132,-0.00068287,-0.00071527
0.00013234,-0.00068205,-0.0007144
0.00013284,-0.00068207,-0.00071441
0.00013332,-0.00068196,-0.00071428
0.00013386,-0.00068219,-0.00071451
0.0001095,-0.00064834,-0.00057752
0.00032832,-0.00094406,-0.0017819
-5.3032e-05,-0.00044944,0.00027269
-0.00032325,-0.00059539,0.00057202
-0.00039746,-0.00049048,0.00034102
0.00092661,-0.00068657,-0.0002433
0.0010446,-0.00048502,0.00025096
-0.00059379,-0.00081722,-0.00059897
-0.00012632,-0.00072324,-0.00023468
0.00077414,-0.00090657,-1.3468e-05
-0.00033074,-0.00083371,-0.00025774
-0.0021618,-0.00072388,0.00089348
-0.00019877,-0.00089899,0.00064707
0.0013832,-0.00080286,0.00060276
0.00080719,-0.00098485,0.0005092
7.86e-06,-0.00074914,-0.00041146
-0.00055019,-0.00066159,0.00047943
-0.00025661,-0.00064738,0.00024975
-7.2471e-05,-0.00049308,0.00075845
5.0363e-06,-0.0005946,-6.6763e-05
-0.00049671,-0.00020388,0.00088469
-0.0012056,8.5474e-05,-0.00010813
-0.00094384,0.00014553,-0.00045036
0.00041546,5.5033e-05,-0.00080254
9.433e-05,0.00010529,-0.00083046
-0.0015071,0.00045892,-0.0029446
-0.0031354,0.0015759,-0.00021227
-0.0027499,0.0017303,-0.00051281
-0.003312,0.001746,-0.00022724
-0.0021198,0.0012834,0.00034485
0.0017145,0.0014759,0.0016606
0.0023038,0.0010815,-0.00050427
0.00017418,0.00081648,-0.0011511
0.00046526,4.5401e-05,0.00096888
0.00072065,-0.00073342,0.00066035
6.1595e-05,-0.0015351,-0.00016788
-0.0015095,-0.0015406,-3.7006e-06
-0.00037516,-0.00096838,8.8258e-06
0.00026331,-0.00083356,-0.0009631
0.00012518,-0.00071123,-0.00039494
0.00055384,-0.00016857,0.00063472
0.00098393,-0.00020824,0.001275
-0.00093005,-0.00035909,0.00043732
-0.002186,-0.00024769,4.5407e-05
0.0014466,-0.00028661,-0.00046787
0.0016841,-5.5993e-05,-0.0015415
-0.00016468,-7.9195e-05,-0.0021598
-0.00025919,6.3342e-05,-0.001804
-0.00048013,0.00020707,-0.0016443
-0.00094012,0.00095855,-0.00039138
-0.00061335,0.0020611,-0.0016564
0.00073567,0.0026532,0.00057788
0.0055114,0.0023787,0.0034408
0.0016749,0.0024647,-0.00057064
-0.0039073,0.0028706,0.00071706
-0.0019766,0.0032954,-8.3531e-05
0.0021902,0.0040183,-0.00043158
0.0025233,0.0034889,0.0009006
0.0038329,0.0034119,0.0014323
0.0010534,0.0032949,0.00086659
-0.0019412,0.0036146,0.00017025
-0.0009421,0.0038276,-0.0011116
0.0022713,0.003694,0.00037568
0.0025383,0.0033083,0.00038281
0.00036179,0.0032639,-7.7738e-05
-0.0012609,0.0028621,0.0013097
-0.0013502,0.0027846,0.0007103
-0.0018836,0.0027377,0.00075176
-0.0011849,0.0024412,0.0010844
0.0021351,0.0022864,0.0013849
0.0035503,0.0022162,0.0016227
0.0031413,0.0020737,-0.00020536
0.0010205,0.00163,-9.7254e-05
-0.00061888,0.00060318,-8.9987e-05
-0.0020047,-0.00075884,-0.00029584
-0.0016253,-0.0013749,0.00060612
-0.00063654,-0.0020044,-0.00031026
-0.00058356,-0.0024634,-0.00017309
2.972e-05,-0.0031064,-0.00048075
0.00033368,-0.0037595,-0.0014465
-0.00018081,-0.0039119,-0.00014643
-0.0010949,-0.0040516,-0.00068011
-0.0008042,-0.0043291,-0.00020764
-0.00073065,-0.004455,-0.0001708
-0.00017441,-0.0047915,-0.00038643
9.1294e-06,-0.0049394,-0.00083083
0.00030582,-0.0049568,-0.00051332
0.00060959,-0.0046465,-0.00088446
0.00031866,-0.0036881,-0.0018364
-0.00018812,-0.0021205,-0.0023444
0.00028771,-0.00096553,-0.00095289
-0.00041062,-0.0010865,-0.0021285
-0.0011641,-0.0010143,-0.0014047
3.8621e-05,-0.00075482,-3.8571e-05
-0.0016949,-0.00087621,-0.0032575
-0.0029215,-0.00064414,-0.0016025
-0.00049678,-0.00078844,0.0010309
0.0019161,-0.00049772,0.00027259
-0.00068779,-0.00074732,0.0027272
-0.0019201,-0.0010608,0.0023727
-0.0018477,-0.00034008,0.0028116
-0.0018322,-0.00034655,0.0017839
0.001987,8.0157e-05,0.0043528
0.0017124,-3.0358e-05,0.0026388
3.7427e-05,0.00017765,0.0015866
-0.00041729,0.00026882,5.2373e-05
-0.00178,0.00069305,-0.0003481
-0.0017593,0.00069617,-0.0025978
0.00079914,0.00058186,-7.8709e-05
0.0026075,0.00043021,-0.00032532
0.0020683,0.00043598,-0.00017505
0.0041249,0.00027072,0.0012458
0.0034883,0.00052678,-0.00011711
0.0011231,0.00017712,0.0002357
-0.00038538,-9.3667e-05,0.00017698
-0.00034974,3.1814e-05,-0.0006429
-0.0012189,-0.00025322,-0.00080198
-0.00056788,-0.00025729,-0.00046488
0.00025291,-0.0005395,-0.0002709
-0.00017359,-0.00064045,-0.0003187
-0.0010976,-0.00069326,0.00056895
-0.00031013,-0.00066297,-0.00086654
0.00093844,-0.00060283,-0.00029797
0.0011002,-0.0008121,-0.00046012
-1.4016e-05,-0.00061515,-0.0008384
0.00068533,-0.00065222,0.00030749
0.0012047,-0.00079913,-0.00027535
-0.00015724,-0.00061969,-0.00017279
-0.0014208,-0.00073502,-0.00032354
-0.00046372,-0.00074632,-6.4761e-05
-0.0002993,-0.0006442,-0.00035744
-0.00035651,-0.0007249,-0.00043047
0.00078081,-0.00059386,-0.00022584
0.00067088,-0.00043343,-0.001046
-0.00051152,-0.00041377,-0.00019046
0.0009035,-0.00032789,5.9012e-05
0.0018909,-5.5496e-05,0.0012736
-0.00033036,-0.00028046,0.0029602
-0.0032356,-0.00032503,0.0001318
-0.0051546,-0.00014657,0.0003389
0.00076521,-0.00018981,-0.00035154
0.0030764,0.00027994,-0.0017285
0.0022163,-0.00027512,-0.00033694
-8.3371e-05,-0.00017359,0.00042317
-0.0016461,6.2191e-05,-5.3693e-06
-0.0019952,0.00014044,-5.4869e-05
-0.00095521,0.00060313,0.00061607
0.00045945,0.0013396,-4.4444e-05
0.0016912,0.0013917,0.0013552
0.0014181,0.0012628,2.4231e-05
0.00080746,0.0013614,0.00088354
-0.00087526,0.0012365,-0.00012067
-0.0020223,0.0013739,0.00034201
-0.00042816,0.0011585,-0.00069408
0.0001823,0.001089,0.00020671
-0.0003103,0.00099119,-0.0003804
-0.0004293,0.0011165,-0.00025541
0.00033475,0.00077083,8.8314e-06
-0.00011597,0.00089697,-4.4861e-05
-0.00016808,0.00056118,0.0011827
-0.00058734,0.00021417,0.00017117
-0.0013801,-0.00032203,0.00048639
3.7115e-05,-0.00068941,-0.00024306
0.00098548,-0.00036541,-0.00028865
0.00089486,-0.00043071,-0.00031499
0.00019656,-0.00055785,6.295e-05
-6.6334e-05,-0.0011167,0.00055499
-0.0007432,-0.0015925,0.0003904
-0.0014443,-0.0019762,0.0010736
-0.002153,-0.0022183,-0.00019461
-0.00011591,-0.002242,-0.0002085
0.00064087,-0.0026798,-0.000386
-3.4213e-05,-0.0027335,-7.7371e-05
-0.00065595,-0.0028578,-0.0005541
2.5775e-05,-0.0029869,-0.00035806
0.00069428,-0.0030592,3.239e-05
0.00047613,-0.0032284,0.00019076
0.00020956,-0.0031088,-0.0012064
0.00087732,-0.0029935,-0.0003211
-0.00011181,-0.0023616,-0.0019323
-0.00018249,-0.000823,-0.0007973
-0.0011658,0.00020624,-1.0274e-05
-0.00084085,0.00049675,-5.5925e-05
0.00056132,0.00031728,0.00017759
0.0019227,0.00034383,-0.00055469
0.0021726,0.00085346,-0.00011077
0.0013474,0.0011423,-8.0644e-05
0.00045722,0.0014806,-0.0007446
0.00023767,0.0017005,0.00055837
-1.7093e-05,0.0018495,0.00018448
4.6307e-05,0.0020462,-7.9635e-05
0.00025952,0.0021078,0.00024498
-0.00027998,0.0028766,-0.00010541
-0.00055879,0.0032116,0.00093148
-0.00049694,0.0028905,0.0010555
-0.00022744,0.0029996,0.00028363
0.00027695,0.0029618,0.00038497
0.00043976,0.0028809,0.00021003
0.00090478,0.0029575,-0.00097328
0.00065968,0.0028705,7.2488e-05
-0.00092419,0.0028399,-2.893e-05
-0.00068211,0.002566,-0.00051328
0.00015062,0.0023052,0.00026177
0.0011966,0.0023018,0.0001596
0.0025817,0.0017435,-0.00018171
0.0015408,0.00096552,0.00073296
0.00083005,0.00019141,7.6404e-05
0.00022285,0.00017811,0.00075966
0.00017626,0.00017508,-0.00091161
0.00069211,0.0003069,-0.00083381
0.0019908,0.00022925,0.00068098
0.0018023,0.00039939,0.0037712
0.00095257,0.00034272,0.0033028
-0.0030803,0.00057952,-0.0016234
-0.0060849,0.00062545,-0.0044087
-0.0047101,0.00082503,0.0002282
0.0019062,0.001896,0.0014849
0.006355,0.0039832,-0.0010644
0.0045695,0.0039658,-0.0020765
-0.00015524,0.0032024,-0.001468
-0.0026114,0.0032359,0.0012906
-0.003185,0.0029075,0.0029653
-0.0018115,0.0026883,0.0024342
-0.00056705,0.0031763,0.00020327
0.0019954,0.0025613,-0.0021772
0.0023221,0.0023678,-0.00037903
0.00040169,0.0025975,-0.00031046
-0.0019357,0.0029054,-0.00098263
-0.0019545,0.003287,-0.0016076
-5.8688e-05,0.0027646,-0.00054921
0.0007463,0.0026635,0.00016735
0.00034237,0.0026012,0.0016207
-0.00057438,0.0018135,0.0029815
-0.00012504,0.00091258,0.0014629
6.5657e-06,0.00057901,0.00075378
-8.2043e-05,0.00051156,0.00011531
-0.0004337,-2.5167e-05,-2.8008e-07
-0.00059984,-0.00054418,-0.00058508
0.00073123,-0.001119,0.00040837
0.00085996,-0.0015897,-7.8837e-05
0.000958,-0.0016315,-0.00073577
0.00011515,-0.0014321,-0.0010876
0.00013158,-0.0015973,-0.0011177
-0.00044987,-0.0022245,-0.00050215
-0.001453,-0.0027597,0.00012514
-0.0023113,-0.0041235,0.0013023
-0.0020085,-0.0047509,0.0011268
-0.0013898,-0.0047636,0.00044545
-0.00058922,-0.0047382,0.00040171
-0.00069494,-0.0045403,0.00047088
-0.00021914,-0.0046844,0.0010051
0.00028892,-0.0041287,0.00040221
0.00010172,-0.0039699,-0.00042738
-7.1466e-05,-0.0038332,-0.00033418
-0.00014098,-0.0037931,0.00024732
0.00075153,-0.004204,0.00086973
0.0014112,-0.0049298,-0.0011591
0.0018832,-0.0063114,-0.0016369
0.00181,-0.0081686,-0.00088845
0.0010369,-0.010269,8.6225e-05
0.00031771,-0.01338,-0.00044956
-0.00082836,-0.016337,-0.0009148
-0.00071021,-0.019636,-0.002626
0.00013758,-0.022386,-0.0017194
0.00019068,-0.025305,-0.0014806
-0.000231,-0.027744,-0.0015446
-0.00093939,-0.030622,-0.0012851
-0.0015333,-0.034084,0.00032643
-0.0015211,-0.036749,9.222e-05
-0.0022382,-0.038573,-0.0009503
-0.0021319,-0.040492,-0.0011421
-0.0017262,-0.04206,-0.00029099
-0.0014604,-0.043594,0.00045752
-0.00080662,-0.045787,0.00046798
-0.00078206,-0.047894,0.00074518
-0.00099635,-0.049641,0.0012997
-0.0015165,-0.051436,0.00057492
-0.00070998,-0.052672,-0.0016422
-0.00011064,-0.054411,0.00083655
-0.0019086,-0.056552,0.0024992
-0.0037616,-0.059601,0.0047407
-0.0031446,-0.06213,0.0026043
-0.0031071,-0.063141,-0.0020297
-0.0037225,-0.062567,-0.0068306
-0.0025086,-0.062839,-0.0053447
-0.0011734,-0.063083,-0.0026705
-0.0019945,-0.062238,-0.00085051
-0.003402,-0.061714,-0.00012059
-0.0039199,-0.061388,-0.00097402
-0.0034258,-0.063108,-8.6696e-05
-0.0036703,-0.064346,-0.0028008
-0.0052573,-0.064954,-0.0012598
-0.0067095,-0.065926,-0.0018137
-0.0068559,-0.067257,-0.001661
-0.0066384,-0.067162,-0.0021951
-0.0062866,-0.066874,-0.0007235
-0.0048625,-0.066493,-0.00054025
-0.0029934,-0.065225,-0.0010239
-0.0013825,-0.064229,-0.001076
-0.00095566,-0.061987,-0.0018233
-0.0012,-0.059777,-0.0018601
-0.0014603,-0.055526,-0.0019913
-0.0026073,-0.050756,-0.0021901
-0.0035584,-0.048306,0.00087015
-0.0047077,-0.049894,0.0048756
-0.0051502,-0.050689,0.0030737
-0.0030835,-0.049006,-1.8639e-05
0.001007,-0.047389,-0.0034685
0.0026031,-0.045647,-0.0015951
0.0031402,-0.043964,-0.0038428
0.0025656,-0.042741,-0.0016267
-0.0013964,-0.041595,-0.0029704
-0.0010048,-0.042404,-0.004332
-0.00051031,-0.042003,-0.0011574
-0.0018707,-0.04218,0.0013723
-0.002355,-0.04161,0.0030205
-0.0038677,-0.04013,-0.00071266
-0.0029621,-0.0388,0.0022565
-0.0024377,-0.037544,-0.0012333
0.0024698,-0.035274,-0.0013338
0.0015357,-0.033861,-0.0011612
-0.0016544,-0.031955,-0.0010442
-0.001535,-0.031006,-0.0019441
-0.00071548,-0.029053,-0.0014449
-0.0002466,-0.026758,0.00043034
-0.0027032,-0.024971,-0.0033446
-0.0018996,-0.023424,-0.0017954
-0.00032703,-0.020453,-0.002703
0.0016763,-0.016601,-0.004818
0.00053249,-0.012493,-0.0051438
-0.0018912,-0.0078454,-0.0047082
-0.0021512,-0.0038089,-0.0034346
0.0015658,-0.00036173,-0.0019486
0.0013513,0.0019771,-0.0022905
-0.00083248,0.0024567,-0.00056111
-0.00094177,0.0026304,-0.00099765
-0.00054493,0.0038603,-0.00037607
-0.0015092,0.0052675,-0.0015188
-0.0020957,0.0057111,-0.00040722
-0.0015486,0.0053252,-0.0005185
-0.00020359,0.0050038,-0.00023263
0.00086132,0.0051734,-0.0010684
0.00085849,0.0054964,-0.0016279
0.00083258,0.0054646,-0.00067137
-0.00241,0.00533,-0.00051062
-0.0031162,0.0048548,0.00056708
0.00012876,0.0045081,0.00086528
0.00082203,0.0037122,0.0012358
0.00064703,0.0030196,0.00025302
0.0034032,0.0025834,0.00023559
0.002582,0.0023665,-0.0002791
-0.0022288,0.0023916,-0.0010454
-0.0023058,0.0019234,0.0011174
0.00031828,0.00086976,0.00016137
-0.00037317,0.00015395,0.0012448
-1.6184e-05,-0.0002352,0.00026191
0.0014967,-0.0004524,0.0017824
0.0017938,-0.00083509,0.0013697
-0.00054403,-0.0010764,0.0015682
-0.0034711,-0.00079347,0.00044097
-0.00088561,-0.0010935,-0.0011509
-0.00073167,-0.00078176,-0.001287
0.0002714,-0.00073145,-0.0018221
0.00049429,-0.00055239,-0.0015921
0.0012489,-0.00026911,0.00028213
0.0018289,-0.00023854,-8.8547e-05
-0.00061726,-7.1171e-05,0.0011028
-0.0010014,-0.00030965,-0.00022159
-0.0007896,-0.00010517,0.00014986
-0.00076739,9.8729e-06,-0.001099
-0.00015326,0.00020316,0.00082653
0.0016846,-0.00018565,-0.00057091
-0.0011037,-8.0241e-05,0.0016685
-0.001604,4.0037e-05,0.00036826
0.00057862,-3.6542e-05,0.00029015
0.0026935,-0.00011639,0.0005201
0.00041508,0.00011196,0.0001845
-0.0012065,-3.5175e-05,-0.00065132
0.00214,-7.304e-05,0.00021305
-0.0010813,-0.00012378,-0.00091886
-0.0025785,0.00034797,-0.0011446
0.00032072,5.3206e-05,-0.00028995
0.00010682,-7.2614e-05,0.00099603
0.0010339,-0.00011201,0.00037802
-0.0021118,0.00048629,0.00055481
-0.0027596,0.00086429,-0.00062762
-0.00036809,0.0010649,-0.0010735
0.00020689,0.0011014,-0.00068115
-0.00056426,0.00085336,-0.0011511
0.00050568,0.0010185,0.00016317
0.0011601,0.00077123,0.00095617
0.0003167,0.00055261,0.000677
-0.00066768,0.00051844,-0.00012339
0.00069025,0.00079848,-0.00012806
-0.00097958,0.0006122,-0.00021204
-0.0015924,0.00076217,-0.00024845
-0.00079213,0.0011809,8.3461e-05
0.0015816,0.0019399,-8.8501e-05
0.00097773,0.0019018,-0.00029634
-0.0014662,0.0021004,0.00064007
-0.0018563,0.0020127,0.00086933
0.0010319,0.0021034,0.0011051
5.4485e-05,0.0019871,0.00014852
-0.0015175,0.0021044,0.00023319
-0.0014295,0.0021644,8.25e-05
-0.001284,0.0021992,0.0008077
0.00094491,0.0016556,0.00025771
-5.4822e-05,0.0016337,0.00094242
-0.0029801,0.0012228,-0.00087886
-8.852e-06,0.00052519,0.00043007
0.0019364,-6.8395e-05,-0.00031401
0.00067098,-0.00014069,-0.00072825
-0.00026263,-0.00021716,0.000945
8.1593e-05,-0.00023534,9.1917e-05
-0.00099335,-0.00039181,-0.00044488
-0.0018122,-0.00059384,0.00044815
-0.0010274,-0.00045264,-0.00063188
0.00084218,-0.00047645,-0.0011964
0.0010574,-0.00044654,0.00061
0.00099574,-0.00069537,0.00037211
-0.00012092,-0.00045253,-0.00092857
-0.0010736,-0.00044704,0.00077995
-0.00062895,-0.00048631,-0.00025269
-0.00022123,-0.00035927,0.00030219
-0.00033418,-0.00069821,0.00023928
0.00041918,-0.00064387,-0.0014633
0.0023439,-0.00043198,0.00097378
0.0022283,-0.00034088,0.0029747
0.00098288,-0.00050004,0.0013947
-0.00032527,0.00011296,-0.0011571
0.00037844,-0.00030654,0.00021323
0.0018348,-0.00028158,0.0022169
0.00064403,8.5804e-06,0.00057765
-0.00064693,0.00042694,-0.00031685
-0.00091193,0.00062244,6.3279e-05
0.00050802,0.00050592,0.00075911
0.00095617,0.00046008,0.0013591
0.0010676,0.00035677,0.0011736
0.0020374,5.697e-05,0.0014564
0.0022242,0.00027403,0.00049204
0.0022745,0.00060031,0.0010622
0.0022091,0.00044186,-0.0015038
0.0014679,0.00049883,-0.0018137
-0.0011597,0.00044188,0.00091941
-0.0028146,0.00030777,0.0031973
0.00015965,0.00044922,-0.0037077
0.0021862,0.00046255,-0.005848
0.0044815,-0.00036164,-0.002732
0.0082742,-0.00053758,0.0039932
0.0018961,-3.4931e-05,-0.003862
-0.0022286,-0.00059733,-0.0050925
-0.0032995,-0.00066049,-0.0028547
-0.0029704,-0.0015411,-0.0017573
-0.0012733,-0.0018919,-9.4759e-05
0.00072984,-0.0029185,-0.00020245
0.0020061,-0.0036239,-0.00089991
-0.00015986,-0.0030296,-0.0020027
-0.0033605,-0.003255,-0.0013673
-0.005002,-0.0033937,8.277e-05
-0.0028123,-0.0032954,0.0015897
-0.0006684,-0.0037179,0.0013528
0.0013306,-0.003773,0.0017186
0.0024763,-0.0042133,0.001336
0.00099605,-0.0038918,0.0021123
-0.00038854,-0.0040881,0.0011506
-0.0022095,-0.0038996,0.0014509
-0.0024016,-0.0043285,0.0013019
0.00015631,-0.0041381,0.0029589
0.0019019,-0.0045402,0.0014365
0.0032727,-0.0042191,0.0010055
0.0014959,-0.0039514,0.00075527
-0.00024834,-0.0028509,-0.00010685
0.00029162,-0.001886,0.00011227
0.0024247,-0.00097772,-0.0010704
0.0030218,-0.00042205,-0.00060152
0.003218,4.0656e-05,0.0019325
-0.0030521,0.00067505,0.0015752
-0.0066457,0.0005357,-0.00022889
-0.0022838,0.00047387,0.0006598
0.0023477,0.0003697,-0.00098391
0.0017351,0.00074716,-0.00091178
-0.00056166,0.00056975,-0.0013657
0.00065913,0.00026216,-0.00010249
0.00091186,0.00064525,0.00083395
-0.0029483,0.0012809,0.00040922
-0.0025412,0.0017514,-0.0011254
0.0021285,0.0018167,-0.0005946
1.9476e-05,0.0024512,-0.00070821
0.00054402,0.0025989,-0.0031443
0.0098819,0.0026998,0.0020013
0.004361,0.0025208,-0.00012615
-0.0079979,0.0030138,0.00022882
-0.0066826,0.0028706,-0.00048047
-0.00056393,0.0026815,-0.00086788
0.0020329,0.0023577,-0.00091256
0.0010068,0.0023171,-2.6957e-05
-0.0004455,0.0021091,0.00089833
-0.00010357,0.0019086,0.0017251
-0.0015807,0.0019869,0.00033491
-0.0023089,0.0023193,-0.00066608
-0.0028829,0.0022122,-0.0012031
-0.0034416,0.002157,-0.0010307
-0.00094043,0.0017698,0.00061313
0.0012827,0.0012811,5.7055e-05
0.00092748,0.0012093,0.00059089
-0.00024024,0.00096984,6.0327e-05
-0.00086309,0.00074234,-0.00094651
0.00038819,0.00063802,-0.00021463
0.0027094,0.00054316,0.00018418
-0.00094343,0.00040254,0.00083393
-0.0043419,0.00021426,0.00045783
-0.0029451,-5.6859e-05,0.00025299
0.00055947,-0.00071727,-0.00042877
0.0036191,-0.0011138,0.00021834
0.0034579,-0.00097511,-0.0011823
0.00076287,-0.00076942,-0.00019295
-0.0015497,-0.00061566,-0.00073288
-0.0027559,-0.00059799,0.0011739
-0.003469,-0.00057643,-0.00058787
-0.0001111,-0.0002722,-0.0015885
0.0045673,-0.00010542,-0.00013428
0.0034321,0.00031234,-0.00022452
-0.00053142,0.00049415,0.00066195
-0.0029743,0.00038368,0.0012429
-0.0014512,0.00044023,-0.00048579
0.001468,0.00059763,-0.0012119
0.00065976,0.00057685,-0.0018307
0.00076,0.00055812,-0.00087755
0.0010504,0.00025789,0.00080487
0.00018142,0.0001266,0.0018642
-0.0014614,0.00010342,0.0025348
-0.00095405,9.4458e-05,0.00054487
0.0013295,1.6948e-07,4.611e-06
6.4557e-05,0.00034823,-0.0016041
-0.00010934,0.00043445,-0.0019935
0.000179,0.00031089,-0.0009591
-0.001331,0.00021335,-0.00018683
-0.00036907,0.00015901,0.00085493
-0.00065399,0.00021816,0.0013486
-0.0011243,6.5914e-05,0.00035077
0.0024822,0.00027525,-0.00032996
0.0044887,0.00039263,-0.0021667
0.002087,0.00010386,-0.0040448
-0.0017563,-0.00010065,-0.0032586
-0.0029901,-0.00017769,-0.0010504
-0.0015121,1.6329e-05,0.0012335
-0.0026241,-0.0003283,0.0041911
-0.0015377,-0.00028195,0.0046676
0.00084018,-0.00012109,0.0024859
0.0021811,-0.00026344,0.0013722
0.0027204,0.0002173,-0.00067334
0.00056494,0.00033254,-0.0021901
-0.00044355,0.0002621,-0.0017104
0.00038414,0.00025694,-0.00078057
0.0018612,6.5146e-05,0.00018405
0.00049136,0.00012726,-0.00048754
-0.00066271,6.7857e-05,-0.00017876
0.00039477,0.0001108,-0.0012836
-0.00011307,0.00049286,-0.0019423
-0.0027837,0.0003164,-0.0024476
-0.0001972,0.0003003,-0.0016958
0.00327,0.00031683,-0.00046445
0.00098825,-6.126e-05,-0.001207
-0.0011863,-0.00031584,-0.00021316
0.0020657,-0.00013589,-0.0011803
0.0038477,-0.00027193,-0.0010236
0.00086886,-0.00022925,-0.00057012
-0.002201,-0.00024661,0.00078704
-0.00068943,-0.00052577,0.0028933
0.00077597,-0.00058019,0.0018581
-0.00031736,-0.00040111,-0.00046509
0.0020247,2.7982e-05,-0.00051654
-0.00039952,-7.1548e-05,-0.0011047
-0.0044167,-0.00044191,-0.00041953
-0.00060962,-0.00061186,0.0023727
0.0014804,-0.00097526,0.0027258
-0.00052063,-0.0006886,0.0019431
-0.0013349,-0.00033212,0.0013579
-0.00026332,-0.00021491,0.0019841
-0.00043887,-0.00033894,0.0022271
-0.0015126,-0.00034408,0.0017997
-0.00097746,-8.6258e-05,0.0018714
0.0032242,-0.00017253,0.0022669
0.0051842,-0.00047852,0.0023698
0.00088077,-0.00021304,0.00059182
-0.0028887,1.6524e-05,0.0001952
-0.0008428,3.0515e-05,-0.00040787
0.00088671,0.00014543,-0.00042763
0.00040604,-5.5293e-05,0.00018186
-0.0015973,0.00011752,-0.000669
0.0022722,0.00058112,0.00053133
0.0011146,0.00080936,-0.00099359
-0.0012358,0.0011384,-0.00020137
-0.00010675,0.00072282,0.00088993
0.001526,0.00084739,0.00098839
0.00021288,0.00074134,-0.00033306
-0.0010351,0.0008851,-0.00058755
-0.00045721,0.00087545,-0.00072427
-0.00036387,0.00079111,-0.0011598
-4.2737e-05,0.00066893,-1.6883e-05
-9.1107e-05,0.0003867,-0.00011138
0.00066194,-3.3103e-06,0.000948
0.002805,-0.00045865,0.00048548
0.00053899,-0.00025076,-1.7494e-05
-0.0014436,-0.00047619,0.00081544
-0.0018108,-0.00069821,0.001579
-0.0024457,-0.0010207,0.0009559
0.00043015,-0.0012251,0.00070985
0.0036182,-0.00077864,-0.00018538
0.0028244,-0.00040855,-0.0018622
-0.0014062,-2.0682e-05,-0.0013205
-0.0047411,0.0001715,0.00011874
-0.0026796,1.128e-05,0.0005237
0.00017257,8.0348e-05,0.00062187
0.0015623,0.00031171,7.2978e-05
0.0018943,0.00078933,-0.00064581
0.0010304,0.00090085,-0.0010977
-0.00079742,0.0010553,-0.0011591
-0.0017229,0.00070972,-0.00026759
0.0012563,0.00070602,5.2106e-06
0.001129,0.00054132,4.0579e-07
-0.0012615,0.00073439,0.0002081
-0.0013604,0.00076039,-0.00051639
0.00040219,0.0010074,-9.9938e-05
-0.00037828,0.0007975,0.00039859
0.00040502,0.00076713,0.00010813
7.9956e-05,0.00064257,-0.00025139
6.7995e-05,0.00063558,0.00046665
0.00055584,0.00062388,-0.00066955
0.0011479,0.00074807,-5.0644e-05
0.0015282,0.00035548,0.00032696
-0.0008914,0.00046476,0.00045805
-0.0031216,9.1718e-05,-0.00030676
0.0013278,-0.00020287,0.00092554
0.0011133,-0.00029469,-0.00059563
-0.00066166,3.5258e-05,0.00065555
-0.00050451,-0.00023622,0.00077422
-0.00094773,-0.00035366,0.0003394
-0.00096555,-0.00015501,-0.00036214
0.00057357,-0.00012006,0.00026576
-5.1139e-06,-9.9636e-06,-0.00049323
0.00018351,0.00018344,0.00010893
0.00053695,0.00052154,-0.00048912
-0.0004491,0.0013241,-0.00098247
-0.0010489,0.0013051,-0.00111
-0.00079814,0.0012397,-0.0012622
0.001012,0.0013164,-0.0005593
0.0017927,0.0011132,0.00025625
0.00040753,0.00060898,0.00042325
-0.0019938,6.7344e-05,0.00089087
-0.0024239,-0.00015346,0.00054147
-0.00076515,5.685e-05,0.0020618
0.00083478,-0.00011504,0.0019354
-0.0010758,0.00040443,-0.0018142
-0.003154,8.2992e-05,0.00012279
0.00019058,0.0013413,8.6589e-05
0.001646,0.0019118,-0.0012207
-0.00022737,0.0013733,-0.00039734
-0.00056873,0.0011084,0.001044
-0.00050594,0.00076163,0.0010801
-5.7666e-05,-0.00039599,0.00087389
0.00065199,-0.0019094,0.0018133
0.0010201,-0.0060071,0.0035571
0.00026028,-0.011427,0.0041791
-0.00014282,-0.017864,0.0036255
-0.0015138,-0.02246,0.0009565
-0.0038189,-0.025339,-0.00087117
-0.0044009,-0.02831,-0.0018563
-0.001673,-0.030966,-0.0010279
0.00095814,-0.035675,0.00033453
0.0022847,-0.041052,0.00082503
0.0015593,-0.044941,0.00016102
-0.00021653,-0.048157,-0.001032
-0.0015767,-0.052659,0.00040418
-0.0011744,-0.056739,0.0011588
-0.00094264,-0.059839,-0.0013056
-0.0016314,-0.062033,-0.0010388
-0.0019778,-0.064083,-0.0012554
-0.0023803,-0.06618,-0.00015384
-0.0027266,-0.067835,-0.0016042
-0.0034335,-0.070881,-0.00080043
-0.0034614,-0.072208,-0.0018583
-0.0042048,-0.071436,-0.0049246
-0.0029221,-0.070384,-0.0043646
-0.001671,-0.07023,-0.0036074
-0.0016377,-0.070034,-0.0010062
-0.0002103,-0.069871,0.00057583
0.0011574,-0.069477,-0.00096269
0.00026801,-0.06919,-0.0018208
-0.0027661,-0.06997,-0.0033686
-0.0077405,-0.070253,-0.0010059
-0.010079,-0.07072,0.0014913
-0.011893,-0.070923,-0.0010357
-0.012187,-0.071114,-0.0028772
-0.0099444,-0.07192,-0.0044324
-0.0050525,-0.072496,-0.0011964
-0.0028526,-0.07288,-0.0003541
-0.0053402,-0.072714,0.00061528
-0.0064327,-0.072405,0.00017282
-0.0059004,-0.072266,-0.00045669
-0.0040034,-0.071165,-0.002507
-0.00065699,-0.069187,-0.0028787
0.0020706,-0.06758,-0.00013185
0.0022854,-0.065495,0.0019866
-0.00038577,-0.064393,0.00013688
-0.0034836,-0.064197,-0.00090986
-0.0040489,-0.065638,-0.002677
-0.002324,-0.066002,0.00073014
-0.0030591,-0.064573,-0.0017298
-0.0022896,-0.059608,-0.0020281
0.00041021,-0.05392,-0.0058869
0.001247,-0.047574,-0.0060385
0.00045077,-0.041798,-0.0053386
-0.0013096,-0.036641,-0.00052403
-0.0019979,-0.033816,-0.00038052
-0.0011089,-0.030655,-0.0011132
-0.00013517,-0.026687,-0.0032235
0.00067222,-0.022179,-0.0048929
0.0011366,-0.015885,-0.00514
0.0013996,-0.0097257,-0.0051196
-1.8698e-05,-0.0038095,-0.0034741
-0.00074725,-0.00093509,-0.00090534
-0.0012262,-0.00094567,0.0012804
-0.00094105,-0.0011937,0.00058359
0.00017335,-0.0016997,0.0016435
0.0006235,-0.0023018,-0.00036475
-0.000853,-0.0019603,0.0004024
-0.0025179,-0.0018171,3.421e-06
-0.0011092,-0.0018805,0.0015477
0.0014368,-0.0016057,0.00032758
0.0016965,-0.0012276,0.00078488
0.00014128,-0.0012237,0.00022694
3.5158e-05,-0.0007318,-0.00089739
0.00092602,-0.00037585,-0.00054
0.00088054,6.6126e-05,1.9744e-05
-0.00072546,0.00063088,-0.00049842
-0.0005087,0.00093929,-0.00010887
0.0017295,0.001492,-0.00053477
0.0036495,0.0018834,-0.00029546
0.0026349,0.0017254,0.00063135
0.00046651,0.0010173,0.0015317
-0.00078158,-0.00011729,0.0011693
-0.0001739,-0.0010622,0.0010707
0.0030881,-0.0012349,-0.0001617
0.0013724,-0.0024015,1.3141e-05
-0.0011963,-0.0030653,-0.00040354
-0.0017722,-0.0025699,0.0007526
0.00027413,-0.00138,-0.001072
0.0012024,-0.0012216,0.00029966
0.00048278,-0.001194,0.00082751
0.0014573,-0.00094558,-3.9532e-05
0.00023791,-0.0010479,-0.0017797
-0.0014114,-0.00019285,0.00042173
-0.002868,0.00035734,-0.0018885
-0.0020779,0.00044904,-0.00016109
-0.0022901,0.00029086,0.00098502
-0.0061587,0.00042612,-0.00054234
-0.0056514,0.00021137,-0.00028181
-0.0028741,-2.4595e-05,-0.00073078
-0.0020699,-1.8883e-05,-0.0017632
-0.00076869,-0.00011347,0.00054899
0.0017621,-0.00037987,0.00048431
0.002568,0.00047451,0.00073414
0.00015225,0.0008682,0.00060422
-0.0027772,0.00097872,-0.00021054
0.00015551,0.00060531,0.0017777
0.0017555,0.00050161,0.00021562
0.00020881,0.00064364,0.00030003
-0.002199,0.00048511,0.00057772
-0.0021943,0.00061486,0.00098566
-0.0015932,-1.4816e-05,0.00050649
0.00085936,-0.00045252,0.00044453
0.0045152,-0.00056881,-0.00032492
0.0025053,-0.00067277,-0.0032303
-0.0019361,-0.00041764,-0.0011395
-0.0015894,-0.00029846,-0.0013419
0.0026947,-0.00053728,0.002883
-0.00052455,-0.00087622,0.001151
-0.0033277,-0.00071906,0.00098164
0.0014408,-0.0010916,0.00088643
0.0043211,-0.0013216,0.00042465
-0.00079278,-0.0012327,0.00061598
-0.0050886,-0.0012624,-8.7514e-06
-4.7544e-06,-0.0013218,0.00031172
0.0012531,-0.00086638,-0.00049207
-0.00018142,4.1559e-05,-0.0012209
-0.00012344,-8.0621e-05,-0.0013176
0.00042056,-0.0001736,-9.4274e-05
0.000832,4.5793e-05,0.00030975
-7.3395e-05,0.00049125,0.00065184
-7.7916e-05,0.0004724,0.0010407
3.9676e-07,0.00058082,0.001492
-0.00165,0.00076812,0.00075302
-5.5485e-05,0.00089429,-0.00019586
0.0013338,0.00065557,-0.00050101
0.0019653,0.00087079,-0.00054404
0.00061727,0.00092492,-0.0011957
-0.0023796,0.00085725,-0.0019137
-0.0017171,0.00096917,-0.00073867
0.00025711,0.0011336,-0.00036088
0.0015922,0.0011903,-0.00024031
0.0024572,0.0014806,0.0010744
-0.00095936,0.0012941,-0.00015769
-0.0021321,0.0014063,-0.00058604
0.0047057,0.0014893,1.305e-05
0.0056221,0.0012707,-0.0018969
0.0022783,0.0011865,-0.0011394
0.0011895,0.00096503,0.00020101
-2.1205e-05,0.00077206,0.00050751
-0.0016673,0.00033196,0.00063467
-0.0020723,0.00037466,0.00086591
-0.00031317,0.00022099,0.0012346
0.0020391,-0.00040107,0.00084446
0.00080225,-0.00060399,0.00078715
-0.0010882,-0.0010052,-0.0012031
-0.00086672,-0.0012155,0.00011581
-0.00028921,-0.0013527,-0.00066949
-0.0012433,-0.0011118,0.00036004
0.0018288,-0.0010819,0.00071798
0.0017577,-0.00031769,0.00086385
0.00074053,-0.00028105,-0.00030354
-0.00027945,-0.00036589,-0.00048802
-0.0010269,-0.00028426,-0.00057147
0.00087766,-0.00012094,-0.00084092
-4.5124e-05,-0.00027449,-0.0004507
-0.0004726,-0.00021175,-0.00020938
0.00015714,-0.00014535,-0.00028503
0.00038426,-0.00019827,0.00047699
0.00058507,-0.00014809,-8.3617e-05
-0.0011617,-3.6123e-05,0.0001292
-0.0012666,9.8082e-05,-0.001733
0.0003703,7.7922e-06,0.00022774
0.00083819,0.00013529,2.8382e-07
6.9213e-05,0.0001478,0.00038869
-6.0666e-05,-6.1092e-05,-0.00017679
-0.00067101,3.9554e-05,0.0010245
-0.00040877,0.00028672,0.00013104
0.00048542,-8.6752e-06,-0.00013158
0.0010769,-6.9125e-05,0.00028839
-0.0005057,-0.00041136,-0.00067481
-0.00019555,-0.00031554,0.0001252
0.00035663,-0.00051485,-0.00016304
-0.0014661,-0.00047037,0.0002179
-0.001415,-0.00017208,0.00096282
0.00070519,0.00013882,-0.00010262
0.001041,0.00036026,0.00093589
0.00026367,0.00033947,-0.00071264
-0.00053937,0.0005193,0.00061858
-0.00064505,0.00050505,0.00076369
0.00014681,0.00040419,0.00022579
-0.00017987,0.00026352,0.0013483
-0.00086484,0.00017662,0.00084506
-0.0011435,-0.00038458,0.00057384
-0.00031843,-0.0010052,0.00010569
0.00025737,-0.0011725,-0.00040808
-0.0011136,-0.0010366,-0.0027454
-0.0033051,-0.0007325,-0.00045113
-0.003709,-0.00067859,-0.00093401
-0.0033013,-0.00080288,-0.00028482
-0.0016032,-0.0010897,-0.00030971
0.0021786,-0.00089125,0.0017457
0.0019063,-0.00095929,-0.0013896
0.00068588,-0.0010953,-0.00062425
-5.13e-05,-0.0011291,-0.00081588
0.0012764,-0.0010252,-0.00027939
-0.00094673,-0.0011003,-0.00021451
-0.00075265,-0.0010337,0.00011126
0.00012676,-0.00078738,-0.0002249
0.00040549,-0.00065142,-0.00041758
0.00026366,-0.00051289,0.00069033
0.00095549,-0.0007006,0.0014778
-0.00012288,-0.00084585,0.00085864
-0.001658,-0.00074618,8.4005e-05
0.00086128,-0.0004901,-0.00053799
0.0018317,-0.0002601,-0.0017501
-0.00035252,-1.6539e-05,-0.0023371
-7.6829e-05,0.00033467,-0.0024936
-0.00032975,0.0010361,-0.0020644
-0.0018085,0.0019081,-0.00013903
-0.0014002,0.0016844,-0.00090179
0.00028897,0.0014556,0.0021834
0.0048213,0.0017225,0.0030786
-0.0005124,0.0022278,-0.0013287
-0.0053317,0.0027613,0.00020228
-0.00045699,0.003033,-0.00076855
0.0035108,0.0037323,-0.0002604
0.0051278,0.0030202,0.0008551
0.0057177,0.0028989,0.001811
0.0019823,0.0024521,0.0017529
-0.002291,0.0017355,0.0013838
-0.0024586,0.0012106,-0.00034027
0.00091205,0.001005,-0.00010283
0.0023212,0.00091753,-1.1205e-05
0.00081814,0.000903,-0.00047431
-0.0020554,0.00054533,0.00027108
-0.0016361,-4.8135e-05,0.0012453
-0.00080118,-0.00037558,0.0011054
-0.00096966,-0.0014228,0.0018453
-0.00012082,-0.0029895,0.0021379
0.0020829,-0.0036835,0.0022367
0.0035207,-0.0037027,0.00030691
0.0038953,-0.0037647,-0.00075426
0.0011278,-0.0044377,-0.00093937
-0.0012488,-0.0052308,-0.00027356
-0.0017108,-0.006333,-0.00071645
-0.0011558,-0.0069646,0.0002681
-0.00032879,-0.0073381,-0.00070615
-0.0011461,-0.0062661,-0.001768
-0.0013928,-0.0043028,-0.003433
0.00033896,-0.0013884,-0.0040613
0.00090257,0.0016901,-0.0046861
0.00099716,0.0042013,-0.0039038
-0.00058612,0.005595,-0.0024044
-0.0015331,0.006643,-0.0016965
-0.00058322,0.0080123,-0.00091981
0.0008053,0.009331,-0.0011685
0.00091233,0.0098723,-0.00061769
0.00018913,0.0093554,0.00068134
0.00084079,0.009541,0.0010144
0.00074487,0.0093843,0.0020885
-0.00035604,0.0082735,0.00097768
-0.0011375,0.0070331,0.00049764
-0.00093693,0.0059416,-9.4248e-05
-0.00068359,0.0053221,-0.0014195
-0.00065005,0.0046956,-0.0025859
-0.00032126,0.0038424,-0.0027286
-0.0014947,0.0030407,0.00036661
-0.00041929,0.0014717,4.4266e-05
0.0046841,0.00015207,0.0023061
0.00085897,-0.00094785,0.0045407
-0.0033984,-0.0021975,0.0039493
-0.001368,-0.003396,0.004509
-0.0024371,-0.0049667,0.004374
-0.0007191,-0.0063516,0.0047507
0.001581,-0.0067804,0.0039158
-0.0001344,-0.0065521,0.0024543
-0.00094815,-0.0063568,0.00073164
-0.0011346,-0.0055646,-0.00032748
-0.0019981,-0.0052714,-0.0017637
0.00086082,-0.005341,-0.00112
0.0030017,-0.0051999,-0.00087483
0.0020402,-0.0048492,-0.0011665
0.0043789,-0.0037445,-4.5945e-05
0.0036671,-0.0022601,-0.0013619
0.00079912,-0.0015924,-0.00074613
-0.0006137,-0.001641,-0.00049117
-0.0011365,-0.0014301,-0.00048207
-0.0017327,-0.0015109,-0.00072986
-0.0012566,-0.0014554,-5.9819e-05
-0.0013412,-0.0017143,-0.00066364
-0.0021848,-0.0017497,0.00039411
-0.0013637,-0.0018497,-0.00083811
0.00075763,-0.0017413,-0.0005012
0.00096795,-0.0012637,-0.0012159
0.00054713,-0.00074741,-0.00076013
0.0017562,-0.00023295,-0.0009149
0.00027248,0.00015698,-0.0010385
-0.0020664,0.00033775,-0.00028172
-0.0014453,0.00042234,-0.00012595
-0.00053804,0.0006288,-0.00015963
-0.00023082,0.00082835,-0.0010697
0.00086812,0.0010123,-0.00063121
0.00024981,0.0011394,-0.00085169
0.00097156,0.0014344,0.00010891
0.001707,0.0013636,0.001396
-0.00015694,0.0013789,0.0024085
-0.0026172,0.0012882,0.0013998
-0.0042855,0.0015234,0.00068195
0.00091244,0.0015741,-0.00096622
0.0028876,0.0016347,-0.0012928
0.0013757,0.0011818,-0.00011232
5.0188e-05,0.0012631,0.00021427
-0.0021023,0.00071697,0.00075995
-0.0018466,0.00026929,0.0016353
0.00055513,-1.3757e-05,0.0013044
0.0017019,-0.00025578,0.001516
0.0015055,-0.00031003,3.5957e-05
0.00064788,-0.00019942,0.00038435
-0.0012888,-0.00012743,-0.00065709
-0.0014919,-0.00018974,-0.00019851
-0.00027565,-0.00022257,-0.00020866
-0.00040757,-0.00011729,-0.00026239
-1.6737e-05,7.6385e-05,-0.00069664
0.00060827,-0.00019118,-0.00010248
0.00042103,-0.00018152,0.0003033
0.00076338,-0.00012228,0.00043162
-0.00074255,-7.6716e-05,-2.1755e-05
-0.00070214,-0.00022637,-0.00049023
0.00030938,-0.00028283,0.00042608
-0.00016446,-0.00060136,0.00025252
-0.0013715,-0.00095185,0.0011524
-0.0020422,-0.0015371,0.00010658
-0.0022515,-0.0015408,0.00097419
-0.0024572,-0.0014438,-0.00056025
-4.6661e-05,-0.0014452,-0.00099526
0.00099814,-0.0014685,-5.6248e-05
-0.0004259,-0.0022668,0.00042603
0.00025767,-0.003337,-6.5379e-06
0.00050139,-0.0037652,0.00080128
0.00030492,-0.0035215,-0.00089502
0.00034433,-0.0028674,-0.00064974
-0.0002878,-0.0021327,-0.0022996
-0.0012403,-0.0013859,4.5671e-05
-0.0018385,-0.0013831,2.0488e-05
-0.00045909,-0.0014258,0.00015293
0.00015545,-0.001713,-0.00034709
0.00045482,-0.0019436,0.00063615
0.0015909,-0.0017647,-0.001181
0.0024913,-0.00060323,-0.00165
0.0039694,0.0012571,-0.001693
0.0033094,0.0036986,-0.0017577
0.0010074,0.0048758,0.00022168
-0.00071007,0.0042569,0.001539
-0.0011449,0.0040981,0.0017222
-0.0010517,0.0042968,0.0013228
-0.00029373,0.004555,-1.1656e-05
0.00015496,0.0045427,0.00031589
4.2843e-05,0.0042011,-4.4221e-05
-0.00038033,0.0038093,-4.4628e-05
-0.0010476,0.0035687,0.00020619
-0.0013529,0.003143,-0.00026607
-0.00047498,0.0019122,0.00074318
0.0010266,0.0010998,0.00046611
0.0026903,0.00082809,-0.00013911
0.0038005,0.00077,-0.0008951
0.0022059,0.00045957,5.2643e-06
9.3921e-05,-0.00043666,0.00082633
-0.0004054,-0.00054252,0.00058415
-0.00024445,-0.00064753,-0.0010164
0.0015048,-0.00054725,-0.00033884
0.0024322,0.00038461,0.0016604
0.0017809,0.0008129,0.0027126
-0.0021818,0.0012149,0.0011803
-0.0058777,0.00089334,-0.0041815
-0.0059949,0.0013831,-0.00024475
0.00023318,0.0018963,0.0020229
0.0060336,0.0031501,-0.00033139
0.0049066,0.0031308,-0.0015804
0.00081402,0.0023115,-0.0016361
-0.0016078,0.0023103,7.4017e-05
-0.0025705,0.0020695,0.0022614
-0.0013463,0.0017429,0.0035816
0.00068284,0.0020269,0.00062702
0.00235,0.0019009,-0.0018921
0.0033578,0.0014215,-0.0013703
0.0019934,0.0015651,-0.00022133
-0.0015334,0.0019881,-0.00093785
-0.0020326,0.0021563,-0.0011941
-0.0004437,0.0014248,-0.00039103
0.00046048,0.00048781,3.944e-05
0.00017308,9.7944e-05,0.002104
-0.0010443,7.0514e-05,0.0014149
-0.00023141,0.00031492,0.0010927
-0.00055288,8.5301e-05,0.00073564
-0.00091648,-0.00020053,0.0004937
-0.0017911,-0.00030335,-0.00060312
-0.00065992,-0.00089686,0.00027915
0.00025546,-0.0016907,-8.5664e-05
0.0010317,-0.0023034,-0.00022104
0.0007549,-0.0026242,-0.0014481
0.00018855,-0.0026845,-0.0016524
-0.00054086,-0.0027647,-0.0011889
-0.0013764,-0.0025475,-0.0010217
-0.0020208,-0.0025021,-7.3591e-05
-0.0013638,-0.0022301,-0.00015568
-0.00072109,-0.0021094,-0.0002427
-0.00026717,-0.0018775,-0.00039694
0.00010343,-0.0016125,0.00086535
0.00047405,-0.001444,0.00030889
0.00025869,-0.0014659,-4.3798e-05
-0.00076355,-0.0014696,-0.00077835
-0.0010802,-0.0012557,0.00011166
0.00041498,-0.00096142,-0.0012494
0.0021709,-0.00056182,-0.0024611
0.0030411,-0.0002198,-0.0025346
0.0022396,-2.1812e-05,-0.0016572
0.00061455,0.00034682,-0.0017102
0.00056584,0.00051191,-0.0019752
0.0007882,0.00091803,-0.0011587
0.00098825,0.001543,-0.0019578
0.00029964,0.0015752,-0.0012065
-0.0011789,0.001209,-0.00097654
-0.0019579,0.00087669,0.00046769
-0.0021962,-0.00016065,0.0011505
-0.0020768,-0.0012955,0.0012399
-0.0016011,-0.0015431,0.0007663
-0.0007752,-0.0014984,0.00085205
-0.001106,-0.0014524,0.0011486
-0.00050759,-0.0019801,0.0017681
