1,-1.1976e-11,-1.7046e-10,1.1976e-11,1,-3.5625e-10,1.7046e-10,3.5625e-10,1
1,0.00071968,-0.00068709,-0.00071977,1,-0.00012956,0.00068699,0.00013006,1
1,0.0014309,-0.0013663,-0.0014312,1,-0.00025762,0.0013659,0.00025957,1
1,0.0021456,-0.002049,-0.0021464,1,-0.00038635,0.0020482,0.00039074,1
0.99999,0.0028603,-0.0027319,-0.0028617,1,-0.00051509,0.0027305,0.00052291,1
0.99999,0.0035768,-0.0034167,-0.003579,0.99999,-0.00064419,0.0034144,0.00065641,0.99999
0.99998,0.0042904,-0.004099,-0.0042936,0.99999,-0.00077279,0.0040956,0.00079037,0.99999
0.99998,0.0050051,-0.0047824,-0.0050094,0.99999,-0.00090161,0.0047779,0.00092555,0.99999
0.99997,0.0057188,-0.0054652,-0.0057245,0.99998,-0.0010303,0.0054592,0.0010615,0.99998
0.99996,0.0064324,-0.006148,-0.0064396,0.99998,-0.001159,0.0061405,0.0011985,0.99998
0.99995,0.0071458,-0.0068309,-0.0071547,0.99997,-0.0012877,0.0068215,0.0013365,0.99998
0.99994,0.0078593,-0.007514,-0.0078701,0.99997,-0.0014164,0.0075027,0.0014755,0.99997
0.99993,0.0084359,-0.0081632,-0.0084486,0.99996,-0.0015206,0.0081501,0.0015895,0.99997
0.99991,0.010215,-0.0091103,-0.010232,0.99995,-0.0018401,0.009091,0.0019331,0.99996
0.9999,0.0099427,-0.0095591,-0.0099602,0.99995,-0.0017825,0.0095409,0.0018776,0.99995
0.9999,0.0093739,-0.010151,-0.0093891,0.99995,-0.0014535,0.010137,0.0015487,0.99995
0.9999,0.009037,-0.010638,-0.0090487,0.99996,-0.0010516,0.010628,0.0011477,0.99994
0.99989,0.0092701,-0.011333,-0.0092931,0.99995,-0.0019718,0.011314,0.002077,0.99993
0.99989,0.0090071,-0.011828,-0.0090433,0.99995,-0.0030119,0.0118,0.0031185,0.99993
0.99987,0.0096133,-0.012639,-0.0096445,0.99995,-0.0024105,0.012615,0.0025321,0.99992
0.99986,0.0098496,-0.013361,-0.0098808,0.99995,-0.0022771,0.013338,0.0024088,0.99991
0.99985,0.0098523,-0.014275,-0.0098967,0.99995,-0.0030423,0.014244,0.0031831,0.99989
0.99983,0.010115,-0.015105,-0.010157,0.99994,-0.0027032,0.015077,0.0028562,0.99988
0.99983,0.009255,-0.015808,-0.0092646,0.99996,-0.00053448,0.015803,0.00068085,0.99987
0.99982,0.0086113,-0.016705,-0.0086179,0.99996,-0.00032768,0.016702,0.00047159,0.99986
0.99981,0.0079849,-0.01752,-0.008016,0.99997,-0.0017041,0.017505,0.0018443,0.99985
0.9998,0.0074613,-0.01851,-0.0075089,0.99997,-0.0025037,0.018491,0.0026422,0.99983
0.99978,0.0078725,-0.019259,-0.0079222,0.99997,-0.0025057,0.019239,0.0026578,0.99981
0.99977,0.007404,-0.019917,-0.0074443,0.99997,-0.0019505,0.019902,0.0020983,0.9998
0.99976,0.0071595,-0.020562,-0.0071957,0.99997,-0.0016892,0.020549,0.0018367,0.99979
0.99976,0.0064027,-0.021055,-0.0064381,0.99998,-0.0016133,0.021044,0.0017485,0.99978
0.99974,0.0064694,-0.021649,-0.0065058,0.99998,-0.0016145,0.021638,0.0017549,0.99976
0.99975,0.0055957,-0.02185,-0.0056214,0.99998,-0.0011166,0.021843,0.0012391,0.99976
0.99975,0.0057301,-0.021758,-0.0057295,0.99998,8.8512e-05,0.021758,3.617e-05,0.99976
0.99975,0.0062008,-0.021606,-0.00618,0.99998,0.0010315,0.021612,-0.00089769,0.99977
0.99974,0.0069942,-0.021554,-0.0069825,0.99998,0.00061566,0.021558,-0.000465,0.99977
0.99974,0.0078224,-0.02145,-0.007813,0.99997,0.00052056,0.021453,-0.00035284,0.99977
0.99972,0.010798,-0.020977,-0.010758,0.99994,0.0020234,0.020997,-0.0017971,0.99978
0.99975,0.011074,-0.019367,-0.010976,0.99993,0.0051414,0.019423,-0.0049276,0.9998
0.99978,0.011637,-0.017606,-0.0115,0.9999,0.0078716,0.017696,-0.0076674,0.99981
0.9998,0.01192,-0.015821,-0.011744,0.99987,0.011163,0.015952,-0.010975,0.99981
0.99983,0.011607,-0.014513,-0.011415,0.99985,0.013268,0.014665,-0.0131,0.99981
0.99987,0.0099231,-0.013056,-0.0097727,0.99989,0.011538,0.013169,-0.011409,0.99985
0.99987,0.010398,-0.011998,-0.010288,0.9999,0.0092233,0.012093,-0.0090987,0.99989
0.99987,0.011547,-0.011184,-0.011447,0.99989,0.0090403,0.011287,-0.0089111,0.9999
0.99988,0.010573,-0.011143,-0.010478,0.99991,0.0085746,0.011233,-0.0084568,0.9999
0.99988,0.0099049,-0.011884,-0.0098119,0.99992,0.0078614,0.011961,-0.0077439,0.9999
0.99986,0.010072,-0.01342,-0.0099677,0.99992,0.007815,0.013497,-0.0076802,0.99988
0.99984,0.010097,-0.014945,-0.0099582,0.99991,0.0093398,0.015038,-0.0091894,0.99984
0.99982,0.010094,-0.015909,-0.0099401,0.9999,0.0097245,0.016006,-0.0095647,0.99983
0.9998,0.011053,-0.016745,-0.010895,0.9999,0.0094699,0.016848,-0.0092856,0.99981
0.99978,0.011445,-0.017458,-0.011283,0.99989,0.0093526,0.017563,-0.0091536,0.9998
0.99979,0.010801,-0.017632,-0.010647,0.9999,0.0088007,0.017726,-0.0086111,0.99981
0.9998,0.0095089,-0.017851,-0.0093705,0.99993,0.0078189,0.017924,-0.0076501,0.99981
0.99979,0.0090884,-0.018201,-0.0089303,0.99992,0.0087522,0.018279,-0.0085879,0.9998
0.99979,0.0090831,-0.018429,-0.0088824,0.9999,0.01094,0.018526,-0.010774,0.99977
0.99978,0.009524,-0.018729,-0.0093473,0.99991,0.0094964,0.018818,-0.0093193,0.99978
0.99976,0.011034,-0.018802,-0.010888,0.99991,0.0078131,0.018887,-0.0076065,0.99979
0.99973,0.013196,-0.018879,-0.013047,0.99988,0.0079787,0.018982,-0.0077302,0.99979
0.99971,0.015004,-0.018812,-0.014852,0.99986,0.008237,0.018933,-0.0079552,0.99979
0.99969,0.016657,-0.018598,-0.016497,0.99983,0.0087138,0.01874,-0.0084042,0.99979
0.9997,0.017065,-0.017624,-0.016897,0.99981,0.0096377,0.017785,-0.009337,0.9998
0.9997,0.018731,-0.015552,-0.018574,0.99978,0.010214,0.01574,-0.0099225,0.99983
0.99975,0.018143,-0.012913,-0.018022,0.99979,0.0094303,0.013082,-0.0091953,0.99987
0.99984,0.014638,-0.010625,-0.014598,0.99989,0.0038809,0.010681,-0.0037252,0.99994
0.99985,0.015193,-0.0081859,-0.015176,0.99988,0.0021696,0.0082179,-0.002045,0.99996
0.99988,0.014502,-0.0052576,-0.014471,0.99988,0.0060339,0.0053445,-0.0059571,0.99997
0.99989,0.014593,-0.0019338,-0.014577,0.99986,0.0079624,0.0020498,-0.0079333,0.99997
0.99989,0.015025,0.0020516,-0.015036,0.99987,0.0057129,-0.0019655,-0.0057431,0.99998
0.99988,0.014134,0.0055033,-0.014151,0.99989,0.003139,-0.0054583,-0.0032165,0.99998
0.99988,0.012729,0.0088633,-0.012723,0.99992,-0.00073944,-0.008872,0.00062658,0.99996
0.99986,0.011874,0.012145,-0.011852,0.99993,-0.0018333,-0.012166,0.0016891,0.99992
0.99981,0.011676,0.015782,-0.011679,0.99993,6.5282e-05,-0.01578,-0.00024958,0.99988
0.99973,0.012771,0.01962,-0.012792,0.99992,0.00096048,-0.019606,-0.0012112,0.99981
0.99965,0.012444,0.023284,-0.012416,0.99992,-0.0013572,-0.023299,0.0010676,0.99973
0.99957,0.012125,0.02656,-0.012024,0.99992,-0.0039357,-0.026606,0.0036147,0.99964
0.99948,0.012213,0.029818,-0.012089,0.99992,-0.0043368,-0.029869,0.0039741,0.99955
0.99941,0.010864,0.032693,-0.010768,0.99994,-0.0031087,-0.032725,0.0027548,0.99946
0.99932,0.010109,0.03549,-0.010051,0.99995,-0.0017876,-0.035506,0.0014296,0.99937
0.99923,0.0092879,0.038244,-0.0092973,0.99996,6.9487e-05,-0.038242,-0.000425,0.99927
0.99914,0.0081576,0.040694,-0.0082145,0.99997,0.001233,-0.040682,-0.0015662,0.99917
0.99905,0.0068632,0.042962,-0.00683,0.99998,-0.00091925,-0.042967,0.00062495,0.99908
0.99897,0.0053985,0.045154,-0.0052013,0.99998,-0.0044828,-0.045177,0.0042433,0.99897
0.99887,0.0057487,0.047208,-0.0053941,0.99996,-0.0076349,-0.04725,0.0073717,0.99886
0.99879,0.0058949,0.04883,-0.0054781,0.99995,-0.0086642,-0.048879,0.0083863,0.99877
0.99876,0.0059543,0.049436,-0.005563,0.99995,-0.0080487,-0.049482,0.0077637,0.99874
0.99879,0.0061514,0.048691,-0.0058642,0.99996,-0.0060398,-0.048726,0.005747,0.9988
0.99886,0.005468,0.047327,-0.0052653,0.99998,-0.0044069,-0.04735,0.0041527,0.99887
0.99896,0.0057484,0.045328,-0.0055837,0.99998,-0.0037595,-0.045349,0.0035025,0.99897
0.99906,0.0058956,0.042871,-0.0057653,0.99998,-0.003162,-0.042888,0.0029119,0.99908
0.99919,0.0063772,0.039767,-0.0062559,0.99998,-0.003173,-0.039786,0.0029217,0.9992
0.99932,0.0078352,0.036008,-0.0077149,0.99996,-0.0034804,-0.036034,0.0032003,0.99935
0.99945,0.0079754,0.0321,-0.0078745,0.99996,-0.0032691,-0.032124,0.0030146,0.99948
0.99957,0.0086223,0.028059,-0.0085656,0.99996,-0.002141,-0.028076,0.0018998,0.9996
0.99968,0.008809,0.023739,-0.0087806,0.99996,-0.0012993,-0.023749,0.0010905,0.99972
0.99977,0.008964,0.019291,-0.0089555,0.99996,-0.00052918,-0.019295,0.0003563,0.99981
0.99985,0.0093475,0.014502,-0.0093439,0.99996,-0.00031094,-0.014504,0.00017539,0.99989
0.9999,0.010178,0.0095633,-0.010176,0.99995,-0.00027186,-0.0095656,0.00017452,0.99995
0.99993,0.010694,0.0046037,-0.010691,0.99994,-0.00052594,-0.0046091,0.00047669,0.99999
0.99993,0.01158,-4.9267e-05,-0.01158,0.99993,-0.0010838,3.6714e-05,0.0010843,1
0.9999,0.013415,-0.003741,-0.01342,0.99991,-0.0013563,0.0037225,0.0014064,0.99999
0.99986,0.01576,-0.0058586,-0.015767,0.99988,-0.0011373,0.0058399,0.0012295,0.99998
0.99984,0.016711,-0.0068286,-0.016721,0.99986,-0.0014092,0.0068041,0.0015232,0.99998
0.99979,0.018842,-0.0079076,-0.018851,0.99982,-0.00097937,0.0078877,0.0011282,0.99997
0.99976,0.020256,-0.0088989,-0.020255,0.99979,0.00020431,0.0089012,-2.4008e-05,0.99996
0.99975,0.020295,-0.0096543,-0.020294,0.99979,0.000181,0.009656,1.4969e-05,0.99995
0.99967,0.023568,-0.010493,-0.02355,0.99972,0.0018947,0.010535,-0.001647,0.99994
0.99962,0.025202,-0.011066,-0.025149,0.99967,0.004831,0.011184,-0.0045508,0.99993
0.99964,0.024177,-0.011842,-0.024115,0.99969,0.005347,0.011967,-0.0050595,0.99992
0.99964,0.023881,-0.012385,-0.02384,0.99971,0.0034434,0.012464,-0.0031469,0.99992
0.99969,0.021164,-0.013117,-0.021111,0.99977,0.0041478,0.013202,-0.0038696,0.99991
0.99972,0.018818,-0.014139,-0.018733,0.99981,0.0060887,0.014251,-0.0058221,0.99988
0.99977,0.016033,-0.014447,-0.01592,0.99984,0.0079419,0.014572,-0.0077101,0.99986
0.99979,0.014276,-0.014765,-0.014133,0.99985,0.009779,0.014903,-0.0095683,0.99984
0.99984,0.0098952,-0.014709,-0.0097813,0.99992,0.0077913,0.014785,-0.0076462,0.99986
0.99986,0.0072315,-0.014754,-0.0071424,0.99996,0.0060793,0.014798,-0.0059731,0.99987
0.99988,0.0056446,-0.014577,-0.005557,0.99997,0.0060408,0.014611,-0.005959,0.99988
0.99988,0.0055982,-0.014306,-0.0055063,0.99996,0.0064566,0.014341,-0.006377,0.99988
0.99989,0.0059711,-0.013603,-0.0058595,0.99995,0.0082326,0.013651,-0.008152,0.99987
0.99988,0.008592,-0.012894,-0.0084635,0.99991,0.0099868,0.012978,-0.0098765,0.99987
0.99989,0.0086606,-0.012319,-0.0085478,0.99992,0.0091828,0.012397,-0.0090764,0.99988
0.99989,0.0089543,-0.011912,-0.0088764,0.99994,0.0065717,0.01197,-0.0064653,0.99991
0.99989,0.0091051,-0.011494,-0.0090539,0.99995,0.0044996,0.011535,-0.0043951,0.99992
0.99991,0.0078125,-0.011258,-0.0078088,0.99997,0.00037256,0.011261,-0.00028461,0.99994
0.99991,0.0078912,-0.010759,-0.0079252,0.99996,-0.0031198,0.010734,0.0032048,0.99994
0.99991,0.0076435,-0.010591,-0.0076888,0.99996,-0.0042443,0.010558,0.0043253,0.99993
0.99992,0.0074707,-0.010681,-0.0075122,0.99996,-0.0038582,0.010652,0.0039381,0.99994
0.99991,0.0081172,-0.010647,-0.008155,0.99996,-0.0035087,0.010618,0.0035952,0.99994
0.9999,0.0089323,-0.01089,-0.0089577,0.99996,-0.0022877,0.010869,0.002385,0.99994
0.99989,0.0094033,-0.011142,-0.0094231,0.99995,-0.0017174,0.011125,0.0018222,0.99994
0.99988,0.0096713,-0.011684,-0.0096949,0.99995,-0.0019652,0.011664,0.0020782,0.99993
0.99987,0.0099921,-0.012322,-0.010015,0.99995,-0.0017853,0.012304,0.0019085,0.99992
0.99987,0.0094371,-0.013005,-0.0094467,0.99996,-0.00068097,0.012998,0.00080373,0.99992
0.99985,0.010308,-0.013665,-0.010314,0.99995,-0.0003643,0.01366,0.00050518,0.99991
0.99984,0.010592,-0.014277,-0.010612,0.99994,-0.0012964,0.014263,0.0014477,0.9999
0.99983,0.011036,-0.015101,-0.011074,0.99994,-0.0023877,0.015074,0.0025545,0.99988
0.99981,0.011875,-0.015716,-0.011913,0.99993,-0.0023666,0.015687,0.0025534,0.99987
0.9998,0.011556,-0.016376,-0.011608,0.99993,-0.0030442,0.01634,0.0032337,0.99986
0.99978,0.011811,-0.017189,-0.011886,0.99992,-0.0042395,0.017138,0.0044429,0.99984
0.99977,0.011987,-0.017807,-0.012061,0.99992,-0.0040748,0.017756,0.0042887,0.99983
0.99975,0.012336,-0.018524,-0.012387,0.99992,-0.0026451,0.01849,0.0028739,0.99982
0.99974,0.01241,-0.019265,-0.012454,0.99992,-0.0021722,0.019236,0.0024115,0.99981
0.99972,0.012773,-0.019905,-0.012813,0.99992,-0.0018648,0.019879,0.0021193,0.9998
0.9997,0.013211,-0.020625,-0.013244,0.99991,-0.0014988,0.020603,0.0017715,0.99979
0.99968,0.01342,-0.021229,-0.013471,0.99991,-0.0022716,0.021197,0.0025569,0.99977
0.99966,0.014451,-0.021672,-0.014518,0.99989,-0.0029364,0.021627,0.00325,0.99976
0.99965,0.014653,-0.022078,-0.01471,0.99989,-0.0024189,0.02204,0.0027428,0.99975
0.99964,0.014574,-0.022419,-0.014652,0.99989,-0.0033175,0.022368,0.0036447,0.99974
0.99966,0.013258,-0.022501,-0.013378,0.9999,-0.0052074,0.022429,0.0055067,0.99973
0.99969,0.010306,-0.022777,-0.01042,0.99993,-0.0048738,0.022725,0.0051096,0.99973
0.99968,0.010249,-0.023069,-0.010289,0.99995,-0.001635,0.023051,0.0018718,0.99973
0.99968,0.010029,-0.023163,-0.0099502,0.99994,0.0035209,0.023197,-0.0032893,0.99973
0.99967,0.010363,-0.023361,-0.010301,0.99994,0.0027576,0.023388,-0.0025161,0.99972
0.99966,0.012019,-0.023115,-0.01203,0.99993,-0.00032171,0.02311,0.00059967,0.99973
0.99965,0.012304,-0.023417,-0.012367,0.99992,-0.0025345,0.023384,0.0028232,0.99972
0.99965,0.011883,-0.02359,-0.011944,0.99993,-0.002449,0.023559,0.0027299,0.99972
0.99965,0.011928,-0.023508,-0.01195,0.99993,-0.00080374,0.023497,0.0010844,0.99972
0.99966,0.012029,-0.023344,-0.012005,0.99993,0.0011896,0.023356,-0.00090898,0.99973
0.99968,0.011435,-0.02273,-0.01139,0.99993,0.0021377,0.022752,-0.0018781,0.99974
0.99971,0.01147,-0.021396,-0.011437,0.99993,0.001663,0.021413,-0.0014178,0.99977
0.99975,0.01008,-0.020023,-0.010083,0.99995,-4.3034e-05,0.020021,0.0002449,0.9998
0.99977,0.010028,-0.018774,-0.010057,0.99995,-0.0014738,0.018759,0.0016623,0.99982
0.99981,0.00913,-0.017421,-0.0091714,0.99996,-0.0022943,0.017399,0.0024536,0.99985
0.99983,0.0092654,-0.016177,-0.0092897,0.99996,-0.0014305,0.016163,0.0015805,0.99987
0.99985,0.0089548,-0.014784,-0.0089472,0.99996,0.00057915,0.014789,-0.00044678,0.99989
0.99986,0.0096548,-0.013622,-0.0096421,0.99995,0.00099652,0.013631,-0.00086504,0.99991
0.99988,0.0094457,-0.012535,-0.0094364,0.99996,0.00080384,0.012542,-0.00068546,0.99992
0.99989,0.0098298,-0.011541,-0.0098177,0.99995,0.0011046,0.011551,-0.00099115,0.99993
0.99989,0.01009,-0.01042,-0.010075,0.99995,0.0015228,0.010435,-0.0014176,0.99994
0.9999,0.010078,-0.0096529,-0.010067,0.99995,0.0011803,0.0096643,-0.001083,0.99995
0.99991,0.010124,-0.0087548,-0.010113,0.99995,0.0012872,0.0087674,-0.0011985,0.99996
0.99993,0.0089424,-0.0081921,-0.0089309,0.99996,0.0014499,0.0082047,-0.0013766,0.99997
0.99993,0.008776,-0.0079727,-0.0087601,0.99996,0.0020353,0.0079903,-0.0019653,0.99997
0.99993,0.0083009,-0.008283,-0.0082728,0.99996,0.0034181,0.008311,-0.0033494,0.99996
0.99992,0.0085436,-0.0089726,-0.0085135,0.99996,0.0033868,0.0090012,-0.0033102,0.99995
0.99992,0.0088232,-0.0093466,-0.0088011,0.99996,0.0024045,0.0093674,-0.0023221,0.99995
0.99991,0.0091296,-0.0097853,-0.0091152,0.99996,0.0015136,0.0097987,-0.0014242,0.99995
0.99991,0.0090647,-0.010345,-0.0090515,0.99996,0.0013221,0.010356,-0.0012283,0.99995
0.9999,0.0085105,-0.011461,-0.008495,0.99996,0.0013982,0.011472,-0.0013007,0.99993
0.99988,0.0081292,-0.013047,-0.0081018,0.99996,0.0021546,0.013064,-0.0020486,0.99991
0.99986,0.007076,-0.015012,-0.0070225,0.99997,0.0036138,0.015037,-0.0035079,0.99988
0.99983,0.0073053,-0.017215,-0.0072067,0.99996,0.0057825,0.017256,-0.0056574,0.99984
0.99978,0.0075158,-0.019455,-0.007402,0.99996,0.0059148,0.019499,-0.0057695,0.99979
0.99972,0.0078884,-0.022139,-0.007773,0.99996,0.0052943,0.02218,-0.0051207,0.99974
0.99966,0.0079666,-0.024872,-0.0078358,0.99995,0.0053498,0.024913,-0.0051531,0.99968
0.99958,0.0085377,-0.027723,-0.0083736,0.99995,0.0060289,0.027773,-0.0057942,0.9996
0.99949,0.0088948,-0.030709,-0.0087137,0.99994,0.0060286,0.030761,-0.005758,0.99951
0.99939,0.0088401,-0.033772,-0.0086639,0.99995,0.005361,0.033818,-0.0050651,0.99942
0.99928,0.0086326,-0.037003,-0.0084565,0.99995,0.0049125,0.037044,-0.004596,0.9993
0.99915,0.00983,-0.040111,-0.0096479,0.99994,0.0047311,0.040155,-0.0043401,0.99918
0.99902,0.010114,-0.043111,-0.0099561,0.99994,0.0038832,0.043147,-0.0034501,0.99906
0.99889,0.012049,-0.045469,-0.011879,0.99992,0.0040208,0.045513,-0.0034762,0.99896
0.99885,0.012854,-0.046288,-0.012673,0.99991,0.0042133,0.046338,-0.0036219,0.99892
0.99885,0.012918,-0.046067,-0.012684,0.99991,0.0053764,0.046132,-0.004786,0.99892
0.99888,0.013013,-0.04556,-0.012743,0.9999,0.0062109,0.045637,-0.0056234,0.99894
0.99889,0.01281,-0.045251,-0.012567,0.99991,0.0056456,0.045319,-0.0050707,0.99896
0.9989,0.013277,-0.044932,-0.013123,0.99991,0.0037187,0.044977,-0.003125,0.99898
0.99894,0.013291,-0.044109,-0.013236,0.99991,0.001535,0.044125,-0.00094957,0.99903
0.99899,0.013313,-0.042985,-0.013318,0.99991,0.00017263,0.042984,0.00040002,0.99908
0.99904,0.014038,-0.041512,-0.014062,0.9999,-0.00030482,0.041504,0.00088829,0.99914
0.99912,0.01347,-0.039817,-0.013503,0.99991,-0.0005659,0.039806,0.0011031,0.99921
0.99919,0.013286,-0.037969,-0.013318,0.99991,-0.00057362,0.037958,0.0010788,0.99928
0.99927,0.013364,-0.035925,-0.013396,0.99991,-0.00064725,0.035913,0.001128,0.99935
0.99934,0.01311,-0.033822,-0.01315,0.99991,-0.00093472,0.033807,0.0013788,0.99943
0.99943,0.013225,-0.030943,-0.013253,0.99991,-0.00069274,0.030931,0.0011024,0.99952
0.99954,0.01231,-0.027726,-0.01232,0.99992,-0.00017506,0.027722,0.00051656,0.99962
0.99963,0.011268,-0.024831,-0.011264,0.99994,0.00028776,0.024833,-7.9485e-06,0.99969
0.9997,0.01099,-0.02183,-0.010982,0.99994,0.00048182,0.021834,-0.00024194,0.99976
0.99977,0.010599,-0.018872,-0.010598,0.99994,0.00017292,0.018873,2.7123e-05,0.99982
0.99982,0.010382,-0.015996,-0.010388,0.99995,-0.00029704,0.015992,0.00046316,0.99987
0.99985,0.011342,-0.013049,-0.011359,0.99993,-0.0012339,0.013034,0.001382,0.99991
0.99988,0.011262,-0.010186,-0.011282,0.99993,-0.0019261,0.010164,0.0020408,0.99995
0.99991,0.011299,-0.0073362,-0.011307,0.99994,-0.001034,0.0073241,0.0011169,0.99997
0.99992,0.011816,-0.0047626,-0.011818,0.99993,-0.0003816,0.0047578,0.00043786,0.99999
0.99993,0.011554,-0.0024593,-0.011555,0.99993,-0.00055915,0.0024527,0.00058753,1
0.99994,0.011393,-0.00017141,-0.011393,0.99993,-0.0017821,0.0001511,0.001784,1
0.99993,0.011576,0.0015423,-0.011569,0.99992,-0.0043836,-0.0015929,0.0043655,0.99999
0.99994,0.010846,0.0024905,-0.010831,0.99992,-0.0059351,-0.0025547,0.0059078,0.99998
0.99994,0.010772,0.0026729,-0.010754,0.99992,-0.0067672,-0.0027456,0.006738,0.99997
0.99995,0.010013,0.0028487,-0.0099928,0.99993,-0.0069918,-0.0029185,0.006963,0.99997
0.99994,0.010925,0.0030219,-0.010903,0.99991,-0.0071699,-0.0031,0.0071365,0.99997
0.99993,0.011761,0.003321,-0.011735,0.9999,-0.0078654,-0.0034132,0.0078259,0.99996
0.99993,0.011087,0.0035275,-0.011052,0.99989,-0.0098586,-0.0036364,0.009819,0.99995
0.99997,0.0073225,0.0039103,-0.0072765,0.99991,-0.011664,-0.0039953,0.011636,0.99992
0.99998,0.0040237,0.0042476,-0.0039698,0.99991,-0.012619,-0.004298,0.012602,0.99991
0.99997,0.005633,0.0048419,-0.0055866,0.99994,-0.0095415,-0.0048954,0.0095142,0.99994
0.99993,0.01001,0.005515,-0.009991,0.99994,-0.0034618,-0.0055493,0.0034064,0.99998
0.99993,0.0097538,0.0063865,-0.0097619,0.99995,0.00124,-0.0063741,-0.0013022,0.99998
0.99993,0.008283,0.0082652,-0.0082776,0.99997,-0.00068322,-0.0082705,0.00061475,0.99997
0.99988,0.0094123,0.012192,-0.0093265,0.99993,-0.007073,-0.012258,0.0069584,0.9999
0.9998,0.011553,0.016109,-0.011366,0.99987,-0.011683,-0.016242,0.011498,0.9998
0.99973,0.013018,0.019313,-0.012796,0.99985,-0.011566,-0.01946,0.011316,0.99975
0.99968,0.011673,0.02258,-0.011473,0.99989,-0.0089947,-0.022682,0.0087327,0.9997
0.99964,0.0086323,0.025519,-0.0084859,0.99995,-0.0058389,-0.025568,0.0056202,0.99966
0.99958,0.0061503,0.028219,-0.0060384,0.99997,-0.004047,-0.028243,0.0038749,0.99959
0.99949,0.0059302,0.031397,-0.0058232,0.99998,-0.0034988,-0.031418,0.0033141,0.9995
0.99939,0.0081713,0.033943,-0.0079887,0.99995,-0.0055118,-0.033987,0.0052372,0.99941
0.9993,0.0086317,0.03629,-0.0083519,0.99993,-0.0078531,-0.036355,0.0075446,0.99931
0.9992,0.008957,0.038882,-0.0086414,0.99993,-0.0082768,-0.038953,0.0079343,0.99921
0.99908,0.0098607,0.041803,-0.0096027,0.99993,-0.0063677,-0.041863,0.0059604,0.99911
0.99892,0.011382,0.045108,-0.011192,0.99993,-0.0044475,-0.045155,0.0039379,0.99897
0.99878,0.011928,0.04787,-0.011729,0.99992,-0.0044205,-0.047919,0.0038537,0.99884
0.99865,0.011797,0.050521,-0.011549,0.99992,-0.0051978,-0.050578,0.0046073,0.99871
0.99854,0.010196,0.053115,-0.0099146,0.99994,-0.005568,-0.053168,0.0050333,0.99857
0.99846,0.0071884,0.054931,-0.0069236,0.99996,-0.005009,-0.054965,0.0046209,0.99848
0.99842,0.0057208,0.055843,-0.0054562,0.99997,-0.0048896,-0.055869,0.0045772,0.99843
0.99839,0.0049686,0.056421,-0.0046996,0.99998,-0.0048991,-0.056444,0.0046261,0.9984
0.99837,0.0048488,0.056932,-0.0045818,0.99998,-0.0048194,-0.056954,0.0045507,0.99837
0.99837,0.0048244,0.056909,-0.0045822,0.99998,-0.0043856,-0.056929,0.0041177,0.99837
0.9984,0.0053745,0.056369,-0.0051695,0.99998,-0.0037831,-0.056388,0.0034857,0.9984
0.99846,0.0050076,0.055247,-0.0047658,0.99998,-0.0045088,-0.055269,0.0042385,0.99846
0.99855,0.0051332,0.053656,-0.0048524,0.99997,-0.0053611,-0.053682,0.0050929,0.99855
0.99863,0.0059185,0.052021,-0.0055977,0.99996,-0.0063105,-0.052057,0.0060107,0.99863
0.99869,0.0070106,0.05059,-0.0066944,0.99996,-0.0064169,-0.050633,0.0060698,0.9987
0.99877,0.0081334,0.048994,-0.0078224,0.99995,-0.0065368,-0.049045,0.0061455,0.99878
0.99887,0.0086135,0.046776,-0.0083386,0.99995,-0.006069,-0.046826,0.0056721,0.99889
0.99899,0.0084225,0.044032,-0.0082281,0.99996,-0.0045932,-0.044068,0.0042263,0.99902
0.99918,0.0070244,0.03993,-0.00694,0.99997,-0.0022507,-0.039944,0.0019717,0.9992
0.99936,0.0058229,0.035195,-0.0058191,0.99998,-0.00021197,-0.035196,7.0285e-06,0.99938
0.99952,0.0053321,0.030442,-0.0053713,0.99998,0.0012045,-0.030435,-0.0013674,0.99954
0.99966,0.004914,0.025709,-0.0049624,0.99999,0.0018182,-0.025699,-0.0019451,0.99967
0.99977,0.004427,0.021173,-0.0044816,0.99999,0.0025345,-0.021161,-0.0026288,0.99977
0.99986,0.0034179,0.01649,-0.0034641,0.99999,0.0027723,-0.016481,-0.002829,0.99986
0.99992,0.0030199,0.012361,-0.003051,0.99999,0.0024968,-0.012353,-0.0025343,0.99992
0.99996,0.0034483,0.008391,-0.0034687,0.99999,0.002408,-0.0083827,-0.002437,0.99996
0.99998,0.003782,0.0045582,-0.0037934,0.99999,0.0024934,-0.0045487,-0.0025107,0.99999
0.99999,0.0035344,0.0007657,-0.0035364,0.99999,0.0026483,-0.00075633,-0.002651,1
0.99999,0.0026636,-0.0034406,-0.0026571,0.99999,0.0019098,0.0034457,-0.0019006,0.99999
0.99996,0.0038143,-0.0083749,-0.0038102,0.99999,0.00051459,0.0083768,-0.00048266,0.99996
0.99988,0.0054294,-0.014695,-0.0054497,0.99998,-0.0013394,0.014687,0.0014193,0.99989
0.99972,0.0062837,-0.022872,-0.0063563,0.99997,-0.0031012,0.022852,0.0032457,0.99973
0.99943,0.0061685,-0.033143,-0.0063069,0.99997,-0.0040731,0.033117,0.0042798,0.99944
0.9989,0.006605,-0.046514,-0.0068125,0.99997,-0.004303,0.046484,0.0046151,0.99891
0.998,0.0075637,-0.06282,-0.0077898,0.99996,-0.0033554,0.062792,0.003838,0.99802
0.99655,0.010234,-0.082397,-0.010473,0.99994,-0.0024658,0.082367,0.0033203,0.9966
0.99443,0.011933,-0.10468,-0.012246,0.99992,-0.0023491,0.10465,0.003618,0.9945
0.99145,0.013381,-0.12981,-0.013784,0.9999,-0.0022104,0.12977,0.0039809,0.99154
0.98744,0.014943,-0.15726,-0.015382,0.99988,-0.0015748,0.15722,0.003974,0.98756
0.98215,0.01637,-0.18741,-0.016693,0.99986,-0.00014431,0.18738,0.0032701,0.98228
0.97519,0.016363,-0.22074,-0.016336,0.99986,0.0019518,0.22075,0.0017026,0.97533
0.96643,0.016637,-0.2564,-0.016133,0.99986,0.0040695,0.25643,0.00020353,0.96656
0.95581,0.018166,-0.29344,-0.016871,0.99983,0.0069443,0.29351,-0.0016869,0.95595
0.94312,0.019917,-0.33185,-0.017674,0.9998,0.0097755,0.33198,-0.0033544,0.94328
0.92833,0.020796,-0.37118,-0.017502,0.99977,0.012241,0.37135,-0.0048678,0.92848
0.91128,0.020947,-0.41125,-0.016463,0.99976,0.014442,0.41145,-0.0063906,0.91141
0.89151,0.020873,-0.45251,-0.015298,0.99976,0.015976,0.45274,-0.0073201,0.89161
0.86884,0.020588,-0.49466,-0.013753,0.99975,0.017454,0.4949,-0.0083618,0.86891
0.84325,0.019989,-0.53714,-0.011546,0.99975,0.019078,0.53739,-0.0098859,0.84327
0.81453,0.020359,-0.57976,-0.0099363,0.99973,0.021147,0.58003,-0.011464,0.81451
0.78285,0.022098,-0.62182,-0.010431,0.99969,0.022394,0.62213,-0.011044,0.78284
0.74789,0.021529,-0.66347,-0.0083593,0.9997,0.023016,0.66377,-0.011667,0.74785
0.70925,0.021013,-0.70465,-0.004494,0.99967,0.025288,0.70494,-0.014769,0.70911
0.66612,0.02048,-0.74557,0.0018684,0.99957,0.029127,0.74585,-0.020795,0.66579
0.6186,0.021215,-0.78542,0.0063723,0.99947,0.032015,0.78568,-0.024809,0.61813
0.56776,0.024919,-0.82282,0.0064505,0.99938,0.034717,0.82317,-0.025018,0.56724
0.51501,0.031745,-0.8566,0.0019034,0.99927,0.038176,0.85718,-0.021292,0.51457
0.46002,0.036539,-0.88716,-0.00096131,0.99917,0.040654,0.88791,-0.017849,0.45968
0.40308,0.038749,-0.91434,-0.0010259,0.99912,0.04189,0.91516,-0.015947,0.40277
0.3454,0.040915,-0.93756,0.0007943,0.99904,0.04389,0.93846,-0.015904,0.34503
0.28692,0.044177,-0.95694,0.0034842,0.99888,0.047158,0.95795,-0.016864,0.28644
0.22763,0.04821,-0.97255,0.0055186,0.99869,0.050798,0.97373,-0.01693,0.22706
0.16584,0.051581,-0.9848,0.0087327,0.99852,0.05377,0.98611,-0.017517,0.16514
0.10203,0.055588,-0.99323,0.0094955,0.99834,0.056849,0.99474,-0.015231,0.10133
0.037282,0.06091,-0.99745,0.012079,0.99804,0.061398,0.99923,-0.014337,0.036473
-0.028612,0.067613,-0.9973,0.01451,0.99763,0.067219,0.99949,-0.012548,-0.029525
-0.095673,0.074333,-0.99263,0.017569,0.99718,0.07298,0.99526,-0.010457,-0.096709
-0.16223,0.080612,-0.98346,0.020463,0.99672,0.078323,0.98654,-0.0074179,-0.16334
-0.22763,0.086613,-0.96989,0.02514,0.99623,0.083065,0.97342,-0.005475,-0.22895
-0.2916,0.091147,-0.95219,0.030227,0.99583,0.086068,0.95606,-0.0036839,-0.29314
-0.35313,0.093636,-0.93088,0.034851,0.9956,0.086927,0.93493,-0.0017453,-0.35484
-0.41225,0.094495,-0.90616,0.039332,0.99553,0.08592,0.91022,-0.00022052,-0.41412
-0.46776,0.094545,-0.87879,0.042794,0.99552,0.084326,0.88282,0.0018371,-0.46971
-0.51959,0.094664,-0.84915,0.045941,0.9955,0.082868,0.85318,0.0040471,-0.52161
-0.5661,0.094801,-0.81886,0.048528,0.99547,0.081699,0.8229,0.0065122,-0.56814
-0.60712,0.095612,-0.78884,0.050497,0.99537,0.081781,0.793,0.0098172,-0.60914
-0.64441,0.09891,-0.75826,0.055338,0.99503,0.082766,0.76267,0.011375,-0.64668
-0.68092,0.10563,-0.7247,0.064362,0.99435,0.084463,0.72953,0.010869,-0.68386
-0.71641,0.11142,-0.68872,0.071742,0.9937,0.086133,0.69398,0.012297,-0.71989
-0.74928,0.11348,-0.65246,0.075932,0.99343,0.085579,0.65788,0.01458,-0.75298
-0.77974,0.11018,-0.61633,0.076432,0.99378,0.080967,0.62142,0.016026,-0.78331
-0.80723,0.10736,-0.58039,0.078403,0.99411,0.074845,0.585,0.014913,-0.81089
-0.83237,0.10244,-0.54467,0.077728,0.99463,0.068289,0.54874,0.014506,-0.83587
-0.85505,0.099719,-0.50886,0.078903,0.99493,0.062389,0.5125,0.013195,-0.85858
-0.87576,0.097833,-0.47272,0.078503,0.99508,0.060504,0.47631,0.015877,-0.87913
-0.89543,0.094453,-0.43507,0.076708,0.99535,0.058213,0.43854,0.018752,-0.89851
-0.91302,0.093618,-0.39703,0.077944,0.99541,0.055473,0.40041,0.019701,-0.91613
-0.92881,0.095588,-0.35801,0.081619,0.9952,0.053969,0.36145,0.020907,-0.93216
-0.9426,0.099212,-0.31884,0.086846,0.99482,0.052807,0.32243,0.022086,-0.94634
-0.9547,0.099695,-0.28038,0.088263,0.99468,0.053141,0.28418,0.025987,-0.95842
-0.96462,0.10264,-0.24284,0.092559,0.99432,0.052579,0.24686,0.028242,-0.96864
-0.97318,0.10199,-0.20621,0.093287,0.99431,0.051514,0.21029,0.030896,-0.97715
-0.97998,0.10022,-0.17201,0.093676,0.99455,0.04576,0.17565,0.028731,-0.98403
-0.98536,0.098838,-0.13888,0.093991,0.99473,0.041055,0.14221,0.0274,-0.98946
-0.9894,0.098011,-0.10716,0.094243,0.99476,0.039693,0.11049,0.029173,-0.99345
-0.99243,0.096225,-0.076288,0.093518,0.99488,0.038309,0.079584,0.030885,-0.99635
-0.99437,0.094834,-0.047356,0.093164,0.99499,0.036309,0.050562,0.031692,-0.99822
-0.99524,0.09527,-0.020712,0.094534,0.99494,0.034043,0.02385,0.031922,-0.99921
-0.99575,0.091963,0.0044011,0.09206,0.99516,0.034403,-0.001216,0.034662,-0.9994
-0.99554,0.090144,0.027897,0.091076,0.99526,0.034148,-0.024687,0.036537,-0.99903
-0.995,0.087442,0.048283,0.089068,0.99549,0.032631,-0.045212,0.036769,-0.9983
-0.99447,0.082744,0.064654,0.084787,0.99596,0.029519,-0.06195,0.034838,-0.99747
-0.994,0.077667,0.077032,0.080021,0.9964,0.027959,-0.074584,0.033956,-0.99664
-0.99372,0.072834,0.084972,0.075554,0.99671,0.029234,-0.082564,0.03547,-0.99595
-0.99363,0.069235,0.08891,0.072245,0.9969,0.031097,-0.086481,0.037322,-0.99555
-0.99373,0.067438,0.089162,0.070313,0.99709,0.02951,-0.086913,0.035594,-0.99558
-0.99406,0.06528,0.087107,0.067972,0.99729,0.028299,-0.085024,0.034052,-0.9958
-0.99431,0.064651,0.084719,0.067342,0.9973,0.029295,-0.082596,0.034834,-0.99597
-0.99459,0.06358,0.082164,0.066268,0.99734,0.03041,-0.080012,0.035691,-0.99615
-0.99492,0.063162,0.078358,0.065774,0.99735,0.031209,-0.076179,0.036204,-0.99644
-0.99542,0.061536,0.07321,0.06409,0.9974,0.033056,-0.070985,0.037596,-0.99677
-0.99584,0.060983,0.067652,0.063488,0.99735,0.03551,-0.065308,0.039658,-0.99708
-0.99622,0.060366,0.062442,0.062777,0.99733,0.037391,-0.060018,0.04117,-0.99735
-0.99654,0.060122,0.057469,0.062357,0.99733,0.037907,-0.055037,0.041359,-0.99763
-0.99688,0.059105,0.052261,0.061096,0.99743,0.037368,-0.049918,0.040444,-0.99793
-0.99725,0.057524,0.046731,0.059268,0.99756,0.036842,-0.044498,0.03951,-0.99823
-0.99753,0.056891,0.041233,0.058399,0.99763,0.036333,-0.039068,0.038651,-0.99849
-0.99776,0.056288,0.036052,0.057688,0.99757,0.039047,-0.033766,0.041039,-0.99859
-0.9979,0.056749,0.031384,0.058056,0.99741,0.042436,-0.028894,0.044169,-0.99861
-0.99798,0.057616,0.026877,0.058728,0.99737,0.042571,-0.024354,0.044063,-0.99873
-0.998,0.05887,0.023125,0.059803,0.99733,0.041971,-0.020592,0.04327,-0.99885
-0.99805,0.059137,0.020073,0.05993,0.99734,0.041506,-0.017565,0.042628,-0.99894
-0.99808,0.059436,0.017293,0.060062,0.99746,0.038267,-0.014975,0.039232,-0.99912
-0.99814,0.059198,0.014778,0.059695,0.99757,0.035833,-0.012621,0.036648,-0.99925
-0.99823,0.058124,0.012521,0.058564,0.99755,0.038198,-0.01027,0.038864,-0.99919
-0.99819,0.059213,0.010737,0.059603,0.9974,0.040612,-0.0083038,0.041178,-0.99912
-0.99819,0.059377,0.0098495,0.059729,0.9974,0.040346,-0.0074282,0.040861,-0.99914
-0.99811,0.060616,0.0097182,0.060964,0.99731,0.040727,-0.0072233,0.041243,-0.99912
-0.9981,0.060877,0.0099539,0.061235,0.99729,0.040729,-0.0074475,0.041261,-0.99912
-0.99798,0.062671,0.010313,0.06303,0.99724,0.039209,-0.0078273,0.039779,-0.99918
-0.99789,0.064057,0.011033,0.064428,0.99722,0.037367,-0.0086084,0.037998,-0.99924
-0.99777,0.065616,0.012142,0.066032,0.9971,0.037839,-0.009624,0.038556,-0.99921
-0.99773,0.066012,0.013162,0.066503,0.99693,0.041247,-0.010399,0.042029,-0.99906
-0.99779,0.064852,0.014311,0.065401,0.99697,0.042058,-0.01154,0.042901,-0.99901
-0.99786,0.063557,0.015138,0.064151,0.99702,0.042737,-0.012377,0.043616,-0.99897
-0.99797,0.061742,0.015851,0.062366,0.99715,0.04242,-0.013187,0.043322,-0.99897
-0.99805,0.060161,0.016372,0.060801,0.99727,0.041893,-0.013807,0.042807,-0.99899
-0.99803,0.060464,0.016565,0.061094,0.9973,0.040631,-0.014064,0.041563,-0.99904
-0.99803,0.060406,0.016693,0.061015,0.99738,0.038792,-0.014306,0.039734,-0.99911
-0.99797,0.061496,0.016802,0.062118,0.99729,0.039403,-0.014333,0.040367,-0.99908
-0.99797,0.061258,0.017172,0.061909,0.99726,0.040383,-0.014651,0.041364,-0.99904
-0.99796,0.061394,0.017326,0.062063,0.99722,0.041164,-0.01475,0.042155,-0.999
-0.99803,0.060284,0.017362,0.060966,0.99726,0.04193,-0.014787,0.042906,-0.99897
-0.99798,0.061106,0.017169,0.061782,0.9972,0.042095,-0.014549,0.043071,-0.99897
-0.99802,0.060565,0.017252,0.06122,0.99731,0.040404,-0.014758,0.041379,-0.99903
-0.99791,0.062211,0.0174,0.062888,0.99716,0.041499,-0.014768,0.042507,-0.99899
-0.99789,0.062551,0.01746,0.063253,0.99707,0.043101,-0.014712,0.044114,-0.99892
-0.99787,0.06285,0.01746,0.063544,0.99707,0.042522,-0.014736,0.043541,-0.99894
-0.99784,0.063416,0.017406,0.064067,0.99715,0.039829,-0.014831,0.040858,-0.99905
-0.99783,0.063607,0.017268,0.064247,0.99716,0.039422,-0.014711,0.040446,-0.99907
-0.99787,0.062937,0.017379,0.063599,0.99715,0.040623,-0.014773,0.041641,-0.99902
-0.99785,0.063186,0.017317,0.063814,0.99722,0.038484,-0.014837,0.039506,-0.99911
-0.99791,0.062251,0.017509,0.062903,0.99724,0.039554,-0.014998,0.040573,-0.99906
-0.99798,0.061063,0.01732,0.061747,0.9972,0.042147,-0.014698,0.043132,-0.99896
-0.998,0.06078,0.017248,0.061456,0.99723,0.041831,-0.014657,0.042807,-0.99898
-0.99794,0.061775,0.017314,0.062452,0.99718,0.04172,-0.014687,0.042715,-0.99898
-0.99791,0.062171,0.017361,0.062834,0.99719,0.040682,-0.014783,0.041688,-0.99902
-0.99789,0.062688,0.017008,0.063366,0.99707,0.042818,-0.014274,0.043806,-0.99894
-0.99794,0.062016,0.016317,0.062702,0.99699,0.045624,-0.013439,0.046553,-0.99883
-0.99802,0.060939,0.015277,0.061583,0.99704,0.046057,-0.012425,0.046907,-0.99882
-0.99808,0.060262,0.014165,0.060854,0.99709,0.045918,-0.011357,0.046692,-0.99884
-0.99816,0.059105,0.013347,0.059666,0.99713,0.046532,-0.010559,0.047243,-0.99883
-0.99817,0.059274,0.012301,0.059782,0.99715,0.046089,-0.0095338,0.04674,-0.99886
-0.99812,0.060243,0.011462,0.0607,0.99714,0.044979,-0.0087193,0.04559,-0.99892
-0.99808,0.060922,0.010891,0.06135,0.99712,0.044697,-0.0081365,0.045279,-0.99894
-0.9981,0.060792,0.010414,0.061204,0.99709,0.045394,-0.0076242,0.045945,-0.99891
-0.99811,0.060671,0.0095752,0.06104,0.99713,0.044755,-0.0068325,0.045255,-0.99895
-0.99813,0.06045,0.0090235,0.060801,0.9971,0.045769,-0.0062306,0.046232,-0.99891
-0.99815,0.060188,0.0083588,0.060518,0.99704,0.047403,-0.005481,0.047821,-0.99884
-0.99816,0.060265,0.0072278,0.060545,0.997,0.048264,-0.0042974,0.048613,-0.99881
-0.99817,0.060187,0.0051961,0.060364,0.99708,0.046804,-0.002364,0.047033,-0.99889
-0.9982,0.059895,0.0032391,0.059981,0.99714,0.045944,-0.00047805,0.046055,-0.99894
-0.99817,0.060531,0.0012309,0.060521,0.99703,0.047532,0.0016499,0.04752,-0.99887
-0.99811,0.061398,-0.00066497,0.06129,0.99689,0.049506,0.0037024,0.049371,-0.99877
-0.99804,0.062499,-0.0028282,0.062288,0.99687,0.048607,0.0058572,0.048335,-0.99881
-0.99802,0.062647,-0.0048148,0.06234,0.99687,0.048676,0.0078491,0.04828,-0.9988
-0.998,0.062889,-0.0068197,0.062468,0.99678,0.05032,0.0099623,0.049794,-0.99871
-0.99798,0.062982,-0.0088898,0.062439,0.9967,0.05188,0.012128,0.05122,-0.99861
-0.9979,0.063801,-0.011003,0.063129,0.99658,0.053298,0.014366,0.052492,-0.99852
-0.99787,0.064047,-0.012716,0.063298,0.99661,0.052461,0.016033,0.051544,-0.99854
-0.99778,0.064988,-0.014342,0.064151,0.99655,0.05262,0.017712,0.051583,-0.99851
-0.99782,0.064155,-0.01537,0.063209,0.99645,0.055667,0.018887,0.054575,-0.99833
-0.99779,0.064585,-0.015893,0.063609,0.99642,0.05571,0.019434,0.054575,-0.99832
-0.99781,0.06424,-0.01595,0.0633,0.99654,0.053776,0.019349,0.052648,-0.99843
-0.99786,0.063503,-0.015852,0.062581,0.99663,0.053098,0.019171,0.051992,-0.99846
-0.9978,0.06445,-0.015619,0.063535,0.99655,0.053346,0.019003,0.052236,-0.99845
-0.9978,0.064541,-0.015389,0.063639,0.99655,0.05325,0.018773,0.052153,-0.99846
-0.99783,0.064112,-0.014934,0.063216,0.99653,0.054215,0.018358,0.053153,-0.99842
-0.99781,0.064585,-0.014225,0.063696,0.9964,0.055983,0.01779,0.054954,-0.99833
-0.99786,0.063969,-0.013708,0.063092,0.99638,0.056978,0.017303,0.055991,-0.99828
-0.99794,0.062764,-0.013285,0.061927,0.9965,0.056109,0.016761,0.055171,-0.99834
-0.99791,0.063359,-0.012907,0.062559,0.99652,0.055027,0.016348,0.054105,-0.9984
-0.99789,0.063718,-0.012276,0.062968,0.99655,0.053992,0.015674,0.053105,-0.99847
-0.99796,0.062792,-0.011817,0.062067,0.99661,0.054084,0.015173,0.05324,-0.99847
-0.99791,0.063583,-0.011303,0.062869,0.9965,0.055126,0.014768,0.0543,-0.99842
-0.99793,0.063338,-0.010777,0.062644,0.99648,0.055722,0.014269,0.054932,-0.99839
-0.99792,0.063642,-0.010405,0.062965,0.99645,0.05592,0.013927,0.055148,-0.99838
-0.99791,0.063884,-0.0096868,0.063243,0.99641,0.056209,0.013243,0.055479,-0.99837
-0.99801,0.06242,-0.0090708,0.06182,0.99653,0.055751,0.012519,0.055079,-0.9984
-0.99795,0.063371,-0.0087871,0.062814,0.9966,0.053388,0.01214,0.052727,-0.99854
-0.99776,0.06632,-0.0085914,0.065797,0.99652,0.051145,0.011953,0.050466,-0.99865
-0.99767,0.067703,-0.0081584,0.067212,0.99648,0.050133,0.011524,0.049468,-0.99871
-0.99775,0.066551,-0.0082492,0.066053,0.99654,0.050464,0.011579,0.049806,-0.99869
-0.99774,0.066761,-0.0079686,0.066281,0.99654,0.050067,0.011284,0.049426,-0.99871
-0.99759,0.068958,-0.0078122,0.068504,0.99648,0.04822,0.01111,0.047568,-0.99881
-0.99755,0.069529,-0.0078654,0.069079,0.99648,0.047579,0.011146,0.046919,-0.99884
-0.99757,0.069218,-0.0082464,0.068743,0.99647,0.048253,0.011557,0.047568,-0.9988
-0.99756,0.069289,-0.0088042,0.068776,0.99642,0.049204,0.012182,0.048478,-0.99875
-0.9975,0.070042,-0.0093442,0.069507,0.99639,0.048733,0.012724,0.047962,-0.99877
-0.9974,0.071388,-0.0098707,0.070839,0.99634,0.047812,0.013248,0.046989,-0.99881
-0.99731,0.072548,-0.010303,0.071992,0.99631,0.046774,0.013659,0.045907,-0.99885
-0.9972,0.073979,-0.010509,0.07344,0.9963,0.044749,0.013781,0.043852,-0.99894
-0.99716,0.074446,-0.010948,0.073918,0.99636,0.042553,0.014076,0.041623,-0.99903
-0.99708,0.075479,-0.011717,0.074952,0.99637,0.040331,0.014719,0.039335,-0.99912
-0.99719,0.073953,-0.012323,0.073436,0.99657,0.038163,0.015103,0.03715,-0.9992
-0.99731,0.072126,-0.012927,0.07161,0.99676,0.036736,0.015535,0.035711,-0.99924
-0.99724,0.073058,-0.013284,0.07251,0.99665,0.037924,0.01601,0.036856,-0.99919
-0.997,0.076284,-0.01338,0.075683,0.9963,0.040751,0.01644,0.039616,-0.99908
-0.99727,0.072585,-0.01384,0.071971,0.99658,0.040625,0.016742,0.039518,-0.99908
-0.99767,0.06672,-0.014454,0.066123,0.99707,0.038478,0.016979,0.037432,-0.99915
-0.99785,0.06393,-0.014386,0.063412,0.99741,0.033985,0.016521,0.033,-0.99932
-0.9976,0.067795,-0.014394,0.06741,0.99739,0.025697,0.016099,0.024665,-0.99957
-0.99785,0.063914,-0.014484,0.063559,0.99769,0.023804,0.015972,0.022832,-0.99961
-0.99817,0.058863,-0.013751,0.058492,0.99795,0.025991,0.015253,0.025139,-0.99957
-0.99834,0.056058,-0.012903,0.055662,0.99802,0.029246,0.014516,0.02848,-0.99949
-0.99846,0.054339,-0.0112,0.053955,0.99803,0.032126,0.012924,0.031472,-0.99942
-0.99848,0.054257,-0.0092418,0.053922,0.99799,0.033295,0.01103,0.032746,-0.9994
-0.99852,0.05405,-0.0063672,0.053816,0.99802,0.032409,0.0081063,0.032019,-0.99945
-0.99858,0.053142,-0.002856,0.053031,0.99814,0.030214,0.0044563,0.030019,-0.99954
-0.99869,0.051142,0.0001778,0.051124,0.99824,0.030215,0.0013678,0.030185,-0.99954
-0.99875,0.04977,0.0035982,0.049863,0.9982,0.033406,-0.0019291,0.033543,-0.99944
-0.99873,0.049826,0.0072367,0.050067,0.99801,0.038228,-0.0053176,0.038542,-0.99924
-0.99862,0.051388,0.01067,0.051784,0.99782,0.040867,-0.0085468,0.041363,-0.99911
-0.9985,0.052731,0.014417,0.053286,0.99772,0.041339,-0.012205,0.042045,-0.99904
-0.99835,0.054468,0.018113,0.055154,0.99768,0.039807,-0.015903,0.04074,-0.99904
-0.99819,0.055852,0.022183,0.056649,0.9977,0.0371,-0.02006,0.03829,-0.99907
-0.99798,0.057984,0.02601,0.058898,0.99762,0.035882,-0.023868,0.037341,-0.99902
-0.9978,0.059121,0.030113,0.060193,0.99754,0.036026,-0.027908,0.037759,-0.9989
-0.99758,0.060498,0.034135,0.061785,0.99737,0.037992,-0.031747,0.040009,-0.99869
-0.99735,0.061709,0.0386,0.063252,0.99719,0.040117,-0.036016,0.042452,-0.99845
-0.99699,0.064666,0.042716,0.066367,0.99701,0.039693,-0.040022,0.042408,-0.9983
-0.99669,0.066183,0.047118,0.067975,0.99698,0.037491,-0.044494,0.04057,-0.99819
-0.99642,0.067346,0.051104,0.069128,0.99703,0.033939,-0.048666,0.03735,-0.99812
-0.99616,0.068178,0.054939,0.070012,0.99703,0.032173,-0.052582,0.035896,-0.99797
-0.99601,0.068057,0.057796,0.069997,0.99703,0.032221,-0.055431,0.036138,-0.99781
-0.99589,0.068186,0.059654,0.070169,0.99703,0.031798,-0.057309,0.035853,-0.99771
-0.9959,0.067266,0.060464,0.069132,0.99718,0.029312,-0.058321,0.033372,-0.99774
-0.99592,0.06685,0.060681,0.068544,0.9973,0.02627,-0.058762,0.030322,-0.99781
-0.99579,0.068969,0.060422,0.07047,0.99725,0.023063,-0.058665,0.027224,-0.99791
-0.99572,0.070354,0.059963,0.072024,0.99706,0.026155,-0.057946,0.030362,-0.99786
-0.99577,0.069728,0.059895,0.07178,0.99688,0.032819,-0.05742,0.036979,-0.99767
-0.99575,0.070249,0.059583,0.072422,0.99676,0.03513,-0.056922,0.039295,-0.99761
-0.99584,0.069408,0.059051,0.071428,0.99691,0.032816,-0.05659,0.036897,-0.99772
-0.99595,0.068602,0.058187,0.070495,0.99703,0.031139,-0.055878,0.035115,-0.99782
-0.99607,0.067209,0.057658,0.069116,0.9971,0.031739,-0.055357,0.035599,-0.99783
-0.99609,0.067145,0.057352,0.069005,0.99713,0.0311,-0.055099,0.034936,-0.99787
-0.99607,0.068027,0.056648,0.069817,0.9971,0.030235,-0.054427,0.034072,-0.99794
-0.99612,0.06827,0.055573,0.070184,0.99698,0.033264,-0.053134,0.037036,-0.9979
-0.99629,0.067009,0.054,0.069002,0.99697,0.03592,-0.051429,0.039513,-0.99789
-0.99643,0.06653,0.052048,0.068346,0.99708,0.033922,-0.049639,0.037358,-0.99807
-0.9966,0.065825,0.049604,0.067556,0.99713,0.03407,-0.047219,0.037305,-0.99819
-0.99693,0.062717,0.046978,0.064332,0.99736,0.033698,-0.044741,0.036617,-0.99833
-0.99692,0.06516,0.043655,0.066251,0.99751,0.024018,-0.041982,0.026836,-0.99876
-0.99703,0.065219,0.040858,0.066069,0.99762,0.019834,-0.039467,0.022475,-0.99897
-0.99714,0.06513,0.038374,0.066226,0.99741,0.028012,-0.03645,0.030473,-0.99887
-0.99728,0.064402,0.035944,0.065656,0.99723,0.034866,-0.033599,0.037131,-0.99875
-0.99742,0.063517,0.033306,0.064696,0.99727,0.035603,-0.030953,0.037666,-0.99881
-0.99756,0.062672,0.030826,0.063704,0.9974,0.033727,-0.028632,0.035608,-0.99896
-0.99763,0.062675,0.028451,0.0636,0.99743,0.03287,-0.026318,0.034602,-0.99905
-0.99763,0.063559,0.026375,0.064426,0.99736,0.03345,-0.024179,0.03507,-0.99909
-0.99757,0.065277,0.024478,0.066083,0.99725,0.033677,-0.022212,0.035213,-0.99913
-0.99759,0.065574,0.022599,0.066348,0.99717,0.035385,-0.020215,0.036799,-0.99912
-0.99769,0.06486,0.020436,0.065599,0.99713,0.037841,-0.017923,0.039094,-0.99907
-0.99781,0.063604,0.018414,0.064312,0.99709,0.040859,-0.015761,0.041953,-0.999
-0.99791,0.062515,0.016478,0.063193,0.99701,0.044428,-0.013652,0.045376,-0.99888
-0.9979,0.063112,0.014771,0.063724,0.99693,0.045478,-0.011856,0.046323,-0.99886
-0.99791,0.063187,0.013412,0.063724,0.99698,0.044281,-0.010574,0.045043,-0.99893
-0.99789,0.063789,0.012146,0.06426,0.99699,0.043433,-0.0093392,0.044122,-0.99898
-0.9979,0.063846,0.011194,0.064278,0.99697,0.043735,-0.0083676,0.044363,-0.99898
-0.99797,0.062892,0.010508,0.063301,0.997,0.044643,-0.0076685,0.045217,-0.99895
-0.99798,0.062682,0.0098466,0.063059,0.99703,0.044296,-0.0070408,0.044828,-0.99897
-0.99798,0.062892,0.0091344,0.063219,0.99713,0.041629,-0.0064901,0.042122,-0.99909
-0.99793,0.063715,0.0087924,0.064034,0.99704,0.042595,-0.0060524,0.04307,-0.99905
-0.9979,0.064134,0.0088562,0.064481,0.99681,0.046938,-0.0058177,0.04741,-0.99886
-0.99789,0.06436,0.0091021,0.064735,0.99666,0.04987,-0.0058621,0.050353,-0.99871
-0.99791,0.063937,0.009782,0.064344,0.99671,0.049266,-0.0065999,0.049792,-0.99874
-0.99788,0.064192,0.010662,0.064614,0.99687,0.045586,-0.0077019,0.046179,-0.9989
-0.99795,0.063051,0.011415,0.063478,0.9971,0.042076,-0.0087286,0.042714,-0.99905
-0.99795,0.062867,0.012134,0.063318,0.99714,0.041267,-0.0095054,0.041951,-0.99907
-0.99799,0.062116,0.012846,0.062613,0.99712,0.042773,-0.010152,0.043492,-0.999
-0.9979,0.063251,0.013615,0.06381,0.99693,0.045483,-0.010696,0.046257,-0.99887
-0.99793,0.062616,0.014409,0.063251,0.9968,0.048905,-0.0113,0.049715,-0.9987
-0.99803,0.061029,0.014687,0.061681,0.99689,0.048998,-0.011651,0.049808,-0.99869
-0.99803,0.060962,0.014514,0.061552,0.99711,0.044438,-0.011763,0.045244,-0.99891
-0.99805,0.060787,0.013993,0.061315,0.99727,0.041035,-0.011461,0.041813,-0.99906
-0.99802,0.06144,0.013533,0.061954,0.99721,0.041595,-0.010939,0.042351,-0.99904
-0.99795,0.06264,0.013334,0.063177,0.99701,0.044585,-0.010501,0.045336,-0.99892
-0.99798,0.062136,0.012985,0.062673,0.99697,0.04606,-0.010084,0.046781,-0.99885
-0.99807,0.060945,0.012299,0.061437,0.99711,0.044633,-0.0095429,0.045302,-0.99893
-0.99818,0.059126,0.011683,0.059586,0.99725,0.04401,-0.009049,0.044626,-0.99896
-0.99824,0.058259,0.011081,0.058687,0.99734,0.043285,-0.0085302,0.043859,-0.999
-0.9982,0.059074,0.010762,0.059478,0.99733,0.042253,-0.0082377,0.042817,-0.99905
-0.99809,0.060936,0.010625,0.061332,0.99723,0.042079,-0.0080316,0.042651,-0.99906
-0.99793,0.063451,0.010613,0.063855,0.99701,0.043543,-0.0078183,0.044131,-0.999
-0.99789,0.063984,0.010579,0.064394,0.99693,0.0445,-0.0076996,0.045088,-0.99895
-0.99789,0.064003,0.010494,0.064399,0.99699,0.043175,-0.0076992,0.04376,-0.99901
-0.998,0.062403,0.010143,0.062784,0.99709,0.043133,-0.0074215,0.043683,-0.99902
-0.99813,0.060412,0.0097156,0.060778,0.99721,0.043269,-0.0070746,0.043778,-0.99902
-0.99819,0.059456,0.0093946,0.059808,0.99728,0.043109,-0.0068059,0.043593,-0.99903
-0.9982,0.059257,0.0092606,0.059612,0.99723,0.044449,-0.0066011,0.044921,-0.99897
-0.99815,0.060107,0.0091239,0.060458,0.99716,0.044826,-0.0064037,0.045295,-0.99895
-0.99807,0.061447,0.0089459,0.061793,0.99705,0.045492,-0.0061242,0.045957,-0.99892
-0.99805,0.061788,0.0089494,0.062139,0.99698,0.046617,-0.006042,0.047082,-0.99887
-0.99807,0.06148,0.0085217,0.061798,0.99711,0.044159,-0.0057822,0.044601,-0.99899
-0.99821,0.059354,0.0078586,0.059621,0.99743,0.039707,-0.0054817,0.040104,-0.99918
-0.99844,0.055332,0.0076353,0.055581,0.99774,0.037631,-0.0055359,0.037996,-0.99926
-0.99861,0.052065,0.0078301,0.052334,0.99785,0.039378,-0.0057631,0.039733,-0.99919
-0.99867,0.050992,0.0081616,0.051293,0.99779,0.042352,-0.0059839,0.042714,-0.99907
-0.9986,0.052211,0.0082233,0.052523,0.99766,0.043861,-0.005914,0.044232,-0.999
-0.99837,0.056374,0.0086936,0.056718,0.99731,0.046461,-0.006051,0.046878,-0.99888
-0.9981,0.06102,0.0090653,0.061386,0.99696,0.047978,-0.0061102,0.048443,-0.99881
-0.99794,0.063508,0.0091339,0.06387,0.99684,0.047132,-0.0061117,0.047619,-0.99885
-0.99785,0.064898,0.0092567,0.06525,0.99686,0.044941,-0.006311,0.045449,-0.99895
-0.99789,0.06425,0.0088642,0.064569,0.99702,0.042243,-0.0061236,0.042727,-0.99907
-0.99804,0.06207,0.0084967,0.062371,0.99718,0.041701,-0.0058843,0.042149,-0.99909
-0.99814,0.060359,0.0082622,0.060655,0.99727,0.042159,-0.005695,0.042582,-0.99908
-0.99819,0.059583,0.0079827,0.059866,0.99733,0.041792,-0.0054713,0.042194,-0.99909
-0.99818,0.059781,0.0078066,0.060046,0.9974,0.039939,-0.0053987,0.040336,-0.99917
-0.99821,0.059298,0.0076503,0.059555,0.99744,0.039457,-0.0052911,0.039842,-0.99919
-0.99822,0.059115,0.0076218,0.059374,0.99743,0.040122,-0.0052304,0.040503,-0.99917
-0.9983,0.057836,0.0074881,0.058089,0.99752,0.039735,-0.0051715,0.040102,-0.99918
-0.99841,0.055896,0.0070025,0.056132,0.99763,0.039876,-0.004757,0.040205,-0.99918
-0.99855,0.053433,0.0068388,0.053677,0.99765,0.04267,-0.0045427,0.042975,-0.99907
-0.99864,0.051739,0.0065493,0.051973,0.99773,0.042883,-0.0043157,0.043165,-0.99906
-0.99867,0.051295,0.0060644,0.051496,0.99789,0.039636,-0.0040184,0.039896,-0.9992
-0.99873,0.050096,0.0060755,0.050294,0.99799,0.038647,-0.0041272,0.038903,-0.99923
-0.99873,0.049876,0.0064502,0.050094,0.99795,0.039815,-0.0044512,0.040088,-0.99919
-0.99879,0.04871,0.0064841,0.048921,0.99809,0.037747,-0.0046331,0.038018,-0.99927
-0.99884,0.047713,0.0065702,0.047909,0.99828,0.033893,-0.0049418,0.034168,-0.9994
-0.99886,0.047149,0.006758,0.047347,0.99833,0.033015,-0.0051901,0.033297,-0.99943
-0.99883,0.04792,0.007109,0.048142,0.99822,0.0352,-0.0054095,0.035501,-0.99935
-0.99868,0.050805,0.0076681,0.051048,0.99805,0.035862,-0.0058312,0.036206,-0.99933
-0.99858,0.052666,0.0082074,0.052923,0.99798,0.035058,-0.0063445,0.035442,-0.99935
-0.9986,0.052199,0.0086245,0.052473,0.998,0.035353,-0.0067619,0.035756,-0.99934
-0.99863,0.051701,0.0084914,0.051957,0.99809,0.033334,-0.0067518,0.033729,-0.99941
-0.99868,0.050594,0.0085833,0.050856,0.99814,0.033729,-0.0068608,0.034121,-0.99939
-0.9987,0.050136,0.0092471,0.050454,0.998,0.038115,-0.0073177,0.038532,-0.99923
-0.99857,0.052499,0.0098894,0.052845,0.99785,0.038691,-0.0078369,0.039159,-0.9992
-0.99842,0.055236,0.010783,0.055602,0.99776,0.037161,-0.0087066,0.037702,-0.99925
-0.9983,0.057171,0.0115,0.057566,0.99763,0.037642,-0.0093209,0.03824,-0.99923
-0.99822,0.05851,0.011909,0.058933,0.9975,0.038954,-0.0095999,0.039587,-0.99917
-0.9981,0.060488,0.012139,0.060921,0.99737,0.039204,-0.0097358,0.039869,-0.99916
-0.99795,0.062705,0.012504,0.063155,0.99722,0.039621,-0.0099852,0.040329,-0.99914
-0.99783,0.064482,0.012944,0.064964,0.99704,0.041107,-0.010255,0.041859,-0.99907
-0.99771,0.066336,0.013094,0.066833,0.99688,0.042076,-0.010262,0.042854,-0.99903
-0.99756,0.06864,0.013048,0.0691,0.99685,0.03885,-0.010341,0.039657,-0.99916
-0.99738,0.071071,0.013164,0.071479,0.99687,0.033648,-0.010731,0.034501,-0.99935
-0.99734,0.071673,0.013313,0.072076,0.99686,0.032755,-0.010924,0.033627,-0.99937
-0.99733,0.071829,0.013504,0.07227,0.99675,0.035636,-0.0109,0.036516,-0.99927
-0.99736,0.071411,0.013534,0.071863,0.99675,0.036478,-0.010885,0.037354,-0.99924
-0.99739,0.070997,0.013326,0.071431,0.99681,0.035604,-0.010755,0.036463,-0.99928
-0.99737,0.071183,0.013352,0.071614,0.99681,0.035196,-0.010804,0.03606,-0.99929
-0.99742,0.070495,0.013348,0.070943,0.9968,0.036796,-0.010711,0.037648,-0.99923
-0.99739,0.071054,0.012608,0.071452,0.99684,0.034573,-0.010111,0.035383,-0.99932
-0.99747,0.070077,0.011722,0.070434,0.99695,0.033519,-0.009337,0.03426,-0.99937
-0.9975,0.069862,0.010673,0.070194,0.99693,0.034831,-0.0082063,0.035493,-0.99934
-0.99744,0.070749,0.009959,0.071056,0.99686,0.034989,-0.0074524,0.035607,-0.99934
-0.99738,0.071749,0.0090051,0.072013,0.99684,0.033528,-0.0065711,0.034089,-0.9994
-0.99741,0.071419,0.0082505,0.071656,0.99687,0.033369,-0.0058415,0.033874,-0.99941
-0.99746,0.070824,0.0074413,0.07104,0.99688,0.034464,-0.0049771,0.034905,-0.99938
-0.99752,0.070099,0.0066002,0.070288,0.99691,0.034982,-0.0041277,0.035359,-0.99937
-0.9976,0.06894,0.0058363,0.069104,0.99698,0.0354,-0.0033783,0.035718,-0.99936
-0.99761,0.068922,0.0051719,0.069063,0.99698,0.035488,-0.0027104,0.035761,-0.99936
-0.99762,0.068811,0.0047924,0.068938,0.99699,0.035606,-0.0023279,0.035851,-0.99935
-0.99755,0.06976,0.0047499,0.069884,0.99694,0.034946,-0.0022976,0.035192,-0.99938
-0.99752,0.070258,0.005011,0.070383,0.997,0.032117,-0.0027395,0.03239,-0.99947
-0.99752,0.070243,0.0052233,0.070373,0.99702,0.031562,-0.0029907,0.031851,-0.99949
-0.99746,0.071048,0.0058003,0.071202,0.99692,0.032968,-0.0034401,0.033297,-0.99944
-0.99734,0.072612,0.0066267,0.072799,0.99674,0.034722,-0.0040839,0.035112,-0.99938
-0.99726,0.073548,0.0078235,0.073789,0.99658,0.037085,-0.0050692,0.037561,-0.99928
-0.9972,0.074259,0.0090134,0.074541,0.99655,0.036566,-0.006267,0.037135,-0.99929
-0.9972,0.074108,0.0095215,0.074384,0.99669,0.032902,-0.0070517,0.033518,-0.99941
-0.99734,0.072278,0.0097222,0.07254,0.99691,0.030056,-0.0075198,0.030681,-0.9995
-0.99743,0.070947,0.0098435,0.071224,0.99696,0.031457,-0.0075819,0.032077,-0.99946
-0.99742,0.071018,0.010009,0.071337,0.9968,0.036195,-0.0074064,0.036816,-0.99929
-0.99739,0.071514,0.010189,0.071858,0.99666,0.038867,-0.0073751,0.039497,-0.99919
-0.99734,0.072136,0.010096,0.072475,0.99662,0.038701,-0.0072704,0.03933,-0.9992
-0.99734,0.072224,0.0096725,0.072536,0.99667,0.037166,-0.0069561,0.037769,-0.99926
-0.9974,0.071597,0.0087491,0.071864,0.99679,0.035335,-0.0061911,0.035872,-0.99934
-0.99748,0.070511,0.0077773,0.070738,0.9969,0.034372,-0.0053296,0.034836,-0.99938
-0.99757,0.069349,0.0067803,0.069546,0.99696,0.035241,-0.0043158,0.035627,-0.99936
-0.99759,0.069071,0.0061916,0.069253,0.99691,0.037008,-0.0036163,0.037348,-0.9993
-0.9976,0.069083,0.0054005,0.069233,0.99696,0.035804,-0.0029105,0.036092,-0.99934
-0.9976,0.069089,0.0047824,0.069214,0.997,0.034716,-0.0023696,0.034964,-0.99939
-0.99759,0.069291,0.0041371,0.069396,0.99694,0.036025,-0.0016282,0.036225,-0.99934
-0.99763,0.068771,0.0034724,0.068853,0.99692,0.037434,-0.00088741,0.037584,-0.99929
-0.99764,0.068673,0.0024398,0.068716,0.99695,0.037102,0.00011554,0.037182,-0.99931
-0.99761,0.069069,0.0016702,0.069083,0.9969,0.037534,0.00092738,0.03756,-0.99929
-0.9976,0.069178,0.00087695,0.069163,0.99691,0.037183,0.001698,0.037155,-0.99931
-0.99762,0.068927,0.00023039,0.068888,0.99693,0.037148,0.0023308,0.037075,-0.99931
-0.99759,0.069393,-0.00040837,0.06933,0.9969,0.037124,0.0029832,0.037006,-0.99931
-0.99764,0.068724,-0.0010691,0.068639,0.99697,0.036613,0.0035821,0.036453,-0.99933
-0.99764,0.068672,-0.0018943,0.068562,0.99701,0.03552,0.0043279,0.035306,-0.99937
-0.99761,0.068995,-0.0023541,0.068875,0.99705,0.034021,0.0046944,0.033777,-0.99942
-0.99758,0.069454,-0.0027561,0.069316,0.99698,0.034941,0.0051746,0.034666,-0.99939
-0.9976,0.069157,-0.0026312,0.069007,0.99689,0.03806,0.0052551,0.037787,-0.99927
-0.99754,0.070076,-0.0025213,0.069937,0.99688,0.036722,0.0050868,0.036455,-0.99932
-0.99758,0.06948,-0.002305,0.069354,0.99696,0.035592,0.0047709,0.035346,-0.99936
-0.99753,0.070135,-0.002294,0.070006,0.99689,0.036254,0.0048295,0.036004,-0.99934
-0.99748,0.070908,-0.0020228,0.070787,0.99681,0.03674,0.0046215,0.036504,-0.99932
-0.99746,0.071249,-0.0016026,0.071138,0.99676,0.03766,0.0042806,0.03745,-0.99929
-0.99748,0.070889,-0.0013794,0.070783,0.99674,0.038611,0.004112,0.038416,-0.99925
-0.99746,0.071153,-0.0013004,0.071052,0.99675,0.038031,0.0040022,0.037842,-0.99928
-0.9975,0.070661,-0.0012901,0.070561,0.99678,0.038035,0.0039735,0.037849,-0.99928
-0.99749,0.07077,-0.001486,0.070663,0.99678,0.037865,0.004161,0.037665,-0.99928
-0.99753,0.070281,-0.0020441,0.070156,0.99684,0.037367,0.0046638,0.037131,-0.9993
-0.99759,0.069302,-0.0033337,0.069126,0.99689,0.037907,0.0059503,0.037585,-0.99928
-0.99766,0.068199,-0.0045635,0.06797,0.99692,0.039042,0.0072121,0.03864,-0.99923
-0.99774,0.066944,-0.0057465,0.066662,0.99698,0.039921,0.0084016,0.039448,-0.99919
-0.99777,0.066379,-0.0071274,0.066053,0.99705,0.038999,0.0096951,0.038442,-0.99921
-0.99774,0.066621,-0.0083573,0.066266,0.99711,0.037286,0.010817,0.036648,-0.99927
-0.99771,0.06704,-0.0089921,0.066665,0.99709,0.03692,0.011441,0.036236,-0.99928
-0.99765,0.067946,-0.0089248,0.067551,0.99696,0.038912,0.011542,0.038218,-0.9992
-0.99761,0.068508,-0.0086063,0.068097,0.99682,0.041318,0.01141,0.040633,-0.99911
-0.99747,0.070571,-0.0086098,0.07015,0.99665,0.042085,0.011551,0.041374,-0.99908
-0.99733,0.072494,-0.0085548,0.072083,0.99655,0.041244,0.011515,0.040518,-0.99911
-0.99746,0.070694,-0.0088811,0.070258,0.99663,0.042345,0.011845,0.041614,-0.99906
-0.99745,0.070844,-0.0087407,0.070377,0.99648,0.045494,0.011933,0.044763,-0.99893
-0.99743,0.070929,-0.010092,0.070402,0.99649,0.045399,0.013277,0.044572,-0.99892
-0.99749,0.069693,-0.012115,0.0691,0.99664,0.043892,0.015133,0.042945,-0.99896
-0.9975,0.0693,-0.013469,0.068644,0.99666,0.044213,0.016488,0.043178,-0.99893
-0.99742,0.070349,-0.014535,0.069635,0.99656,0.044856,0.01764,0.043728,-0.99889
-0.99733,0.071434,-0.015258,0.070677,0.99646,0.045414,0.018449,0.044214,-0.99885
-0.99727,0.072306,-0.014859,0.071566,0.9964,0.045443,0.018092,0.044256,-0.99886
-0.99717,0.074105,-0.013003,0.073458,0.9963,0.044655,0.016264,0.043574,-0.99892
-0.99696,0.077642,-0.007091,0.077266,0.99607,0.043186,0.010416,0.042507,-0.99904
-0.99664,0.081807,0.0042787,0.081915,0.99575,0.042018,-0.00082321,0.042227,-0.99911
-0.9961,0.085418,0.02209,0.086263,0.99544,0.040658,-0.018516,0.042405,-0.99893
-0.99527,0.086319,0.044584,0.088123,0.9953,0.040206,-0.040904,0.043945,-0.9982
-0.99389,0.085234,0.070115,0.088295,0.99522,0.041772,-0.066219,0.047707,-0.99666
-0.99166,0.08302,0.098592,0.087656,0.99519,0.043661,-0.094494,0.051939,-0.99417
-0.98821,0.081811,0.12939,0.087969,0.99521,0.042607,-0.12528,0.053487,-0.99068
-0.98294,0.082282,0.16447,0.089749,0.99522,0.038483,-0.16052,0.052588,-0.98563
-0.9753,0.083511,0.20448,0.092027,0.99523,0.032477,-0.2008,0.050493,-0.97833
-0.96512,0.08402,0.24796,0.093518,0.99526,0.026755,-0.24454,0.049011,-0.9684
-0.95215,0.082972,0.29416,0.093676,0.99535,0.022462,-0.29092,0.048943,-0.95549
-0.93531,0.082851,0.34399,0.095172,0.99528,0.019058,-0.34079,0.050564,-0.93878
-0.9142,0.083487,0.39658,0.097286,0.99515,0.014766,-0.39342,0.05208,-0.91788
-0.88895,0.081911,0.45062,0.096724,0.99526,0.009898,-0.44767,0.052385,-0.89266
-0.85939,0.080223,0.505,0.096169,0.99535,0.0055375,-0.5022,0.053324,-0.8631
-0.82538,0.078112,0.55915,0.09514,0.99546,0.001375,-0.55651,0.054333,-0.82906
-0.7866,0.076593,0.6127,0.094948,0.99548,-0.002547,-0.61012,0.056171,-0.79031
-0.74337,0.073623,0.66482,0.093053,0.99564,-0.0062104,-0.66237,0.057247,-0.74698
-0.69447,0.070676,0.71604,0.091705,0.99574,-0.009341,-0.71365,0.059177,-0.69799
-0.64112,0.066871,0.76452,0.089067,0.99595,-0.012422,-0.76225,0.06013,-0.64448
-0.58522,0.060541,0.80861,0.083201,0.99643,-0.014387,-0.80659,0.058858,-0.58817
-0.52715,0.055691,0.84794,0.07774,0.99683,-0.01714,-0.84621,0.056884,-0.52981
-0.46654,0.052451,0.88294,0.07281,0.99713,-0.020762,-0.8815,0.054601,-0.46902
-0.40366,0.050541,0.91351,0.070233,0.99724,-0.024139,-0.91221,0.054415,-0.4061
-0.33887,0.05056,0.93947,0.068958,0.9972,-0.028794,-0.9383,0.055027,-0.34141
-0.27289,0.051366,0.96067,0.065793,0.99723,-0.034632,-0.95979,0.053755,-0.27551
-0.20591,0.05119,0.97723,0.061418,0.99734,-0.039302,-0.97664,0.051927,-0.20851
-0.13725,0.04789,0.98938,0.055259,0.99765,-0.040625,-0.98899,0.049096,-0.13957
-0.067492,0.040097,0.99691,0.051539,0.998,-0.036651,-0.99639,0.048907,-0.069424
0.003185,0.030079,0.99954,0.050664,0.99826,-0.030202,-0.99871,0.050737,0.0016556
0.073994,0.018241,0.99709,0.047784,0.99862,-0.021815,-0.99611,0.049259,0.07302
0.14462,0.0064449,0.98947,0.043674,0.99896,-0.01289,-0.98852,0.045078,0.14419
0.21534,-0.0025366,0.97653,0.038568,0.99924,-0.0059092,-0.97578,0.038935,0.21528
0.28552,-0.0071269,0.95835,0.037027,0.99931,-0.0035997,-0.95766,0.036512,0.28558
0.35454,-0.0097153,0.93499,0.036416,0.99933,-0.0034251,-0.93433,0.035263,0.35466
0.42152,-0.014874,0.9067,0.03688,0.99932,-0.00075215,-0.90607,0.033756,0.42179
0.486,-0.020681,0.87371,0.037134,0.99931,0.0029983,-0.87317,0.030987,0.48643
0.54783,-0.025492,0.8362,0.03701,0.9993,0.0062169,-0.83577,0.027542,0.54838
0.60596,-0.027312,0.79503,0.034998,0.99936,0.0076559,-0.79472,0.023185,0.60653
0.65955,-0.025997,0.75121,0.032591,0.99945,0.0059737,-0.75095,0.020543,0.66003
0.70878,-0.024399,0.70501,0.032719,0.99946,0.0016958,-0.70467,0.021865,0.70919
0.75335,-0.024295,0.65717,0.034669,0.99939,-0.0027967,-0.6567,0.02489,0.75374
0.79407,-0.024645,0.60732,0.034566,0.99939,-0.0046409,-0.60684,0.024678,0.79444
0.83142,-0.02593,0.55504,0.0334,0.99944,-0.0033405,-0.55464,0.021316,0.83182
0.8661,-0.025792,0.4992,0.030568,0.99953,-0.0013924,-0.49893,0.016466,0.86648
0.89712,-0.027529,0.44093,0.031216,0.99951,-0.0011083,-0.44068,0.014758,0.89754
0.92375,-0.027213,0.38204,0.02945,0.99957,-8.987e-06,-0.38187,0.011259,0.92415
0.94492,-0.026128,0.32627,0.027439,0.99962,0.00058434,-0.32616,0.0084004,0.94528
0.96126,-0.020393,0.27487,0.021538,0.99977,-0.0011466,-0.27479,0.0070223,0.96148
0.97335,-0.014237,0.22887,0.015394,0.99988,-0.0032723,-0.22879,0.0067082,0.97345
0.98213,-0.008922,0.188,0.0098977,0.99994,-0.0042517,-0.18795,0.0060365,0.98216
0.98836,-0.0086282,0.15188,0.0092354,0.99995,-0.0032926,-0.15185,0.004657,0.98839
0.99293,-0.0085212,0.11836,0.0087721,0.99996,-0.0015991,-0.11834,0.0026261,0.99297
0.9961,-0.0075283,0.087864,0.0076229,0.99997,-0.00074151,-0.087856,0.0014084,0.99613
0.99811,-0.004324,0.061253,0.0043792,0.99999,-0.00076649,-0.061249,0.0010333,0.99812
0.99923,0.00059629,0.039103,-0.00053877,1,-0.0014813,-0.039104,0.0014591,0.99923
0.99971,0.0057691,0.023223,-0.005711,0.99998,-0.0025684,-0.023237,0.002435,0.99973
0.99985,0.010913,0.013487,-0.010862,0.99993,-0.0038873,-0.013529,0.0037402,0.9999
0.99985,0.014387,0.0096785,-0.01435,0.99989,-0.0038206,-0.0097324,0.0036811,0.99995
0.99984,0.015285,0.0087547,-0.015259,0.99988,-0.0030596,-0.0088004,0.0029255,0.99996
0.99987,0.013995,0.0078271,-0.013981,0.9999,-0.0018197,-0.0078518,0.00171,0.99997
0.99989,0.013404,0.0066464,-0.013399,0.99991,-0.00086237,-0.0066574,0.00077322,0.99998
0.99992,0.011762,0.0049446,-0.011757,0.99993,-0.0010143,-0.0049562,0.00095611,0.99999
0.99992,0.012129,0.0026355,-0.012125,0.99993,-0.0016103,-0.0026549,0.0015782,1
0.99993,0.011725,0.00068559,-0.011725,0.99993,-0.00073398,-0.00069414,0.00072589,1
0.99993,0.011722,-0.0011019,-0.01172,0.99993,0.001805,0.001123,-0.001792,1
0.99994,0.010177,-0.0029701,-0.010168,0.99994,0.0029347,0.0029998,-0.0029043,0.99999
0.99994,0.0098441,-0.0045902,-0.0098373,0.99995,0.001514,0.0046048,-0.0014688,0.99999
0.99994,0.0090505,-0.0058337,-0.0090516,0.99996,-0.00017084,0.005832,0.00022363,0.99998
0.99994,0.0088226,-0.0070586,-0.008825,0.99996,-0.00030118,0.0070557,0.00036345,0.99998
0.99992,0.0097197,-0.0077907,-0.0097225,0.99995,-0.00032955,0.0077871,0.00040527,0.99997
0.99991,0.010252,-0.0081758,-0.010263,0.99995,-0.0012518,0.0081625,0.0013356,0.99997
0.99991,0.010225,-0.0081187,-0.010243,0.99995,-0.0021329,0.0080964,0.0022159,0.99996
0.99991,0.010729,-0.0074802,-0.01074,0.99994,-0.0014141,0.0074646,0.0014944,0.99997
0.99992,0.010842,-0.0065355,-0.010848,0.99994,-0.00091561,0.0065252,0.00098644,0.99998
0.99992,0.011366,-0.0050628,-0.01138,0.99993,-0.0026616,0.0050322,0.002719,0.99998
0.99993,0.011647,-0.0032215,-0.011667,0.99991,-0.0063325,0.0031475,0.0063696,0.99997
0.99994,0.011009,-0.0015261,-0.011023,0.9999,-0.0089867,0.001427,0.009003,0.99996
0.99995,0.0094772,-0.00051365,-0.0094816,0.99991,-0.0094636,0.00042391,0.0094681,0.99996
0.99997,0.0083084,-0.00062398,-0.0083135,0.99993,-0.0086811,0.00055181,0.008686,0.99996
0.99997,0.0072379,-0.0016848,-0.0072519,0.99994,-0.0084989,0.0016232,0.0085109,0.99996
0.99997,0.0073924,-0.0029423,-0.007426,0.99991,-0.011578,0.0028564,0.011599,0.99993
0.99996,0.0073736,-0.0053538,-0.0074423,0.99989,-0.012932,0.0052579,0.012971,0.9999
0.99993,0.0077853,-0.0084099,-0.0078836,0.9999,-0.011712,0.0083179,0.011778,0.9999
0.99992,0.00705,-0.010966,-0.0071588,0.99993,-0.009921,0.010896,0.0099987,0.99989
0.99989,0.0081187,-0.012348,-0.0082446,0.99991,-0.010185,0.012265,0.010285,0.99987
0.99988,0.0078035,-0.013579,-0.0079582,0.9999,-0.011377,0.013489,0.011484,0.99984
0.99987,0.0069692,-0.014777,-0.0071446,0.9999,-0.011851,0.014693,0.011955,0.99982
0.99985,0.0069865,-0.015732,-0.007196,0.99989,-0.013301,0.015638,0.013412,0.99979
0.99982,0.008762,-0.016782,-0.0089896,0.99987,-0.01353,0.016661,0.013679,0.99977
0.99982,0.0083642,-0.016963,-0.0085703,0.99989,-0.012117,0.016859,0.012261,0.99978
0.99981,0.0103,-0.016579,-0.010455,0.9999,-0.0092531,0.016482,0.0094247,0.99982
0.99982,0.010495,-0.016108,-0.010612,0.99992,-0.0071801,0.016031,0.0073497,0.99984
0.99983,0.0095471,-0.015794,-0.0096255,0.99994,-0.0048931,0.015747,0.0050443,0.99986
0.99983,0.010185,-0.015308,-0.010167,0.99995,0.001261,0.01532,-0.0011052,0.99988
0.99983,0.010553,-0.015038,-0.01045,0.99992,0.0069099,0.015109,-0.0067516,0.99986
0.99982,0.011327,-0.015031,-0.01118,0.99989,0.009784,0.01514,-0.0096142,0.99984
0.9998,0.01312,-0.015024,-0.012943,0.99985,0.011854,0.015178,-0.011657,0.99982
0.99981,0.012583,-0.015128,-0.012393,0.99984,0.012624,0.015284,-0.012434,0.99981
0.99981,0.012072,-0.015529,-0.011904,0.99987,0.010867,0.015659,-0.01068,0.99982
0.99982,0.011299,-0.015085,-0.011174,0.9999,0.0082935,0.015177,-0.0081235,0.99985
0.99984,0.010692,-0.014219,-0.010577,0.99991,0.0081318,0.014304,-0.0079802,0.99987
0.99985,0.010941,-0.01321,-0.010797,0.99988,0.010898,0.013328,-0.010754,0.99985
0.99988,0.0091614,-0.012606,-0.0090262,0.9999,0.010737,0.012703,-0.010622,0.99986
0.99989,0.0089241,-0.012121,-0.0088156,0.99992,0.008977,0.0122,-0.0088691,0.99989
0.9999,0.0086216,-0.011479,-0.0085213,0.99993,0.0087626,0.011554,-0.0086639,0.9999
0.99991,0.0080686,-0.010975,-0.0079484,0.99991,0.010957,0.011063,-0.010869,0.99988
0.99992,0.0071065,-0.010344,-0.0069702,0.99989,0.013147,0.010436,-0.013074,0.99986
0.99992,0.0066165,-0.010348,-0.0064636,0.99987,0.01474,0.010444,-0.014672,0.99984
0.99992,0.0061629,-0.010806,-0.0060127,0.99989,0.013884,0.01089,-0.013818,0.99985
0.99991,0.0064377,-0.011403,-0.0063309,0.99994,0.0093723,0.011463,-0.0092993,0.99989
0.99988,0.0096382,-0.012096,-0.0095555,0.99993,0.0068725,0.012161,-0.0067561,0.9999
0.99986,0.010801,-0.012494,-0.010692,0.9999,0.0088127,0.012588,-0.0086779,0.99988
0.99984,0.012163,-0.012774,-0.012031,0.99987,0.010405,0.012899,-0.01025,0.99986
0.99987,0.0092453,-0.01334,-0.0091429,0.99993,0.0077165,0.01341,-0.0075935,0.99988
0.99987,0.0081017,-0.014212,-0.007985,0.99993,0.0082485,0.014277,-0.008134,0.99986
0.99986,0.0071686,-0.014905,-0.0069963,0.99991,0.011581,0.014987,-0.011476,0.99982
0.99985,0.0062601,-0.016006,-0.0060981,0.99993,0.010148,0.016069,-0.010049,0.99982
0.99983,0.0057634,-0.017354,-0.0056629,0.99997,0.0058347,0.017387,-0.0057354,0.99983
0.99981,0.0051618,-0.018582,-0.0050393,0.99997,0.006634,0.018615,-0.0065391,0.99981
0.99979,0.0052682,-0.019817,-0.0050364,0.99992,0.011729,0.019878,-0.011626,0.99973
0.99976,0.0049567,-0.021139,-0.0047092,0.99992,0.01174,0.021195,-0.011638,0.99971
0.99974,0.0054216,-0.022012,-0.0051916,0.99993,0.010491,0.022067,-0.010374,0.9997
0.99974,0.0066461,-0.021969,-0.0064128,0.99992,0.010672,0.022038,-0.010529,0.9997
0.99973,0.0079661,-0.022049,-0.0077295,0.99991,0.010796,0.022133,-0.010623,0.9997
0.99972,0.0080511,-0.022225,-0.0078219,0.99992,0.010377,0.022307,-0.0102,0.9997
0.99972,0.0077229,-0.022186,-0.0075127,0.99993,0.0095448,0.022258,-0.0093755,0.99971
0.99974,0.0070729,-0.021695,-0.0068656,0.99993,0.0096146,0.021761,-0.0094632,0.99972
0.99976,0.0060341,-0.021222,-0.0058295,0.99994,0.0096896,0.021279,-0.0095635,0.99973
0.99978,0.0045424,-0.020641,-0.0043432,0.99994,0.0096862,0.020684,-0.0095944,0.99974
0.9998,0.003823,-0.019866,-0.0035983,0.99993,0.011333,0.019908,-0.011259,0.99974
0.99981,0.0040199,-0.018972,-0.0038043,0.99993,0.011385,0.019016,-0.011311,0.99976
0.99982,0.0044959,-0.018322,-0.0043123,0.99994,0.010049,0.018366,-0.009968,0.99978
0.99984,0.0050047,-0.017461,-0.0048642,0.99996,0.0080796,0.017501,-0.0079934,0.99981
0.99984,0.0061898,-0.01654,-0.0060671,0.99995,0.0074574,0.016585,-0.0073558,0.99984
0.99984,0.0081415,-0.015665,-0.0079881,0.99992,0.0098307,0.015744,-0.0097041,0.99983
0.99985,0.0089061,-0.014682,-0.008737,0.9999,0.01154,0.014783,-0.01141,0.99983
0.99987,0.0092633,-0.013551,-0.0091108,0.99989,0.011272,0.013654,-0.011147,0.99984
0.99988,0.0094829,-0.012375,-0.0093635,0.99991,0.0096694,0.012466,-0.0095523,0.99988
0.99991,0.00838,-0.010917,-0.0083017,0.99994,0.0071993,0.010977,-0.007108,0.99991
0.99992,0.0085475,-0.0096147,-0.0084693,0.99993,0.0081477,0.0096837,-0.0080656,0.99992
0.99992,0.0091525,-0.0081897,-0.0090682,0.99991,0.010267,0.0082829,-0.010192,0.99991
0.99994,0.0091043,-0.0067434,-0.009067,0.99994,0.0055484,0.0067935,-0.0054869,0.99996
0.99992,0.010967,-0.0055291,-0.010967,0.99994,-8.613e-05,0.0055279,0.00014676,0.99998
0.99992,0.012095,-0.004369,-0.012105,0.99992,-0.0023779,0.0043399,0.0024306,0.99999
0.99992,0.011889,-0.0034183,-0.011901,0.99992,-0.0035789,0.0033755,0.0036194,0.99999
0.99993,0.011382,-0.002646,-0.011391,0.99993,-0.0035667,0.0026052,0.0035966,0.99999
0.99994,0.010751,-0.0022956,-0.010755,0.99994,-0.0019032,0.002275,0.0019278,1
0.99995,0.0098895,-0.0018996,-0.0098892,0.99995,0.00016512,0.0019012,-0.00014632,1
0.99996,0.0086556,-0.0016757,-0.0086548,0.99996,0.00047623,0.0016798,-0.00046171,1
0.99997,0.0078073,-0.0020936,-0.0078106,0.99997,-0.0015595,0.0020813,0.0015758,1
0.99997,0.0070182,-0.0027035,-0.0070246,0.99997,-0.0023572,0.0026869,0.0023762,0.99999
0.99996,0.0082248,-0.0037003,-0.0082295,0.99997,-0.0012614,0.0036898,0.0012918,0.99999
0.99996,0.0081127,-0.0049088,-0.0081147,0.99997,-0.00038474,0.0049055,0.00042455,0.99999
0.99994,0.0087838,-0.0062589,-0.0087845,0.99996,-8.4111e-05,0.006258,0.00013909,0.99998
0.99994,0.0084322,-0.00736,-0.0084238,0.99996,0.0011687,0.0073696,-0.0011066,0.99997
0.99993,0.0076998,-0.0084566,-0.0077056,0.99997,-0.00065134,0.0084513,0.00071646,0.99996
0.99994,0.0068209,-0.008787,-0.0068423,0.99997,-0.0024067,0.0087704,0.0024667,0.99996
0.99993,0.0071178,-0.0090732,-0.0071466,0.99997,-0.0031453,0.0090505,0.0032099,0.99995
0.99993,0.0076084,-0.009437,-0.0076357,0.99997,-0.0028631,0.0094149,0.002935,0.99995
0.99992,0.0081896,-0.0097131,-0.0082078,0.99996,-0.001834,0.0096978,0.0019136,0.99995
0.99991,0.0090219,-0.0098416,-0.009049,0.99996,-0.0027106,0.0098167,0.0027994,0.99995
0.9999,0.009473,-0.010116,-0.0095004,0.99995,-0.0026629,0.01009,0.0027588,0.99995
0.9999,0.0096872,-0.010323,-0.0097103,0.99995,-0.0021883,0.010301,0.0022883,0.99994
0.9999,0.0099705,-0.01047,-0.0099956,0.99995,-0.002344,0.010446,0.0024484,0.99994
0.9999,0.0094895,-0.010672,-0.0095191,0.99995,-0.0027263,0.010645,0.0028276,0.99994
0.9999,0.0095669,-0.010825,-0.0096032,0.99995,-0.00331,0.010793,0.0034136,0.99994
0.9999,0.0094503,-0.01085,-0.0094741,0.99995,-0.002148,0.01083,0.0022505,0.99994
0.99988,0.011197,-0.010739,-0.011207,0.99994,-0.00088247,0.010729,0.0010027,0.99994
0.99988,0.010965,-0.010736,-0.010979,0.99994,-0.0012528,0.010721,0.0013706,0.99994
0.99988,0.010956,-0.01061,-0.010979,0.99994,-0.0020925,0.010586,0.0022087,0.99994
0.99989,0.010566,-0.010462,-0.01059,0.99994,-0.0021633,0.010439,0.0022738,0.99994
0.99989,0.010744,-0.010523,-0.010767,0.99994,-0.0021019,0.0105,0.002215,0.99994
0.9999,0.0097265,-0.010477,-0.009742,0.99995,-0.0014314,0.010462,0.0015333,0.99994
0.9999,0.0095997,-0.010186,-0.0096107,0.99995,-0.0010254,0.010176,0.0011232,0.99995
0.9999,0.0097263,-0.010199,-0.0097422,0.99995,-0.0015107,0.010184,0.0016099,0.99995
0.9999,0.0094269,-0.010279,-0.009454,0.99995,-0.0025869,0.010254,0.0026838,0.99994
0.99989,0.010107,-0.010685,-0.01013,0.99995,-0.0020772,0.010663,0.0021852,0.99994
0.99989,0.0099839,-0.010999,-0.010005,0.99995,-0.0018785,0.010979,0.0019883,0.99994
0.99988,0.010143,-0.011517,-0.010169,0.99995,-0.0022299,0.011494,0.0023468,0.99993
0.99988,0.0099423,-0.011973,-0.0099521,0.99995,-0.00075919,0.011964,0.00087825,0.99993
0.99989,0.0089966,-0.012131,-0.0089893,0.99996,0.00065738,0.012137,-0.00054825,0.99993
0.99989,0.0090907,-0.011999,-0.009092,0.99996,-4.904e-05,0.011998,0.00015813,0.99993
0.9999,0.0081426,-0.011648,-0.0081559,0.99997,-0.0010931,0.011638,0.001188,0.99993
0.9999,0.0088522,-0.01131,-0.0088681,0.99996,-0.0013596,0.011298,0.0014598,0.99994
0.99991,0.0082396,-0.010786,-0.008249,0.99997,-0.00082473,0.010779,0.00091363,0.99994
0.99992,0.0074828,-0.010276,-0.0074851,0.99997,-0.00018368,0.010275,0.00026058,0.99995
0.99992,0.0072555,-0.0098733,-0.0072592,0.99997,-0.00033347,0.0098706,0.00040511,0.99995
0.99994,0.0059091,-0.0096086,-0.0059109,0.99998,-0.00015534,0.0096075,0.00021212,0.99995
0.99994,0.0050723,-0.0094273,-0.0050659,0.99999,0.00070852,0.0094308,-0.00066073,0.99996
0.99994,0.0045095,-0.0098064,-0.0044915,0.99999,0.0018538,0.0098146,-0.0018097,0.99995
0.99993,0.0044071,-0.01081,-0.0043838,0.99999,0.0021767,0.01082,-0.0021292,0.99994
0.99992,0.0048122,-0.011984,-0.0047895,0.99999,0.0019247,0.011993,-0.0018672,0.99993
0.99989,0.0075712,-0.013013,-0.0075322,0.99997,0.0030447,0.013036,-0.0029463,0.99991
0.99987,0.0080665,-0.01372,-0.0079799,0.99995,0.0063553,0.01377,-0.006245,0.99989
0.99986,0.0090525,-0.014367,-0.0089083,0.99991,0.01007,0.014456,-0.0099403,0.99985
0.99984,0.0093859,-0.015139,-0.0091836,0.99987,0.013378,0.015262,-0.013237,0.9998
0.99982,0.0097207,-0.016213,-0.0094778,0.99984,0.014991,0.016356,-0.014835,0.99976
0.99982,0.007939,-0.017123,-0.00772,0.99989,0.012821,0.017223,-0.012686,0.99977
0.99979,0.0092949,-0.018099,-0.0090981,0.9999,0.010923,0.018199,-0.010756,0.99978
0.99977,0.0099062,-0.019201,-0.0097107,0.9999,0.010247,0.0193,-0.010058,0.99976
0.99974,0.010723,-0.020329,-0.010515,0.99989,0.01031,0.020437,-0.010093,0.99974
0.99971,0.010976,-0.021368,-0.010784,0.9999,0.0090444,0.021465,-0.0088113,0.99973
0.99968,0.011211,-0.022457,-0.010988,0.99989,0.010003,0.022567,-0.0097531,0.9997
0.99966,0.011117,-0.023482,-0.010866,0.99988,0.010767,0.023599,-0.010508,0.99967
0.99964,0.011339,-0.024271,-0.011083,0.99988,0.010649,0.024389,-0.010376,0.99965
0.99962,0.011746,-0.024927,-0.011494,0.99988,0.010251,0.025044,-0.0099603,0.99964
0.99962,0.011049,-0.025442,-0.010798,0.99989,0.0099927,0.02555,-0.0097142,0.99963
0.99961,0.0095475,-0.026152,-0.0093138,0.99992,0.0090444,0.026237,-0.0087973,0.99962
0.9996,0.0086925,-0.026997,-0.0084475,0.99992,0.0091748,0.027075,-0.008943,0.99959
0.99958,0.0086539,-0.027728,-0.008356,0.99991,0.010839,0.02782,-0.010603,0.99956
0.99956,0.0091675,-0.028226,-0.0088889,0.99991,0.0099819,0.028315,-0.0097266,0.99955
0.99953,0.010865,-0.028504,-0.010636,0.99991,0.0081529,0.02859,-0.0078459,0.99956
0.99951,0.013211,-0.028517,-0.012973,0.99988,0.0085055,0.028625,-0.0081314,0.99956
0.99948,0.015705,-0.028181,-0.015469,0.99984,0.0085776,0.028311,-0.0081372,0.99957
0.99947,0.017778,-0.02714,-0.017542,0.99981,0.0088902,0.027293,-0.0084094,0.99959
0.99952,0.017964,-0.0252,-0.0177,0.99979,0.010665,0.025387,-0.010214,0.99963
0.99955,0.0189,-0.023491,-0.018621,0.99975,0.012034,0.023713,-0.011591,0.99965
0.99962,0.016711,-0.022041,-0.016455,0.9998,0.01172,0.022232,-0.011352,0.99969
0.9997,0.013531,-0.020392,-0.013393,0.99989,0.0068734,0.020483,-0.0065982,0.99977
0.99972,0.014869,-0.018158,-0.014737,0.99986,0.0073544,0.018265,-0.0070848,0.99981
0.99977,0.014756,-0.015318,-0.014563,0.99981,0.012645,0.015502,-0.012419,0.9998
0.9998,0.015531,-0.012279,-0.01537,0.9998,0.013056,0.012479,-0.012865,0.99984
0.99984,0.015754,-0.0086023,-0.015673,0.99983,0.0094882,0.0087503,-0.0093519,0.99992
0.99987,0.014863,-0.005661,-0.014838,0.99988,0.0043151,0.0057245,-0.0042306,0.99997
0.99991,0.013028,-0.0028421,-0.013032,0.99991,-0.0014424,0.0028231,0.0014793,0.99999
0.99994,0.011272,-0.00041429,-0.011273,0.99993,-0.0034544,0.00037533,0.0034588,0.99999
0.99995,0.0098868,0.0013454,-0.0098852,0.99995,-0.0011819,-0.001357,0.0011686,1
0.99994,0.010222,0.0025806,-0.010226,0.99995,0.0012644,-0.0025676,-0.0012907,1
0.99994,0.010328,0.0035762,-0.010329,0.99995,0.00034207,-0.0035725,-0.00037899,0.99999
0.99994,0.010348,0.0044697,-0.01034,0.99994,-0.0019885,-0.00449,0.0019421,0.99999
0.99993,0.010827,0.0053639,-0.010812,0.99994,-0.0028161,-0.0053941,0.0027579,0.99998
0.99993,0.010544,0.0059312,-0.01054,0.99994,-0.00076665,-0.0059389,0.00070408,0.99998
0.99994,0.0092891,0.0058993,-0.0092944,0.99996,0.00086988,-0.0058909,-0.00092465,0.99998
0.99995,0.0081792,0.0055307,-0.0081885,0.99997,0.0016743,-0.0055168,-0.0017195,0.99998
0.99997,0.0063292,0.004115,-0.0063402,0.99998,0.0026543,-0.0040981,-0.0026803,0.99999
0.99999,0.0041911,0.0011262,-0.0041942,0.99999,0.0027908,-0.0011145,-0.0027955,1
0.99999,0.0019529,-0.0025637,-0.001951,1,0.00071931,0.0025651,-0.00071431,1
0.99998,0.0016304,-0.0062726,-0.001648,0.99999,-0.0027947,0.006268,0.002805,0.99998
0.99995,0.0023529,-0.010045,-0.0024201,0.99997,-0.0066823,0.010029,0.0067063,0.99993
0.99989,0.0032783,-0.014485,-0.0033915,0.99996,-0.0077972,0.014459,0.0078454,0.99986
0.9998,0.0035732,-0.019711,-0.0037026,0.99997,-0.0065299,0.019687,0.0066016,0.99978
0.99965,0.0043286,-0.026036,-0.0044549,0.99998,-0.0047933,0.026014,0.0049076,0.99965
0.99945,0.0040947,-0.032992,-0.004216,0.99998,-0.0036074,0.032977,0.0037445,0.99945
0.99918,0.0048125,-0.040324,-0.0049473,0.99998,-0.003245,0.040308,0.0034418,0.99918
0.99889,0.0066286,-0.046577,-0.0067319,0.99998,-0.0020623,0.046563,0.0023736,0.99891
0.99865,0.010125,-0.050863,-0.010171,0.99995,-0.00063321,0.050854,0.0011497,0.99871
0.99853,0.014163,-0.052254,-0.014233,0.9999,-0.0009552,0.052235,0.0016975,0.99863
0.99854,0.018796,-0.050581,-0.018916,0.99982,-0.0018857,0.050537,0.0028397,0.99872
0.99867,0.022646,-0.046406,-0.022808,0.99974,-0.0029702,0.046327,0.0040247,0.99892
0.99885,0.025073,-0.040804,-0.025197,0.99968,-0.0025186,0.040728,0.0035438,0.99916
0.99906,0.026825,-0.034128,-0.026881,0.99964,-0.001159,0.034085,0.0020753,0.99942
0.99927,0.027762,-0.026107,-0.027792,0.99961,-0.00079503,0.026075,0.00152,0.99966
0.99944,0.028912,-0.016805,-0.028948,0.99958,-0.0018647,0.016744,0.0023501,0.99986
0.99954,0.029519,-0.0069639,-0.029541,0.99956,-0.0030654,0.0068704,0.0032697,0.99997
0.99958,0.028838,0.0023819,-0.028829,0.99958,-0.0035275,-0.0024826,0.0034573,0.99999
0.99954,0.02783,0.011895,-0.027776,0.9996,-0.004638,-0.012019,0.0043054,0.99992
0.99944,0.025754,0.021255,-0.02564,0.99966,-0.0056332,-0.021392,0.0050851,0.99976
0.99926,0.024768,0.029532,-0.024617,0.99968,-0.0054852,-0.029658,0.0047541,0.99955
0.99904,0.024234,0.036587,-0.024084,0.9997,-0.0045193,-0.036685,0.0036338,0.99932
0.9988,0.024291,0.042545,-0.024154,0.9997,-0.0037259,-0.042622,0.0026938,0.99909
0.99852,0.025677,0.047877,-0.025555,0.99967,-0.0031748,-0.047942,0.0019467,0.99885
0.99822,0.028226,0.052582,-0.028126,0.9996,-0.0026511,-0.052636,0.0011674,0.99861
0.99793,0.030932,0.056427,-0.030843,0.99952,-0.0024432,-0.056475,0.00069777,0.9984
0.99776,0.03048,0.059507,-0.030472,0.99954,-0.0010425,-0.059511,-0.00077312,0.99823
0.99768,0.03041,0.060988,-0.030426,0.99954,-0.0006682,-0.06098,-0.001189,0.99814
0.99773,0.028395,0.061002,-0.028121,0.99959,-0.0053547,-0.061129,0.0036272,0.99812
0.99791,0.023916,0.060034,-0.023587,0.9997,-0.0061889,-0.060164,0.00476,0.99818
0.99813,0.019774,0.057915,-0.019648,0.9998,-0.0027439,-0.057958,0.0016008,0.99832
0.9984,0.015196,0.054548,-0.015147,0.99988,-0.001317,-0.054562,0.00048862,0.99851
0.99871,0.010702,0.04962,-0.010774,0.99994,0.0011843,-0.049605,-0.0017174,0.99877
0.99905,0.0059229,0.043282,-0.0060132,0.99998,0.0019567,-0.043269,-0.0022151,0.99906
0.99933,0.0020733,0.036501,-0.0020894,1,0.00040317,-0.0365,-0.00047916,0.99933
0.99955,-0.00038414,0.029952,0.00036804,1,0.00054321,-0.029953,-0.00053194,0.99955
0.99972,-0.0011409,0.023597,0.0011061,1,0.0014867,-0.023599,-0.0014602,0.99972
0.99984,-0.00083712,0.018033,0.00079007,1,0.002616,-0.018035,-0.0026013,0.99983
0.99992,0.00089561,0.012762,-0.00095457,0.99999,0.0046145,-0.012758,-0.0046263,0.99991
0.99997,0.0020242,0.0074199,-0.0020522,0.99999,0.0037617,-0.0074122,-0.0037768,0.99997
0.99999,0.0029135,0.0022127,-0.0029152,1,0.00077297,-0.0022104,-0.00077941,1
0.99999,0.0040795,-0.0026436,-0.0040828,0.99999,-0.0012503,0.0026385,0.0012611,1
0.99997,0.0041056,-0.006406,-0.0041416,0.99998,-0.0056137,0.0063828,0.0056401,0.99996
0.99995,0.0054398,-0.0086835,-0.0055203,0.99994,-0.0092698,0.0086326,0.0093172,0.99992
0.99993,0.0061783,-0.01028,-0.0062817,0.99993,-0.010059,0.010218,0.010123,0.9999
0.99991,0.0066763,-0.011917,-0.0067889,0.99993,-0.0094351,0.011854,0.0095151,0.99988
0.99989,0.0071726,-0.013339,-0.0072836,0.99994,-0.0082886,0.013279,0.0083848,0.99988
0.99986,0.0079268,-0.014837,-0.0080246,0.99995,-0.0065444,0.014784,0.0066625,0.99987
0.99984,0.0080062,-0.016282,-0.008093,0.99995,-0.0052761,0.016239,0.005407,0.99985
0.9998,0.0086927,-0.017985,-0.0087645,0.99995,-0.0039205,0.01795,0.0040774,0.99983
0.99977,0.0083398,-0.019716,-0.0083754,0.99996,-0.0017208,0.019701,0.0018855,0.9998
0.99973,0.0092059,-0.021553,-0.0092154,0.99996,-0.00034084,0.021549,0.00053937,0.99977
0.99968,0.0096899,-0.023301,-0.0097178,0.99995,-0.001082,0.023289,0.001308,0.99973
0.99964,0.010882,-0.024574,-0.010936,0.99994,-0.0020368,0.02455,0.0023048,0.9997
0.99961,0.011628,-0.025327,-0.011697,0.99993,-0.0025754,0.025296,0.0028707,0.99968
0.99959,0.012498,-0.025581,-0.012613,0.99991,-0.0043287,0.025525,0.0046496,0.99966
0.99959,0.013529,-0.025428,-0.013651,0.9999,-0.0046032,0.025363,0.0049484,0.99967
0.99959,0.013863,-0.025062,-0.013931,0.9999,-0.0025417,0.025024,0.0028898,0.99968
0.9996,0.014025,-0.02462,-0.014056,0.9999,-0.0011024,0.024602,0.0014481,0.9997
0.99961,0.014198,-0.023984,-0.014215,0.9999,-0.00057334,0.023973,0.00091405,0.99971
0.99962,0.015272,-0.023152,-0.015285,0.99988,-0.00035476,0.023144,0.00070849,0.99973
0.99963,0.015884,-0.022154,-0.015915,0.99987,-0.0012386,0.022131,0.0015907,0.99975
0.99964,0.01673,-0.021019,-0.016765,0.99986,-0.001507,0.020991,0.0018588,0.99978
0.99967,0.016601,-0.019601,-0.016653,0.99986,-0.0025023,0.019557,0.0028279,0.9998
0.99972,0.015173,-0.018265,-0.015253,0.99987,-0.0042308,0.018199,0.0045082,0.99982
0.99978,0.012768,-0.016884,-0.012839,0.99991,-0.0040933,0.016831,0.0043091,0.99985
0.99981,0.011411,-0.015565,-0.011435,0.99993,-0.001492,0.015547,0.0016697,0.99988
0.99984,0.010792,-0.013994,-0.010755,0.99994,0.0027764,0.014023,-0.0026254,0.9999
0.99985,0.011746,-0.012431,-0.011724,0.99993,0.0018463,0.012451,-0.0017003,0.99992
0.99986,0.013005,-0.010832,-0.013018,0.99991,-0.0010613,0.010817,0.0012021,0.99994
0.99987,0.013104,-0.0096681,-0.013128,0.99991,-0.0024523,0.0096351,0.0025789,0.99995
0.99988,0.012889,-0.0084058,-0.012911,0.99991,-0.0025189,0.0083726,0.0026271,0.99996
0.9999,0.012146,-0.0076626,-0.01215,0.99993,-0.00042581,0.0076569,0.00051886,0.99997
0.99992,0.010525,-0.0073724,-0.010515,0.99994,0.0014176,0.0073869,-0.00134,0.99997
0.99993,0.0092163,-0.0073917,-0.0092102,0.99996,0.00086267,0.0073993,-0.00079453,0.99997
0.99994,0.0076876,-0.0076618,-0.0076942,0.99997,-0.00083699,0.0076551,0.0008959,0.99997
0.99994,0.0076399,-0.0079834,-0.0076588,0.99997,-0.0023401,0.0079652,0.0024011,0.99997
0.99994,0.0072503,-0.0081876,-0.007275,0.99997,-0.0029865,0.0081657,0.0030458,0.99996
0.99993,0.007918,-0.0083052,-0.0079323,0.99997,-0.0016968,0.0082915,0.0017625,0.99996
0.99993,0.008129,-0.008483,-0.008131,0.99997,-0.00020339,0.0084811,0.00027235,0.99996
0.99993,0.00834,-0.0087033,-0.0083397,0.99997,7.408e-05,0.0087036,-1.492e-06,0.99996
0.99992,0.008606,-0.0088171,-0.008602,0.99996,0.00048263,0.0088209,-0.00040675,0.99996
0.99992,0.0093027,-0.0087406,-0.0092987,0.99996,0.00049868,0.0087448,-0.00041737,0.99996
0.99992,0.0093998,-0.0089374,-0.0094011,0.99996,-0.00010777,0.008936,0.00019178,0.99996
0.99992,0.0090927,-0.0091228,-0.0090979,0.99996,-0.0005271,0.0091177,0.00061006,0.99996
0.99992,0.0086541,-0.0092519,-0.0086664,0.99996,-0.0012894,0.0092404,0.0013694,0.99996
0.99992,0.0086828,-0.0093221,-0.0086882,0.99996,-0.00054619,0.009317,0.00062713,0.99996
0.99991,0.0091796,-0.0095422,-0.0091785,0.99996,0.00015795,0.0095433,-7.0351e-05,0.99995
0.99991,0.0087505,-0.0098278,-0.0087524,0.99996,-0.00014888,0.0098261,0.00023489,0.99995
0.99991,0.0084997,-0.010428,-0.0084999,0.99996,2.076e-05,0.010427,6.7877e-05,0.99995
0.99991,0.0073624,-0.011369,-0.0073469,0.99997,0.0013997,0.011379,-0.0013161,0.99993
0.99989,0.0072806,-0.012891,-0.0072366,0.99997,0.003453,0.012915,-0.0033594,0.99991
0.99988,0.0063373,-0.014416,-0.0062554,0.99996,0.0057148,0.014452,-0.0056239,0.99988
0.99985,0.0069346,-0.015843,-0.0068056,0.99994,0.0081813,0.015899,-0.0080723,0.99984
0.99982,0.0079305,-0.017288,-0.007789,0.99994,0.0082385,0.017352,-0.0081024,0.99982
0.99979,0.0079687,-0.018764,-0.0078338,0.99994,0.0072519,0.018821,-0.0071034,0.9998
0.99975,0.0075513,-0.021027,-0.0073909,0.99994,0.007695,0.021084,-0.0075377,0.99975
0.99967,0.007552,-0.024365,-0.0073721,0.99994,0.007462,0.02442,-0.00728,0.99968
0.99958,0.0067378,-0.028132,-0.0065437,0.99995,0.0069869,0.028178,-0.0067998,0.99958
0.99947,0.0076233,-0.031654,-0.0074146,0.99995,0.0067065,0.031704,-0.0064683,0.99948
0.99937,0.0082613,-0.034523,-0.0080455,0.99995,0.0063844,0.034574,-0.0061026,0.99938
0.99927,0.01057,-0.036651,-0.010331,0.99992,0.0066917,0.036719,-0.0063082,0.99931
0.99922,0.01057,-0.038023,-0.010275,0.99992,0.0079462,0.038104,-0.0075493,0.99925
0.99917,0.010621,-0.039385,-0.010242,0.9999,0.0097987,0.039486,-0.0093872,0.99918
0.99911,0.010487,-0.040805,-0.010075,0.9999,0.010272,0.040909,-0.009852,0.99911
0.99904,0.010827,-0.042518,-0.010405,0.99989,0.010134,0.042624,-0.0096822,0.99904
0.99896,0.010172,-0.044465,-0.0097495,0.99991,0.0096992,0.044559,-0.0092556,0.99896
0.99887,0.011279,-0.046245,-0.010915,0.99991,0.0081267,0.046332,-0.0076127,0.9989
0.99882,0.012811,-0.046877,-0.01256,0.99991,0.0056428,0.046945,-0.0050473,0.99888
0.99885,0.014319,-0.045675,-0.014258,0.9999,0.0016569,0.045694,-0.0010038,0.99895
0.99899,0.015929,-0.042031,-0.016015,0.99987,-0.0017081,0.041998,0.0023795,0.99911
0.99919,0.015668,-0.037175,-0.015783,0.99987,-0.0027929,0.037127,0.0033774,0.9993
0.99936,0.014155,-0.032911,-0.014233,0.9999,-0.0021468,0.032877,0.0026139,0.99946
0.99951,0.012469,-0.0288,-0.012505,0.99992,-0.0010568,0.028785,0.0014164,0.99958
0.99964,0.011175,-0.024493,-0.011179,0.99994,-5.6016e-05,0.02449,0.00032981,0.9997
0.99974,0.011193,-0.019936,-0.011191,0.99994,0.00018674,0.019937,3.6415e-05,0.9998
0.99982,0.010874,-0.015396,-0.010876,0.99994,-1.8331e-05,0.015395,0.00018577,0.99988
0.99988,0.010918,-0.011196,-0.01092,0.99994,-0.00010695,0.011194,0.0002292,0.99994
0.99991,0.010966,-0.0073827,-0.010965,0.99994,0.00023167,0.0073848,-0.0001507,0.99997
0.99993,0.010766,-0.0038028,-0.010761,0.99994,0.0012404,0.003816,-0.0011994,0.99999
0.99994,0.011035,-0.00064528,-0.011033,0.99994,0.0025589,0.00067347,-0.0025517,1
0.99995,0.010292,0.0012719,-0.010295,0.99994,0.0030135,-0.0012408,-0.0030264,0.99999
0.99995,0.0098274,0.0023613,-0.009832,0.99995,0.0019758,-0.0023418,-0.001999,1
0.99995,0.0099739,0.0031627,-0.0099717,0.99995,-0.00072253,-0.0031698,0.00069095,0.99999
0.99993,0.010882,0.003893,-0.010865,0.99993,-0.0045309,-0.0039421,0.0044883,0.99998
0.99993,0.010886,0.0043286,-0.010857,0.99992,-0.0067416,-0.0044016,0.0066941,0.99997
0.99994,0.01006,0.0038909,-0.010034,0.99993,-0.0068309,-0.0039594,0.0067915,0.99997
0.99995,0.0094747,0.0033524,-0.009453,0.99993,-0.0064203,-0.003413,0.0063883,0.99997
0.99994,0.01049,0.0027074,-0.010473,0.99993,-0.0061694,-0.0027719,0.0061407,0.99998
0.99994,0.010833,0.0021441,-0.010816,0.99991,-0.0076683,-0.002227,0.0076446,0.99997
0.99995,0.009178,0.0025043,-0.0091523,0.99991,-0.010104,-0.0025968,0.010081,0.99995
0.99997,0.0064707,0.0033033,-0.006431,0.99991,-0.011891,-0.0033799,0.01187,0.99992
0.99998,0.0052819,0.0045309,-0.0052377,0.99994,-0.0097165,-0.004582,0.0096926,0.99994
0.99994,0.0094338,0.0054675,-0.0094129,0.99995,-0.0038457,-0.0055035,0.003794,0.99998
0.99993,0.0096415,0.0069077,-0.0096564,0.99995,0.0021357,-0.0068867,-0.0022023,0.99997
0.99993,0.0076205,0.0088019,-0.0076374,0.99997,0.0018861,-0.0087872,-0.0019532,0.99996
0.9999,0.0080143,0.011904,-0.0079652,0.99996,-0.0041718,-0.011937,0.0040766,0.99992
0.99984,0.0096606,0.014992,-0.0095247,0.99991,-0.0091055,-0.015078,0.0089612,0.99985
0.99979,0.011309,0.017294,-0.011139,0.99989,-0.0099433,-0.017405,0.0097485,0.9998
0.99974,0.011206,0.019622,-0.011043,0.9999,-0.0083613,-0.019714,0.0081425,0.99977
0.99972,0.0088918,0.021717,-0.0087675,0.99994,-0.0058116,-0.021767,0.0056196,0.99975
0.99971,0.0052808,0.023469,-0.0051771,0.99998,-0.0044775,-0.023492,0.0043547,0.99971
0.99966,0.0046707,0.025492,-0.0045403,0.99998,-0.0051702,-0.025515,0.0050527,0.99966
0.9996,0.0066242,0.027379,-0.0064202,0.99995,-0.0075304,-0.027427,0.0073517,0.9996
0.99955,0.0080882,0.028775,-0.0077773,0.99991,-0.010898,-0.02886,0.010669,0.99953
0.99951,0.0083683,0.030323,-0.00798,0.99988,-0.012904,-0.030427,0.012655,0.99946
0.99943,0.0092576,0.032323,-0.0088936,0.9999,-0.011387,-0.032425,0.011093,0.99941
0.99935,0.010383,0.034498,-0.010065,0.99991,-0.0093753,-0.034592,0.009022,0.99936
0.9993,0.010758,0.035927,-0.010443,0.99991,-0.0089462,-0.03602,0.0085647,0.99931
0.99928,0.010736,0.036409,-0.010399,0.9999,-0.0094117,-0.036507,0.0090263,0.99929
0.9993,0.0086394,0.036506,-0.0082946,0.99992,-0.0095857,-0.036585,0.0092762,0.99929
0.9993,0.0071873,0.036584,-0.0068791,0.99994,-0.008542,-0.036643,0.0082844,0.99929
0.9993,0.0060869,0.036901,-0.0057839,0.99995,-0.0083126,-0.036949,0.0080934,0.99928
0.9993,0.0053313,0.036989,-0.0050476,0.99996,-0.0077602,-0.037029,0.0075681,0.99929
0.99931,0.0048041,0.036793,-0.0045554,0.99997,-0.0068428,-0.036825,0.0066705,0.9993
0.99932,0.0053412,0.036499,-0.0051603,0.99997,-0.0050503,-0.036525,0.0048585,0.99932
0.99935,0.0050385,0.035606,-0.0048853,0.99998,-0.0043859,-0.035628,0.0042091,0.99936
0.99941,0.0051329,0.033915,-0.0049786,0.99998,-0.004633,-0.033938,0.0044614,0.99941
0.99949,0.0053877,0.031608,-0.0052115,0.99997,-0.0056529,-0.031637,0.0054853,0.99948
0.99956,0.0068579,0.02898,-0.0066754,0.99996,-0.0063922,-0.029023,0.0061959,0.99956
0.99962,0.0085149,0.026295,-0.0083451,0.99994,-0.0065606,-0.02635,0.0063386,0.99963
0.99968,0.0096898,0.023537,-0.0095512,0.99994,-0.005995,-0.023593,0.0057683,0.99971
0.99972,0.010681,0.021004,-0.010586,0.99993,-0.004593,-0.021052,0.0043694,0.99977
0.99977,0.010714,0.018524,-0.010669,0.99994,-0.0025457,-0.01855,0.0023475,0.99983
0.99981,0.010846,0.016309,-0.010829,0.99994,-0.001158,-0.016321,0.0009812,0.99987
0.99984,0.011078,0.014208,-0.011073,0.99994,-0.00041388,-0.014212,0.00025649,0.9999
0.99986,0.011471,0.012334,-0.01147,0.99993,-0.00012556,-0.012334,-1.5932e-05,0.99992
0.99989,0.010607,0.01072,-0.010605,0.99994,-0.00021119,-0.010722,9.7471e-05,0.99994
0.9999,0.010303,0.0092716,-0.010297,0.99995,-0.00067013,-0.009278,0.00057459,0.99996
0.99992,0.010349,0.0078032,-0.010342,0.99995,-0.00091367,-0.0078122,0.00083289,0.99997
0.99992,0.011122,0.006342,-0.011121,0.99994,-0.00013439,-0.0063431,6.3852e-05,0.99998
0.99993,0.011004,0.0050983,-0.011009,0.99994,0.00095967,-0.0050874,-0.0010157,0.99999
0.99992,0.012255,0.0041321,-0.012258,0.99992,0.00055591,-0.004125,-0.00060651,0.99999
0.99989,0.014724,0.0035411,-0.014719,0.99989,-0.0016072,-0.0035643,0.0015549,0.99999
0.99985,0.017269,0.0032726,-0.017254,0.99984,-0.0046443,-0.0033523,0.0045872,0.99998
0.99982,0.018933,0.0032103,-0.018911,0.9998,-0.0068831,-0.00334,0.0068211,0.99997
0.99978,0.020645,0.0035449,-0.020618,0.99976,-0.0075044,-0.0036989,0.0074296,0.99997
0.99974,0.022622,0.0040444,-0.022589,0.99971,-0.0080811,-0.0042261,0.0079876,0.99996
0.9997,0.023784,0.0049439,-0.023739,0.99968,-0.0088903,-0.0051538,0.0087704,0.99995
0.99965,0.025747,0.0064619,-0.025682,0.99962,-0.0099164,-0.0067148,0.0097469,0.99993
0.9996,0.026955,0.0080287,-0.026872,0.99959,-0.010257,-0.0083018,0.010037,0.99992
0.99957,0.027921,0.0092696,-0.027837,0.99957,-0.009112,-0.00952,0.00885,0.99992
0.99957,0.027434,0.0102,-0.027362,0.9996,-0.0071791,-0.010393,0.0068969,0.99992
0.9996,0.026262,0.010098,-0.026213,0.99964,-0.0049794,-0.010226,0.0047127,0.99994
0.99965,0.025003,0.0088567,-0.024978,0.99968,-0.0028701,-0.0089256,0.0026478,0.99996
0.99968,0.024224,0.0073534,-0.024216,0.99971,-0.0012315,-0.0073811,0.001053,0.99997
0.99971,0.023367,0.005874,-0.023365,0.99973,-0.00042088,-0.0058822,0.00028351,0.99998
0.99974,0.022213,0.0044472,-0.022216,0.99975,0.00071796,-0.0044301,-0.00081658,0.99999
