0.10399
0.10387
0.10386
0.104
0.10387
0.104
0.104
0.104
0.10388
0.104
0.104
0.10388
0.104
0.104
0.104
0.104
0.104
0.10401
0.104
0.104
0.10387
0.104
0.104
0.1039
0.10398
0.104
0.10403
0.10385
0.104
0.10401
0.10401
0.10397
0.10387
0.1039
0.10398
0.104
0.104
0.10387
0.104
0.10378
0.10398
0.10388
0.10387
0.104
0.10387
0.10375
0.10375
0.10375
0.10363
0.10377
0.10361
0.10349
0.10377
0.10361
0.1035
0.10363
0.10359
0.10368
0.1036
0.10378
0.1036
0.1039
0.1036
0.10377
0.10372
0.10378
0.10372
0.1039
0.10379
0.10382
0.10379
0.10384
0.10375
0.10387
0.104
0.10405
0.10396
0.10413
0.10424
0.10426
0.10425
0.1045
0.1044
0.1045
0.10436
0.1045
0.10437
0.10439
0.10423
0.10425
0.10425
0.10413
0.10413
0.104
0.10412
0.10401
0.10411
0.104
0.104
0.104
0.10388
0.10387
0.10388
0.10399
0.10388
0.10387
0.104
0.10388
0.10402
0.10398
0.10402
0.10387
0.10401
0.10385
0.104
0.104
0.104
0.104
0.104
0.104
0.10402
0.104
0.10398
0.104
0.10387
0.10402
0.10386
0.104
0.10387
0.10388
0.10388
0.104
0.10389
0.10373
0.10388
0.10375
0.10375
0.10375
0.10377
0.10373
0.10375
0.10375
0.10375
0.10374
0.10376
0.10377
0.10373
0.10375
0.10375
0.10375
0.10377
0.10373
0.10388
0.10375
0.10387
0.10376
0.10386
0.10389
0.10374
0.10388
0.10375
0.10387
0.10377
0.10385
0.1038
0.10383
0.10376
0.10391
0.10383
0.1039
0.10372
0.10398
0.10377
0.10388
0.10375
0.10387
0.10375
0.10376
0.10374
0.1039
0.10373
0.10375
0.10377
0.10386
0.10377
0.10375
0.10373
0.10362
0.10375
0.10375
0.10375
0.10387
0.10376
0.10375
0.10387
0.10378
0.10372
0.10387
0.10377
0.10376
0.10373
0.10362
0.10375
0.10375
0.10377
0.10373
0.10375
0.10376
0.10374
0.10388
0.10375
0.10375
0.10387
0.10375
0.10376
0.10377
0.10385
0.10375
0.10375
0.10387
0.10375
0.10388
0.10375
0.10375
0.10388
0.10387
0.10387
0.10375
0.10388
0.10375
0.1039
0.10373
0.10387
0.10388
0.10374
0.10375
0.10378
0.10385
0.10375
0.10388
0.10387
0.10377
0.10385
0.10388
0.10388
0.10387
0.10388
0.10399
0.10388
0.10388
0.10389
0.10398
0.10388
0.10387
0.104
0.10388
0.104
0.10388
0.10398
0.10388
0.10401
0.10399
0.10411
0.104
0.104
0.1039
0.10398
0.10399
0.10381
0.10384
0.10388
0.10375
0.10387
0.10388
0.10374
0.1039
0.10373
0.10375
0.10377
0.10363
0.1036
0.10377
0.10361
0.10387
0.10353
0.10359
0.10378
0.10367
0.1038
0.10376
0.10394
0.10346
0.10385
0.10375
0.10377
0.10373
0.10387
0.1039
0.10373
0.10375
0.10389
0.10386
0.10375
0.10388
0.10374
0.10388
0.10375
0.10389
0.10374
0.10374
0.10376
0.10374
0.10376
0.10375
0.10374
0.10375
0.10376
0.10376
0.10377
0.10371
0.10376
0.10379
0.10372
0.10374
0.10383
0.10357
0.10372
0.10362
0.10376
0.10379
0.10675
0.10078
0.1037
0.10376
0.10373
0.10377
0.10375
0.10373
0.1038
0.10372
0.1038
0.10367
0.10376
0.10391
0.10376
0.10375
0.10377
0.10373
0.10371
0.10748
0.10045
0.10333
0.10379
0.10371
0.10391
0.10372
0.10533
0.10207
0.10372
0.10374
0.10381
0.1037
0.10377
0.1039
0.10374
0.10372
0.10374
0.10388
0.10387
0.10383
0.1038
0.10381
0.10389
0.10375
0.10378
0.10385
0.10377
0.10376
0.10387
0.10375
0.10375
0.10374
0.10375
0.10376
0.10375
0.10375
0.10374
0.10375
0.10375
0.10388
0.10387
0.10388
0.10387
0.104
0.10413
0.10427
0.10411
0.10415
0.10424
0.10423
0.10426
0.10415
0.10434
0.10437
0.10416
0.10437
0.10436
0.10424
0.10412
0.10425
0.10415
0.10421
0.10433
0.10391
0.10409
0.10416
0.10394
0.10397
0.10408
0.10404
0.10382
0.10398
0.10384
0.10396
0.10391
0.10386
0.10376
0.1041
0.10341
0.10364
0.10363
0.10372
0.10375
0.10383
0.10355
0.10363
0.10363
0.10374
0.10375
0.10361
0.10377
0.10365
0.10376
0.10392
0.10411
0.10313
0.10368
0.10378
0.10371
0.10377
0.10397
0.1037
0.10374
0.10372
0.10388
0.10374
0.10385
0.10375
0.10375
0.10375
0.10389
0.10375
0.10374
0.10375
0.10387
0.10375
0.10388
0.10375
0.10387
0.10388
0.10387
0.10393
0.10382
0.10401
0.10399
0.10402
0.10411
0.10402
0.10411
0.10414
0.1041
0.10415
0.10411
0.10412
0.10412
0.10428
0.1041
0.10412
0.10413
0.10412
0.10425
0.10425
0.10425
0.10426
0.10412
0.10412
0.10413
0.10415
0.10412
0.10399
0.10399
0.10388
0.10387
0.10391
0.10374
0.10385
0.10375
0.10375
0.10375
0.10375
0.10363
0.10378
0.10359
0.10363
0.10364
0.10373
0.10363
0.10362
0.10375
0.10375
0.10363
0.10375
0.10375
0.10375
0.10375
0.10362
0.10375
0.10375
0.10375
0.10363
0.10375
0.10375
0.10363
0.10374
0.10363
0.10375
0.10375
0.10363
0.10375
0.10376
0.10373
0.10363
0.10375
0.10375
0.10375
0.10375
0.10375
0.10387
0.10376
0.10387
0.10375
0.10375
0.10389
0.10386
0.10375
0.10388
0.10374
0.10388
0.10388
0.10387
0.10387
0.1039
0.10386
0.10387
0.10375
0.10388
0.10374
0.10388
0.10375
0.10375
0.10375
0.10375
0.10375
0.10375
0.10375
0.10375
0.10388
0.10375
0.10378
0.10384
0.10388
0.10375
0.10387
0.10375
0.10388
0.10375
0.10387
0.10375
0.10387
0.10389
0.10387
0.10389
0.10373
0.10388
0.10389
0.10386
0.10389
0.10398
0.10388
0.10387
0.10388
0.10402
0.10385
0.104
0.10388
0.10401
0.10401
0.10398
0.104
0.104
0.10402
0.10385
0.10401
0.104
0.10387
0.10375
0.10388
0.10387
0.10387
0.10388
0.10387
0.10388
0.10388
0.10387
0.10388
0.10387
0.10388
0.10387
0.10388
0.10387
0.10388
0.10387
0.10375
0.10377
0.10385
0.10376
0.10375
0.10374
0.10376
0.10387
0.10375
0.10388
0.10375
0.10387
0.10375
0.10375
0.10375
0.10388
0.10387
0.10387
0.10388
0.10389
0.10386
0.10388
0.10387
0.10406
0.10383
0.10399
0.104
0.104
0.10387
0.104
0.104
0.10389
0.10399
0.104
0.10387
0.104
0.104
0.10388
0.10389
0.10386
0.10387
0.10376
0.10387
0.10375
0.10387
0.10375
0.10375
0.10376
0.10387
0.10375
0.10375
0.10377
0.10385
0.10377
0.10374
0.10374
0.10375
0.10375
0.10379
0.10359
0.10375
0.10364
0.10361
0.10362
0.10363
0.10363
0.10363
0.10362
0.10375
0.10362
0.10375
0.10375
0.10377
0.10373
0.10375
0.10375
0.10375
0.10375
0.10375
0.10375
0.10375
0.10375
0.10375
0.10375
0.10375
0.10377
0.10386
0.10375
0.10397
0.10394
0.10398
0.10398
0.10388
0.104
0.104
0.104
0.10401
0.10411
0.10413
0.10412
0.10413
0.10412
0.10413
0.10412
0.10425
0.10413
0.10427
0.10423
0.10425
0.10425
0.10425
0.10425
0.10412
0.10425
0.10413
0.10413
0.10412
0.104
0.10403
0.10397
0.104
0.10401
0.10387
0.10401
0.10388
0.10398
0.10387
0.10389
0.10374
0.10387
0.10388
0.10388
0.10387
0.10388
0.10387
0.10388
0.10387
0.10387
0.10389
0.10374
0.10389
0.10374
0.10387
0.10375
0.10375
0.10388
0.10362
0.10376
0.10376
0.10361
0.10375
0.10362
0.10375
0.10363
0.10375
0.10362
0.10363
0.10375
0.10362
0.10375
0.10375
0.10376
0.10362
0.10375
0.10375
0.10375
0.10362
0.10375
0.10363
0.10375
0.10362
0.10375
0.10376
0.10374
0.10388
0.10387
0.10388
0.104
0.104
0.10415
0.1041
0.10425
0.10425
0.10438
0.10437
0.10427
0.10437
0.10423
0.10438
0.10425
0.10425
0.10413
0.10412
0.10425
0.10412
0.10401
0.10412
0.104
0.10413
0.104
0.104
0.10387
0.104
0.10389
0.10386
0.10388
0.10387
0.10388
0.10387
0.10388
0.10387
0.10387
0.10388
0.10388
0.10375
0.10387
0.10388
0.10388
0.10387
0.10387
0.10388
0.10387
0.104
0.104
0.10401
0.10387
0.104
0.10402
0.10385
0.10413
0.104
0.104
0.104
0.104
0.104
0.104
0.10402
0.10398
0.104
0.10402
0.10398
0.10404
0.10408
0.10401
0.10399
0.10415
0.10398
0.104
0.10402
0.10386
0.104
0.10399
0.1039
0.10398
0.10388
0.10399
0.1039
0.10398
0.10388
0.104
0.104
0.104
0.10399
0.104
0.104
0.10388
0.104
0.104
0.104
0.104
0.10388
0.104
0.10389
0.10398
0.104
0.104
0.10388
0.104
0.104
0.10387
0.104
0.10388
0.10388
0.10399
0.10387
0.10388
0.10388
0.10387
0.104
0.10388
0.10387
0.104
0.10388
0.104
0.10388
0.10399
0.10388
0.104
0.10387
0.104
0.10388
0.10404
0.10383
0.104
0.10402
0.10399
0.10399
0.10388
0.104
0.104
0.104
0.10387
0.104
0.10388
0.104
0.104
0.10389
0.10398
0.10401
0.10399
0.10388
0.104
0.104
0.10387
0.10401
0.10399
0.104
0.10388
0.10401
0.10387
0.10405
0.1038
0.104
0.1039
0.1039
0.104
0.1038
0.1039
0.104
0.104
0.104
0.1039
0.104
0.104
0.1039
0.104
0.104
0.1039
0.104
0.1038
0.1042
0.104
0.1041
0.1041
0.1041
0.1042
0.1041
0.104
0.1041
0.1041
0.1041
0.1042
0.1042
0.1042
0.1042
0.1044
0.1041
0.1043
0.1042
0.1041
0.1043
0.104
0.1041
0.1041
0.104
0.104
0.1041
0.1042
0.104
0.1041
0.1041
0.1041
0.1042
0.104
0.1041
0.104
0.1039
0.1038
0.1038
0.1038
0.1037
0.1036
0.1038
0.1036
0.1036
0.1037
0.1037
0.1036
0.1037
0.1037
0.1037
0.1036
0.1037
0.1037
0.1038
0.1036
0.1038
0.1037
0.1038
0.1039
0.1037
0.1038
0.1038
0.1039
0.1038
0.1038
0.1039
0.1039
0.1038
0.1038
0.1038
0.1037
0.1039
0.1037
0.1039
0.1038
0.1038
0.1039
0.1039
0.1039
0.1038
0.1039
0.104
0.104
0.104
0.1041
0.1042
0.1042
0.1043
0.1042
0.1044
0.1044
0.1043
0.1044
0.1043
0.1042
0.1043
0.1041
0.1041
0.1043
0.1041
0.1041
0.1041
0.1042
0.1041
0.104
0.104
0.104
0.1039
0.1039
0.1037
0.1039
0.1037
0.1038
0.1038
0.1037
0.1037
0.1036
0.1038
0.1037
0.1038
0.1036
0.1038
0.1036
0.1037
0.1037
0.1037
0.1038
0.1037
0.1039
0.1037
0.1038
0.1039
0.1037
0.1038
0.1039
0.1037
0.1039
0.1037
0.1039
0.1038
0.1038
0.1038
0.1037
0.1039
0.1037
0.1038
0.1039
0.1038
0.1038
0.1039
0.1038
0.1039
0.1039
0.1039
0.1037
0.1039
0.1039
0.1038
0.1039
0.1038
0.1037
0.1038
0.1039
0.1037
0.1039
0.1037
0.1038
0.1037
0.1039
0.1037
0.1038
0.1037
0.1039
0.1038
0.1037
0.1039
0.1039
0.1037
0.1039
0.1039
0.104
0.1038
0.1039
0.104
0.1039
0.1039
0.104
0.1038
0.104
0.1039
0.1043
0.1038
0.1038
0.1039
0.104
0.1038
0.1041
0.1037
0.104
0.104
0.1048
0.1039
0.103
0.1038
0.104
0.1039
0.104
0.1039
0.1039
0.1041
0.1039
0.1038
0.1039
0.1041
0.1038
0.104
0.1038
0.1039
0.104
0.1039
0.1039
0.104
0.1038
0.1039
0.1039
0.104
0.1039
0.104
0.1038
0.1042
0.1039
0.1039
0.104
0.1039
0.1041
0.1039
0.104
0.104
0.104
0.1043
0.1038
0.1039
0.104
0.104
0.1041
0.104
0.1041
0.1041
0.1039
0.1042
0.1044
0.1038
0.104
0.1039
0.1043
0.104
0.1039
0.104
0.1041
0.104
0.104
0.104
0.1039
0.1047
0.1042
0.1032
0.104
0.104
0.1041
0.104
0.104
0.104
0.1044
0.1038
0.1039
0.104
0.104
0.1041
0.104
0.1048
0.1042
0.1032
0.104
0.1039
0.1041
0.104
0.104
0.1041
0.1043
0.1055
0.1021
0.1045
0.1049
0.1027
0.1041
0.1039
0.104
0.104
0.104
0.104
0.104
0.1041
0.1041
0.1041
0.1042
0.104
0.1042
0.1041
0.1042
0.1042
0.1042
0.1042
0.1041
0.1043
0.1041
0.1041
0.104
0.1041
0.104
0.1042
0.1041
0.1041
0.1042
0.1041
0.1041
0.1041
0.1043
0.1041
0.1041
0.1043
0.1041
0.1043
0.1042
0.1042
0.1042
0.1043
0.1042
0.1042
0.1042
0.1042
0.104
0.1041
0.104
0.104
0.1039
0.1039
0.1039
0.1038
0.1038
0.1039
0.1038
0.1038
0.1037
0.1038
0.1037
0.1037
0.1036
0.1036
0.1038
0.1036
0.1037
0.1038
0.1038
0.1037
0.1037
0.1038
0.1039
0.1037
0.1038
0.1038
0.1039
0.1039
0.1039
0.1038
0.104
0.1039
0.104
0.1039
0.104
0.104
0.1039
0.104
0.104
0.1038
0.1041
0.1039
0.104
0.104
0.1039
0.104
0.104
0.1039
0.104
0.104
0.104
0.104
0.104
0.104
0.104
0.104
0.104
0.104
0.104
0.104
0.104
0.104
0.104
0.1041
0.104
0.104
0.1041
0.104
0.104
0.1041
0.1039
0.1041
0.1039
0.104
0.1039
0.1039
0.104
0.1039
0.104
0.1038
0.104
0.1039
0.104
0.1039
0.1039
0.104
0.104
0.104
0.1038
0.104
0.104
0.1041
0.1039
0.1042
0.104
0.104
0.1041
0.104
0.1041
0.104
0.1041
0.1042
0.1041
0.1041
0.1041
0.1042
0.104
0.104
0.104
0.1038
0.1039
0.1039
0.1039
0.1038
0.1039
0.1039
0.1039
0.1037
0.1039
0.1039
0.1038
0.104
0.1039
0.1039
0.1039
0.1038
0.1039
0.1038
0.1038
0.1038
0.1039
0.1037
0.1039
0.1039
0.1038
0.1039
0.1039
0.104
0.1039
0.104
0.104
0.1038
0.1039
0.104
0.104
0.104
0.104
0.104
0.104
0.104
0.1039
0.104
0.104
0.1039
0.104
0.1038
0.104
0.1039
0.104
0.1039
0.104
0.1039
0.104
0.104
0.104
0.104
0.1039
0.1039
0.1039
0.1039
0.104
0.1039
0.104
0.1039
0.104
0.1039
0.104
0.104
0.1039
0.104
0.104
0.1041
0.1039
0.1041
0.104
0.1039
0.104
0.104
0.104
0.104
0.104
0.104
0.104
0.1041
0.1042
0.1041
0.1041
0.1041
0.1042
0.1041
0.104
0.1041
0.104
0.1039
0.1039
0.1037
0.1037
0.1037
0.1037
0.1038
0.1036
0.1038
0.1036
0.1037
0.1039
0.1038
0.1038
0.1038
0.1039
0.1037
0.1039
0.1039
0.1038
0.1038
0.1039
0.104
0.1038
0.104
0.1039
0.1039
0.104
0.1039
0.1038
0.104
0.104
0.1039
0.104
0.104
0.1039
0.104
0.1039
0.104
0.1039
0.1038
0.104
0.1039
0.1039
0.104
0.104
0.1038
0.104
0.1039
0.104
0.1039
0.104
0.104
0.104
0.1039
0.104
0.104
0.104
0.104
0.104
0.104
0.1038
0.104
0.1041
0.1038
0.1039
0.1039
0.1039
0.1038
0.1038
0.1038
0.1038
0.1039
0.1037
0.1038
0.1039
0.1037
0.1037
0.1038
0.1038
0.1037
0.1037
0.1038
0.1037
0.1037
0.1037
0.1038
0.1037
0.1038
0.1036
0.1039
0.1037
0.1038
0.104
0.1039
0.1039
0.1042
0.1041
0.1041
0.1042
0.1041
0.104
0.104
0.1039
0.1041
0.1039
0.104
0.104
0.104
0.104
0.104
0.1041
0.1042
0.1042
0.1042
0.1041
0.1042
0.1041
0.104
0.1041
0.1041
0.1042
0.1041
0.1041
0.104
0.1041
0.104
0.104
0.104
0.104
0.104
0.104
0.1042
0.104
0.104
0.1041
0.104
0.104
0.1039
0.104
0.104
0.1038
0.104
0.1039
0.1039
0.104
0.104
0.104
0.1039
0.104
0.104
0.1041
0.104
0.104
0.1041
0.104
0.1041
0.1042
0.1041
0.104
0.1041
0.104
0.104
0.104
0.1039
0.1039
0.1038
0.1039
0.1038
0.1038
0.1038
0.1038
0.1037
0.1039
0.1037
0.1038
0.1038
0.1038
0.104
0.1037
0.1038
0.1039
0.1037
0.1039
0.1037
0.1038
0.1039
0.1037
0.1039
0.1037
0.1039
0.1038
0.1038
0.1038
0.1039
0.1037
0.1039
0.1039
0.1036
0.1039
0.1037
0.1038
0.1037
0.1038
0.1038
0.1038
0.1039
0.1036
0.1038
0.1037
0.1036
0.1038
0.1037
0.1038
0.1037
0.1038
0.1037
0.1038
0.1038
0.1038
0.1039
0.1039
0.1037
0.1039
0.1037
0.1038
0.1038
0.1038
0.1039
0.1037
0.1038
0.1037
0.1039
0.1037
0.1039
0.1038
0.1037
0.1039
0.1037
0.1039
0.1038
0.1038
0.1038
0.1039
0.1037
0.1038
0.1037
0.1039
0.1037
0.1039
0.1038
0.1038
0.1038
0.1039
0.1037
0.1039
0.1039
0.1037
0.1039
0.1037
0.1039
0.1039
0.1039
0.1038
0.1039
0.104
0.1039
0.104
0.1039
0.104
0.1039
0.1039
0.1039
0.104
0.104
0.1039
0.104
0.104
0.104
0.104
0.104
0.1039
0.104
0.1038
0.1039
0.104
0.1039
0.1039
0.1038
0.1039
0.1038
0.1037
0.1038
0.1036
0.1036
0.1038
0.1037
0.1037
0.1038
0.1036
0.1038
0.1037
0.1038
0.1037
0.1037
0.1037
0.1038
0.1036
0.1038
0.1038
0.1038
0.1039
0.104
0.1039
0.1041
0.1039
0.104
0.104
0.104
0.104
0.104
0.1043
0.104
0.1042
0.1042
0.1041
0.104
0.1041
0.104
0.1041
0.104
0.1042
0.1041
0.1041
0.1041
0.1043
0.1041
0.1041
0.1043
0.1041
0.1043
0.1041
0.1042
0.1042
0.1041
0.1041
0.104
0.1041
0.104
0.104
0.1039
0.104
0.104
0.1039
0.104
0.104
0.1039
0.104
0.1038
0.1039
0.104
0.1039
0.1039
0.104
0.1038
0.1039
0.104
0.1039
0.1039
0.104
0.1037
0.104
0.1038
0.1039
0.104
0.1038
0.1041
0.1042
0.1041
0.1042
0.1043
0.1044
0.1044
0.1043
0.1044
0.1044
0.1044
0.1043
0.1044
0.1042
0.1043
0.1043
0.1042
0.1041
0.1041
0.1042
0.104
0.104
0.104
0.1039
0.1038
0.1039
0.104
0.1039
0.1039
0.1039
0.104
0.1041
0.1038
0.104
0.104
0.1039
0.104
0.1039
0.1039
0.1038
0.1039
0.1039
0.1052
0.1026
0.1038
0.1038
0.1038
0.1038
0.1037
0.1039
0.1038
0.1038
0.1038
0.1039
0.1037
0.1039
0.1037
0.1038
0.1036
0.1037
0.1038
0.1039
0.1037
0.1038
0.1039
0.1037
0.1039
0.1039
0.1037
0.1039
0.1039
0.104
0.1038
0.1039
0.104
0.104
0.104
0.104
0.1039
0.104
0.104
0.104
0.104
0.1039
0.104
0.1038
0.1039
0.1039
0.1039
0.1037
0.1038
0.1035
0.1036
0.1037
0.1038
0.1039
0.1037
0.104
0.104
0.1041
0.1042
0.1041
0.1041
0.1041
0.1042
0.104
0.104
0.104
0.104
0.104
0.1039
0.1038
0.1039
0.1039
0.1038
0.1039
0.1039
0.1039
0.1039
0.1039
0.1038
0.1039
0.1038
0.1038
0.1039
0.1038
0.1041
0.1038
0.1039
0.1039
0.1038
0.1039
0.1039
0.1039
0.104
0.104
0.1038
0.104
0.104
0.104
0.104
0.104
0.1039
0.104
0.104
0.1039
0.104
0.1039
0.104
0.104
0.104
0.1038
0.1041
0.1039
0.1039
0.104
0.104
0.1039
0.1039
0.104
0.1038
0.104
0.1038
0.104
0.1039
0.1039
0.1039
0.104
0.1039
0.104
0.1039
0.104
0.1039
0.104
0.1039
0.104
0.1039
0.1041
0.104
0.1041
0.1038
0.104
0.1039
0.104
0.1039
0.104
0.1039
0.104
0.1038
0.104
0.1039
0.104
0.1039
0.104
0.1039
0.104
0.1038
0.1039
0.104
0.1039
0.104
0.1039
0.1038
0.104
0.1039
0.104
0.1039
0.104
0.104
0.1039
0.104
0.104
0.1038
0.1041
0.1038
0.104
0.104
0.104
0.104
0.1039
0.104
0.104
0.104
0.104
0.104
0.104
0.104
0.104
0.104
0.104
0.104
0.104
0.104
0.1039
0.104
0.1038
0.1039
0.1039
0.1037
0.1038
0.1037
0.1037
0.1037
0.1038
0.1036
0.1038
0.1037
0.1037
0.1038
0.1036
0.1039
0.1037
0.1037
0.1037
0.1039
0.1037
0.1038
0.1037
0.1039
0.104
0.1039
0.104
0.1039
0.104
0.1041
0.1039
0.104
0.104
0.1038
0.1039
0.1039
0.1039
0.104
0.1038
0.104
0.104
0.1042
0.1043
0.1042
0.1042
0.1042
0.1042
0.1041
0.1043
0.1041
0.1043
0.1042
0.1041
0.1043
0.1041
0.1041
0.1041
0.1041
0.1041
0.104
0.104
0.1041
0.104
0.104
0.1039
0.104
0.104
0.1038
0.1041
0.1038
0.104
0.1041
0.1039
0.104
0.104
0.104
0.104
0.104
0.1041
0.104
0.1041
0.1039
0.104
0.104
0.1039
0.104
0.104
0.104
0.104
0.104
0.104
0.1039
0.104
0.104
0.104
0.104
0.104
0.104
0.104
0.1039
0.104
0.104
0.104
0.104
0.104
0.104
0.104
0.104
0.104
0.104
0.104
0.104
0.1041
0.104
0.104
0.104
0.104
0.104
0.104
0.104
0.104
0.104
0.104
0.1039
0.104
0.1039
0.1038
0.104
0.1039
0.104
0.1039
0.104
0.1039
0.1038
0.104
0.1039
0.1039
0.1039
0.1038
0.104
0.1039
0.1039
0.104
0.1038
0.104
0.1038
0.104
0.1039
0.104
0.1039
0.1039
0.1039
0.104
0.104
0.1039
0.104
0.1039
0.104
0.104
0.104
0.104
0.1039
0.104
0.1038
0.104
0.1041
0.1039
0.1039
0.104
0.104
0.104
0.104
0.104
0.104
0.104
0.1039
0.104
0.104
0.104
0.1039
0.104
0.1038
0.104
0.1039
0.1039
0.1039
0.104
0.1038
0.104
0.1039
0.1039
0.104
0.104
0.104
0.1041
0.104
0.104
0.1041
0.104
0.104
0.1042
0.104
0.1041
0.104
0.1041
0.104
0.1041
0.104
0.104
0.1042
0.104
0.104
0.104
0.1041
0.104
0.1039
0.104
0.104
0.104
0.104
0.104
0.104
0.104
0.104
0.104
0.104
0.104
0.104
0.104
0.1041
0.1041
0.1041
0.104
0.1042
0.104
0.1041
0.104
0.104
0.1041
0.104
0.104
0.104
0.104
0.104
0.104
0.104
0.1039
0.104
0.1039
0.104
0.1038
0.1039
0.1038
0.1038
0.1038
0.1037
0.1039
0.1039
0.104
0.104
0.104
0.104
0.1041
0.1042
0.1041
0.1041
0.1042
0.1042
0.1041
0.1041
0.1041
0.104
0.104
0.104
0.104
0.104
0.1039
0.1039
0.1039
0.1038
0.1039
0.1038
0.1038
0.1039
0.1039
0.1039
0.1038
0.1039
0.1039
0.1039
0.1039
0.1038
0.104
0.1039
0.1039
0.104
0.1039
0.1038
0.104
0.104
0.1039
0.104
0.1039
0.104
0.104
0.1039
0.1038
0.104
0.104
0.1039
0.104
0.1039
0.104
0.104
0.104
0.104
0.104
0.104
0.104
0.1041
0.104
0.1041
0.1041
0.1042
0.1041
0.1041
0.1043
0.1041
0.1042
0.1042
0.1042
0.1043
0.1041
0.1042
0.1042
0.1041
0.1042
0.1042
0.1041
0.1041
0.1041
0.1042
0.104
0.1041
0.104
0.104
0.104
0.104
0.1039
0.1038
0.1037
0.1036
0.1036
0.1036
0.1035
0.1037
0.1037
0.1036
0.1037
0.1036
0.104
0.1033
0.1037
0.1039
0.1037
0.1038
0.1038
0.1038
0.1039
0.1037
0.1038
0.1037
0.1039
0.1038
0.1037
0.1039
0.1038
0.104
0.1042
0.1042
0.104
0.1041
0.1043
0.1042
0.1043
0.1043
0.1043
0.1044
0.1045
0.1044
0.1045
0.1045
0.1043
0.1044
0.1043
0.1042
0.1041
0.1042
0.1041
0.1041
0.104
0.1041
0.104
0.104
0.1041
0.1039
0.1039
0.1039
0.1039
0.1038
0.1039
0.104
0.1039
0.1041
0.104
0.1039
0.1041
0.1039
0.104
0.104
0.1039
0.1038
0.1039
0.104
0.1039
0.1038
0.1038
0.1039
0.1039
0.104
0.1039
0.1038
0.1039
0.104
0.1039
0.1038
0.1039
0.1039
0.1039
0.1038
0.104
0.1039
0.1039
0.1039
0.1039
0.1038
0.1039
0.1039
0.1038
0.1039
0.104
0.1039
0.1039
0.1038
0.1039
0.1039
0.104
0.1039
0.1039
0.1038
0.1039
0.104
0.1039
0.104
0.104
0.104
0.104
0.104
0.1038
0.1042
0.104
0.1041
0.1041
0.1042
0.1041
0.1041
0.1043
0.1042
0.1042
0.1043
0.1042
0.1042
0.1042
0.1043
0.1043
0.1042
0.1042
0.1042
0.104
0.1041
0.1041
0.104
0.1041
0.104
0.104
0.104
0.1039
0.1039
0.1039
0.1038
0.104
0.1038
0.1037
0.1039
0.1039
0.104
0.1039
0.1038
0.1039
0.1039
0.104
0.1039
0.1038
0.1039
0.1039
0.1039
0.1037
0.1038
0.1036
0.1037
0.1037
0.1036
0.1036
0.1038
0.1037
0.1038
0.1037
0.1036
0.1038
0.1037
0.1038
0.1039
0.1037
0.104
0.1038
0.1038
0.1038
0.1039
0.1038
0.1038
0.1039
0.1039
0.1039
0.104
0.104
0.104
0.1039
0.1039
0.1039
0.104
0.1038
0.1039
0.104
0.1039
0.1039
0.1039
0.1039
0.104
0.1038
0.1038
0.104
0.1037
0.1039
0.1038
0.1038
0.1038
0.1038
0.1039
0.1037
0.1039
0.1038
0.1039
0.1037
0.1037
0.1038
0.1037
0.1038
0.1036
0.1039
0.1037
0.1038
0.1037
0.1039
0.1038
0.1037
0.1038
0.1038
0.1038
0.1039
0.1037
0.1039
0.1039
0.1038
0.104
0.1039
0.1039
0.1037
0.1039
0.1039
0.1037
0.1039
0.1039
0.1039
0.1037
0.1039
0.1037
0.1039
0.1038
0.1037
0.1039
0.1038
0.1037
0.1037
0.1039
0.1038
0.1038
0.1039
0.1039
0.1037
0.1039
0.1038
0.1038
0.1039
0.1039
0.1038
0.1039
0.1038
0.1038
0.1038
0.1038
0.1039
0.1038
0.1039
0.1037
0.1039
0.1039
0.1039
0.1039
0.1038
0.1039
0.1038
0.1038
0.1039
0.1038
0.1039
0.1038
0.1037
0.1038
0.1039
0.1037
0.1038
0.1038
0.1038
0.1037
0.1039
0.1038
0.1038
0.1039
0.1039
0.1037
0.1039
0.1039
0.1037
0.1039
0.1039
0.1038
0.1038
0.1039
0.104
0.1039
0.1038
0.1038
0.1039
0.1038
0.1039
0.1038
0.1037
0.1039
0.1039
0.1037
0.1039
0.1037
0.1039
0.1039
0.1039
0.1039
0.1037
0.1039
0.1037
0.1036
0.1038
0.1038
0.1037
0.1037
0.1038
0.1039
0.1037
0.1039
0.1036
0.1038
0.1037
0.1038
0.1037
0.1038
0.1037
0.1038
0.1037
0.1036
0.1038
0.1036
0.1038
0.1037
0.1036
0.1038
0.1036
0.1038
0.1036
0.1037
0.1038
0.1036
0.1039
0.1038
0.1037
0.1039
0.1037
0.1039
0.1039
0.1038
0.1039
0.104
0.104
0.1041
0.104
0.1042
0.104
0.1041
0.1041
0.1042
0.1041
0.1041
0.1042
0.1042
0.1041
0.1041
0.1041
0.1043
0.104
0.1042
0.1041
0.1039
0.1042
0.104
0.104
0.104
0.104
0.104
0.1038
0.1041
0.1038
0.1039
0.1039
0.1038
0.1038
0.1038
0.1038
0.1038
0.1037
0.1038
0.1037
0.1038
0.1037
0.1038
0.1037
0.1038
0.1037
0.1039
0.1038
0.1037
0.1038
0.1038
0.1038
0.1037
0.1038
0.1038
0.1038
0.1039
0.104
0.104
0.104
0.1041
0.1041
0.1043
0.1042
0.1044
0.1043
0.1043
0.1043
0.1042
0.1044
0.1043
0.1042
0.1044
0.1042
0.1042
0.1041
0.1042
0.1042
0.1041
0.104
0.1041
0.104
0.1041
0.104
0.104
0.104
0.1039
0.1038
0.1037
0.1038
0.1038
0.1034
0.1038
0.1036
0.1037
0.1037
0.1037
0.1038
0.1037
0.1039
0.104
0.1037
0.1039
0.104
0.1039
0.104
0.104
0.1039
0.1041
0.104
0.104
0.104
0.1041
0.104
0.104
0.1041
0.104
0.1041
0.104
0.1039
0.1039
0.104
0.1039
0.104
0.1039
0.104
0.1038
0.104
0.1039
0.1039
0.104
0.1039
0.104
0.1039
0.1039
0.104
0.104
0.1042
0.104
0.1041
0.1041
0.104
0.1042
0.1039
0.104
0.104
0.1039
0.104
0.104
0.1039
0.1039
0.104
0.1039
0.104
0.1039
0.104
0.104
0.104
0.104
0.104
0.1042
0.1041
0.1042
0.1042
0.1041
0.1041
0.1041
0.104
0.1039
0.104
0.104
0.1039
0.1039
0.1038
0.1039
0.1038
0.1037
0.1038
0.1037
0.1037
0.1037
0.1037
0.1039
0.1038
0.1037
0.1038
0.1037
0.1039
0.1037
0.1039
0.1038
0.1038
0.1038
0.1038
0.1038
0.1037
0.1037
0.1037
0.1038
0.1038
0.1037
0.1038
0.104
0.1037
0.1039
0.1037
0.1039
0.1039
0.1039
0.1038
0.104
0.104
0.104
0.1042
0.1038
0.1041
0.1039
0.1041
0.1041
0.1038
0.104
0.1039
0.1039
0.1038
0.1039
0.1039
0.1039
0.1038
0.1041
0.1038
0.104
0.1039
0.104
0.1039
0.104
0.104
0.1038
0.104
0.104
0.104
0.104
0.104
0.104
0.104
0.104
0.104
0.104
0.1041
0.1039
0.1039
0.104
0.1039
0.1039
0.1038
0.1039
0.1039
0.104
0.1039
0.1039
0.1038
0.104
0.1038
0.104
0.104
0.104
0.104
0.104
0.104
0.104
0.104
0.104
0.104
0.1038
0.1041
0.1038
0.104
0.104
0.1039
0.104
0.1039
0.1038
0.104
0.1039
0.1039
0.1039
0.1038
0.1039
0.1039
0.1039
0.1038
0.1038
0.1039
0.1038
0.1039
0.1039
0.1039
0.104
0.1038
0.1039
0.104
0.1039
0.1039
0.104
0.1038
0.1039
0.1039
0.1039
0.1038
0.1039
0.1039
0.1038
0.1038
0.1039
0.1038
0.1038
0.1039
0.1039
0.1037
0.1039
0.1039
0.1038
0.1038
0.1039
0.1037
0.1039
0.1038
0.1038
0.1039
0.1039
0.1038
0.1039
0.1038
0.1038
0.104
0.1038
0.1039
0.1038
0.1038
0.1039
0.1037
0.1039
0.1037
0.104
0.1038
0.1039
0.104
0.1038
0.1039
0.1039
0.1037
0.1038
0.1037
0.1038
0.1039
0.1037
0.1038
0.1038
0.1038
0.1039
0.1037
0.1039
0.1039
0.104
0.1039
0.1039
0.1039
0.1039
0.1039
0.1037
0.1038
0.1039
0.1037
0.1039
0.1038
0.104
0.1038
0.1039
0.1038
0.1041
0.1038
0.1039
0.1039
0.1038
0.1039
0.1039
0.1039
0.1037
0.1039
0.1039
0.1038
0.1041
0.1038
0.1039
0.104
0.104
0.1039
0.104
0.1039
0.1039
0.1039
0.1039
0.104
0.104
0.1039
0.1041
0.1039
0.104
0.104
0.104
0.1041
0.104
0.104
0.104
0.1039
0.104
0.104
0.104
0.104
0.1039
0.1038
0.1038
0.1039
0.1038
0.1039
0.1037
0.1039
0.1038
0.1037
0.1039
0.1038
0.1038
0.1038
0.1039
0.1037
0.1038
0.1037
0.1039
0.1037
0.1037
0.1038
0.1038
0.1037
0.1038
0.1037
0.1037
0.1037
0.1038
0.1037
0.1038
0.1037
0.1038
0.1037
0.1039
0.1037
0.1038
0.1039
0.1038
0.1038
0.1037
0.1039
0.1038
0.1037
0.1038
0.1038
0.1038
0.1037
0.1039
0.1038
0.1037
0.1039
0.1039
0.1037
0.1039
0.1039
0.1038
0.1039
0.104
0.104
0.1039
0.104
0.104
0.1039
0.1039
0.1039
0.1037
0.1037
0.1038
0.1036
0.1036
0.1036
0.1037
0.1036
0.1037
0.1037
0.1037
0.1038
0.1037
0.1038
0.1038
0.1039
0.1039
0.1039
0.104
0.1041
0.1041
0.104
0.1041
0.104
0.1043
0.1041
0.1041
0.1043
0.1042
0.1044
0.1044
0.1044
0.1045
0.1043
0.1044
0.1043
0.1043
0.1044
0.1044
0.1042
0.1043
0.1044
0.1042
0.1041
0.1043
0.1041
0.1041
0.104
0.1042
0.104
0.104
0.104
0.1041
0.1037
0.1041
0.1038
0.1039
0.1037
0.1039
0.1038
0.1038
0.1039
0.1038
0.1038
0.1039
0.1039
0.1039
0.104
0.1041
0.104
0.104
0.1043
0.104
0.1041
0.1041
0.104
0.104
0.1041
0.104
0.104
0.104
0.104
0.1039
0.1039
0.1037
0.1038
0.1037
0.1038
0.1036
0.1037
0.1037
0.1037
0.1036
0.1037
0.1036
0.1036
0.1036
0.1037
0.1037
0.1036
0.1038
0.1037
0.1038
0.1037
0.1038
0.1037
0.1039
0.1039
0.1039
0.1038
0.1039
0.1039
0.1039
0.1038
0.1039
0.1039
0.1039
0.1038
0.1039
0.104
0.1039
0.1039
0.1038
0.1039
0.1038
0.1038
0.1038
0.1039
0.1037
0.1039
0.1037
0.1039
0.1039
0.1037
0.1039
0.104
0.1039
0.1039
0.104
0.1038
0.1039
0.1039
0.1039
0.1039
0.1039
0.104
0.104
0.1041
0.1038
0.104
0.1039
0.104
0.1039
0.1039
0.1039
0.1041
0.1038
0.1039
0.1039
0.1039
0.1038
0.1039
0.104
0.1039
0.1037
0.1039
0.104
0.1039
0.1038
0.1041
0.1039
0.1041
0.1039
0.1039
0.104
0.1039
0.104
0.1039
0.1039
0.1039
0.1039
0.104
0.104
0.1039
0.104
0.1039
0.104
0.104
0.1038
0.104
0.1039
0.104
0.1039
0.1039
0.1038
0.104
0.1039
0.104
0.1039
0.104
0.1039
0.1038
0.1041
0.1038
0.1039
0.1039
0.1038
0.1039
0.1039
0.1039
0.104
0.1038
0.104
0.1039
0.1039
0.1039
0.1038
0.1039
0.1039
0.104
0.1039
0.104
0.1039
0.1038
0.1039
0.104
0.1039
0.1039
0.1038
0.1039
0.1039
0.1038
0.1041
0.1038
0.104
0.1039
0.104
0.1039
0.104
0.1039
0.104
0.104
0.1038
0.104
0.104
0.1039
0.104
0.1039
0.104
0.1039
0.1039
0.1039
0.104
0.1039
0.104
0.104
0.104
0.1039
0.104
0.104
0.1039
0.104
0.1038
0.104
0.104
0.104
0.1039
0.104
0.104
0.104
0.104
0.1039
0.104
0.104
0.104
0.104
0.1039
0.104
0.104
0.1038
0.104
0.104
0.104
0.1039
0.104
0.104
0.1039
0.104
0.104
0.104
0.104
0.104
0.1039
0.104
0.104
0.1038
0.104
0.104
0.1039
0.104
0.1039
0.104
0.1039
0.1038
0.104
0.1039
0.1039
0.1039
0.1038
0.1039
0.1039
0.1037
0.1039
0.104
0.1039
0.1039
0.104
0.1038
0.1039
0.1039
0.1039
0.1038
0.1039
0.1039
0.104
0.1039
0.1038
0.1039
0.104
0.1039
0.1039
0.104
0.1038
0.1039
0.104
0.1039
0.1039
0.104
0.104
0.1038
0.104
0.104
0.1039
0.104
0.104
0.1039
0.1041
0.1039
0.1039
0.104
0.1038
0.104
0.1039
0.104
0.1041
0.104
0.104
0.1042
0.1041
0.1041
0.1041
0.1042
0.1041
0.1041
0.104
0.1041
0.1042
0.104
0.1041
0.104
0.104
0.1039
0.104
0.1038
0.1039
0.1038
0.1038
0.1038
0.1037
0.1038
0.1037
0.1038
0.1037
0.1037
0.1036
0.1036
0.1038
0.1036
0.1037
0.1037
0.1037
0.1038
0.1037
0.1039
0.1037
0.1038
0.1037
0.1039
0.1038
0.1037
0.1038
0.1038
0.1038
0.1037
0.1038
0.1038
0.1037
0.1038
0.1038
0.1038
0.1037
0.1038
0.1037
0.1038
0.1037
0.1038
0.1038
0.1039
0.104
0.104
0.1042
0.1041
0.1042
0.1043
0.1043
0.1044
0.1044
0.1042
0.1044
0.1044
0.1041
0.1043
0.1041
0.1042
0.1042
0.1041
0.104
0.1041
0.104
0.104
0.104
0.104
0.1039
0.104
0.104
0.1039
0.104
0.104
0.1038
0.104
0.1039
0.1039
0.104
0.1039
0.1039
0.1039
0.1039
0.1039
0.1039
0.1038
0.1039
0.1039
0.1038
0.1038
0.1039
0.1037
0.1038
0.1039
0.1037
0.1039
0.1037
0.1039
0.1038
0.1037
0.1039
0.1037
0.1039
0.1038
0.1037
0.1038
0.1038
0.1038
0.1037
0.1038
0.1037
0.1038
0.1036
0.1038
0.1037
0.1038
0.1036
0.1037
0.1037
0.1037
0.1038
0.1036
0.1038
0.1036
0.1037
0.1037
0.1037
0.1038
0.1037
0.1039
0.1038
0.1039
0.1039
0.1039
0.1039
0.1038
0.104
0.1039
0.104
0.104
0.104
0.104
0.104
0.104
0.1039
0.104
0.104
0.104
0.1038
0.104
0.104
0.104
0.1039
0.104
0.1039
0.1039
0.1037
0.1039
0.1039
0.1039
0.1038
0.1038
0.1038
0.1039
0.1039
0.1038
0.1038
0.1038
0.1038
0.1039
0.1039
0.1038
0.1038
0.1039
0.1039
0.1039
0.1038
0.1039
0.1039
0.1038
0.1039
0.1039
0.1039
0.1039
0.1038
0.1039
0.1039
0.1039
0.1039
0.104
0.1038
0.1039
0.1039
0.104
0.1038
0.1039
0.1039
0.104
0.1039
0.1038
0.1039
0.1039
0.104
0.1039
0.1039
0.1039
0.104
0.104
0.1039
0.104
0.1039
0.104
0.1039
0.104
0.1038
0.1039
0.104
0.1039
0.1039
0.1038
0.104
0.1039
0.104
0.1039
0.1039
0.104
0.104
0.1038
0.104
0.104
0.104
0.104
0.1042
0.104
0.1041
0.1041
0.104
0.1041
0.104
0.1042
0.104
0.104
0.1038
0.104
0.1039
0.1039
0.104
0.1039
0.1039
0.1038
0.104
0.1039
0.104
0.104
0.1039
0.104
0.104
0.104
0.1041
0.104
0.1041
0.104
0.1041
0.1042
0.1041
0.1041
0.1041
0.1043
0.1041
0.1041
0.1042
0.104
0.104
0.1038
0.104
0.1038
0.1038
0.1038
0.1038
0.1038
0.1039
0.1039
0.1039
0.1038
0.1039
0.1039
0.104
0.1039
0.104
0.104
0.104
0.1038
0.1042
0.104
0.104
0.104
0.104
0.1041
0.104
0.1041
0.1041
0.1042
0.1042
0.1043
0.1041
0.1042
0.1043
0.1041
0.1041
0.1042
0.1041
0.104
0.104
0.104
0.1041
0.1041
0.1042
0.1041
0.1042
0.1042
0.1041
0.1042
0.1042
0.1041
0.104
0.104
0.104
0.1039
0.1039
0.1038
0.1039
0.1039
0.1038
0.1039
0.1039
0.1039
0.1038
0.1038
0.1037
0.1037
0.1037
0.1036
