0.0038797,-0.18499,0.80851
0.0033127,-0.18325,0.8219
0.013262,-0.18408,0.75947
0.0091319,-0.18201,0.78403
0.0037646,-0.18398,0.72467
0.0048159,-0.18408,0.73218
0.012426,-0.1827,0.69083
0.001115,-0.1855,0.64769
0.010766,-0.18515,0.61529
0.014996,-0.18411,0.59485
0.014125,-0.18354,0.5839
-0.013534,-0.18356,0.53118
-0.025368,-0.18796,0.47654
-0.0072952,-0.1849,0.44812
-0.0090994,-0.18814,0.42797
0.010955,-0.18562,0.40007
-0.0052394,-0.18898,0.3881
-0.0043242,-0.19072,0.32039
-0.0059264,-0.18996,0.29256
0.018958,-0.18343,0.27577
0.019673,-0.18219,0.248
0.024901,-0.18239,0.22322
-0.0050157,-0.19684,0.10078
0.0064091,-0.1894,0.11198
0.0097981,-0.18714,0.09636
0.0058545,-0.1891,0.08711
0.012062,-0.18797,0.0895
-0.018805,-0.19907,0.01226
0.0017964,-0.1898,0.0422
-0.0013409,-0.1892,0.03153
0.014488,-0.18305,0.05687
-0.0029806,-0.1905,0.02144
0.0077125,-0.18728,0.03545
0.0017575,-0.18974,0.01988
0.015507,-0.1845,0.04454
0.014406,-0.18439,0.04498
0.0032367,-0.1847,0.03948
-0.009763,-0.18761,0.02691
0.0010892,-0.18388,0.04637
0.0036723,-0.18219,0.05206
0.0015924,-0.18205,0.05155
-0.010624,-0.18362,0.03011
-0.014775,-0.18349,0.03009
-0.0032515,-0.18067,0.05761
-0.01002,-0.18146,0.0623
-0.0046837,-0.17852,0.09188
-0.035574,-0.18546,0.06857
-0.031834,-0.18325,0.10478
-0.043632,-0.18271,0.11035
-0.040728,-0.18262,0.15246
-0.064394,-0.18286,0.14781
-0.075666,-0.18284,0.18425
-0.08514,-0.182,0.20244
-0.11384,-0.17758,0.18804
-0.1139,-0.17856,0.22876
-0.14601,-0.17944,0.23221
-0.16644,-0.17513,0.21995
-0.18107,-0.17785,0.25092
-0.18708,-0.17502,0.24006
-0.22162,-0.17076,0.19043
-0.23476,-0.16985,0.23773
-0.28112,-0.16624,0.19376
-0.27425,-0.16181,0.22691
-0.29378,-0.15875,0.22343
-0.33544,-0.15684,0.17637
-0.35578,-0.15931,0.23391
-0.38988,-0.15812,0.22185
-0.41686,-0.15406,0.17918
-0.43514,-0.15108,0.19932
-0.45799,-0.14898,0.13324
-0.50374,-0.14789,0.17478
-0.51501,-0.14747,0.15788
-0.55727,-0.14411,0.09113
-0.56661,-0.14268,0.10674
-0.59231,-0.14277,0.0861
-0.64955,-0.13981,0.04443
-0.64979,-0.14361,0.04515
-0.691,-0.1384,0.00211
-0.68385,-0.1297,-0.00531
-0.7148,-0.13061,-0.03127
-0.7455,-0.13248,-0.03455
-0.80351,-0.1282,-0.03726
-0.77479,-0.12993,-0.04538
-0.80734,-0.12879,-0.04255
-0.80679,-0.12397,-0.03909
-0.87082,-0.1129,-0.02056
-0.8589,-0.12288,-0.034
-0.89338,-0.12926,-0.03641
-0.8869,-0.12587,-0.02617
-0.93999,-0.11612,-0.0395
-0.92868,-0.13054,-0.04772
-0.95151,-0.12972,-0.0469
-0.9715,-0.13915,-0.05566
-0.99456,-0.13379,-0.05863
-1.0274,-0.11568,-0.05925
-1.0405,-0.11122,-0.06073
-1.0458,-0.1063,-0.0574
-1.0393,-0.10339,-0.05558
-1.0407,-0.11685,-0.06298
-1.1122,0.18972,-0.05396
-1.1208,0.26655,-0.05713
-1.082,0.1524,-0.06631
-1.1047,0.24302,-0.07221
-1.0963,0.15225,-0.08138
-1.1254,0.22693,-0.0933
-1.1102,0.16153,-0.09935
-1.1263,0.18786,-0.10219
-1.1073,0.15014,-0.10942
-1.1217,0.17304,-0.11215
-1.1018,0.14289,-0.10577
-1.0971,0.13693,-0.10725
-1.0981,0.14538,-0.11102
-1.099,0.12017,-0.11256
-1.0976,0.13895,-0.14019
-1.1035,0.10508,-0.13778
-1.1084,0.12288,-0.13881
-1.1139,0.09607,-0.12306
-1.0965,0.11175,-0.15298
-1.1088,0.10185,-0.12775
-1.1246,0.10853,-0.13963
-1.1206,0.09366,-0.14117
-1.1284,0.10215,-0.159
-1.1052,0.09824,-0.1497
-1.1184,0.11264,-0.16695
-1.1215,0.09578,-0.13086
-1.1308,0.09248,-0.11482
-1.1375,0.09326,-0.11054
-1.1405,0.08561,-0.08917
-1.15,0.10123,-0.09545
-1.1391,0.0919,-0.07578
-1.1348,0.0946,-0.07698
-1.1414,0.08067,-0.05758
-1.1589,0.08373,-0.05423
-1.1899,0.0889,-0.06615
-1.2096,0.09077,-0.07532
-1.1977,0.07993,-0.06503
-1.1965,0.07525,-0.06731
-1.1987,0.08205,-0.05152
-1.2141,0.07249,-0.02957
-1.238,0.07033,-0.02974
-1.1924,0.0596,-0.02054
-1.1941,0.05736,-0.02287
-1.1939,0.06525,-0.02451
-1.2011,0.07079,-0.03135
-1.1844,0.06505,-0.03862
-1.1767,0.06737,-0.04515
-1.1871,0.06256,-0.0302
-1.2223,0.06185,-0.0183
-1.206,0.05991,-0.01788
-1.2001,0.06089,-0.01987
-1.1994,0.06385,-0.02574
-1.196,0.06941,-0.03312
-1.2055,0.07276,-0.02718
-1.1828,0.06476,-0.02838
-1.174,0.05726,-0.03604
-1.1685,0.05913,-0.02757
-1.1729,0.06479,-0.02826
-1.1639,0.07,-0.03526
-1.1563,0.07307,-0.04443
-1.1605,0.072,-0.03729
-1.1685,0.080659,-0.03963
-1.1669,0.085585,-0.03233
-1.1653,0.083168,-0.02604
-1.1667,0.081855,-0.02393
-1.1649,0.079216,-0.02428
-1.1704,0.08023,-0.02475
-1.1732,0.082608,-0.02337
-1.1884,0.086835,-0.02396
-1.1809,0.077527,-0.02939
-1.1889,0.077587,-0.02795
-1.186,0.072347,-0.02539
-1.1993,0.070159,-0.02139
-1.2056,0.066796,-0.01888
-1.214,0.06952,-0.02418
-1.2192,0.068652,-0.02599
-1.2212,0.072743,-0.0236
-1.2256,0.076868,-0.02108
-1.2282,0.070951,-0.02514
-1.2376,0.066388,-0.02527
-1.2497,0.065101,-0.02887
-1.2586,0.067858,-0.03445
-1.2591,0.068913,-0.03968
-1.2584,0.073806,-0.04111
-1.258,0.07057,-0.0384
-1.2596,0.06858,-0.03525
-1.2577,0.064254,-0.03188
-1.2595,0.063427,-0.02106
-1.252,0.066926,-0.04713
-1.2684,0.079042,-0.04848
-1.2745,0.088046,-0.05861
-1.2612,0.088679,-0.06099
-1.2731,0.092506,-0.05717
-1.259,0.080969,-0.04791
-1.2625,0.081678,-0.04834
-1.2557,0.07659,-0.04245
-1.2622,0.087896,-0.03207
-1.251,0.085494,-0.03396
-1.2485,0.085898,-0.03495
-1.24,0.079645,-0.03103
-1.2435,0.076408,-0.02685
-1.2499,0.08085,-0.01635
-1.2413,0.0772,-0.0203
-1.2415,0.074908,-0.02058
-1.2361,0.074173,-0.02681
-1.2409,0.077212,-0.02261
-1.236,0.076532,-0.0262
-1.2353,0.079232,-0.02243
-1.2294,0.075708,-0.02926
-1.236,0.07888,-0.03002
-1.2316,0.080411,-0.03719
-1.23,0.086476,-0.03617
-1.2189,0.085225,-0.03469
-1.2131,0.083613,-0.03564
-1.2181,0.089265,-0.04949
-1.2182,0.080678,-0.03786
-1.2147,0.080578,-0.03683
-1.2043,0.065451,-0.01769
-1.1954,0.061548,-0.01017
-1.2075,0.064009,-0.0218
-1.2019,0.068659,-0.01945
-1.1991,0.071825,-0.01945
-1.2028,0.071515,-0.018
-1.2026,0.067142,-0.01528
-1.1907,0.067711,-0.01517
-1.1725,0.066922,-0.01329
-1.1478,0.061212,-0.01584
-1.1178,0.056836,-0.01121
-1.0877,0.056978,-0.0099
-1.064,0.058041,-0.00826
-1.0399,0.059654,-0.00758
-1.008,0.059729,-0.00657
-0.9736,0.058247,-0.0091
-0.9479,0.055762,-0.00596
-0.9344,0.052049,0.00018
-0.9341,0.051191,0.00346
-0.9214,0.052278,-0.0097
-0.9189,0.053434,-0.0187
-0.9235,0.053143,-0.02276
-0.9117,0.053692,-0.02579
-0.919,0.055783,-0.02203
-0.9099,0.055207,-0.02221
-0.9067,0.054532,-0.02434
-0.9026,0.054272,-0.03086
-0.9024,0.058356,-0.02709
-0.9012,0.055623,-0.03369
-0.9066,0.054916,-0.02939
-0.9061,0.053909,-0.03056
-0.913,0.053301,-0.02773
-0.9173,0.054665,-0.02542
-0.9269,0.054843,-0.02381
-0.9346,0.054176,-0.02401
-0.9325,0.052437,-0.02275
-0.9391,0.054333,-0.01042
-0.9505,0.060031,-0.01918
-0.966,0.051296,-0.01351
-0.9627,0.055463,-0.01582
-0.9972,0.073815,0.03039
-0.9949,0.064706,0.00476
-1.0105,0.076427,0.01917
-1.0053,0.073387,0.00822
-1.0319,0.059457,0.016
-1.0446,0.047924,0.01495
-1.0529,0.050443,0.02045
-1.0279,0.061461,-4e-05
-0.9997,0.07044,-0.02109
-1.0259,0.060259,-0.01243
-1.0571,0.053852,-0.00232
-1.0455,0.056468,-0.01548
-1.0461,0.045378,-0.02417
-1.0506,0.043206,-0.02256
-1.0606,0.052709,-0.00968
-1.0682,0.018346,-0.02578
-1.0816,0.039628,-0.01611
-1.1064,0.030668,-0.02045
-1.113,0.041107,-0.01716
-1.1224,0.010668,0.00631
-1.1254,0.028269,0.004
-1.1349,0.036146,0.00211
-1.1447,0.036439,-0.00067
-1.1463,0.045089,-0.00391
-1.1498,0.04289,-0.0005
-1.1559,0.046085,-0.0016
-1.1703,0.042932,0.00445
-1.1788,0.046294,0.00039
-1.1909,0.04458,-0.00205
-1.1915,0.051604,-0.01129
-1.1991,0.05509,-0.00956
-1.2078,0.055647,-0.01349
-1.2089,0.05146,-0.01381
-1.2138,0.051803,-0.01588
-1.2219,0.055665,-0.02348
-1.2246,0.057517,-0.02607
-1.2386,0.060698,-0.03351
-1.2423,0.060216,-0.03384
-1.2465,0.061899,-0.04124
-1.2385,0.058198,-0.056164
-1.236,0.066149,-0.058878
-1.2545,0.064502,-0.05814
-1.2579,0.059175,-0.049551
-1.2489,0.063243,-0.053838
-1.2454,0.066651,-0.049353
-1.2573,0.064225,-0.040753
-1.2627,0.056743,-0.037371
-1.2565,0.043694,-0.044488
-1.254,0.043656,-0.043914
-1.248,0.04946,-0.043563
-1.2605,0.051802,-0.037673
-1.2544,0.058617,-0.041895
-1.253,0.05999,-0.042276
-1.239,0.064497,-0.047378
-1.2383,0.064761,-0.049086
-1.2454,0.064653,-0.064982
-1.2492,0.064082,-0.07247
-1.2373,0.070523,-0.067121
-1.2276,0.070183,-0.060565
-1.2207,0.079834,-0.056414
-1.2262,0.08241,-0.046865
-1.2366,0.081355,-0.039997
-1.2327,0.075933,-0.043071
-1.2384,0.084456,-0.036626
-1.2321,0.085583,-0.037724
-1.2317,0.077936,-0.032975
-1.2214,0.073379,-0.036201
-1.2194,0.072307,-0.035713
-1.2195,0.070543,-0.037788
-1.2212,0.072061,-0.033962
-1.2248,0.072788,-0.033615
-1.2211,0.071994,-0.037655
-1.2234,0.071409,-0.034754
-1.2218,0.07018,-0.037837
-1.2503,0.098354,-0.034198
-1.1878,0.089431,-0.032987
-1.2276,0.095384,-0.033244
-1.2303,0.08982,-0.041029
-1.2328,0.079836,-0.040562
-1.2295,0.073576,-0.043166
-1.242,0.076847,-0.033745
-1.2439,0.061188,-0.032532
-1.2473,0.055143,-0.029229
-1.2496,0.037618,-0.027758
-1.2507,0.032131,-0.031111
-1.248,0.025838,-0.032368
-1.2397,0.038821,-0.04132
-1.2442,0.021198,-0.03779
-1.2418,0.032863,-0.040179
-1.2604,0.011382,-0.023844
-1.2532,0.028555,-0.029695
-1.2557,0.027937,-0.027603
-1.2522,0.038214,-0.032621
-1.2994,0.039308,-0.03417
-1.2129,0.043644,-0.036285
-1.2522,0.042994,-0.038951
-1.2632,0.040213,-0.038765
-1.2601,0.048886,-0.038534
-1.2663,0.049555,-0.036207
-1.2622,0.056298,-0.036489
-1.286,0.058955,-0.034411
-1.2428,0.064821,-0.034779
-1.261,0.068076,-0.036428
-1.2619,0.071068,-0.03757
-1.2594,0.071469,-0.037732
-1.2471,0.070402,-0.034856
-1.2439,0.066226,-0.032491
-1.2516,0.062844,-0.03374
-1.2534,0.05972,-0.029806
-1.2437,0.063219,-0.030928
-1.2393,0.066303,-0.032989
-1.2363,0.064744,-0.030535
-1.2249,0.067525,-0.030321
-1.2133,0.066596,-0.029779
-1.1988,0.065894,-0.03286
-1.1861,0.064204,-0.033982
-1.1734,0.063688,-0.033834
-1.1594,0.062974,-0.032236
-1.1443,0.063412,-0.030826
-1.1256,0.066003,-0.028067
-1.1073,0.067941,-0.031188
-1.0909,0.068219,-0.032771
-1.0735,0.064514,-0.03249
-1.0522,0.060218,-0.035966
-1.0437,0.054381,-0.036641
-1.0408,0.047142,-0.036511
-1.0448,0.044315,-0.037167
-1.0378,0.046878,-0.037193
-1.0319,0.049513,-0.037101
-1.0127,0.055079,-0.038419
-0.9952,0.056994,-0.041213
-0.9742,0.053595,-0.04016
-0.9338,0.054021,-0.027754
-0.9068,0.053755,-0.022698
-0.8864,0.048517,-0.020154
-0.8584,0.043357,-0.009962
-0.837,0.03956,-0.007892
-0.8075,0.034709,0.009425
-0.7812,0.031444,0.017885
-0.7551,0.026575,0.04958
-0.7246,0.024452,0.070839
-0.6875,0.024056,0.07988
-0.6724,0.023861,0.11389
-0.6357,0.025387,0.11926
-0.624,0.023308,0.16013
-0.5994,0.022105,0.1814
-0.5554,0.024026,0.1807
-0.5637,0.023421,0.22924
-0.5191,0.025307,0.22261
-0.5316,0.023288,0.2832
-0.4806,0.023931,0.27476
-0.487,0.014385,0.33398
-0.4715,0.016066,0.34877
-0.4262,0.018839,0.33616
-0.4362,0.01962,0.3938
-0.3898,0.019475,0.38384
-0.4037,0.014284,0.44512
-0.3589,0.013319,0.42444
-0.3754,0.017187,0.47719
-0.3563,0.016472,0.50333
-0.3053,0.022226,0.50165
-0.3086,0.015199,0.5478
-0.2795,0.012101,0.54223
-0.2863,0.012804,0.58455
-0.2677,0.013363,0.60648
-0.2369,0.006918,0.61034
-0.2461,0.006295,0.65499
-0.2108,0.003397,0.65698
-0.2022,0.003776,0.69143
-0.1865,0.002619,0.71499
-0.1696,-0.000683,0.72371
-0.1656,-0.001021,0.75847
-0.1548,-0.004799,0.77441
-0.144,-0.006583,0.79286
-0.1356,-0.006117,0.81537
-0.1172,-0.007599,0.82551
-0.1063,-0.007445,0.85552
-0.0933,-0.008183,0.87194
-0.0799,-0.009292,0.88869
-0.0731,-0.009363,0.90477
-0.0713,-0.01046,0.92501
-0.0679,-0.012139,0.934
-0.0705,-0.005557,0.95964
-0.0646,-0.004643,0.97056
-0.0887,0.000736,1.0278
-0.0754,0.001305,1.0231
-0.0794,0.016218,1.0437
-0.0818,0.015407,1.039
-0.1057,0.014458,1.0461
-0.124,-0.004714,1.0407
-0.1016,-0.007792,1.0369
-0.1038,-0.009297,1.0417
-0.0869,-0.009931,1.03
-0.0897,-0.009797,1.0391
-0.0701,-0.010918,1.0313
-0.0588,-0.017027,1.0251
-0.0391,-0.020618,1.0097
-0.0346,-0.020601,1.0116
-0.0228,-0.01781,1.0108
-0.0226,-0.017842,1.0035
-0.0269,-0.016257,1.002
-0.0252,-0.016801,0.99372
-0.0221,-0.015867,0.9914
-0.0225,-0.013857,0.97738
-0.0182,-0.015742,0.97279
-0.0116,-0.014815,0.95989
-0.0121,-0.010333,0.9491
-0.0224,-0.001662,0.93445
-0.0232,-0.002758,0.92601
-0.0204,-0.010065,0.91305
-0.0128,-0.025532,0.90386
-0.028,-0.027284,0.90155
-0.0186,-0.01961,0.89347
-0.0242,-0.03181,0.8786
-0.0131,-0.031972,0.86264
-0.002,-0.035871,0.84877
0.0095,-0.033436,0.83223
0.0172,-0.0464,0.81949
0.0384,-0.034763,0.80292
0.087,-0.053175,0.78416
0.0893,-0.039474,0.76772
0.1163,-0.050267,0.75929
0.1399,-0.051944,0.74224
0.1999,-0.073896,0.71295
0.1848,-0.059758,0.70825
0.2298,-0.060283,0.67138
0.251,-0.051727,0.66693
0.3025,-0.050768,0.62601
0.3092,-0.05304,0.63309
0.3024,-0.041543,0.61966
0.3381,-0.042568,0.57086
0.3131,-0.034103,0.57917
0.3483,-0.048165,0.53137
0.3269,-0.056855,0.55221
0.3272,-0.064574,0.54003
0.3862,-0.049645,0.47162
0.3778,-0.046168,0.49752
0.4293,-0.033814,0.42058
0.3965,-0.053324,0.45472
0.4555,-0.034869,0.38438
0.4173,-0.030514,0.41212
0.4442,-0.022576,0.37626
0.4848,-0.030026,0.31036
0.4883,-0.032504,0.31624
0.5306,-0.03409,0.26091
0.5387,-0.034642,0.27028
0.5614,-0.036482,0.2514
0.597,-0.034874,0.2134
0.5976,-0.040559,0.20857
0.609,-0.048149,0.18696
0.6392,-0.038159,0.15527
0.6397,-0.036838,0.1623
0.6648,-0.027543,0.12815
0.6837,-0.035899,0.11354
0.696,-0.03,0.09731
0.7185,-0.028456,0.08041
0.7184,-0.038213,0.08042
0.7286,-0.03442,0.07647
0.7473,-0.039788,0.07173
0.7608,-0.038132,0.0674
0.7741,-0.036679,0.05597
0.7802,-0.032049,0.05045
0.784,-0.028774,0.04935
0.7996,-0.025952,0.04145
0.8098,-0.03638,0.0348
0.8242,-0.040739,0.0257
0.8313,-0.045269,0.01844
0.8425,-0.048314,0.0149
0.8529,-0.052571,0.00968
0.8625,-0.03682,0.00296
0.871,-0.034992,-0.00323
0.8683,-0.025929,-0.0102
0.8748,-0.015739,-0.01742
0.876,-0.013036,-0.02441
0.8863,-0.02201,-0.02572
0.8916,-0.023641,-0.02586
0.8886,-0.019502,-0.02838
0.8916,-0.017468,-0.03016
0.8976,-0.023815,-0.03086
0.9055,-0.031284,-0.03012
0.9078,-0.036298,-0.02737
0.8973,-0.026779,-0.02469
0.8924,-0.022952,-0.02297
0.8973,-0.035344,-0.01943
0.8952,-0.035924,-0.01746
0.8956,-0.036086,-0.01049
0.8854,-0.032742,0.00023
0.8914,-0.037019,0.00391
0.8882,-0.04678,0.00996
0.8899,-0.043442,0.01836
0.8812,-0.040574,0.02452
0.8818,-0.041993,0.02826
0.8803,-0.045033,0.02761
0.8816,-0.04747,0.02865
0.8814,-0.047618,0.02934
0.8713,-0.044615,0.03376
0.8697,-0.038699,0.03812
0.8674,-0.036285,0.04143
0.8738,-0.038658,0.03882
0.8703,-0.033302,0.04084
0.8671,-0.02883,0.04302
0.8588,-0.025331,0.04717
0.8671,-0.03797,0.03664
0.8683,-0.034048,0.03224
0.8721,-0.039328,0.02511
0.8634,-0.034095,0.02642
0.8559,-0.035786,0.02567
0.8668,-0.039616,0.02011
0.8653,-0.044138,0.01943
0.8719,-0.04857,0.01266
0.8578,-0.046574,0.01598
0.8645,-0.043601,0.01273
0.8555,-0.034387,0.02033
0.8618,-0.033638,0.01931
0.8484,-0.022662,0.02992
0.8522,-0.024419,0.03204
0.8501,-0.025181,0.03697
0.8553,-0.0321,0.03627
0.8554,-0.028666,0.03755
0.85,-0.021521,0.0442
0.8485,-0.022838,0.04783
0.8434,-0.01953,0.04712
0.8498,-0.026838,0.04161
0.8437,-0.024074,0.04369
0.8391,-0.020833,0.04419
0.8345,-0.013507,0.04753
0.8384,-0.018316,0.04145
0.8362,-0.018474,0.04157
0.8409,-0.022642,0.04389
0.8301,-0.017703,0.04856
0.8357,-0.031698,0.04652
0.8317,-0.025838,0.0472
0.8293,-0.021676,0.04831
0.8304,-0.025803,0.04554
0.8305,-0.032513,0.0513
0.8353,-0.033941,0.04974
0.8355,-0.034075,0.05652
0.8416,-0.036315,0.05753
0.8416,-0.024448,0.05631
0.8462,-0.027373,0.05551
0.8556,-0.036058,0.05572
0.8631,-0.039177,0.05756
0.8669,-0.044697,0.0593
0.865,-0.04193,0.06155
0.8689,-0.038786,0.06344
0.8839,-0.045914,0.05731
0.8947,-0.046915,0.05852
0.9043,-0.044955,0.06006
0.9024,-0.040193,0.05675
0.9071,-0.032289,0.05312
0.9118,-0.03548,0.04877
0.9176,-0.033459,0.04562
0.9272,-0.032751,0.03998
0.9282,-0.022322,0.03289
0.9343,-0.022648,0.02457
0.9428,-0.028989,0.01684
0.9509,-0.038107,0.01147
0.9552,-0.036073,0.00726
0.9482,-0.02455,0.00859
0.9509,-0.030952,0.00573
0.9531,-0.036897,0.00526
0.945,-0.032941,0.00472
0.9413,-0.032468,0.00158
0.9371,-0.032514,0.00109
0.9319,-0.028917,0.00026
0.9268,-0.034496,-0.00247
0.918,-0.032396,-0.00263
0.9048,-0.032018,-0.00298
0.8992,-0.030186,-0.00605
0.8988,-0.036299,-0.01497
0.9004,-0.039866,-0.024
0.896,-0.042567,-0.02753
0.8894,-0.039207,-0.02713
0.8909,-0.03647,-0.02926
0.8881,-0.038242,-0.02654
0.885,-0.038852,-0.02185
0.8745,-0.032046,-0.01866
0.8659,-0.02722,-0.01406
0.8747,-0.031838,-0.01363
0.8698,-0.032684,-0.00296
0.8702,-0.031129,0.00197
0.872,-0.027269,0.01031
0.8724,-0.023282,0.0178
0.8761,-0.023561,0.02302
0.8775,-0.028751,0.02803
0.8818,-0.031619,0.03603
0.8849,-0.035658,0.04289
0.8863,-0.037249,0.05142
0.8871,-0.038127,0.06084
0.8875,-0.036422,0.06785
0.8889,-0.041147,0.07715
0.8894,-0.038977,0.08327
0.8905,-0.03892,0.08956
0.8994,-0.044725,0.08724
0.9026,-0.045391,0.08706
0.906,-0.046519,0.08785
0.9035,-0.044644,0.09043
0.9024,-0.037999,0.09499
0.907,-0.044511,0.09463
0.9109,-0.04619,0.09002
0.9081,-0.045314,0.083
0.9013,-0.044543,0.0769
0.9049,-0.044536,0.0679
0.9061,-0.047989,0.05959
0.902,-0.046759,0.04897
0.8961,-0.048305,0.04499
0.8892,-0.04455,0.03775
0.8843,-0.03771,0.02952
0.8852,-0.042284,0.01891
0.8877,-0.042793,0.00471
0.8808,-0.043381,-0.00538
0.8756,-0.041955,-0.01312
0.8721,-0.038808,-0.02314
0.8668,-0.042227,-0.03151
0.8601,-0.044221,-0.04114
0.8588,-0.043101,-0.04767
0.8511,-0.039772,-0.0498
0.8446,-0.038962,-0.0502
0.8269,-0.036262,-0.05008
0.8154,-0.035421,-0.05121
0.7919,-0.031347,-0.05042
0.7766,-0.030745,-0.04872
0.759,-0.030048,-0.04602
0.7375,-0.03356,-0.04376
0.7177,-0.03503,-0.04242
0.6922,-0.036471,-0.04225
0.6686,-0.035976,-0.04005
0.644,-0.039908,-0.03804
0.6158,-0.034431,-0.03659
0.5949,-0.038039,-0.03333
0.5816,-0.040542,-0.03431
0.5557,-0.039835,-0.03657
0.5338,-0.0322,-0.0302
0.5225,-0.0356,-0.02714
0.4966,-0.028342,-0.01856
0.4728,-0.031365,-0.01475
0.4527,-0.031451,-0.0066
0.4392,-0.045693,-0.00025
0.4331,-0.053571,0.00638
0.4187,-0.049516,0.04253
0.4087,-0.055721,0.06091
0.4151,-0.037692,0.05928
0.4013,-0.038938,0.10686
0.3975,-0.035679,0.12699
0.3914,-0.032613,0.12123
0.3735,-0.024769,0.16433
0.3676,-0.02994,0.15008
0.3442,-0.031666,0.19391
0.3327,-0.028954,0.20486
0.331,-0.02058,0.18388
0.3158,-0.018673,0.22688
0.3022,-0.020057,0.24241
0.3009,-0.021286,0.22286
0.284,-0.023619,0.27165
0.29,-0.015416,0.24977
0.2791,-0.013189,0.30597
0.276,-0.018416,0.32486
0.2745,-0.01616,0.31072
0.2483,-0.021551,0.38325
0.2416,-0.020267,0.41241
0.2491,-0.018704,0.39281
0.2383,-0.023662,0.45275
0.2397,-0.034464,0.44239
0.2124,-0.025813,0.51152
0.1948,-0.018422,0.53838
0.1905,-0.018156,0.53573
0.1801,-0.018326,0.58678
0.1857,-0.025737,0.58516
0.16,-0.019946,0.63065
0.1376,-0.025442,0.65523
0.1219,-0.022306,0.65578
0.0938,-0.021864,0.69809
0.0774,-0.024644,0.70566
0.0624,-0.031257,0.74868
0.0505,-0.028888,0.77354
0.0323,-0.01771,0.77754
0.0137,-0.01661,0.80172
0.0059,-0.012981,0.81005
0.0021,-0.021578,0.8285
-0.007,-0.016703,0.8498
-0.0167,-0.014743,0.869
-0.0354,-0.018263,0.896
-0.0398,-0.016127,0.9146
-0.0429,-0.012789,0.923
-0.0393,-0.017444,0.9255
-0.0279,-0.016479,0.9318
-0.0311,-0.023508,0.9436
-0.03,-0.027822,0.9505
-0.0217,-0.030414,0.9562
-0.018,-0.027857,0.9607
-0.0146,-0.028957,0.9685
-0.0054,-0.02923,0.982
0.0025,-0.020939,0.9852
0.0073,-0.019227,0.9795
0.0117,-0.016885,0.9648
0.0099,-0.020167,0.9581
0.0082,-0.028994,0.9639
0.0206,0.007078,0.9486
0.0536,0.1112,0.9042
0.0357,0.052426,0.925
0.0474,0.07153,0.911
0.0404,0.027102,0.926
0.0377,0.031747,0.9254
0.0243,0.008195,0.9328
0.0229,0.011556,0.9254
0.0148,0.003757,0.922
0.0103,-0.003263,0.9148
0.0054,-0.005373,0.9089
0.0023,-0.013369,0.9025
0.0038,-0.01484,0.8834
-0.0041,-0.017391,0.8622
-0.007,-0.013267,0.8441
-0.0123,-0.025386,0.8289
-0.0095,-0.024922,0.8069
-0.0115,-0.023442,0.7869
-0.0147,-0.021755,0.7598
-0.0238,-0.026001,0.7381
-0.0265,-0.022881,0.7146
-0.0286,-0.019821,0.6882
-0.0332,-0.021821,0.6618
-0.0388,-0.019858,0.6316
-0.0462,-0.018445,0.6082
-0.051,-0.01633,0.5786
-0.061,-0.01654,0.5591
-0.0787,-0.019948,0.5406
-0.0894,-0.01968,0.5192
-0.1086,-0.014792,0.5252
-0.1181,-0.013166,0.5255
-0.1308,-0.014811,0.4996
-0.1578,-0.018883,0.5064
-0.1744,-0.015222,0.473
-0.2007,-0.010933,0.4845
-0.2216,-0.007012,0.4781
-0.2356,-0.003662,0.4279
-0.2651,-0.011399,0.4494
-0.2812,-0.005471,0.4378
-0.2832,-0.001457,0.3907
-0.3132,0.00164,0.4177
-0.335,0.003263,0.4081
-0.3517,0.011326,0.3617
-0.3836,0.010824,0.3929
-0.3959,0.009202,0.344
-0.4286,0.009718,0.3764
-0.4534,0.010445,0.3593
-0.4639,0.010937,0.2861
-0.5019,0.020339,0.3268
-0.5281,0.017675,0.3066
-0.5443,0.017112,0.225
-0.5911,0.012899,0.2561
-0.5942,0.020723,0.1845
-0.6294,0.018547,0.2096
-0.6513,0.014999,0.1816
-0.6572,0.022674,0.1206
-0.6802,0.026187,0.1288
-0.6888,0.024782,0.0863
-0.7143,0.02783,0.0918
-0.7284,0.028975,0.0708
-0.7439,0.028766,0.0484
-0.7537,0.031288,0.0449
-0.7651,0.034734,0.0357
-0.779,0.03521,0.03
-0.7892,0.03659,0.0268
-0.7989,0.036942,0.0259
-0.8115,0.036544,0.0249
-0.8226,0.036732,0.0283
-0.8373,0.0344,0.0305
-0.8474,0.036423,0.0357
-0.8575,0.038377,0.0358
-0.8734,0.039548,0.0366
-0.8843,0.040676,0.0373
-0.9013,0.04255,0.0406
-0.9101,0.04282,0.0411
-0.9257,0.045512,0.0432
-0.9377,0.046838,0.0438
-0.9521,0.045816,0.0431
-0.9709,0.046242,0.0465
-0.9842,0.048268,0.0455
-0.9931,0.049197,0.0427
-1.0106,0.052454,0.0361
-1.0241,0.052269,0.0374
-1.0447,0.052992,0.0315
-1.0481,0.051924,0.024
-1.0611,0.055771,0.0154
-1.0703,0.05642,0.0066
-1.0857,0.057947,-0.0027
-1.0895,0.054111,-0.0104
-1.0841,0.053618,-0.0163
-1.0763,0.051742,-0.0236
-1.076,0.046944,-0.0324
-1.0817,0.044319,-0.0393
-1.0837,0.043039,-0.0471
-1.0813,0.045752,-0.0529
-1.077,0.046933,-0.0616
-1.0786,0.042884,-0.0683
-1.0747,0.045056,-0.0755
-1.073,0.045948,-0.0792
-1.0623,0.048742,-0.0851
-1.0465,0.049874,-0.0895
-1.0256,0.046929,-0.0904
-1.0142,0.043917,-0.0904
-0.9966,0.043549,-0.0845
-0.9793,0.041738,-0.0854
-0.9552,0.043023,-0.0854
-0.9276,0.043078,-0.0819
-0.9042,0.042102,-0.0806
-0.8845,0.038899,-0.0796
-0.8646,0.033721,-0.074
-0.8528,0.03509,-0.0679
-0.8462,0.035056,-0.0612
-0.8503,0.036243,-0.0559
-0.845,0.036316,-0.0531
-0.8451,0.036314,-0.0533
-0.8415,0.034911,-0.049
-0.8354,0.034728,-0.0464
-0.8308,0.034292,-0.0462
-0.8274,0.034396,-0.0443
-0.8276,0.037143,-0.037
-0.8281,0.03761,-0.0304
-0.8276,0.039827,-0.0276
-0.8199,0.041803,-0.0242
-0.8175,0.044417,-0.0196
-0.8155,0.048958,-0.0167
-0.8162,0.046792,-0.0172
-0.8262,0.046928,-0.016
-0.8269,0.043464,-0.0126
-0.8313,0.045212,-0.0102
-0.8389,0.044142,-0.0089
-0.8412,0.043012,-0.0105
-0.8443,0.043437,-0.01
-0.8435,0.044603,-0.0109
-0.8425,0.043956,-0.0116
-0.8372,0.041684,-0.018
-0.8324,0.041682,-0.0196
-0.8357,0.04123,-0.0193
-0.83,0.040738,-0.0228
-0.8301,0.040273,-0.0248
-0.8309,0.039846,-0.0261
-0.8333,0.039364,-0.0275
-0.8374,0.036779,-0.0328
-0.8435,0.038813,-0.0294
-0.8525,0.043405,-0.0263
-0.8612,0.041741,-0.0295
-0.8664,0.043471,-0.0308
-0.8688,0.048121,-0.0286
-0.8758,0.047955,-0.03
-0.8844,0.045083,-0.0322
-0.8957,0.04467,-0.0327
-0.9065,0.045981,-0.0339
-0.9139,0.045674,-0.0335
-0.9213,0.045937,-0.0329
-0.9279,0.047609,-0.0325
-0.9329,0.046721,-0.0333
-0.9436,0.044844,-0.0317
-0.9462,0.041694,-0.0302
-0.9479,0.041162,-0.0305
-0.9499,0.040093,-0.0322
-0.9514,0.038277,-0.0298
-0.9553,0.038442,-0.0268
-0.9524,0.037574,-0.0272
-0.9528,0.037547,-0.0289
-0.9495,0.038534,-0.026
-0.9494,0.038176,-0.0244
-0.9494,0.030901,-0.0202
-0.9447,0.034018,-0.0196
-0.9394,0.03912,-0.0231
-0.9306,0.040319,-0.0284
-0.9296,0.038803,-0.0322
-0.9269,0.039168,-0.0261
-0.9272,0.039968,-0.0269
-0.9242,0.037651,-0.025
-0.9179,0.036915,-0.027
-0.9126,0.041843,-0.0209
-0.9129,0.041614,-0.0205
-0.911,0.038734,-0.0214
-0.9042,0.038101,-0.023
-0.8979,0.039774,-0.0201
-0.9025,0.04795,-0.0311
-0.907,0.056362,-0.025
-0.8927,0.051771,-0.0202
-0.8845,0.054658,-0.0191
-0.862,0.042988,-0.0112
-0.857,0.041952,-0.0084
-0.8512,0.038762,-0.0106
-0.855,0.037463,-0.0093
-0.8611,0.032165,-0.0092
-0.8624,0.032029,-0.0093
-0.8532,0.035295,-0.0136
-0.8478,0.037313,-0.0179
-0.8432,0.041485,-0.0185
-0.8393,0.041223,-0.0185
-0.8363,0.038583,-0.0228
-0.8382,0.045501,-0.0264
-0.8377,0.04957,-0.0313
-0.8436,0.047866,-0.0363
-0.851,0.048179,-0.0393
-0.8586,0.04156,-0.0344
-0.864,0.039468,-0.0285
-0.858,0.042398,-0.0319
-0.8629,0.048126,-0.0366
-0.8658,0.046916,-0.039
-0.8784,0.047718,-0.0391
-0.8814,0.046701,-0.0447
-0.8914,0.045031,-0.0485
-0.8892,0.045657,-0.0399
-0.8902,0.043527,-0.0431
-0.8943,0.042659,-0.0442
-0.8931,0.044712,-0.0439
-0.8944,0.043132,-0.0442
-0.8904,0.047725,-0.0481
-0.8865,0.048497,-0.0431
-0.8889,0.04536,-0.04
-0.8889,0.040108,-0.0361
-0.8812,0.041545,-0.0425
-0.877,0.043222,-0.0421
-0.8766,0.045058,-0.0419
-0.8798,0.044364,-0.0377
-0.8737,0.042714,-0.0365
-0.8641,0.040316,-0.0327
-0.8558,0.044427,-0.0266
-0.8479,0.047128,-0.024
-0.838,0.039503,-0.022
-0.8249,0.037676,-0.0195
-0.8106,0.042738,-0.0149
-0.7974,0.040812,-0.015
-0.7876,0.038629,-0.0036
-0.7679,0.03356,0.0021
-0.7449,0.030193,0.0037
-0.7225,0.032016,0.0111
-0.6981,0.030981,0.0259
-0.6796,0.021536,0.0433
-0.6542,0.020913,0.0493
-0.6317,0.019494,0.067
-0.6089,0.020568,0.0818
-0.5812,0.020204,0.0868
-0.5693,0.022064,0.1057
-0.5429,0.020153,0.1035
-0.5282,0.016076,0.1213
-0.4968,0.014264,0.1163
-0.4866,0.011762,0.1459
-0.4685,0.005656,0.1653
-0.4385,0.0118,0.1589
-0.4477,0.004323,0.21
-0.4176,0.007006,0.1902
-0.4266,0.008823,0.2375
-0.3863,0.004774,0.2155
-0.3925,0.002399,0.2735
-0.3731,0.006723,0.2914
-0.3403,0.004452,0.2673
-0.3579,0.006712,0.3068
-0.3338,-0.00113,0.2791
-0.3417,-0.001597,0.3385
-0.3256,-0.008103,0.3727
-0.2947,0.003403,0.3718
-0.3257,0.003964,0.4319
-0.3075,-0.000317,0.4003
-0.3325,0.005772,0.4732
-0.3104,-0.010076,0.5135
-0.2558,-0.007781,0.4948
-0.2676,-0.00609,0.5755
-0.2191,-0.006768,0.5453
-0.2285,-0.013944,0.626
-0.2011,-0.0175,0.6487
-0.1603,-0.01842,0.6326
-0.1633,-0.017026,0.6911
-0.1286,-0.017037,0.6855
-0.1249,-0.018681,0.7311
-0.1084,-0.020137,0.7463
-0.0848,-0.018843,0.7547
-0.0778,-0.018853,0.7837
-0.0616,-0.021227,0.7985
-0.0495,-0.021188,0.8086
-0.0385,-0.020981,0.8339
-0.0315,-0.020757,0.8537
-0.0281,-0.024887,0.8752
-0.0246,-0.025545,0.8926
-0.0212,-0.026918,0.9081
-0.0202,-0.027711,0.9218
-0.0222,-0.028969,0.934
-0.0271,-0.036091,0.9478
-0.0261,-0.039606,0.9552
-0.025,-0.040078,0.9678
-0.0209,-0.038158,0.9765
-0.0155,-0.03643,0.9862
-0.0174,-0.033687,0.9858
-0.0127,-0.031256,0.9916
-0.0134,-0.03416,0.9861
-0.0129,-0.035639,0.9832
-0.0193,-0.034811,0.9833
-0.0205,-0.03393,0.9842
-0.0247,-0.036653,0.9842
-0.0228,-0.03653,0.979
-0.024,-0.037194,0.9768
-0.0234,-0.038303,0.978
-0.0213,-0.03622,0.9741
-0.0197,-0.034985,0.9734
-0.0178,-0.032144,0.9693
-0.0194,-0.03037,0.9661
-0.0211,-0.02626,0.9593
-0.0218,-0.027162,0.949
-0.0192,-0.025356,0.9392
-0.0191,-0.027464,0.9231
-0.0199,-0.026076,0.9075
-0.0153,-0.027795,0.8861
-0.0143,-0.028706,0.8616
-0.0137,-0.033937,0.8352
-0.0102,-0.032418,0.8163
-0.0082,-0.032445,0.8009
-0.0067,-0.033874,0.7844
-0.003,-0.032509,0.7628
0.0107,-0.026284,0.7345
0.0219,-0.021176,0.7129
0.0367,-0.021696,0.7043
0.0592,-0.018352,0.68
0.07,-0.022061,0.6833
0.1015,-0.02342,0.65
0.1135,-0.020085,0.6644
0.1599,-0.022156,0.6161
0.1687,-0.021504,0.65
0.1995,-0.027425,0.6426
0.2637,-0.029727,0.5676
0.2637,-0.030007,0.6069
0.3218,-0.03162,0.533
0.3167,-0.034902,0.5742
0.3734,-0.035796,0.4983
0.3722,-0.035559,0.5319
0.4071,-0.035455,0.5146
0.4611,-0.04162,0.4315
0.4602,-0.037338,0.4749
0.5178,-0.035462,0.3914
0.5197,-0.043841,0.4335
0.5432,-0.042508,0.4149
0.5915,-0.042557,0.3329
0.5859,-0.042262,0.3607
0.6312,-0.040408,0.2922
0.632,-0.037996,0.3082
0.6557,-0.039825,0.2902
0.6906,-0.041001,0.2363
0.691,-0.041874,0.2514
0.7252,-0.040271,0.1988
0.7298,-0.034873,0.2018
0.7581,-0.042345,0.185
0.7799,-0.040536,0.1597
0.797,-0.043095,0.1574
0.8085,-0.041353,0.1437
0.8291,-0.039637,0.125
0.8417,-0.037549,0.1244
0.8623,-0.040661,0.1112
0.8763,-0.042124,0.1062
0.8948,-0.041639,0.1004
0.9098,-0.036669,0.0915
0.9227,-0.037348,0.0869
0.9321,-0.036363,0.0813
0.941,-0.038562,0.0822
0.9511,-0.037543,0.0809
0.9659,-0.037287,0.0781
0.9745,-0.039083,0.0747
0.9802,-0.038851,0.0734
0.9884,-0.038969,0.0726
0.995,-0.0426,0.0707
1.0025,-0.042473,0.0646
1.0096,-0.041211,0.0577
1.0185,-0.045106,0.0543
1.0257,-0.043124,0.0498
1.0305,-0.043087,0.0459
1.0349,-0.041548,0.0419
1.0365,-0.042798,0.037
1.0392,-0.039699,0.0299
1.0401,-0.03806,0.0244
1.0373,-0.0354,0.0204
1.0359,-0.037496,0.0187
1.0364,-0.039378,0.0177
1.0341,-0.043163,0.0164
1.0364,-0.046023,0.0153
1.0407,-0.041845,0.0148
1.0411,-0.040094,0.0094
1.0367,-0.039738,0.0055
1.0303,-0.037678,-0.0021
1.0321,-0.034812,-0.008
1.0347,-0.042928,-0.0105
1.0335,-0.040712,-0.0175
1.0291,-0.039027,-0.0288
1.0302,-0.03903,-0.0361
1.0262,-0.041672,-0.0376
1.0279,-0.044847,-0.0427
1.0184,-0.040959,-0.0516
1.0136,-0.040268,-0.0568
1.014,-0.041271,-0.0592
1.017,-0.04491,-0.0552
1.0255,-0.04564,-0.0576
1.0205,-0.040254,-0.0585
1.0108,-0.039284,-0.0546
1.0105,-0.037466,-0.057
1.0093,-0.046014,-0.0528
1.0132,-0.051132,-0.0475
1.0152,-0.051525,-0.0352
1.0194,-0.049069,-0.0272
1.0157,-0.051742,-0.023
1.0104,-0.055352,-0.0179
1.0117,-0.05539,-0.0097
1.0187,-0.057109,-0.0033
1.017,-0.055132,0.0054
1.0122,-0.055527,0.0168
1.0165,-0.053815,0.0226
1.0177,-0.060907,0.0304
1.021,-0.057833,0.0353
1.0202,-0.060824,0.0461
1.0186,-0.055386,0.0506
1.0218,-0.056322,0.0534
1.0187,-0.055437,0.0563
1.0205,-0.055232,0.056
1.026,-0.052722,0.0574
1.0297,-0.051941,0.0617
1.0296,-0.048437,0.0623
1.0275,-0.044263,0.0641
1.024,-0.043785,0.0644
1.0216,-0.044823,0.0655
1.0171,-0.043291,0.0639
1.0237,-0.0448,0.0649
1.0175,-0.050157,0.0677
1.014,-0.044937,0.0661
1.0138,-0.044057,0.0622
1.0147,-0.043462,0.057
1.0121,-0.042426,0.0532
1.0053,-0.04313,0.0501
0.9988,-0.043941,0.0506
0.9949,-0.045131,0.0505
0.9882,-0.045081,0.0531
0.9916,-0.043184,0.0515
0.9755,-0.043212,0.0498
0.9605,-0.044074,0.0463
0.9597,-0.044649,0.0394
0.963,-0.045438,0.0422
0.9531,-0.048341,0.0414
0.9486,-0.048669,0.0365
0.94,-0.047738,0.0349
0.9332,-0.047352,0.0324
0.9219,-0.042613,0.0316
0.9138,-0.042275,0.0301
0.9017,-0.042807,0.0276
0.8943,-0.042787,0.0215
0.8946,-0.039359,0.0184
0.8839,-0.042809,0.0151
0.8798,-0.042995,0.0148
0.8712,-0.043188,0.0124
0.8632,-0.044461,0.0119
0.8477,-0.042002,0.0127
0.828,-0.043723,0.0142
0.8173,-0.041306,0.0112
0.8106,-0.039532,0.0113
0.7962,-0.039462,0.0108
0.7894,-0.039944,0.0108
0.7776,-0.037069,0.0088
0.7677,-0.038056,0.011
0.7574,-0.038228,0.0133
0.7471,-0.038457,0.0142
0.7376,-0.037562,0.0153
0.7266,-0.038313,0.0137
0.7166,-0.036636,0.0153
0.709,-0.033447,0.0158
0.7015,-0.031596,0.0169
0.6966,-0.031789,0.0134
0.6822,-0.036299,0.0134
0.6687,-0.033333,0.0148
0.6573,-0.031714,0.0165
0.6423,-0.029908,0.0155
0.6407,-0.028527,0.0125
0.6308,-0.02924,0.0144
0.6198,-0.027946,0.0145
0.6085,-0.023362,0.0145
0.5966,-0.02411,0.015
0.5888,-0.022151,0.0157
0.5845,-0.020977,0.015
0.5774,-0.021595,0.0149
0.5706,-0.023422,0.0151
0.5642,-0.023861,0.0128
0.5576,-0.024377,0.0103
0.5558,-0.023959,0.0086
0.5542,-0.024518,0.0108
0.549,-0.026543,0.011
0.5493,-0.026512,0.0117
0.5492,-0.025871,0.0052
0.5459,-0.027535,0.0108
0.5431,-0.024417,0.0123
0.5403,-0.02543,0.0145
0.5421,-0.026154,0.0147
0.5409,-0.028824,0.0153
0.5375,-0.028201,0.0148
0.5359,-0.027382,0.0166
0.5319,-0.025415,0.0171
0.5319,-0.023984,0.018
0.5329,-0.022045,0.0178
0.5314,-0.022262,0.0183
0.5229,-0.02341,0.018
0.5217,-0.02706,0.0225
0.5154,-0.030471,0.0241
0.5152,-0.031317,0.0228
0.5135,-0.028534,0.0181
0.5121,-0.028106,0.018
0.5131,-0.030467,0.023
0.515,-0.030597,0.0279
0.5101,-0.028123,0.0275
0.5128,-0.028357,0.0231
0.514,-0.028155,0.0216
0.509,-0.031083,0.0232
0.5073,-0.032977,0.0263
0.5061,-0.031522,0.0235
0.5122,-0.030861,0.0204
0.5092,-0.03178,0.019
0.5067,-0.037371,0.02
0.5135,-0.037553,0.0216
0.516,-0.037144,0.0193
0.5186,-0.03466,0.017
0.5205,-0.035882,0.0178
0.5264,-0.034579,0.0167
0.5279,-0.034239,0.0134
0.53,-0.030725,0.013
0.5395,-0.027855,0.0116
0.5257,-0.021872,0.0115
0.5391,-0.023114,0.0104
0.5435,-0.018218,0.006
0.5312,-0.017648,0.0075
0.5368,-0.010697,0.0049
0.5324,-0.014726,0.0051
0.5314,-0.014559,0.0045
0.5295,-0.016336,0.0062
0.5282,-0.015451,0.0056
0.5263,-0.015622,0.003
0.5271,-0.011361,-0.0026
0.5236,-0.017,-0.0065
0.5213,-0.018512,-0.0087
0.5192,-0.018945,-0.0134
0.5166,-0.01615,-0.0158
0.5141,-0.012339,-0.0265
0.5001,-0.015897,-0.0319
0.4873,-0.016386,-0.0417
0.4766,-0.01958,-0.0538
0.4623,-0.01732,-0.0532
0.4512,-0.020953,-0.0712
0.4392,-0.023279,-0.0715
0.4307,-0.023419,-0.0907
0.4114,-0.023879,-0.0881
0.3909,-0.0226,-0.0943
0.3787,-0.022153,-0.1026
0.3538,-0.019274,-0.0959
0.3386,-0.013138,-0.1085
0.3224,-0.011309,-0.1036
0.3145,-0.011604,-0.1069
0.3106,-0.009608,-0.1257
0.3012,-0.009961,-0.1223
0.2942,-0.007548,-0.1486
0.2821,-0.007832,-0.1402
0.2731,-0.008083,-0.1456
0.2693,-0.008189,-0.1734
0.2518,-0.010807,-0.1605
0.25,-0.009801,-0.1905
0.2322,0.000257,-0.1705
0.2353,-0.002731,-0.2115
0.2289,0.002248,-0.1927
0.2283,0.00239,-0.2069
0.2341,0.008129,-0.2675
0.2178,0.005811,-0.2429
0.217,0.004324,-0.3131
0.2021,0.001147,-0.2784
0.1984,-0.00288,-0.2912
0.2039,0.007246,-0.3643
0.1782,0.003358,-0.3257
0.1701,0.010443,-0.4065
0.1539,0.007547,-0.3717
0.1613,0.015271,-0.4372
0.1401,0.007853,-0.4069
0.1238,0.013522,-0.437
0.1134,0.012668,-0.4937
0.1007,0.015793,-0.4833
0.1018,0.019742,-0.5281
0.0856,0.008901,-0.5311
0.0684,0.00649,-0.5604
0.0554,0.00557,-0.5972
0.0343,0.016182,-0.5956
0.0268,0.018304,-0.6158
0.0152,0.01653,-0.6479
-7.4767e-15,0.01597,-0.6607
-0.0095,0.017511,-0.6862
-0.0123,0.021474,-0.698
-0.0115,0.022661,-0.7209
-0.0068,0.027306,-0.7414
-0.0083,0.031712,-0.762
-0.0089,0.029927,-0.7801
-0.0121,0.033841,-0.7977
-0.0021,0.035473,-0.8168
0.0019,0.035796,-0.8341
0.0096,0.03253,-0.8552
0.0084,0.03641,-0.8685
0.0054,0.043721,-0.8855
0.0131,0.036293,-0.8995
0.019,0.037037,-0.9066
0.0192,0.033706,-0.9115
0.0238,0.028831,-0.9222
0.0204,0.028474,-0.9334
0.0287,0.028353,-0.9408
0.0221,0.031911,-0.9434
0.0276,0.03637,-0.9419
0.0301,0.038368,-0.9421
0.032,0.037478,-0.9398
0.0315,0.037813,-0.9402
0.0308,0.041063,-0.9378
0.0303,0.043093,-0.9408
0.0241,0.042799,-0.941
0.0291,0.032949,-0.933
0.0284,0.033695,-0.9253
0.0302,0.028219,-0.9229
0.0347,0.025282,-0.9245
0.0332,0.022597,-0.9264
0.0309,0.021646,-0.9256
0.0317,0.025391,-0.9206
0.0301,0.028126,-0.9194
0.0322,0.027715,-0.916
0.0327,0.027057,-0.8999
0.0392,0.026432,-0.8865
0.0403,0.023117,-0.8725
0.0413,0.021093,-0.8628
0.0438,0.01879,-0.8485
0.0499,0.020348,-0.8357
0.0467,0.016047,-0.8116
0.0384,0.021066,-0.7856
0.0352,0.023442,-0.7604
0.0452,0.018356,-0.7435
0.0492,0.015162,-0.7204
0.0466,0.014204,-0.6985
0.0487,0.01666,-0.686
0.0588,0.015877,-0.6752
0.055,0.010814,-0.6631
0.051,0.011873,-0.6532
0.0485,0.017052,-0.6314
0.0488,0.016585,-0.6085
0.0453,0.010221,-0.5819
0.0318,0.009027,-0.5528
0.0258,0.009654,-0.5229
0.0176,0.010888,-0.4892
0.0196,0.013415,-0.4738
0.0211,0.009288,-0.4646
0.0238,0.007829,-0.4657
0.0158,0.012726,-0.4615
0.0181,0.012988,-0.4613
0.0206,0.018065,-0.457
0.0212,0.014781,-0.4518
0.023,0.008639,-0.4469
0.0284,0.005944,-0.4394
0.0297,0.006931,-0.4356
0.0292,0.009294,-0.4312
0.0284,0.013076,-0.4312
0.0294,0.016198,-0.4361
0.0359,0.012585,-0.4473
0.0424,0.006134,-0.4564
0.0467,0.003647,-0.4685
0.046,0.006809,-0.476
0.0456,0.014248,-0.4821
0.0567,0.017891,-0.4883
0.0669,0.018486,-0.5013
0.0747,0.018347,-0.5133
0.0748,0.02014,-0.5275
0.0763,0.020829,-0.5412
0.0738,0.019563,-0.5546
0.0774,0.020259,-0.568
0.0788,0.02267,-0.582
0.0783,0.023848,-0.598
0.078,0.024681,-0.615
0.0781,0.025121,-0.6338
0.0742,0.023751,-0.6552
0.0722,0.02151,-0.6668
0.0778,0.023451,-0.6841
0.0726,0.028596,-0.6959
0.0607,0.02867,-0.714
0.0489,0.025464,-0.7325
0.0398,0.028989,-0.7535
0.0221,0.029273,-0.7663
0.0143,0.026686,-0.782
0.0012,0.031775,-0.7989
-0.0121,0.034676,-0.819
-0.0188,0.031845,-0.8391
-0.0209,0.031476,-0.855
-0.029,0.035634,-0.8664
-0.0274,0.035543,-0.8823
-0.0331,0.036786,-0.8956
-0.0361,0.038519,-0.9088
-0.0396,0.040488,-0.9244
-0.0434,0.038008,-0.9282
-0.0417,0.039558,-0.9423
-0.0424,0.041182,-0.9558
-0.0414,0.037228,-0.9751
-0.0443,0.041076,-0.9897
-0.0451,0.041723,-0.9966
-0.0403,0.043142,-1.0011
-0.0347,0.042306,-1.0046
-0.0242,0.048841,-1.0094
-0.0232,0.045916,-1.004
-0.0112,0.045601,-1.002
-0.017,0.044946,-1.0016
-0.0065,0.041975,-1.0088
-0.0009,0.039528,-1.0063
0.0184,0.037025,-1.0052
0.0184,0.038025,-0.9964
0.03,0.03756,-0.9904
0.0352,0.032307,-0.9818
0.0321,0.030684,-0.9874
0.0402,0.026967,-0.9836
0.0392,0.028734,-0.9812
0.0435,0.027795,-0.9651
0.0432,0.028914,-0.949
0.0368,0.023638,-0.9384
0.0326,0.016996,-0.9141
0.0283,0.020639,-0.8965
0.0285,0.023316,-0.8739
0.0296,0.021793,-0.8526
0.0307,0.0184,-0.8254
0.0377,0.01773,-0.8023
0.0377,0.02039,-0.7729
0.0369,0.017328,-0.74575
0.039,0.016892,-0.71649
0.0373,0.014589,-0.68678
0.0315,0.014547,-0.65728
0.0244,0.013817,-0.62763
0.0207,0.01237,-0.59478
0.019,0.011937,-0.56755
0.0151,0.015223,-0.53462
0.0197,0.0171,-0.50504
0.0185,0.016552,-0.47279
0.0138,0.015627,-0.4503
0.0013,0.012653,-0.43348
0.0021,0.012025,-0.42511
0.0104,0.011342,-0.42151
0.0241,0.009905,-0.41928
0.0235,0.010526,-0.42025
0.0095,0.012818,-0.41896
-0.0024,0.013506,-0.41867
0.0006,0.011332,-0.41337
0.0092,0.006391,-0.40615
0.015,0.001811,-0.4036
0.0222,0.007007,-0.39926
0.0189,0.016409,-0.40158
0.0159,0.023406,-0.40352
0.0328,0.017,-0.40773
0.0388,0.007425,-0.41496
0.0341,0.001301,-0.42026
0.0293,0.007319,-0.42616
0.0364,0.012796,-0.43492
0.0451,0.015001,-0.43787
0.0563,0.01224,-0.44557
0.0594,0.008812,-0.45999
0.058,0.00703,-0.47632
0.0589,0.00462,-0.49074
0.0634,0.004826,-0.50337
0.0703,0.001739,-0.51719
0.0759,0.002709,-0.53066
0.0839,0.001024,-0.53942
0.0812,0.003728,-0.55291
0.0809,0.0024,-0.56913
0.0781,0.008747,-0.58707
0.0759,0.010143,-0.60071
0.0772,0.008368,-0.62098
0.0778,0.008428,-0.63656
0.079,0.011951,-0.64697
0.0766,0.01587,-0.65332
0.0691,0.017909,-0.66488
0.0588,0.017088,-0.67667
0.051,0.01257,-0.6924
0.043,0.011496,-0.70498
0.0287,0.010704,-0.71973
0.0145,0.00905,-0.72524
-0.0017,0.006253,-0.73515
-0.0132,0.012905,-0.75005
-0.0292,0.016167,-0.75381
-0.0421,0.015508,-0.76598
-0.0603,0.015145,-0.76508
-0.0755,0.021032,-0.76656
-0.0853,0.022662,-0.77903
-0.0966,0.017736,-0.79482
-0.1007,0.011979,-0.80415
-0.0984,0.016118,-0.81455
-0.0961,0.021552,-0.82457
-0.0892,0.019872,-0.8384
-0.0845,0.022921,-0.84892
-0.0801,0.02485,-0.8513
-0.0703,0.025626,-0.86234
-0.0655,0.025078,-0.86775
-0.051,0.018421,-0.88172
-0.0386,0.0171,-0.89628
-0.0355,0.019099,-0.90633
-0.032,0.017633,-0.92018
-0.0138,0.016384,-0.92571
-0.0055,0.020431,-0.93034
-0.0057,0.019989,-0.93355
-0.0026,0.01624,-0.93528
0.009,0.022923,-0.94845
0.0132,0.024609,-0.94686
0.018,0.021903,-0.94367
0.0185,0.022085,-0.93551
0.0173,0.026421,-0.94146
0.0146,0.018617,-0.93904
0.0178,0.021816,-0.93993
0.0107,0.020441,-0.92379
0.0135,0.01298,-0.91516
0.0129,0.013526,-0.91228
0.0133,0.013817,-0.91385
0.0178,0.013997,-0.91749
0.0254,0.021319,-0.91558
0.0244,0.026562,-0.90927
0.0158,0.027508,-0.89919
0.0097,0.028772,-0.88427
0.0032,0.025112,-0.8727
0.0081,0.022363,-0.86781
0.0003,0.018916,-0.86004
0.0026,0.014433,-0.84692
0.0058,0.01746,-0.82859
0.0004,0.017931,-0.81441
-0.0011,0.014898,-0.79782
0.0067,0.016052,-0.78244
0.0087,0.017317,-0.75761
0.0037,0.014602,-0.73029
0.0055,0.013871,-0.70301
0.008,0.014654,-0.67684
0.0102,0.011476,-0.65223
0.0093,0.006753,-0.62873
0.0121,0.005816,-0.60033
0.0235,0.011353,-0.57183
0.0304,0.009166,-0.53183
0.0284,0.006977,-0.50939
0.031,0.007846,-0.4771
0.0279,0.007695,-0.45181
0.0303,0.00931,-0.42918
0.034,0.006591,-0.40866
0.0399,-0.002907,-0.39297
0.041,-0.003825,-0.37285
0.0411,-0.002795,-0.3597
0.0443,-0.002779,-0.35193
0.0484,-0.002554,-0.33935
0.0542,-0.005361,-0.32942
0.0701,-0.013848,-0.3194
0.0759,-0.014443,-0.30836
0.0737,-0.00815,-0.30101
0.0803,-0.008206,-0.28832
0.0796,-0.004272,-0.28307
0.0866,-0.006603,-0.27271
0.0908,-0.006268,-0.26601
0.105,-0.009653,-0.26887
0.1121,-0.008607,-0.2507
0.1182,-0.009152,-0.24305
0.1221,-0.007016,-0.24723
0.1132,0.002244,-0.22799
0.1224,0.004101,-0.22924
0.1271,0.00427,-0.20888
0.1386,0.013852,-0.21255
0.1528,0.007889,-0.22684
0.1652,0.009768,-0.21327
0.1798,0.004456,-0.21576
0.198,0.004132,-0.2362
0.206,-7.8e-05,-0.22577
0.2262,0.000255,-0.24842
0.246,-0.002458,-0.23376
0.2629,-0.000336,-0.23701
0.2924,0.001811,-0.25696
0.3008,-0.003476,-0.23012
0.3188,-0.006668,-0.2217
0.3418,-0.010269,-0.24125
0.352,-0.018057,-0.21558
0.3803,-0.018595,-0.23635
0.3957,-0.021674,-0.20908
0.4266,-0.017847,-0.20549
0.4531,-0.01728,-0.21806
0.4737,-0.017215,-0.19949
0.509,-0.01784,-0.20418
0.5329,-0.019245,-0.1965
0.5519,-0.01908,-0.19909
0.5671,-0.015736,-0.20763
0.5845,-0.012432,-0.2053
0.6077,-0.018552,-0.20505
0.625,-0.024391,-0.18632
0.6333,-0.025044,-0.16849
0.6389,-0.022005,-0.15872
0.6353,-0.02154,-0.12422
0.6278,-0.021627,-0.11144
0.6114,-0.024032,-0.07924
0.5976,-0.024187,-0.05909
0.5823,-0.01088,-0.03987
0.5739,-0.006874,-0.01042
0.5737,-0.006512,-0.00723
0.5799,-0.015401,0.00236
0.583,-0.016911,0.00829
0.5742,-0.009923,0.01159
0.575,-0.014224,0.00417
0.5711,-0.014828,0.00268
0.5754,-0.019287,0.00919
0.5729,-0.01716,0.01231
0.5775,-0.019111,0.02029
0.5865,-0.017852,0.0264
0.6005,-0.023059,0.02722
0.6105,-0.02153,0.02804
0.6279,-0.024963,0.02749
0.638,-0.023025,0.02741
0.6545,-0.0272,0.03148
0.6664,-0.029103,0.03697
0.6829,-0.030729,0.03995
0.6942,-0.02877,0.04027
0.7077,-0.028461,0.0469
0.7202,-0.031289,0.05004
0.7326,-0.032028,0.05171
0.7459,-0.035092,0.05574
0.7576,-0.038954,0.06029
0.7735,-0.038678,0.05829
0.7908,-0.036577,0.05642
0.8095,-0.042049,0.05586
0.8219,-0.043892,0.06016
0.8277,-0.042419,0.06247
0.8386,-0.042716,0.07265
0.8604,-0.043616,0.07496
0.8772,-0.044409,0.07907
0.8894,-0.047395,0.08486
0.8999,-0.043671,0.08897
0.9157,-0.043128,0.09647
0.9251,-0.048592,0.10516
0.9379,-0.050759,0.11261
0.9535,-0.053082,0.12066
0.9694,-0.058014,0.12271
0.9809,-0.059005,0.11982
0.9916,-0.059772,0.12083
1.0003,-0.058876,0.11617
1.0139,-0.058367,0.1194
1.0249,-0.058211,0.11672
1.0305,-0.0575,0.11227
1.03,-0.051462,0.10222
1.0256,-0.052005,0.09435
1.0375,-0.056241,0.08488
1.0456,-0.055235,0.0675
1.0524,-0.056388,0.05841
1.0547,-0.050895,0.03979
1.0589,-0.048565,0.01788
1.061,-0.045407,-0.00049
1.0689,-0.048377,-0.01763
1.0732,-0.050084,-0.02827
1.0806,-0.051953,-0.03901
1.0789,-0.050925,-0.0425
1.0839,-0.050324,-0.04703
1.0801,-0.052916,-0.03597
1.0859,-0.05277,-0.03287
1.1022,-0.055899,-0.01521
1.106,-0.05477,-0.01179
1.1105,-0.053594,-0.01294
1.1195,-0.054146,-0.0121
1.1176,-0.056461,-0.00387
1.123,-0.055935,-0.00219
1.1304,-0.054434,0.00191
1.1489,-0.053562,0.00305
1.1529,-0.051662,0.00727
1.1564,-0.047808,0.00176
1.1613,-0.047495,0.00324
1.1657,-0.050482,0.00474
1.1843,-0.05233,0.00181
1.1964,-0.052968,-0.0088
1.2056,-0.051703,-0.01003
1.2105,-0.052637,-0.0068
1.2143,-0.051904,-0.00691
1.2262,-0.050682,-0.00781
1.2222,-0.051496,-0.0105
1.2307,-0.054575,-0.00886
1.2409,-0.06014,-0.00391
1.2692,-0.065302,0.00151
1.2665,-0.064136,0.00079
1.2741,-0.061875,0.00376
1.2687,-0.057564,-0.00073
1.2739,-0.0613,0.0045
1.2693,-0.064234,0.00859
1.2784,-0.067796,0.01164
1.2807,-0.068709,0.01175
1.2939,-0.067537,-0.00261
1.2953,-0.05871,-0.01071
1.2757,-0.055371,0.01608
1.2658,-0.058384,0.03239
1.269,-0.058481,0.03156
1.2694,-0.063439,0.04267
1.2715,-0.061907,0.03371
1.2681,-0.063443,0.03713
1.2747,-0.062596,0.02958
1.2712,-0.059844,0.02687
1.2722,-0.057547,0.02508
1.2746,-0.054581,0.03343
1.2692,-0.052471,0.04609
1.266,-0.05315,0.04647
1.2653,-0.0549,0.0516
1.2654,-0.054961,0.04689
1.2665,-0.052078,0.04872
1.2617,-0.052517,0.04224
1.2566,-0.050303,0.0469
1.2591,-0.050328,0.04082
1.2647,-0.051217,0.04132
1.261,-0.053083,0.04322
1.2646,-0.051387,0.04287
1.2566,-0.049604,0.03693
1.2486,-0.047115,0.03323
1.2479,-0.048293,0.03371
1.2392,-0.053002,0.03854
1.2598,-0.052445,0.04917
1.2546,-0.055014,0.04689
1.2527,-0.054922,0.04919
1.2412,-0.053438,0.04379
1.2422,-0.051918,0.04309
1.2347,-0.056415,0.04647
1.2243,-0.054078,0.04512
1.2127,-0.06007,0.04822
1.1955,-0.067804,0.05588
1.2031,-0.066412,0.05318
1.2003,-0.063725,0.05092
1.1934,-0.060595,0.05132
1.1887,-0.059547,0.04942
1.1776,-0.061514,0.05409
1.1744,-0.061639,0.06024
1.1326,-0.063088,0.07153
1.1454,-0.06249,0.06308
1.1309,-0.058292,0.0604
1.1396,-0.058993,0.05749
1.1335,-0.057288,0.06033
1.1332,-0.05643,0.05946
1.1263,-0.056576,0.05989
1.1347,-0.057894,0.05067
1.0999,-0.066534,0.05434
1.0922,-0.068268,0.05297
1.081,-0.065496,0.05192
1.0594,-0.064205,0.05275
1.0494,-0.059256,0.05318
1.0242,-0.059939,0.05243
1.0105,-0.055452,0.05181
0.98621,-0.055395,0.05494
0.96466,-0.056874,0.08876
0.94994,-0.053821,0.08899
0.94326,-0.049594,0.07787
0.9232,-0.049439,0.07444
0.90345,-0.048435,0.07038
0.9037,-0.041129,0.04997
0.901,-0.04946,0.0301
0.88615,-0.050796,0.03229
0.89298,-0.047415,0.01401
0.84769,-0.033449,0.01474
0.8122,-0.02466,0.01195
0.78752,-0.03889,0.02678
0.76291,-0.03869,0.02805
0.74507,-0.03157,0.02171
0.72305,-0.02911,0.01871
0.68676,-0.02178,0.01667
0.66358,-0.02073,0.01378
0.65799,-0.02045,0.00522
0.63815,-0.02125,0.00368
0.61781,-0.02919,0.00774
0.59866,-0.02667,0.00202
0.57947,-0.02411,-0.00552
0.55768,-0.01701,-0.00802
0.53589,-0.02493,-0.00969
0.51398,-0.03567,-0.00897
0.46732,-0.01917,-0.00723
0.45916,-0.02227,-0.00453
0.42926,-0.02755,-0.00312
0.40302,-0.02,0.00082
0.38051,-0.01705,0.00379
0.36297,-0.0152,0.01381
0.33795,-0.01099,0.02215
0.32712,-0.0135,0.02696
0.31277,-0.01362,0.03067
0.29846,-0.01408,0.03107
0.30232,-0.01814,0.03805
0.29986,-0.02471,0.0502
0.29002,-0.02645,0.05377
0.29086,-0.03062,0.08236
0.27961,-0.02991,0.08175
0.27788,-0.04609,0.10857
0.26728,-0.03809,0.1213
0.25325,-0.03627,0.10933
0.238,-0.03184,0.13857
0.23694,-0.02846,0.14937
0.23393,-0.02942,0.13878
0.25392,-0.02997,0.17714
0.24792,-0.02464,0.16504
0.25849,-0.02692,0.20684
0.2638,-0.03079,0.22677
0.24542,-0.0256,0.21846
0.25379,-0.02566,0.27547
0.25761,-0.02975,0.30426
0.24555,-0.02605,0.29121
0.25679,-0.02828,0.35005
0.26455,-0.01921,0.33905
0.26662,-0.02311,0.39603
0.25989,-0.01662,0.41325
0.259,-0.00297,0.40925
0.25916,-0.00853,0.46159
0.25314,-0.00852,0.47142
0.25831,-0.01562,0.51803
0.25961,-0.01798,0.54686
0.23823,-0.01763,0.56836
0.2366,-0.00866,0.61588
0.2071,-0.01655,0.6373
0.21829,-0.01181,0.66707
0.20341,-0.00813,0.70146
0.17971,-0.00596,0.72537
0.15909,-0.01163,0.7763
0.1411,-0.01378,0.80005
0.11517,-0.01304,0.84258
0.091002,-0.01409,0.86992
0.062255,-0.0123,0.88935
0.046885,-0.01732,0.9092
0.020438,-0.01445,0.92584
0.012159,-0.01335,0.95234
0.000828,-0.0179,0.97546
-0.019429,-0.02212,0.99864
-0.027607,-0.02289,1.0333
-0.025906,-0.02641,1.0448
-0.033044,-0.03026,1.0546
-0.053977,-0.03006,1.065
-0.052214,-0.03784,1.0678
-0.061597,-0.03343,1.0697
-0.064629,-0.02974,1.0639
-0.062636,-0.03326,1.0642
-0.062896,-0.02855,1.0695
-0.06067,-0.02442,1.0696
-0.055994,-0.02211,1.0725
-0.063956,-0.01693,1.0727
-0.067801,-0.01656,1.0774
-0.076833,-0.0121,1.0784
-0.077762,-0.01215,1.0685
-0.082804,-0.00563,1.0748
-0.073565,-0.01702,1.0717
-0.082851,-0.01551,1.0796
-0.068132,-0.01887,1.067
-0.074753,-0.01323,1.0678
-0.069759,-0.01432,1.0582
-0.078927,-0.01578,1.0547
-0.066907,-0.01886,1.0455
-0.057672,-0.01988,1.0352
-0.051891,-0.02391,1.025
-0.04273,-0.0242,1.0052
-0.045192,-0.01897,0.98894
-0.036481,-0.02005,0.96787
-0.035831,-0.01871,0.95939
-0.039962,-0.02179,0.93852
-0.03163,-0.02613,0.92003
-0.031633,-0.02674,0.90032
-0.019337,-0.02377,0.87987
-0.016242,-0.02094,0.86615
-0.001987,-0.01229,0.84578
-0.015632,-0.01301,0.82224
-0.012661,-0.01187,0.8022
-0.017084,-0.01067,0.77479
-0.011645,-0.01517,0.7469
-0.000225,-0.02336,0.72364
0.001721,-0.021,0.69138
0.012714,-0.02097,0.66391
0.01768,-0.02019,0.63749
0.032454,-0.0225,0.60167
0.045327,-0.02026,0.57683
0.065757,-0.02209,0.54862
0.070326,-0.01974,0.50478
0.10594,-0.02658,0.49196
0.11887,-0.02419,0.44614
0.14931,-0.02058,0.44623
0.15675,-0.01863,0.3919
0.178,-0.02562,0.39444
0.18214,-0.0218,0.37839
0.17931,-0.02111,0.32688
0.20693,-0.01982,0.33947
0.19905,-0.0197,0.28423
0.2128,-0.01874,0.29301
0.20674,-0.01908,0.24043
0.23158,-0.01826,0.24566
0.23213,-0.01799,0.21865
0.21283,-0.01081,0.16738
0.21358,-0.01161,0.17075
0.19408,-0.00358,0.12856
0.19602,-0.00851,0.12785
0.17935,-0.00564,0.1103
0.15866,-0.00642,0.09095
0.14455,0.00933,0.09519
0.14701,0.00139,0.07726
0.1646,0.00343,0.08364
0.17534,-0.0059,0.08637
0.1731,-0.00654,0.06759
0.18994,-0.007,0.06411
0.192,-0.00515,0.03808
0.20098,-0.00853,0.0455
0.20384,-0.01603,0.0451
0.20596,-0.01195,0.03158
0.20403,-0.01275,0.04403
0.20143,-0.01204,0.02809
0.203,-0.00437,0.03174
0.2076,-0.00936,0.03068
0.20064,-0.01941,0.03111
0.2087,-0.02048,0.04141
0.2048,-0.01828,0.03693
0.19971,-0.02421,0.01982
0.1988,-0.02012,0.01615
0.20041,-0.02214,0.01336
0.20132,-0.0228,0.02445
0.20312,-0.02168,0.02903
0.19646,-0.02426,0.02556
0.18904,-0.01665,0.0208
0.18976,-0.00091,0.00389
0.19606,0.00258,0.00142
0.19927,-0.00272,0.0096
0.20502,-0.00854,0.01574
0.2011,-0.0002,0.01589
0.20242,0.00694,0.01015
0.19607,0.009,0.0043
0.21199,0.00353,0.00325
0.22238,0.00019,0.00443
0.24514,-0.0117,0.01616
0.26561,-0.00855,0.02396
0.28711,-0.00296,0.02539
0.30592,-0.00664,0.02226
0.31423,-0.00903,0.0212
0.32587,-0.01171,0.02339
0.33145,-0.00315,0.02932
0.33908,-0.00167,0.03115
0.33277,0.01162,0.02318
0.34525,0.00449,0.01917
0.34191,0.01351,0.01583
0.34635,0.00649,0.01777
0.33732,-0.0068,0.02335
0.35511,-0.01376,0.02363
0.36167,-0.00604,0.01844
0.3603,0.00918,0.01503
0.37128,0.00134,0.01286
0.37048,0.00016,0.0191
0.3799,-0.00371,0.01932
0.3825,-0.03162,0.01365
0.39284,-0.04137,0.00124
0.3995,-0.05891,-0.0131
0.4155,-0.06851,-0.01288
0.4215,-0.07075,-0.01859
0.43077,-0.05347,-0.01493
0.44138,-0.05582,-0.01131
0.45047,-0.03886,-0.01544
0.4591,-0.03786,-0.02022
0.47225,-0.03989,-0.02617
0.48056,-0.00771,-0.02932
0.49084,0.01151,-0.03749
0.50232,0.00524,-0.02727
0.51745,0.00435,-0.01253
0.52555,-0.0051,-0.00015
0.54283,-0.00254,0.02055
0.55494,-0.00395,0.03501
0.56871,-0.00179,0.03696
0.58088,-0.00947,0.06086
0.58627,-0.01139,0.06662
0.59891,-0.01612,0.07677
0.60811,-0.0104,0.0674
0.62067,-0.00774,0.06146
0.62401,0.02605,0.07489
0.63796,0.02401,0.07113
0.66003,0.00887,0.06434
0.66453,0.01837,0.05394
0.67571,0.00378,0.04286
0.67771,0.01059,0.04108
0.68546,-0.0071,0.03286
0.68784,-0.02436,0.02028
0.70658,-0.02797,0.01697
0.71412,-0.02861,0.01464
0.71732,-0.02747,0.01592
0.71394,-0.01392,0.00277
0.71983,-0.01255,0.00371
0.71973,-0.01119,0.00076
0.71842,-0.01181,-0.00298
0.72028,-0.013,0.00021
0.71266,-0.01695,-0.00243
0.71331,-0.01729,0.00059
0.71152,-0.00992,-0.00262
0.7184,-0.01558,0.00448
0.71511,-0.04672,0.00025
0.71471,-0.03931,0.00737
0.70571,-0.03691,0.00355
0.71012,-0.02953,0.01068
0.70913,-0.03556,0.00734
0.70949,-0.046,0.00717
0.70731,-0.04053,0.01301
0.6979,-0.0422,0.01662
0.69426,-0.0467,0.01662
0.68828,-0.04988,0.01301
0.68977,-0.044,0.02032
0.69054,-0.04427,0.03013
0.68997,-0.03816,0.0258
0.68453,-0.04164,0.01888
0.68436,-0.03734,0.02254
0.68074,-0.04274,0.02979
0.68123,-0.03864,0.02678
0.68536,-0.03831,0.01672
0.68684,-0.03686,0.01755
0.68719,-0.03623,0.01969
0.68595,-0.0354,0.02279
0.68063,-0.03462,0.02133
0.67607,-0.03234,0.01453
0.67835,-0.02873,0.01306
0.68393,-0.03517,0.01244
0.68542,-0.0392,0.01652
0.68805,-0.03472,0.0129
0.68022,-0.02896,0.01096
0.68156,-0.02728,0.01929
0.67787,-0.03256,0.02769
0.67814,-0.03133,0.01675
0.67254,-0.02466,0.0136
0.67518,-0.02059,0.01386
0.67668,-0.02733,0.02063
0.67511,-0.02541,0.00697
0.67496,-0.0287,0.00535
0.67299,-0.01897,0.00973
0.67568,-0.00961,0.02164
0.67681,-0.01605,0.0224
0.67623,-0.01894,0.01325
0.67254,-0.02415,0.00947
0.67836,-0.02112,0.01033
0.679,-0.03048,0.01479
0.69278,-0.03086,0.0156
0.68736,-0.03167,0.0167
0.69083,-0.04628,0.01046
0.6847,-0.03854,0.01086
0.68015,-0.03734,0.01332
0.67497,-0.03345,0.0197
0.68149,-0.02825,0.0072
0.68782,-0.0248,-0.0037
0.68758,-0.0211,-0.00055
0.6927,-0.02018,0.00901
0.68439,-0.0137,0.00828
0.68154,-0.02366,-0.00014
0.67316,-0.01798,0.0047
0.68114,-0.01177,0.00164
0.6824,-0.02329,0.00102
0.68862,-0.02979,-0.00496
0.68179,-0.03166,0.00398
0.6738,-0.02119,0.00596
0.67761,-0.02301,-0.00259
0.67582,-0.02583,-0.0071
0.67996,-0.03384,0.00542
0.67441,-0.03338,0.00786
0.67304,-0.02704,0.00391
0.6804,-0.02785,0.0056
0.68477,-0.02701,0.00976
0.68411,-0.03338,0.01103
0.68049,-0.03139,0.00716
0.66594,-0.02975,0.01292
0.66699,-0.02478,0.0143
0.67613,-0.02896,0.01594
0.68164,-0.03232,0.01547
0.67953,-0.03076,0.00794
0.66598,-0.03352,0.01322
0.65957,-0.03719,0.02289
0.6614,-0.03518,0.02434
0.66797,-0.02853,0.01019
0.67313,-0.03207,0.00794
0.67491,-0.03806,0.02204
0.66525,-0.03968,0.02457
0.65629,-0.03282,0.01453
0.65607,-0.03483,0.0068
0.6472,-0.02637,0.01032
0.64738,-0.0291,0.01619
0.64247,-0.0281,0.02119
0.64152,-0.03067,0.01827
0.63249,-0.02696,0.01285
0.62604,-0.02184,0.011
0.62222,-0.01999,0.01203
0.61963,-0.02327,0.00858
0.60956,-0.0276,0.01162
0.59672,-0.02897,0.01342
0.57832,-0.02348,0.01269
0.56177,-0.01998,-0.00075
0.54394,-0.02098,-0.00869
0.5262,-0.02378,0.00651
0.5106,-0.02669,0.01523
0.4819,-0.01553,0.01321
0.462,-0.01973,-0.00021
0.4341,-0.02981,-0.00866
0.4173,-0.02903,-0.00434
0.3997,-0.02443,0.00098
0.3851,-0.01847,0.00242
0.3726,-0.01722,-0.00171
0.3553,-0.01921,-0.01043
0.337,-0.01919,-0.01177
0.3129,-0.01452,-0.00611
0.2948,-0.01382,-0.00087
0.2747,-0.0125,-0.00043
0.2536,-0.01196,-3e-05
0.2293,-0.00855,0.00122
0.207,-0.00644,0.00012
0.2038,-0.00481,-0.00354
0.1943,-0.0074,-0.00593
0.188,-0.00942,-0.00013
0.1698,-0.00846,0.00946
0.1614,-0.00489,0.01827
0.1615,-0.00646,0.03135
0.1632,-0.00619,0.03855
0.1509,-0.00662,0.03346
0.1534,-0.00775,0.05959
0.1356,-0.00284,0.05376
0.1422,-0.008,0.08144
0.1374,-0.00846,0.09167
0.1158,-0.00439,0.07155
0.1278,-0.0068,0.10473
0.1306,-0.00655,0.10951
0.1126,-0.00319,0.08516
0.1364,-0.00887,0.12857
0.1134,-0.00514,0.10612
0.1337,-0.01125,0.15685
0.1358,-0.00731,0.1658
0.1044,-0.00425,0.12835
0.129,-0.00634,0.18038
0.124,-0.00715,0.19329
0.0976,-0.00084,0.16687
0.1229,-0.00666,0.2172
0.1036,-0.00388,0.19464
0.1206,-0.00285,0.22917
0.1169,-0.00878,0.23878
0.0938,-0.00638,0.22788
0.1036,-0.00729,0.26262
0.0852,-0.00412,0.24921
0.0954,-0.00894,0.28073
0.0913,-0.00934,0.29274
0.072,-0.00794,0.28757
0.0798,-0.00689,0.31878
0.0465,-0.00248,0.3096
0.0499,-0.00981,0.35064
0.0425,-0.00842,0.36615
0.0204,-0.00748,0.35637
0.0242,-0.00608,0.39639
0.0082,-0.00778,0.40542
-0.0061,-0.00942,0.41001
0.0037,-0.01528,0.44478
-0.0036,-0.01447,0.46747
-0.0004,-0.0176,0.48317
-0.0102,-0.01727,0.51342
-0.0442,-0.01501,0.55879
-0.0438,-0.01236,0.57463
-0.0536,-0.01081,0.5998
-0.045,-0.01645,0.61269
-0.0469,-0.01788,0.635
-0.0396,-0.02385,0.6482
-0.0399,-0.01823,0.6721
-0.0331,-0.01909,0.6846
-0.0362,-0.02129,0.7118
-0.0299,-0.02681,0.7227
-0.0378,-0.02335,0.7491
-0.0318,-0.02373,0.7628
-0.0357,-0.02523,0.7821
-0.0365,-0.02732,0.7982
-0.0416,-0.02298,0.8148
-0.041,-0.0243,0.8313
-0.0367,-0.02301,0.8464
-0.0416,-0.02396,0.8549
-0.0461,-0.02341,0.8645
-0.0491,-0.02555,0.8736
-0.0515,-0.02687,0.8827
-0.0529,-0.02065,0.8868
-0.0615,-0.02431,0.8971
-0.0642,-0.02381,0.9076
-0.0714,-0.02866,0.9145
-0.0654,-0.02201,0.9123
-0.0665,-0.02383,0.9101
-0.0665,-0.01854,0.9087
-0.0705,-0.0237,0.9089
-0.0657,-0.01934,0.9058
-0.0635,-0.01728,0.9016
-0.0611,-0.01721,0.9009
-0.0647,-0.02179,0.9
-0.0641,-0.02353,0.9001
-0.0589,-0.02321,0.8953
-0.0576,-0.02573,0.8989
-0.0477,-0.02627,0.8952
-0.0461,-0.02898,0.8945
-0.0407,-0.02729,0.8929
-0.0438,-0.0279,0.8876
-0.0366,-0.02792,0.8886
-0.0395,-0.0275,0.8842
-0.0387,-0.0252,0.8812
-0.0383,-0.02382,0.8804
-0.0316,-0.02334,0.8685
-0.0374,-0.02119,0.8509
-0.0355,-0.01706,0.831
-0.037,-0.01783,0.8113
-0.0373,-0.02141,0.7905
-0.0358,-0.02307,0.7718
-0.0306,-0.0219,0.7511
-0.026,-0.02468,0.7249
-0.0321,-0.02638,0.7012
-0.0316,-0.02547,0.6765
-0.0352,-0.02626,0.6487
-0.031,-0.02613,0.6233
-0.034,-0.01897,0.593
-0.0231,-0.01161,0.5565
-0.0235,-0.01206,0.5377
-0.0224,-0.00678,0.5211
-0.024,-0.00955,0.5
-0.0004,-0.01177,0.4755
0.0136,-0.01415,0.4509
0.0127,-0.01247,0.4308
0.0474,-0.01311,0.4015
0.03,-0.01234,0.3797
0.0345,-0.00743,0.3562
0.0283,-0.01133,0.3352
0.0419,-0.0138,0.3097
0.0232,-0.01239,0.3007
0.0316,-0.01122,0.2805
0.0219,-0.01697,0.2685
0.0321,-0.01995,0.25
0.0146,-0.01379,0.2475
0.0165,-0.01327,0.2469
0.0118,-0.01228,0.2478
0.0133,-0.01199,0.2455
0.0127,-0.01256,0.2455
0.0343,-0.00049,0.2314
0.0526,0.01169,0.2135
0.0373,0.00552,0.2216
0.0405,0.00518,0.219
0.0294,0.02776,0.2275
0.0429,0.0671,0.2256
0.0314,0.04518,0.2414
0.0443,0.05904,0.2557
0.0311,0.02889,0.2823
0.0331,0.03693,0.298
0.0246,0.02026,0.3193
0.0241,0.02246,0.3332
0.0201,0.0116,0.3499
0.0186,0.01021,0.3647
0.0212,0.01567,0.3785
0.0231,0.01056,0.3935
0.0297,0.00791,0.402
0.0191,-0.00125,0.4185
0.0121,0.00022,0.4357
0.0059,-0.00169,0.4537
0.011,0.00613,0.4707
0.0054,-1e-05,0.4847
0.0169,-0.0031,0.5043
0.0146,-0.00768,0.5264
0.0165,-0.00204,0.5429
0.0091,-0.00254,0.5644
-0.0076,-0.00542,0.5924
-0.0206,-0.01853,0.6202
-0.0221,-0.03339,0.6289
-0.0128,-0.02893,0.6489
-0.0127,-0.0243,0.6653
-0.0089,-0.02463,0.6776
-0.0058,-0.02263,0.6896
0.005,-0.01216,0.7098
8.4325e-15,-0.00332,0.7266
0.0009,0.0023,0.7445
-0.0068,-0.00686,0.7601
-0.0067,-0.00417,0.7768
-0.0089,-0.00862,0.7886
-0.0049,-0.00646,0.8054
-0.0081,-0.00985,0.8191
-0.01,-0.01333,0.8336
-0.0113,-0.01468,0.8469
-0.0102,-0.01349,0.8558
-0.0082,-0.01201,0.8667
-0.0114,-0.01467,0.8776
-0.01,-0.01496,0.8881
-0.0109,-0.01841,0.8957
0.0017,-0.01371,0.906
-0.0011,-0.01794,0.9124
0.0038,-0.02127,0.9145
-0.0012,-0.02237,0.91
0.0076,-0.03126,0.9015
0.0163,-0.03633,0.9008
0.0175,-0.03618,0.9011
0.0099,-0.03444,0.8987
0.0018,-0.0396,0.8982
0.0001,-0.04092,0.8985
0.0101,-0.03233,0.8973
0.0159,-0.03393,0.8934
0.0125,-0.02329,0.8845
0.0109,-0.0223,0.8784
0.0087,-0.02063,0.8733
0.0119,-0.01779,0.8643
-0.0075,-0.02002,0.8493
-0.0056,-0.01577,0.834
-0.0163,-0.01341,0.8199
-0.0156,-0.00824,0.8022
-0.0208,-0.00996,0.7839
-0.0183,-0.00611,0.7668
-0.0202,-0.00692,0.747
-0.022,-0.00937,0.729
-0.0182,-0.00941,0.707
-0.0169,-0.00678,0.6877
-0.013,-0.00414,0.6695
-0.0134,-0.00785,0.6479
-0.0105,-0.00808,0.6302
-0.0081,-0.00906,0.615
-0.0039,-0.00793,0.6047
-0.0043,-0.00823,0.5982
0.001,-0.008,0.5935
0.0034,-0.00975,0.5893
0.0098,-0.01116,0.5889
0.0124,-0.01189,0.5842
0.0165,-0.00075,0.5788
0.015,-0.00027,0.5755
0.0185,-0.00166,0.5688
0.0252,-0.00292,0.564
0.0236,-0.00605,0.5568
0.0214,-0.00404,0.5488
0.0193,-0.00501,0.5412
0.0217,-0.0052,0.5299
0.0197,-0.00783,0.5185
0.02,-0.00535,0.5051
0.013,-0.00738,0.4913
0.0131,-0.00708,0.4788
0.0079,-0.00782,0.469
0.0091,-0.00714,0.4648
0.0099,-0.00724,0.4595
0.0091,-0.00759,0.4576
0.0037,-0.00821,0.456
-0.0018,-0.00901,0.4538
-0.0048,-0.00846,0.45
-0.008,-0.00829,0.4445
-0.0081,-0.00882,0.441
-0.0077,-0.0089,0.4349
-0.0045,-0.0092,0.4325
-0.0027,-0.00775,0.4283
-0.0003,-0.00687,0.4263
-0.0033,-0.00636,0.4234
-0.0023,-0.0068,0.4283
-0.0076,-0.01224,0.4442
-0.0128,-0.01812,0.4627
-0.005,-0.00256,0.4642
-0.006,-0.00102,0.471
-0.0115,-0.00429,0.4725
-0.0171,-0.00469,0.4781
-0.0099,-0.00453,0.4865
-0.0011,-0.00441,0.4951
0.0079,-0.00187,0.5019
0.0018,-0.0043,0.511
-0.0147,-0.00821,0.5259
-0.0141,-0.00735,0.532
-0.006,-0.00907,0.5377
-0.0042,-0.00866,0.5485
-0.0081,-0.01231,0.5619
-0.016,-0.01311,0.5683
-0.0336,-0.01059,0.5769
-0.0416,-0.01116,0.5892
-0.0541,-0.01069,0.5936
-0.0655,-0.01529,0.6066
-0.0765,-0.01869,0.6171
-0.097,-0.01882,0.622
-0.1125,-0.01609,0.6353
-0.1261,-0.01591,0.6409
-0.1227,-0.01718,0.6546
-0.1306,-0.00864,0.6613
-0.1249,-0.00762,0.6695
-0.1314,-0.00722,0.6772
-0.1218,-0.01028,0.6864
-0.1202,-0.00969,0.6997
-0.1079,-0.00984,0.7088
-0.1049,-0.01033,0.7155
-0.0928,-0.01156,0.73
-0.0857,-0.01126,0.7337
-0.0714,-0.01368,0.7536
-0.0677,-0.01547,0.7587
-0.0556,-0.0185,0.7735
-0.0481,-0.01841,0.7824
-0.0415,-0.01817,0.7895
-0.035,-0.01669,0.8002
-0.0375,-0.01122,0.8007
-0.0296,-0.01479,0.8146
-0.0293,-0.01359,0.8225
-0.0237,-0.01846,0.8372
-0.0249,-0.01997,0.8459
-0.0231,-0.02082,0.8548
-0.0239,-0.01786,0.8613
-0.0244,-0.01728,0.8696
-0.0277,-0.01692,0.8743
-0.0274,-0.0127,0.8721
-0.0255,-0.01145,0.867
-0.0271,-0.00953,0.8644
-0.0293,-0.00921,0.8633
-0.0316,-0.01091,0.8643
-0.03,-0.01193,0.8644
-0.032,-0.01245,0.8611
-0.0317,-0.01054,0.858
-0.0317,-0.01005,0.8524
-0.0304,-0.01348,0.8527
-0.0348,-0.00953,0.8535
-0.0363,-0.00757,0.8512
-0.0309,-0.01084,0.8482
-0.0303,-0.00683,0.8347
-0.0237,-0.00355,0.8249
-0.0138,-0.00532,0.8177
-0.0171,-0.01134,0.8022
-0.0162,-0.01065,0.7831
-0.0174,-0.00765,0.7705
0.0024,-0.00555,0.7417
-0.005,-0.00677,0.7272
-0.0044,-0.00338,0.7017
-0.0078,-0.00126,0.6838
-0.0035,-0.00087,0.6616
-0.0116,-0.00463,0.6496
-0.0225,-0.00636,0.6392
-0.0224,-0.00435,0.6195
-0.0191,-0.00541,0.6024
-0.0216,-0.00724,0.5918
-0.0215,-0.00929,0.5862
-0.025,-0.00949,0.5764
-0.0193,-0.01196,0.5673
-0.017,-0.01373,0.5606
-0.0088,-0.01265,0.5493
-0.0207,-0.01392,0.5412
-0.0215,-0.01475,0.5224
-0.0249,-0.01345,0.51
-0.0194,-0.01247,0.492
-0.0148,-0.01178,0.4734
-0.0033,-0.01013,0.4502
-0.0045,-0.01367,0.4333
0.0128,-0.01636,0.4181
0.019,-0.01411,0.3991
0.0352,-0.0169,0.3881
0.0355,-0.01368,0.3703
0.0455,-0.0138,0.3593
0.0536,-0.01274,0.3428
0.066,-0.01206,0.3147
0.0744,-0.01699,0.3164
0.0754,-0.0137,0.2894
0.0936,-0.0187,0.2877
0.111,-0.02512,0.2723
0.1035,-0.02012,0.2482
0.1158,-0.02621,0.2606
0.0987,-0.01653,0.2388
0.1283,-0.0209,0.2493
0.1235,-0.01136,0.2225
0.1469,-0.02223,0.2367
0.1482,-0.01947,0.2284
0.1428,-0.01559,0.2025
0.1671,-0.02033,0.2113
0.1703,-0.01786,0.1841
0.1739,-0.01231,0.2139
0.1812,-0.01221,0.2204
0.1896,-0.01402,0.2043
0.1994,-0.01478,0.2277
0.2059,-0.01267,0.2281
0.1953,-0.00508,0.2385
0.1805,-0.00333,0.2392
0.1553,-0.00365,0.2353
0.1259,0.00363,0.2315
0.1247,-0.00285,0.2157
0.1057,-0.00117,0.2022
0.1002,-0.00029,0.2048
0.0942,0.00022,0.21
0.0701,-0.00314,0.1861
0.0682,-0.00251,0.2242
0.0261,0.00851,0.188
0.0329,0.0039,0.2315
0.0155,0.00099,0.239
-0.0166,0.00492,0.1753
-0.0152,0.00134,0.2404
-0.0241,0.00742,0.2329
-0.0602,0.01381,0.1707
-0.0289,0.00034,0.2229
-0.0744,0.01334,0.1603
-0.0449,0.00488,0.223
-0.0622,0.01329,0.225
-0.0942,0.01197,0.1591
-0.0723,0.00586,0.227
-0.0845,0.00275,0.2323
-0.1191,0.00759,0.1644
-0.1017,-0.00472,0.2269
-0.125,0.00295,0.1751
-0.1017,-0.00744,0.2122
-0.1134,0.00234,0.2139
-0.1198,0.00294,0.2035
-0.1191,0.00353,0.2229
-0.1306,0.00132,0.2097
-0.1392,0.00553,0.2185
-0.1469,0.0083,0.2306
-0.1428,0.00946,0.2497
-0.1377,0.0074,0.2725
-0.1456,-0.00055,0.277
-0.1581,-0.00374,0.2795
-0.1614,-0.00327,0.2802
-0.1413,-0.00301,0.3152
-0.1359,-0.00585,0.3097
-0.1352,-0.0099,0.349
-0.1302,-0.00206,0.3657
-0.1244,0.00093,0.3701
-0.1185,-0.00849,0.4039
-0.1265,-0.0258,0.4009
-0.1183,-0.0258,0.4283
-0.1131,-0.01844,0.4317
-0.0967,-0.01872,0.4494
-0.0941,-0.01428,0.4648
-0.0913,-0.00665,0.4789
-0.0802,-0.01223,0.51
-0.085,-0.00761,0.5321
-0.0798,-0.0087,0.5629
-0.0732,-0.00498,0.5921
-0.0765,-0.00385,0.607
-0.0631,-0.00852,0.6255
-0.0607,-0.00595,0.647
-0.0655,-0.00328,0.6628
-0.0756,-0.00367,0.6838
-0.0943,-0.01061,0.7043
-0.0836,-0.01506,0.726
-0.0769,-0.01694,0.742
-0.0672,-0.01428,0.7694
-0.0569,-0.01516,0.7852
-0.0445,-0.01936,0.7899
-0.0447,-0.01609,0.8049
-0.0311,-0.0161,0.8178
-0.023,-0.02531,0.8436
-0.0216,-0.02525,0.8587
-0.0211,-0.02646,0.8638
-0.0125,-0.02513,0.869
-0.0061,-0.02549,0.8781
-0.0057,-0.02779,0.8948
0.0059,-0.03706,0.9036
0.0105,-0.03096,0.9105
0.0054,-0.02792,0.927
-0.0013,-0.03024,0.9373
0.0032,-0.03489,0.9386
0.0017,-0.03192,0.9421
-0.0066,-0.03076,0.9419
-0.0114,-0.03254,0.9547
-0.0104,-0.03409,0.9618
-0.0058,-0.03341,0.9681
-0.0103,-0.03404,0.9735
-0.0067,-0.03714,0.9718
-0.0073,-0.03364,0.9818
-0.009,-0.03405,0.9764
-0.015,-0.03405,0.9731
-0.0209,-0.03505,0.9655
-0.0271,-0.03261,0.9656
-0.0245,-0.0366,0.9658
-0.0231,-0.03485,0.9675
-0.0248,-0.03122,0.9661
-0.0234,-0.03004,0.9664
-0.0247,-0.02812,0.9575
-0.0259,-0.02869,0.9548
-0.0252,-0.02861,0.9483
-0.0283,-0.03187,0.9415
-0.0336,-0.03507,0.9409
-0.0079,-0.03027,0.9332
-0.0179,-0.03082,0.9273
-0.0184,-0.02811,0.9164
-0.0293,-0.02519,0.904
-0.0126,-0.01988,0.8799
-0.0087,-0.0159,0.853
-0.0243,-0.01457,0.8353
-0.0152,-0.0098,0.8149
-0.0167,-0.01506,0.7962
-0.0289,-0.0245,0.7741
-0.0284,-0.02681,0.7499
-0.0219,-0.02666,0.7205
-0.0355,-0.02355,0.6949
-0.0518,-0.02732,0.6679
-0.0478,-0.03006,0.644
-0.0396,-0.02873,0.6151
-0.0188,-0.02619,0.5901
-0.0234,-0.03113,0.5641
-0.02,-0.02988,0.5368
-0.0154,-0.03127,0.5057
-0.002,-0.02842,0.4849
0.0064,-0.0292,0.4562
0.0265,-0.02896,0.4331
0.0266,-0.02726,0.4013
0.0437,-0.02616,0.3929
0.0541,-0.02921,0.385
0.0604,-0.02301,0.3515
0.075,-0.02337,0.361
0.0817,-0.03443,0.3247
0.1026,-0.0324,0.3485
0.118,-0.03425,0.3427
0.1115,-0.02593,0.301
0.1404,-0.02605,0.3235
0.1387,-0.01491,0.2692
0.1718,-0.02079,0.3077
0.1575,-0.01702,0.248
0.1821,-0.01186,0.3021
0.1951,-0.0147,0.2881
0.1869,-0.01136,0.221
0.2225,-0.02039,0.2519
0.2216,-0.00488,0.1908
0.2466,-0.01432,0.2417
0.2466,-0.00681,0.2529
0.2346,-0.02341,0.211
0.277,-0.02757,0.2424
0.2815,-0.03049,0.1929
0.3331,-0.02817,0.2243
0.3642,-0.02648,0.2201
0.3696,-0.00035,0.1967
0.4021,-0.00172,0.2378
0.4051,-0.00502,0.2055
0.4368,-0.00628,0.2536
0.4594,-0.0174,0.2568
0.4751,-0.01913,0.2185
0.5165,-0.01967,0.2262
0.5255,-0.01882,0.1907
0.5554,-0.01547,0.2191
0.5791,-0.02105,0.2119
0.5933,-0.02533,0.1694
0.6281,-0.02262,0.1719
0.6519,-0.02309,0.1593
0.6606,-0.02793,0.114
0.6934,-0.03279,0.1274
0.7063,-0.03039,0.083
0.7381,-0.03286,0.0879
0.7586,-0.03125,0.0687
0.767,-0.03033,0.0368
0.7877,-0.03426,0.0336
0.799,-0.03168,0.0183
0.825,-0.0302,0.0179
0.8429,-0.03529,0.0082
0.8594,-0.03769,0.0002
0.8721,-0.03534,0.0024
0.8873,-0.03775,0.0057
0.8981,-0.04025,-0.0005
0.9116,-0.03947,0.0008
0.9266,-0.03755,-0.0031
0.9392,-0.04222,-0.0006
0.9587,-0.04511,-0.0038
0.9684,-0.04479,-0.0025
0.9865,-0.04071,-0.0014
1.0067,-0.04014,-0.0006
1.0199,-0.04245,0.0103
1.0287,-0.0364,0.0095
1.0396,-0.03524,0.0124
1.0497,-0.03874,0.0092
1.0539,-0.04327,0.0175
1.0675,-0.04479,0.0187
1.0803,-0.04844,0.0269
1.0884,-0.04551,0.0281
1.0936,-0.0455,0.0331
1.096,-0.04647,0.0396
1.104,-0.04711,0.044
1.1119,-0.0488,0.0405
1.1146,-0.04945,0.0371
1.1187,-0.05131,0.0351
1.1214,-0.05313,0.0375
1.1337,-0.05645,0.0434
1.1374,-0.05304,0.037
1.1365,-0.08712,0.0917
1.1374,-0.07016,0.0651
1.135,-0.07755,0.0833
1.1421,-0.06447,0.0601
1.1426,-0.06821,0.0674
1.1456,-0.05957,0.0494
1.143,-0.06164,0.0491
1.1492,-0.06174,0.0429
1.1532,-0.06449,0.0454
1.1589,-0.06016,0.0393
1.1625,-0.05546,0.0379
1.1698,-0.0535,0.0404
1.1646,-0.0511,0.0399
1.1676,-0.05339,0.0418
1.1702,-0.05191,0.0342
1.1738,-0.05648,0.0401
1.1815,-0.05784,0.0362
1.1885,-0.0648,0.0378
1.1946,-0.0613,0.0372
1.1928,-0.05977,0.0368
1.1976,-0.0577,0.0362
1.1989,-0.05996,0.0362
1.207,-0.06454,0.036
1.2029,-0.05912,0.0331
1.2042,-0.06725,0.0313
1.1893,-0.06716,0.0376
1.1704,-0.06173,0.0514
1.1834,-0.0456,0.0375
1.1763,-0.04391,0.0405
1.184,-0.04778,0.0372
1.1795,-0.04386,0.0371
1.1947,-0.04142,0.0296
1.1988,-0.04411,0.0269
1.1981,-0.0495,0.0264
1.2021,-0.05519,0.0227
1.2014,-0.05414,0.024
1.2033,-0.06243,0.0297
1.2049,-0.06465,0.031
1.1941,-0.06135,0.0327
1.1942,-0.06413,0.0288
1.1798,-0.0588,0.0277
1.1827,-0.05978,0.0295
1.1693,-0.0498,0.0286
1.1616,-0.04461,0.0335
1.1562,-0.04472,0.0297
1.1468,-0.04727,0.033
1.1473,-0.04914,0.0317
1.1452,-0.05028,0.0329
1.1445,-0.04847,0.0335
1.1372,-0.04629,0.0317
1.1234,-0.04729,0.0398
1.1245,-0.06052,0.0529
1.1403,-0.07719,0.0506
1.1264,-0.05582,0.0448
1.1297,-0.06054,0.0457
1.1409,-0.07186,0.0441
1.1376,-0.06652,0.0516
1.1387,-0.05806,0.0412
1.137,-0.05846,0.0416
1.1344,-0.06021,0.0464
1.1311,-0.05711,0.0471
1.138,-0.06428,0.0464
1.1346,-0.05662,0.0447
1.1414,-0.06456,0.0461
1.1411,-0.06446,0.0439
1.1494,-0.08576,0.0457
1.1472,-0.07442,0.0419
1.1564,-0.08103,0.0464
1.1501,-0.06818,0.0451
1.1518,-0.07933,0.0433
1.1532,-0.08002,0.0428
1.1521,-0.08777,0.0415
1.1511,-0.07729,0.0364
1.1514,-0.07661,0.0304
1.1529,-0.08886,0.0289
1.1564,-0.08347,0.0253
1.1548,-0.08777,0.0285
1.1519,-0.07165,0.0241
1.1464,-0.0686,0.0225
1.1468,-0.06079,0.0235
1.1505,-0.06344,0.0273
1.1538,-0.05748,0.0264
1.15,-0.05712,0.0259
1.1459,-0.05431,0.025
1.1457,-0.06161,0.0239
1.1469,-0.0608,0.0235
1.1462,-0.06081,0.0239
1.1415,-0.05931,0.03
1.1395,-0.05555,0.0341
1.1221,-0.06603,0.044
1.1371,-0.08456,0.0268
1.1363,-0.093,0.0281
1.1369,-0.07608,0.0286
1.1272,-0.08682,0.0309
1.1273,-0.07667,0.0323
1.125,-0.07776,0.0321
1.1265,-0.06822,0.0318
1.1268,-0.06721,0.0322
1.1188,-0.06353,0.0354
1.1165,-0.06459,0.0415
1.1134,-0.06468,0.0417
1.1159,-0.06159,0.0388
1.1159,-0.06423,0.0372
1.1105,-0.06111,0.0392
1.1067,-0.06704,0.0461
1.115,-0.0606,0.045
1.1089,-0.06195,0.0479
1.1121,-0.06005,0.0472
1.1029,-0.06006,0.0501
1.1074,-0.05735,0.0455
1.1095,-0.05671,0.0415
1.1095,-0.05607,0.0407
1.106,-0.05462,0.0385
1.0909,-0.05149,0.0488
1.0998,-0.05482,0.0426
1.0998,-0.05204,0.0402
1.1062,-0.05248,0.0318
1.097,-0.0533,0.0329
1.1008,-0.05322,0.0285
1.0971,-0.05526,0.0298
1.1027,-0.05282,0.0255
1.1003,-0.05189,0.0233
1.0958,-0.05544,0.0202
1.0922,-0.0577,0.0191
1.0956,-0.05593,0.0155
1.0974,-0.05695,0.0145
1.0969,-0.05818,0.0168
1.0947,-0.05705,0.0157
1.0941,-0.06157,0.018
1.0948,-0.05669,0.0176
1.0898,-0.05797,0.0172
1.0932,-0.05448,0.0141
1.0639,-0.08341,0.0251
1.0628,-0.08826,0.0271
1.0585,-0.08966,0.0278
1.0683,-0.07882,0.0231
1.0679,-0.07344,0.0221
1.0587,-0.0764,0.0234
1.062,-0.06856,0.0187
1.0565,-0.0603,0.0006
1.0602,-0.04923,-0.0112
1.0592,-0.05303,-0.0159
1.0592,-0.05708,-0.0049
1.0502,-0.05476,-0.0063
1.0519,-0.05256,-0.0021
1.0473,-0.05344,-0.0045
1.0436,-0.05284,-0.0021
1.0395,-0.05519,-0.0031
1.0401,-0.05412,-0.0021
1.0313,-0.05282,-0.0013
1.0254,-0.05239,0.0003
1.0195,-0.05591,0.0066
1.0128,-0.06004,0.0084
1.0114,-0.05742,0.0106
1.0053,-0.05365,0.0205
1.0033,-0.05469,0.0274
0.9968,-0.05388,0.0443
0.994,-0.05294,0.0628
0.9818,-0.05382,0.0675
0.9876,-0.05501,0.0974
0.9812,-0.05605,0.1186
0.957,-0.05908,0.13
0.9681,-0.05815,0.1687
0.9388,-0.06081,0.1879
0.9421,-0.06377,0.2343
0.9329,-0.08335,0.2553
0.9153,-0.0853,0.244
0.9186,-0.09461,0.2933
0.9132,-0.0821,0.3133
0.8952,-0.09898,0.329
0.8952,-0.09328,0.3676
0.8771,-0.09412,0.3786
0.8791,-0.08822,0.407
0.8699,-0.08476,0.4205
0.8612,-0.08568,0.4294
0.8597,-0.07982,0.4478
0.8564,-0.08046,0.4684
0.8474,-0.07255,0.4647
0.8349,-0.0872,0.5046
0.8327,-0.07325,0.4999
0.8286,-0.07988,0.5158
0.8326,-0.07587,0.5089
0.8286,-0.07502,0.509
0.8295,-0.07242,0.4982
0.8295,-0.07299,0.4971
0.8245,-0.07159,0.4904
0.8186,-0.08197,0.4893
0.8174,-0.08145,0.4783
0.8246,-0.07128,0.4726
0.8141,-0.06736,0.4495
0.8317,-0.06418,0.4381
0.8282,-0.06359,0.4116
0.8431,-0.06447,0.3962
0.8435,-0.06454,0.3755
0.8406,-0.06762,0.3346
0.8549,-0.07134,0.3348
0.8584,-0.06708,0.2904
0.8848,-0.0728,0.2868
0.897,-0.06892,0.2596
0.8756,-0.05833,0.2184
0.8898,-0.05675,0.2138
0.8818,-0.05828,0.173
0.9069,-0.06167,0.1674
0.9157,-0.06318,0.1443
0.9008,-0.06214,0.107
0.9332,-0.05865,0.0995
0.9322,-0.04775,0.0561
0.9453,-0.05368,0.0504
0.9532,-0.06503,0.0528
0.9468,-0.06036,0.0237
0.9588,-0.06025,0.0294
0.9548,-0.05938,-0.0059
0.9695,-0.05841,-0.0085
0.9719,-0.06054,-0.0256
0.9748,-0.05825,-0.0359
0.9858,-0.05841,-0.0467
0.9928,-0.0522,-0.0586
1.0088,-0.05217,-0.0742
1.0179,-0.05207,-0.0793
1.0225,-0.04542,-0.0847
1.0273,-0.04678,-0.0906
1.034,-0.04297,-0.0944
1.0379,-0.04001,-0.105
1.042,-0.04171,-0.1046
1.046,-0.04599,-0.1072
1.0453,-0.04632,-0.0991
1.0492,-0.05252,-0.0982
1.0494,-0.057,-0.1008
1.0489,-0.05776,-0.0956
1.0464,-0.05754,-0.1048
1.0409,-0.0539,-0.1135
1.0348,-0.05425,-0.1174
1.0305,-0.05848,-0.1235
1.0253,-0.05866,-0.127
1.0219,-0.05724,-0.1328
0.9984,-0.05537,-0.1384
0.974,-0.05405,-0.137
0.9451,-0.04836,-0.1476
0.9076,-0.04764,-0.1613
0.8842,-0.04807,-0.1648
0.8341,-0.04552,-0.2024
0.8121,-0.04202,-0.2039
0.7495,-0.03632,-0.2673
0.7467,-0.04803,-0.2529
0.7127,-0.04322,-0.2686
0.6211,-0.02801,-0.3422
0.6291,-0.03025,-0.2995
0.5362,-0.03001,-0.3779
0.5731,-0.01742,-0.3194
0.4903,-0.02019,-0.4132
0.5304,-0.01373,-0.3589
0.5038,-0.014,-0.3864
0.4,-0.01224,-0.4949
0.4477,-0.01082,-0.4286
0.3467,-0.00247,-0.5367
0.3898,-0.01357,-0.4741
0.2985,0.00162,-0.5689
0.3336,-0.00519,-0.501
0.3104,-0.00013,-0.5189
0.2221,0.00686,-0.6078
0.2638,0.00646,-0.5522
0.171,0.01171,-0.6418
0.2036,0.00852,-0.5876
0.1843,0.0057,-0.6019
0.0893,0.00359,-0.6638
0.1022,-0.0006,-0.6167
0.0491,0.00653,-0.6792
0.0655,0.01019,-0.6437
0.0456,0.00027,-0.6484
0.0265,0.00644,-0.675
0.0242,0.00376,-0.6582
0.0123,0.0113,-0.6611
0.0039,0.01446,-0.6619
0.0082,0.01374,-0.6606
0.0066,0.0123,-0.6584
0.005,0.01374,-0.6563
0.0014,0.01571,-0.6535
-0.0087,0.01548,-0.6505
-0.0079,0.01172,-0.6506
-0.0078,0.01219,-0.6498
-0.0026,0.01334,-0.6516
-0.0093,0.01499,-0.6438
-0.0078,0.01305,-0.6532
-0.0106,0.01426,-0.6434
-0.0054,0.01516,-0.6428
-0.0063,0.01578,-0.6407
-0.0055,0.01552,-0.6374
-0.0026,0.01635,-0.637
0.004,0.014,-0.6337
0.0013,0.01294,-0.6313
-0.0044,0.01489,-0.6303
-0.0059,0.01753,-0.6242
-0.001,0.01472,-0.6239
0.0025,0.01292,-0.6255
-0.0019,0.01683,-0.6219
-0.0021,0.01486,-0.6235
0.0007,0.01046,-0.6204
0.0063,0.00949,-0.6167
0.0032,0.01287,-0.6159
-0.0001,0.01333,-0.6173
-0.0009,0.01407,-0.6242
0.0083,0.0121,-0.6331
0.0132,0.0125,-0.635
0.0152,0.01325,-0.64
0.0144,0.01462,-0.641
0.0143,0.01911,-0.6395
0.0245,0.01475,-0.6398
0.0263,0.01833,-0.6425
0.0216,0.02099,-0.6398
0.021,0.02123,-0.6448
0.0289,0.01413,-0.6456
0.0291,0.01291,-0.6462
0.0339,0.01397,-0.6504
0.0366,0.01684,-0.6526
0.0429,0.01292,-0.6585
0.0434,0.01095,-0.6671
0.0405,0.01152,-0.6691
0.0354,0.01196,-0.6733
0.031,0.01407,-0.6838
0.0299,0.01461,-0.6935
0.0194,0.01374,-0.707
0.016,0.01147,-0.7121
0.0075,0.01466,-0.723
0.0044,0.01539,-0.7329
-0.0027,0.01458,-0.7481
-0.0096,0.01325,-0.7656
-0.0132,0.01379,-0.7791
-0.0168,0.01552,-0.7921
-0.0241,0.01917,-0.804
-0.0316,0.02087,-0.8144
-0.0366,0.02163,-0.8314
-0.0407,0.02101,-0.8375
-0.0338,0.01781,-0.8438
-0.0234,0.0107,-0.8496
-0.0371,0.01431,-0.848
-0.0489,0.01627,-0.854
-0.0617,0.01791,-0.8496
-0.0656,0.02056,-0.8495
-0.0786,0.02792,-0.8519
-0.0859,0.02646,-0.8498
-0.1094,0.02893,-0.8511
-0.1563,0.02686,-0.8433
-0.1835,0.0212,-0.8503
-0.2123,0.02474,-0.8298
-0.2215,0.01511,-0.8255
-0.2572,0.01307,-0.8444
-0.2574,0.01545,-0.816
-0.2949,0.02033,-0.8325
-0.2898,0.01669,-0.8007
-0.3091,0.02035,-0.7906
-0.3466,0.02475,-0.7991
-0.3424,0.02509,-0.7715
-0.3844,0.02611,-0.7809
-0.3893,0.02812,-0.7532
-0.4104,0.03235,-0.7498
-0.4218,0.03782,-0.754
-0.4299,0.03949,-0.7388
-0.4335,0.04076,-0.7255
-0.437,0.04357,-0.722
-0.4403,0.0465,-0.7156
-0.4505,0.04514,-0.7194
-0.4528,0.03831,-0.7123
-0.4557,0.04533,-0.6993
-0.4639,0.04408,-0.6915
-0.4614,0.03602,-0.6834
-0.4631,0.03221,-0.675
-0.4695,0.02907,-0.6746
-0.4767,0.02657,-0.6681
-0.4912,0.02593,-0.6658
-0.4975,0.02667,-0.6633
-0.4966,0.03024,-0.6606
-0.5068,0.03328,-0.6597
-0.5149,0.03369,-0.6531
-0.5165,0.036,-0.6545
-0.5102,0.03671,-0.6584
-0.5066,0.03503,-0.6628
-0.5137,0.03662,-0.6714
-0.5116,0.03874,-0.6764
-0.5119,0.04297,-0.6873
-0.5024,0.04387,-0.6907
-0.4926,0.04707,-0.6913
-0.4976,0.03857,-0.687
-0.5342,0.01472,-0.6844
-0.5056,0.02461,-0.6891
-0.504,0.02187,-0.6975
-0.4855,0.02354,-0.6991
-0.4771,0.02553,-0.7026
-0.4734,0.02914,-0.7036
-0.4561,0.03141,-0.7013
-0.4523,0.03121,-0.6997
-0.4463,0.0352,-0.6996
-0.4527,0.03296,-0.6959
-0.4468,0.03492,-0.6925
-0.4397,0.03397,-0.6943
-0.4291,0.02981,-0.6892
-0.4395,0.0306,-0.6883
-0.4412,0.03013,-0.6933
-0.4315,0.03532,-0.7105
-0.4295,0.03097,-0.704
-0.43,0.03406,-0.7012
-0.4309,0.03167,-0.6994
-0.4266,0.02832,-0.7016
-0.4248,0.02674,-0.7103
-0.4218,0.02452,-0.7117
-0.4177,0.0243,-0.7152
-0.4159,0.02446,-0.7177
-0.4115,0.0254,-0.7212
-0.4123,0.02439,-0.7229
-0.4106,0.0241,-0.7282
-0.4088,0.02404,-0.7247
-0.4091,0.02439,-0.7268
-0.4073,0.02128,-0.7309
-0.4125,0.02257,-0.7394
-0.4153,0.02566,-0.7386
-0.4166,0.02711,-0.7402
-0.4159,0.03013,-0.7418
-0.4151,0.03296,-0.7366
-0.4165,0.0346,-0.7374
-0.4182,0.03349,-0.7362
-0.414,0.02964,-0.7377
-0.4141,0.02766,-0.7323
-0.4184,0.03086,-0.7339
-0.4194,0.0279,-0.7271
-0.4182,0.02614,-0.7257
-0.4224,0.02726,-0.7201
-0.4312,0.02971,-0.7179
-0.4178,0.02472,-0.714
-0.3883,0.0172,-0.7072
-0.4021,0.01915,-0.7012
-0.4026,0.01473,-0.7013
-0.3966,0.00355,-0.7119
-0.4087,0.01079,-0.6999
-0.4096,0.01018,-0.6987
-0.4224,0.02008,-0.6911
-0.4414,0.02776,-0.6881
-0.4474,0.03268,-0.673
-0.45,0.03515,-0.6755
-0.4428,0.0323,-0.6689
-0.4125,0.03758,-0.6836
-0.3906,0.0301,-0.6863
-0.3745,0.0293,-0.6952
-0.3989,0.0249,-0.6801
-0.3994,0.02508,-0.6851
-0.4014,0.02713,-0.6833
-0.3979,0.02631,-0.684
-0.3967,0.03197,-0.6886
-0.4061,0.03846,-0.6885
-0.4043,0.03835,-0.6959
-0.4114,0.03967,-0.7016
-0.4077,0.04831,-0.7076
-0.434,0.0401,-0.7075
-0.4401,0.04804,-0.7164
-0.4461,0.04121,-0.7207
-0.4276,0.03731,-0.7404
-0.4455,0.03416,-0.7405
-0.4621,0.04043,-0.7448
-0.4707,0.0381,-0.7479
-0.4746,0.03868,-0.7541
-0.4741,0.0451,-0.7658
-0.4779,0.04614,-0.7661
-0.4742,0.05196,-0.7798
-0.4776,0.05395,-0.7768
-0.4759,0.05866,-0.778
-0.4824,0.04902,-0.7791
-0.4791,0.04127,-0.7863
-0.4867,0.0364,-0.7939
-0.502,0.06024,-0.799
-0.4918,0.057,-0.8017
-0.4889,0.0601,-0.805
-0.472,0.06535,-0.8096
-0.4623,0.06727,-0.822
-0.4686,0.05915,-0.8256
-0.4878,0.066,-0.8243
-0.4893,0.06891,-0.8288
-0.4889,0.06266,-0.8284
-0.4956,0.06839,-0.8272
-0.5008,0.05507,-0.8308
-0.492,0.04708,-0.8424
-0.4982,0.04789,-0.846
-0.5006,0.05655,-0.8465
-0.5068,0.05542,-0.8478
-0.5116,0.05779,-0.8546
-0.5287,0.05338,-0.8554
-0.5332,0.06166,-0.8516
-0.5485,0.06174,-0.8552
-0.5557,0.06143,-0.8568
-0.5652,0.05972,-0.8565
-0.5679,0.05581,-0.8616
-0.5699,0.06263,-0.8638
-0.5742,0.05947,-0.8682
-0.5749,0.05823,-0.8748
-0.5798,0.0519,-0.8818
-0.5818,0.05173,-0.8866
-0.5845,0.05206,-0.8971
-0.5857,0.04969,-0.9014
-0.5881,0.04758,-0.9052
-0.5913,0.04802,-0.9133
-0.5934,0.04577,-0.9187
-0.5925,0.04801,-0.9261
-0.5883,0.04993,-0.9224
-0.5779,0.04364,-0.9326
-0.5552,0.03693,-0.9494
-0.5577,0.04684,-0.941
-0.5506,0.06336,-0.9447
-0.5615,0.06024,-0.9374
-0.57,0.06732,-0.9318
-0.5771,0.06115,-0.9292
-0.5773,0.06246,-0.9261
-0.5847,0.05999,-0.9263
-0.5857,0.05711,-0.9293
-0.5856,0.05078,-0.9312
-0.5768,0.05131,-0.9318
-0.5685,0.05407,-0.936
-0.5707,0.06084,-0.94
-0.5515,0.05403,-0.9392
-0.555,0.04999,-0.9396
-0.5514,0.05231,-0.9408
-0.5554,0.05325,-0.9466
-0.5675,0.0528,-0.9379
-0.5666,0.04674,-0.9389
-0.567,0.04704,-0.9385
-0.5635,0.04799,-0.9437
-0.5644,0.05181,-0.948
-0.5599,0.04871,-0.9464
-0.5578,0.04506,-0.9456
-0.5561,0.04365,-0.9462
-0.5511,0.04403,-0.9435
-0.5512,0.047,-0.9441
-0.5434,0.04604,-0.9389
-0.5361,0.0465,-0.9219
-0.5232,0.04362,-0.9118
-0.4985,0.04415,-0.8948
-0.4952,0.04003,-0.8814
-0.4884,0.03622,-0.8649
-0.4778,0.03516,-0.8407
-0.4667,0.03904,-0.8214
-0.4587,0.04617,-0.7933
-0.4508,0.04815,-0.7735
-0.4447,0.05098,-0.7529
-0.4411,0.04948,-0.7456
-0.4473,0.05137,-0.7404
-0.4471,0.05033,-0.7392
-0.4484,0.05305,-0.7371
-0.4543,0.04924,-0.7329
-0.4633,0.05944,-0.7246
-0.4638,0.05673,-0.7203
-0.4742,0.06322,-0.7166
-0.4639,0.05326,-0.7181
-0.4588,0.05221,-0.717
-0.4466,0.04631,-0.7217
-0.4479,0.04609,-0.7293
-0.4525,0.04857,-0.7338
-0.4459,0.04363,-0.7431
-0.4474,0.04548,-0.7443
-0.448,0.04092,-0.7486
-0.4483,0.04318,-0.7502
-0.4463,0.04199,-0.7566
-0.4541,0.04323,-0.7546
-0.4626,0.03951,-0.757
-0.4793,0.04268,-0.7507
-0.4851,0.04847,-0.7558
-0.4888,0.05022,-0.7618
-0.4883,0.04634,-0.7702
-0.5053,0.05322,-0.7645
-0.5101,0.0525,-0.7708
-0.4894,0.05217,-0.786
-0.4924,0.05335,-0.7907
-0.5016,0.05161,-0.7985
-0.5118,0.05415,-0.8028
-0.5075,0.04969,-0.8108
-0.5163,0.05603,-0.8183
-0.5168,0.05183,-0.8227
-0.534,0.05955,-0.8206
-0.5454,0.05919,-0.8278
-0.5563,0.05967,-0.8328
-0.5603,0.05599,-0.8383
-0.569,0.06104,-0.8398
-0.5946,0.07378,-0.8339
-0.5901,0.06955,-0.8429
-0.582,0.07692,-0.8454
-0.5797,0.07084,-0.8553
-0.5944,0.06586,-0.8527
-0.5929,0.05576,-0.8591
-0.602,0.05861,-0.8606
-0.5954,0.06151,-0.8749
-0.603,0.07542,-0.8798
-0.5925,0.08512,-0.8916
-0.5914,0.08024,-0.8901
-0.5903,0.0681,-0.8933
-0.5922,0.06905,-0.8994
-0.5962,0.06399,-0.908
-0.5973,0.06105,-0.9149
-0.5993,0.06048,-0.918
-0.5928,0.04705,-0.9252
-0.5895,0.04299,-0.9276
-0.5972,0.04702,-0.9325
-0.58,0.04148,-0.9401
-0.5913,0.04146,-0.948
-0.5899,0.0424,-0.9506
-0.5977,0.05394,-0.9667
-0.5927,0.07951,-0.9727
-0.6059,0.07969,-0.9709
-0.611,0.0644,-0.9697
-0.6042,0.06369,-0.9775
-0.5926,0.0649,-0.9919
-0.5999,0.06041,-0.9875
-0.6069,0.05935,-0.9827
-0.6076,0.058,-0.9808
-0.5998,0.04989,-0.9745
-0.5928,0.04085,-0.9746
-0.5997,0.0463,-0.9773
-0.5899,0.04638,-0.9805
-0.6027,0.0484,-0.978
-0.5909,0.04555,-0.9734
-0.5905,0.05121,-0.9746
-0.5862,0.04996,-0.9709
-0.5926,0.048,-0.9678
-0.5922,0.04737,-0.9638
-0.5862,0.04654,-0.964
-0.5909,0.04801,-0.959
-0.5843,0.04825,-0.95267
-0.5858,0.04761,-0.94914
-0.5794,0.04607,-0.94223
-0.5831,0.05293,-0.93677
-0.5779,0.05338,-0.93236
-0.5799,0.0499,-0.92908
-0.5768,0.05136,-0.92289
-0.5737,0.05191,-0.91527
-0.5749,0.0592,-0.91017
-0.5705,0.05465,-0.90633
-0.5708,0.05332,-0.904
-0.571,0.05644,-0.89796
-0.5713,0.05852,-0.89266
-0.5719,0.06746,-0.88334
-0.5684,0.06055,-0.88028
-0.57,0.06447,-0.87506
-0.5684,0.06057,-0.87453
-0.5663,0.07036,-0.86492
-0.5601,0.07341,-0.87197
-0.5346,0.07987,-0.88323
-0.5369,0.07183,-0.87411
-0.5311,0.06995,-0.87324
-0.5356,0.0725,-0.86193
-0.5354,0.06905,-0.86391
-0.5299,0.06733,-0.85792
-0.5312,0.0626,-0.85177
-0.529,0.06544,-0.85185
-0.5295,0.06405,-0.84566
-0.5238,0.07108,-0.84019
-0.5242,0.06417,-0.84026
-0.5178,0.06664,-0.83356
-0.5151,0.05991,-0.83016
-0.5161,0.07021,-0.82593
-0.5145,0.06376,-0.82492
-0.5127,0.06108,-0.82311
-0.51,0.06094,-0.81842
-0.5095,0.06262,-0.8142
-0.5088,0.07062,-0.81059
-0.535,0.04735,-0.7926
-0.5474,0.0365,-0.77156
-0.5271,0.05501,-0.7803
-0.5306,0.06261,-0.76857
-0.5147,0.05725,-0.78001
-0.5136,0.05783,-0.7697
-0.4949,0.05166,-0.77672
-0.4893,0.0519,-0.77802
-0.4664,0.05047,-0.77668
-0.4593,0.05218,-0.78715
-0.4289,0.04462,-0.79043
-0.409,0.04205,-0.79785
-0.3989,0.04077,-0.81685
-0.3566,0.04096,-0.81333
-0.3314,0.04445,-0.81558
-0.3184,0.03951,-0.83666
-0.276,0.03707,-0.82641
-0.2457,0.03312,-0.83212
-0.2388,0.04025,-0.84654
-0.1918,0.03134,-0.83837
-0.184,0.03036,-0.85396
-0.1375,0.02693,-0.84136
-0.1135,0.02922,-0.84176
-0.1037,0.03353,-0.84737
-0.0699,0.02938,-0.83258
-0.0592,0.03082,-0.8334
-0.0401,0.02543,-0.82071
-0.0322,0.02738,-0.80872
-0.0256,0.02809,-0.79995
-0.0156,0.02938,-0.78321
-0.0133,0.02061,-0.77908
0.0244,0.06642,-0.74522
0.0106,0.05175,-0.74304
0.0072,0.05609,-0.73316
-0.0058,0.04428,-0.72474
-0.0218,0.04764,-0.7156
-0.0411,0.02062,-0.70638
-0.084,-0.00227,-0.71665
-0.092,0.00369,-0.68438
-0.1149,0.00564,-0.67034
-0.1556,0.00804,-0.67626
-0.1527,0.01182,-0.64408
-0.2048,0.02441,-0.65686
-0.2055,0.02333,-0.62119
-0.2593,0.02395,-0.63109
-0.2499,0.01993,-0.58377
-0.3152,0.02721,-0.59299
-0.3028,0.03356,-0.53968
-0.3266,0.02385,-0.51317
-0.3947,0.02576,-0.52421
-0.366,0.02734,-0.47238
-0.4289,0.03026,-0.48105
-0.4088,0.02503,-0.42506
-0.4318,0.02585,-0.40327
-0.4992,0.02675,-0.4113
-0.4778,0.02539,-0.34753
-0.5421,0.02588,-0.35744
-0.5061,0.0188,-0.29278
-0.5186,0.02185,-0.26625
-0.5733,0.02351,-0.26527
-0.5286,0.02425,-0.19908
-0.5572,0.02113,-0.19554
-0.5042,0.01757,-0.13961
-0.4868,0.01586,-0.10821
-0.502,0.01717,-0.10597
-0.4463,0.01682,-0.05313
-0.458,0.02133,-0.05588
-0.4047,0.0165,-0.0129
-0.3857,0.01544,0.00679
-0.4019,0.0173,0.00389
-0.353,0.01306,0.05014
-0.3457,0.01881,0.06968
-0.3807,0.02432,0.05239
-0.3293,0.01666,0.10296
-0.3734,0.02216,0.08569
-0.3062,0.01587,0.147
-0.2886,0.02663,0.17568
-0.3366,0.02148,0.14492
-0.2587,0.01823,0.2093
-0.308,0.01698,0.17483
-0.2341,0.01538,0.23484
-0.2879,0.0201,0.1938
-0.2107,0.01473,0.26603
-0.1977,0.00964,0.28655
-0.2528,0.01536,0.25611
-0.1757,0.01476,0.33085
-0.2287,0.01854,0.30268
-0.1595,0.00884,0.3647
-0.1593,0.00821,0.37625
-0.1943,0.01389,0.35924
-0.1362,0.0136,0.41394
-0.136,0.01108,0.42761
-0.1623,0.00299,0.41207
-0.122,0.01302,0.45497
-0.1305,0.0108,0.44918
-0.0839,0.02279,0.49806
-0.0658,0.01415,0.50577
-0.0878,0.01015,0.50247
-0.0812,0.0032,0.52964
-0.0708,0.00811,0.53751
-0.0643,0.01512,0.55421
-0.0414,0.00754,0.5753
-0.0458,0.00762,0.59259
-0.0514,0.00041,0.60918
-0.0487,0.00217,0.62464
-0.0495,0.00132,0.63849
-0.0302,0.03684,0.61478
-0.0327,0.00028,0.66119
-0.0265,0.00139,0.67801
-0.0286,-0.00277,0.694
-0.0428,-0.00785,0.71088
-0.0428,-0.00703,0.72559
-0.0385,-0.0099,0.73631
-0.0321,-0.01096,0.74877
-0.033,-0.01076,0.76157
-0.0342,-0.00439,0.77122
-0.034,-0.00865,0.77821
-0.0271,-0.00956,0.78847
-0.0252,-0.01545,0.79051
-0.0273,-0.00457,0.80269
-0.0278,-0.00746,0.81766
-0.0241,-0.00988,0.83267
-0.0222,-0.01186,0.84674
-0.0242,-0.00967,0.85488
-0.023,0.00076,0.86303
-0.0187,-0.00534,0.8727
-0.0167,-0.00435,0.88455
-0.0242,-0.01073,0.89508
-0.0261,-0.00451,0.90924
-0.0197,-0.00519,0.91724
-0.04,0.02156,0.93576
-0.0347,0.01076,0.9444
-0.032,0.01598,0.96833
-0.0254,0.00968,0.98246
-0.0377,0.049,0.98554
-0.0369,0.04375,0.98228
-0.048,0.03446,0.97433
-0.0564,0.00057,0.96148
-0.0678,0.00561,0.96459
-0.0819,-0.00232,0.97054
-0.0777,-0.0081,0.9797
-0.0711,-0.00794,0.98859
-0.0518,-0.00057,0.99414
-0.0486,0.01645,0.99544
-0.0426,0.01278,0.99348
-0.043,0.01468,0.9929
-0.0454,0.0047,1
-0.0431,0.00613,0.99682
-0.0455,0.01054,1.0047
-0.0461,0.01273,1.0119
-0.0458,0.00498,1.0126
-0.0509,0.009,1.0066
-0.0569,0.00982,1.0006
-0.0533,0.00203,1.0133
-0.0502,0.00104,1.0161
-0.0475,-0.0015,1.0225
-0.0481,-0.0084,1.0117
-0.059,-0.02163,1.0004
-0.0659,-0.01942,0.99874
-0.0546,-0.01701,1.0066
-0.0437,-0.0094,1.0047
-0.0329,0.00164,0.9994
-0.0453,-0.00799,1.0116
-0.0282,-0.01085,1.0133
-0.0387,-0.01543,1.0069
-0.0553,-0.01992,0.99532
-0.0504,-0.02336,0.9942
-0.0644,-0.01855,0.99675
-0.0649,-0.02386,1.002
-0.0656,-0.02396,0.99665
-0.0522,-0.02456,0.99451
-0.0424,-0.02143,1.0054
-0.0447,-0.01559,1.0152
-0.0407,-0.0123,1.0166
-0.041,-0.00993,1.0037
-0.047,-0.01369,0.9995
-0.0502,-0.02294,1.0055
-0.0561,-0.02648,1.02
-0.0503,-0.02909,1.0314
-0.0505,-0.0267,1.0343
-0.0456,-0.02363,1.0344
-0.0404,-0.02025,1.0312
-0.0417,-0.02246,1.0368
-0.0457,-0.02396,1.044
-0.0501,-0.02229,1.0508
-0.0519,-0.02568,1.0535
-0.04,-0.02072,1.05
-0.0248,-0.0333,1.0674
-0.0181,-0.04613,1.0704
-0.0254,-0.04239,1.0579
-0.0276,-0.04487,1.054
-0.0347,-0.04357,1.0579
-0.0337,-0.04331,1.0653
-0.0394,-0.04513,1.0598
-0.0387,-0.03883,1.0518
-0.0416,-0.03098,1.0453
-0.0498,-0.02492,1.0482
-0.0476,-0.0214,1.0446
-0.0453,-0.0237,1.0359
-0.0355,-0.02207,1.0286
-0.0426,-0.02711,1.023
-0.0476,-0.02367,1.0272
-0.0497,-0.02576,1.0214
-0.0508,-0.02413,1.0236
-0.0448,-0.02704,1.0185
-0.036,-0.02346,1.0165
-0.0367,-0.02144,1.0061
-0.0398,-0.02464,1.0012
-0.0383,-0.02665,0.9991
-0.037,-0.02931,0.9984
-0.0402,-0.01974,0.9963
-0.0325,-0.01437,1.0136
-0.0326,-0.0107,1.0002
-0.0285,-0.0125,0.9781
-0.0305,-0.01439,0.9657
-0.0463,-0.02637,0.9599
-0.0518,-0.03236,0.9693
-0.0475,-0.03436,0.9799
-0.0429,-0.04058,0.9899
-0.0368,-0.03939,0.9854
-0.0365,-0.02643,0.9727
-0.0349,-0.03059,0.9718
-0.0253,-0.03263,0.9617
-0.0257,-0.03196,0.9543
-0.0316,-0.03203,0.9489
-0.0246,-0.02061,0.9537
-0.0236,-0.02496,0.946
-0.0271,-0.02214,0.9495
-0.0219,-0.02495,0.9367
-0.0224,-0.0154,0.932
-0.0245,-0.01767,0.9249
-0.0228,-0.01991,0.9163
-0.0199,-0.02917,0.9133
-0.0182,-0.02507,0.9188
-0.0313,-0.02312,0.9232
-0.0312,-0.01822,0.9215
-0.0265,-0.00892,0.9118
-0.0345,-0.01233,0.9051
-0.036,-0.01402,0.9044
-0.0265,-0.01444,0.8983
-0.0253,-0.00588,0.9028
-0.0295,-0.01225,0.8973
-0.033,-0.01721,0.8934
-0.0345,-0.01735,0.8853
-0.0376,-0.00836,0.8875
-0.0333,-0.0154,0.8954
-0.0346,-0.01239,0.8937
-0.0341,-0.01452,0.8828
-0.0293,-0.01572,0.8769
-0.0293,-0.01052,0.8874
-0.032,-0.01764,0.8962
-0.0348,-0.01928,0.9059
-0.0278,-0.0206,0.9116
-0.03,-0.01534,0.9201
-0.0358,-0.01895,0.9251
-0.0371,-0.01845,0.9232
-0.0304,-0.01927,0.9204
-0.0372,-0.02083,0.9237
-0.037,-0.02492,0.9293
-0.0385,-0.01969,0.9277
-0.0334,-0.01968,0.92
-0.0417,-0.02071,0.9171
-0.0405,-0.02433,0.9109
-0.0419,-0.02276,0.9067
-0.0415,-0.02087,0.9102
-0.0316,-0.02307,0.9059
-0.0336,-0.02599,0.8989
-0.0315,-0.03307,0.8942
-0.0392,-0.0201,0.8891
-0.0382,-0.01983,0.8935
-0.0406,-0.01637,0.8992
-0.0338,-0.02443,0.8945
-0.0323,-0.01106,0.892
-0.033,-0.01105,0.8982
-0.0346,-0.01576,0.8988
-0.0212,-0.02365,0.8947
-0.0184,-0.02161,0.8924
-0.0173,-0.02766,0.8909
-0.0264,-0.02315,0.9007
-0.0246,-0.02306,0.8956
-0.0194,-0.02011,0.8905
-0.022,-0.01435,0.8858
-0.0211,-0.01507,0.879
-0.0269,-0.01429,0.8794
-0.0137,-0.0181,0.8701
-0.019,-0.01958,0.8654
-0.0149,-0.02424,0.8673
-0.0208,-0.02125,0.8691
-0.0251,-0.02645,0.872
-0.0228,-0.02557,0.8632
-0.0204,-0.0244,0.8537
-0.0148,-0.02423,0.8528
-0.0205,-0.02267,0.8581
-0.0161,-0.02227,0.8635
-0.0183,-0.01784,0.8571
-0.0081,-0.01613,0.8435
-0.0134,-0.015,0.8347
-0.0441,-0.01085,0.8142
-0.145,0.01329,0.8007
-0.0875,-0.00644,0.8117
-0.1153,-0.00083,0.8202
-0.0789,-0.01024,0.8278
-0.084,-0.01025,0.8266
-0.0774,0.01896,0.8241
-0.0845,0.02544,0.8292
-0.0571,0.00442,0.8456
-0.0556,-0.00165,0.8487
-0.0631,0.00707,0.8564
-0.0462,0.00228,0.8613
-0.0554,0.00064,0.8698
-0.0553,-0.0068,0.8744
-0.0601,-0.00568,0.8752
-0.0446,-0.00867,0.8767
-0.0486,-0.01049,0.8854
-0.0417,-0.02321,0.8933
-0.0732,-0.03275,0.9424
-0.0689,-0.02159,0.9375
-0.0793,-0.01788,0.9461
-0.0738,-0.01751,0.9401
-0.0736,-0.01887,0.9373
-0.0783,-0.02429,0.9289
-0.0687,-0.02871,0.9423
-0.0668,-0.03185,0.9586
-0.0637,-0.02888,0.9646
-0.063,-0.02326,0.9621
-0.055,-0.01957,0.9519
-0.0503,-0.01695,0.9462
-0.0588,-0.03211,0.9294
-0.0774,-0.05062,0.9444
-0.0674,-0.03896,0.9433
-0.0728,-0.03926,0.9454
-0.073,-0.03062,0.9411
-0.0622,-0.02783,0.9315
-0.0539,-0.02825,0.9219
-0.05,-0.0307,0.9158
-0.0553,-0.03533,0.9124
-0.0539,-0.03386,0.9207
-0.0471,-0.03229,0.9229
-0.0405,-0.01548,0.9091
-0.0445,-0.0095,0.9006
-0.0434,-0.01386,0.8993
-0.0352,-0.01233,0.8957
-0.0391,-0.01113,0.8964
-0.0429,-0.01132,0.8958
-0.0458,-0.00817,0.886
-0.0449,-4e-05,0.8633
-0.0466,-0.00519,0.8687
-0.0451,-0.00941,0.8681
-0.0431,-0.00974,0.8724
-0.0426,-0.00991,0.8728
-0.0382,-0.01027,0.8702
-0.0328,-0.01253,0.8623
-0.0288,-0.00934,0.8577
-0.0473,-0.0096,0.8575
-0.0451,-0.01066,0.8567
-0.04,-0.00986,0.8544
-0.0384,-0.00956,0.831
-0.0457,-0.01064,0.8112
-0.0522,-0.01207,0.7924
-0.0486,-0.02641,0.7808
-0.0361,-0.03582,0.7657
-0.0321,-0.02635,0.7451
-0.0335,-0.01815,0.725
-0.0267,-0.02342,0.7074
-0.0247,-0.02446,0.684
-0.0102,-0.02092,0.6522
0.0003,-0.02099,0.6271
0.013,-0.02183,0.6076
0.0093,-0.01488,0.592
0.0214,-0.02771,0.5741
0.0241,-0.02327,0.5567
0.0351,-0.02306,0.5402
0.0312,-0.01876,0.5277
0.0282,-0.02147,0.5167
0.0309,-0.0148,0.5125
0.0396,-0.00789,0.5032
0.0451,-0.00025,0.489
0.0398,0.00523,0.4799
0.0208,-0.00552,0.4746
0.0073,-0.01031,0.4739
0.0108,-0.008,0.462
0.0256,-0.00867,0.452
0.021,-0.01318,0.4415
-0.0026,-0.01615,0.4212
-0.0104,-0.01576,0.4131
-0.0278,-0.00989,0.4
-0.0337,-0.00992,0.3948
-0.0381,-0.00824,0.3875
-0.0351,-0.01343,0.3634
-0.0391,-0.01022,0.3695
-0.051,0.00192,0.3636
-0.0783,0.0084,0.3356
-0.0772,0.0044,0.3537
-0.1048,0.00695,0.3132
-0.1057,-0.00241,0.3368
-0.12,-0.00341,0.3233
-0.1415,-0.00123,0.2913
-0.1047,0.00199,0.306
-0.1178,0.00202,0.3038
-0.1517,0.00876,0.2667
-0.1546,0.00801,0.2888
-0.182,0.01169,0.256
-0.1802,0.00766,0.2926
-0.1855,0.00632,0.295
-0.2182,0.01154,0.2605
-0.2159,0.01241,0.3
-0.235,0.0107,0.2965
-0.2809,0.01567,0.2561
-0.2576,0.00423,0.2866
-0.3049,0.0096,0.2494
-0.2888,0.01145,0.2885
-0.3154,0.01406,0.2875
-0.358,0.01747,0.2252
-0.3557,0.00812,0.2789
-0.3733,0.01246,0.2697
-0.4246,0.01477,0.2015
-0.4153,0.01501,0.2475
-0.472,0.01824,0.1645
-0.4539,0.02199,0.2171
-0.4758,0.02625,0.1991
-0.5511,0.03183,0.1063
-0.5357,0.02859,0.153
-0.5634,0.02853,0.1271
-0.6171,0.03074,0.0493
-0.6171,0.03478,0.0826
-0.6616,0.03618,0.0237
-0.6663,0.03844,0.0339
-0.6884,0.03825,0.0097
-0.7195,0.0376,-0.0159
-0.7392,0.04162,-0.0134
-0.7654,0.04158,-0.027
-0.7868,0.04389,-0.0267
-0.8022,0.04071,-0.0363
-0.8275,0.04423,-0.0311
-0.8503,0.04601,-0.0296
-0.8767,0.05002,-0.0233
-0.8858,0.04293,-0.0282
-0.9124,0.04388,-0.0243
-0.9318,0.04512,-0.0279
-0.9655,0.04672,-0.0235
-0.99,0.04329,-0.0244
-1.0049,0.04717,-0.0219
-1.0304,0.0491,-0.0224
-1.0561,0.05214,-0.0209
-1.0754,0.05304,-0.0233
-1.104,0.05473,-0.0236
-1.116,0.05142,-0.0346
-1.1318,0.05303,-0.0367
-1.147,0.05533,-0.0382
-1.164,0.05707,-0.0403
-1.1814,0.05916,-0.0408
-1.1842,0.05449,-0.0513
-1.2062,0.05794,-0.0439
-1.2182,0.05742,-0.0488
-1.2393,0.06004,-0.0437
-1.2388,0.05735,-0.0469
-1.2418,0.05682,-0.0475
-1.24,0.05749,-0.0505
-1.2475,0.06162,-0.0537
-1.2408,0.06257,-0.0576
-1.2342,0.06626,-0.0563
-1.2286,0.06516,-0.057
-1.2222,0.06541,-0.0555
-1.219,0.05957,-0.0375
-1.198,0.04376,-0.0043
-1.2016,0.04946,-0.0173
-1.1933,0.04567,-0.0157
-1.2072,0.05422,-0.029
-1.1948,0.04957,-0.0226
-1.2108,0.04817,-0.0128
-1.2004,0.04305,-0.0032
-1.192,0.05615,-0.0189
-1.186,0.05509,-0.0163
-1.1984,0.06089,-0.0219
-1.1909,0.05798,-0.0272
-1.183,0.05572,-0.0242
-1.1897,0.05522,-0.0307
-1.1907,0.0546,-0.0274
-1.1906,0.05804,-0.0266
-1.1821,0.05707,-0.0233
-1.1804,0.055,-0.029
-1.1759,0.04731,-0.029
-1.1834,0.04773,-0.0293
-1.1783,0.04907,-0.0281
-1.1728,0.05047,-0.0282
-1.1703,0.04771,-0.032
-1.1709,0.05004,-0.0308
-1.1679,0.05095,-0.0285
-1.1637,0.05156,-0.0277
-1.158,0.05033,-0.0297
-1.1551,0.04821,-0.03
-1.1554,0.0511,-0.0291
-1.1756,0.0258,-0.0197
-1.1685,0.03648,-0.0226
-1.1569,0.03055,-0.0307
-1.1499,0.04197,-0.0468
-1.1534,0.04913,-0.0516
-1.1498,0.05486,-0.0505
-1.1474,0.06289,-0.0558
-1.1483,0.06697,-0.0725
-1.141,0.06268,-0.0737
-1.1325,0.05798,-0.0821
-1.1288,0.05385,-0.0865
-1.1293,0.04756,-0.0975
-1.1269,0.04625,-0.1064
-1.1222,0.0392,-0.1195
-1.1121,0.04579,-0.1244
-1.1095,0.04597,-0.137
-1.1037,0.05024,-0.1402
-1.0957,0.04567,-0.1433
-1.0842,0.04899,-0.1422
-1.0819,0.04553,-0.1429
-1.0808,0.02793,-0.146
-1.0808,0.02774,-0.1474
-1.0805,0.02444,-0.1555
-1.0717,0.0304,-0.1513
-1.0585,0.03561,-0.1506
-1.055,0.03645,-0.1468
-1.0554,0.02859,-0.1452
-1.0638,0.03991,-0.1331
-1.065,0.0429,-0.1372
-1.0577,0.05562,-0.1173
-1.0517,0.05951,-0.1127
-1.0533,0.05725,-0.1081
-1.0576,0.05577,-0.0992
-1.0646,0.05682,-0.0902
-1.0654,0.05897,-0.0793
-1.0755,0.06033,-0.0756
-1.077,0.05607,-0.0659
-1.0818,0.05543,-0.0572
-1.0861,0.05584,-0.0465
-1.092,0.05069,-0.0368
-1.0935,0.04764,-0.0331
-1.1085,0.04403,-0.0274
-1.1055,0.04249,-0.0276
-1.1041,0.04751,-0.0315
-1.1103,0.05368,-0.0314
-1.113,0.04794,-0.0347
-1.1257,0.0492,-0.0317
-1.1291,0.04939,-0.0275
-1.136,0.05353,-0.0291
-1.141,0.05512,-0.0284
-1.1444,0.05235,-0.0339
-1.1478,0.05433,-0.0347
-1.1505,0.04878,-0.0377
-1.1507,0.04681,-0.0358
-1.1574,0.04982,-0.0338
-1.1497,0.04518,-0.0368
-1.15,0.04505,-0.0396
-1.1454,0.04682,-0.0393
-1.1413,0.0461,-0.0422
-1.1355,0.04784,-0.0397
-1.1317,0.04371,-0.0402
-1.1375,0.04276,-0.0379
-1.1331,0.04455,-0.0341
-1.1302,0.04387,-0.0345
-1.1184,0.04818,-0.0353
-1.1186,0.04647,-0.0377
-1.1153,0.04931,-0.0359
-1.1084,0.04795,-0.0383
-1.1046,0.04794,-0.0356
-1.0997,0.04661,-0.0356
-1.1021,0.04415,-0.0346
-1.1003,0.04766,-0.0302
-1.0903,0.04728,-0.0302
-1.0859,0.04793,-0.0308
-1.0798,0.04742,-0.0306
-1.0772,0.04549,-0.0312
-1.0755,0.04481,-0.0298
-1.0707,0.04515,-0.0281
-1.0728,0.04442,-0.0252
-1.0692,0.04553,-0.0234
-1.0728,0.04603,-0.0275
-1.0719,0.05056,-0.024
-1.0675,0.05398,-0.0236
-1.0608,0.05325,-0.0247
-1.0577,0.05033,-0.0263
-1.0585,0.05015,-0.0225
-1.0586,0.04812,-0.0199
-1.0572,0.04519,-0.0226
-1.0511,0.04539,-0.0279
-1.0555,0.03915,-0.0282
-1.0487,0.04161,-0.0262
-1.043,0.04316,-0.0275
-1.0411,0.04599,-0.0263
-1.0394,0.04371,-0.024
-1.0377,0.04289,-0.0269
-1.0336,0.03915,-0.0291
-1.0261,0.0425,-0.0244
-1.0246,0.04525,-0.0202
-1.0183,0.04629,-0.0185
-1.0175,0.04306,-0.0169
-1.0082,0.04114,-0.0146
-0.99891,0.04075,-0.0184
-0.98387,0.03866,-0.0181
-0.96868,0.0383,-0.0156
-0.9557,0.0352,-0.0185
-0.93859,0.03822,-0.0185
-0.92057,0.03621,-0.0213
-0.90378,0.03525,-0.0183
-0.88907,0.03535,-0.0204
-0.87873,0.03422,-0.0216
-0.86986,0.02937,-0.0217
-0.8551,0.0295,-0.0193
-0.84165,0.03019,-0.0193
-0.82375,0.02836,-0.0197
-0.81169,0.02654,-0.0187
-0.80039,0.02262,-0.0183
-0.78512,0.02352,-0.0164
-0.77068,0.01836,-0.0172
-0.75441,0.02118,-0.0095
-0.73477,0.02235,-0.0055
-0.72276,0.02372,0.0028
-0.69644,0.0164,0.0113
-0.67576,0.01675,0.0179
-0.65237,0.01405,0.0245
-0.63253,0.01493,0.0308
-0.62435,0.016,0.032
-0.61299,0.01115,0.0488
-0.59943,0.01014,0.0503
-0.58857,0.00962,0.0641
-0.57979,0.00778,0.0696
-0.57375,0.00788,0.0704
-0.56852,0.00927,0.0787
-0.56047,0.00706,0.0816
-0.55664,0.00767,0.0872
-0.55022,0.00657,0.0882
-0.5434,0.00804,0.0891
-0.53698,0.00645,0.0939
-0.53129,0.00911,0.0946
-0.52112,0.00859,0.0984
-0.51053,0.01302,0.1016
-0.50415,0.01275,0.1008
-0.49515,0.01417,0.1078
-0.48745,0.01045,0.1097
-0.4755,0.0102,0.1117
-0.46317,0.00851,0.1129
-0.45284,0.00884,0.1114
-0.43568,0.0077,0.1183
-0.42029,0.00484,0.1188
-0.40132,0.00093,0.1255
-0.38419,0.00057,0.1244
-0.37448,0.00501,0.1195
-0.36171,0.00327,0.1346
-0.35598,0.00725,0.1309
-0.35023,0.00084,0.1575
-0.3377,0.00043,0.1646
-0.31759,-0.00355,0.1481
-0.26599,-0.00126,0.1599
-0.22891,0.00177,0.1367
-0.18862,0.00334,0.1337
-0.1601,0.00208,0.1004
-0.11828,-0.00076,0.0904
-0.086332,-0.00046,0.0731
-0.056242,-0.00028,0.0515
-0.028965,-0.00185,0.0281
-0.000607,-0.00166,0.0036
0.011633,-0.00341,-0.0121
0.009586,-0.00542,-0.0103
0.002343,-0.00474,0.0008
0.004386,0.00084,0.0031
0.00251,0.00276,0.002
0.000231,0.00048,0.0001
0.001222,-0.00047,-0.0011
0.004743,-0.00074,-0.0026
0.004257,-0.00114,-0.0011
0.001336,-0.00114,-0.0009
0.003758,-0.00266,-0.0039
0.003675,-0.00197,-0.0031
0.004728,-0.00212,-0.0032
0.000857,-0.00112,-0.0022
0.00228,-0.00111,-0.0033
-0.000179,-0.00142,-0.0002
-0.000207,0.00171,0.0024
-0.007711,-0.00065,0.0062
-0.009543,-0.00196,0.0077
-0.012493,-0.00209,0.0124
-0.013888,-0.00223,0.0139
-0.01846,-0.00173,0.0171
-0.023264,-0.00089,0.0189
-0.032534,-0.00118,0.0316
-0.042054,-0.00079,0.0432
-0.053752,-0.00095,0.0483
-0.062576,-0.00044,0.0692
-0.075189,-0.00011,0.0698
-0.08304,-0.00028,0.0964
-0.090961,-0.00169,0.1113
-0.10393,-0.00154,0.1073
-0.10842,-0.00086,0.1399
-0.12407,0.0004,0.1393
-0.13429,-0.00039,0.1711
-0.15175,0.00018,0.1708
-0.1665,0.00288,0.1984
-0.17687,-0.00029,0.2247
-0.18902,-0.00506,0.2349
-0.19593,-0.00187,0.2811
-0.20493,-0.00257,0.2824
-0.19694,-0.00413,0.3402
-0.19521,-0.00594,0.3698
-0.19973,-0.00259,0.3618
-0.19233,-0.00804,0.4229
-0.19889,-0.01156,0.4136
-0.18499,-0.01142,0.477
-0.1754,-0.01183,0.5008
-0.16874,-0.01003,0.495
-0.15143,-0.01679,0.5459
-0.15146,-0.01627,0.5453
-0.14281,-0.01529,0.588
-0.13645,-0.01724,0.6021
-0.13141,-0.02161,0.6046
-0.11939,-0.02068,0.6395
-0.10972,-0.01238,0.652
-0.09735,-0.01652,0.6864
-0.09103,-0.0272,0.7072
-0.07999,-0.02843,0.7114
-0.062,-0.02441,0.7315
-0.05496,-0.02657,0.75
-0.05267,-0.03247,0.7758
-0.0534,-0.03422,0.7982
-0.0508,-0.03297,0.8066
-0.0419,-0.02973,0.822
-0.04399,-0.02893,0.8436
