3.2141e-14,-1.9984e-15,-4.0412e-14
0.0038797,-0.18499,0.80851
0.0071924,-0.36824,1.6304
0.020455,-0.55232,2.3899
0.029587,-0.73433,3.1739
0.033351,-0.91831,3.8986
0.038167,-1.1024,4.6308
0.050593,-1.2851,5.3216
0.051708,-1.4706,5.9693
0.062475,-1.6557,6.5846
0.077471,-1.8399,7.1794
0.091596,-2.0234,7.7633
0.078062,-2.2069,8.2945
0.052695,-2.3949,8.771
0.045399,-2.5798,9.2192
0.0363,-2.768,9.6471
0.047255,-2.9536,10.047
0.042015,-3.1426,10.435
0.037691,-3.3333,10.756
0.031765,-3.5232,11.048
0.050723,-3.7067,11.324
0.070396,-3.8888,11.572
0.095297,-4.0712,11.795
0.090281,-4.2681,11.896
0.09669,-4.4575,12.008
0.10649,-4.6446,12.104
0.11234,-4.8337,12.191
0.1244,-5.0217,12.281
0.1056,-5.2208,12.293
0.1074,-5.4106,12.335
0.10606,-5.5998,12.367
0.12054,-5.7828,12.424
0.11756,-5.9733,12.445
0.12528,-6.1606,12.481
0.12703,-6.3503,12.501
0.14254,-6.5348,12.545
0.15695,-6.7192,12.59
0.16018,-6.9039,12.63
0.15042,-7.0915,12.657
0.15151,-7.2754,12.703
0.15518,-7.4576,12.755
0.15677,-7.6397,12.806
0.14615,-7.8233,12.837
0.13137,-8.0068,12.867
0.12812,-8.1874,12.924
0.1181,-8.3689,12.987
0.11342,-8.5474,13.078
0.077845,-8.7329,13.147
0.046011,-8.9161,13.252
0.002379,-9.0988,13.362
-0.038349,-9.2814,13.515
-0.10274,-9.4643,13.662
-0.17841,-9.6471,13.847
-0.26355,-9.8291,14.049
-0.37739,-10.007,14.237
-0.49129,-10.185,14.466
-0.6373,-10.365,14.698
-0.80374,-10.54,14.918
-0.98481,-10.718,15.169
-1.1719,-10.893,15.409
-1.3935,-11.063,15.6
-1.6283,-11.233,15.837
-1.9094,-11.4,16.031
-2.1836,-11.561,16.258
-2.4774,-11.72,16.481
-2.8129,-11.877,16.658
-3.1686,-12.036,16.892
-3.5585,-12.194,17.113
-3.9754,-12.348,17.293
-4.4105,-12.5,17.492
-4.8685,-12.649,17.625
-5.3723,-12.796,17.8
-5.8873,-12.944,17.958
-6.4445,-13.088,18.049
-7.0111,-13.231,18.156
-7.6034,-13.373,18.242
-8.253,-13.513,18.286
-8.9028,-13.657,18.331
-9.5938,-13.795,18.334
-10.278,-13.925,18.328
-10.992,-14.056,18.297
-11.738,-14.188,18.262
-12.541,-14.316,18.225
-13.316,-14.446,18.18
-14.124,-14.575,18.137
-14.93,-14.699,18.098
-15.801,-14.812,18.078
-16.66,-14.935,18.044
-17.553,-15.064,18.007
-18.44,-15.19,17.981
-19.38,-15.306,17.941
-20.309,-15.437,17.894
-21.261,-15.566,17.847
-22.232,-15.705,17.791
-23.227,-15.839,17.733
-24.254,-15.955,17.673
-25.295,-16.066,17.613
-26.34,-16.172,17.555
-27.38,-16.276,17.5
-28.42,-16.393,17.437
-29.533,-16.203,17.383
-30.653,-15.936,17.326
-31.735,-15.784,17.259
-32.84,-15.541,17.187
-33.936,-15.389,17.106
-35.062,-15.162,17.012
-36.172,-15,16.913
-37.298,-14.812,16.811
-38.406,-14.662,16.701
-39.527,-14.489,16.589
-40.629,-14.346,16.483
-41.726,-14.209,16.376
-42.824,-14.064,16.265
-43.923,-13.944,16.153
-45.021,-13.805,16.012
-46.125,-13.7,15.875
-47.233,-13.577,15.736
-48.347,-13.481,15.613
-49.443,-13.369,15.46
-50.552,-13.267,15.332
-51.677,-13.159,15.192
-52.797,-13.065,15.051
-53.926,-12.963,14.892
-55.031,-12.865,14.743
-56.149,-12.752,14.576
-57.271,-12.656,14.445
-58.402,-12.564,14.33
-59.539,-12.47,14.219
-60.68,-12.385,14.13
-61.83,-12.284,14.035
-62.969,-12.192,13.959
-64.104,-12.097,13.882
-65.245,-12.016,13.824
-66.404,-11.933,13.77
-67.594,-11.844,13.704
-68.803,-11.753,13.629
-70.001,-11.673,13.564
-71.198,-11.598,13.496
-72.396,-11.516,13.445
-73.61,-11.443,13.415
-74.848,-11.373,13.386
-76.041,-11.313,13.365
-77.235,-11.256,13.342
-78.429,-11.191,13.318
-79.63,-11.12,13.286
-80.814,-11.055,13.248
-81.991,-10.988,13.203
-83.178,-10.925,13.172
-84.4,-10.863,13.154
-85.606,-10.803,13.136
-86.806,-10.742,13.116
-88.006,-10.679,13.091
-89.202,-10.609,13.057
-90.407,-10.536,13.03
-91.59,-10.472,13.002
-92.764,-10.414,12.966
-93.933,-10.355,12.938
-95.106,-10.29,12.91
-96.27,-10.22,12.875
-97.426,-10.147,12.83
-98.586,-10.075,12.793
-99.755,-9.9947,12.753
-100.92,-9.9091,12.721
-102.09,-9.8259,12.695
-103.25,-9.7441,12.671
-104.42,-9.6649,12.647
-105.59,-9.5846,12.622
-106.76,-9.502,12.599
-107.95,-9.4152,12.575
-109.13,-9.3377,12.545
-110.32,-9.2601,12.517
-111.51,-9.1877,12.492
-112.71,-9.1176,12.471
-113.91,-9.0508,12.452
-115.13,-8.9813,12.428
-116.34,-8.9126,12.402
-117.57,-8.8399,12.378
-118.79,-8.763,12.357
-120.02,-8.6921,12.332
-121.26,-8.6257,12.306
-122.51,-8.5606,12.278
-123.77,-8.4927,12.243
-125.02,-8.4238,12.203
-126.28,-8.35,12.162
-127.54,-8.2794,12.124
-128.8,-8.2108,12.089
-130.06,-8.1466,12.057
-131.32,-8.0832,12.036
-132.57,-8.0162,11.989
-133.84,-7.9372,11.94
-135.11,-7.8491,11.882
-136.37,-7.7605,11.821
-137.65,-7.668,11.763
-138.91,-7.587,11.715
-140.17,-7.5053,11.667
-141.42,-7.4287,11.625
-142.69,-7.3408,11.593
-143.94,-7.2553,11.559
-145.19,-7.1694,11.524
-146.43,-7.0898,11.493
-147.67,-7.0134,11.466
-148.92,-6.9325,11.449
-150.16,-6.8553,11.429
-151.4,-6.7804,11.409
-152.64,-6.7062,11.382
-153.88,-6.629,11.359
-155.12,-6.5525,11.333
-156.35,-6.4733,11.311
-157.58,-6.3976,11.281
-158.82,-6.3187,11.251
-160.05,-6.2383,11.214
-161.28,-6.1518,11.178
-162.5,-6.0666,11.143
-163.71,-5.983,11.108
-164.93,-5.8937,11.058
-166.15,-5.813,11.02
-167.36,-5.7324,10.983
-168.56,-5.667,10.966
-169.76,-5.6054,10.956
-170.97,-5.5414,10.934
-172.17,-5.4728,10.914
-173.37,-5.4009,10.895
-174.57,-5.3294,10.877
-175.77,-5.2623,10.862
-176.96,-5.1946,10.846
-178.14,-5.1277,10.833
-179.28,-5.0664,10.817
-180.4,-5.0096,10.806
-181.49,-4.9526,10.796
-182.55,-4.8946,10.788
-183.59,-4.8349,10.78
-184.6,-4.7752,10.774
-185.58,-4.717,10.765
-186.52,-4.6612,10.759
-187.46,-4.6091,10.759
-188.39,-4.558,10.762
-189.31,-4.5057,10.753
-190.23,-4.4522,10.734
-191.16,-4.3991,10.711
-192.07,-4.3454,10.685
-192.99,-4.2896,10.663
-193.9,-4.2344,10.641
-194.8,-4.1799,10.617
-195.71,-4.1256,10.586
-196.61,-4.0673,10.559
-197.51,-4.0116,10.525
-198.42,-3.9567,10.496
-199.32,-3.9028,10.465
-200.24,-3.8495,10.437
-201.15,-3.7948,10.412
-202.08,-3.74,10.388
-203.01,-3.6858,10.364
-203.95,-3.6334,10.341
-204.89,-3.5791,10.331
-205.84,-3.519,10.312
-206.8,-3.4677,10.298
-207.76,-3.4123,10.283
-208.76,-3.3385,10.313
-209.76,-3.2737,10.318
-210.77,-3.1973,10.337
-211.77,-3.1239,10.345
-212.8,-3.0645,10.361
-213.85,-3.0166,10.376
-214.9,-2.9661,10.396
-215.93,-2.9046,10.396
-216.93,-2.8342,10.375
-217.96,-2.7739,10.363
-219.01,-2.7201,10.361
-220.06,-2.6636,10.345
-221.1,-2.6183,10.321
-222.16,-2.575,10.298
-223.22,-2.5223,10.289
-224.28,-2.504,10.263
-225.37,-2.4644,10.247
-226.47,-2.4337,10.226
-227.58,-2.3926,10.209
-228.71,-2.3819,10.216
-229.83,-2.3537,10.22
-230.97,-2.3175,10.222
-232.11,-2.2811,10.221
-233.26,-2.236,10.217
-234.41,-2.1931,10.217
-235.56,-2.147,10.215
-236.73,-2.1041,10.219
-237.91,-2.0578,10.22
-239.1,-2.0132,10.218
-240.3,-1.9616,10.206
-241.49,-1.9065,10.197
-242.7,-1.8509,10.183
-243.91,-1.7994,10.17
-245.13,-1.7476,10.154
-246.35,-1.6919,10.13
-247.57,-1.6344,10.104
-248.81,-1.5737,10.071
-250.05,-1.5135,10.037
-251.3,-1.4516,9.9956
-252.54,-1.3934,9.9394
-253.77,-1.3272,9.8805
-255.03,-1.2627,9.8224
-256.29,-1.2036,9.7728
-257.54,-1.1403,9.719
-258.78,-1.0737,9.6696
-260.04,-1.0095,9.6289
-261.3,-0.95271,9.5915
-262.56,-0.90902,9.547
-263.81,-0.86536,9.5031
-265.06,-0.8159,9.4595
-266.32,-0.7641,9.4219
-267.57,-0.70548,9.38
-268.83,-0.64549,9.3377
-270.07,-0.581,9.2903
-271.3,-0.51623,9.2412
-272.55,-0.45158,9.1763
-273.8,-0.3875,9.1038
-275.04,-0.31698,9.0367
-276.26,-0.24679,8.9761
-277.48,-0.16696,8.9197
-278.71,-0.084547,8.8728
-279.95,-0.003192,8.8328
-281.18,0.072741,8.7898
-282.42,0.1572,8.7531
-283.65,0.24278,8.7154
-284.88,0.32072,8.6824
-286.1,0.3941,8.6462
-287.32,0.4664,8.6105
-288.54,0.53695,8.5727
-289.76,0.60901,8.5388
-290.99,0.6818,8.5052
-292.21,0.75379,8.4675
-293.43,0.8252,8.4327
-294.65,0.89538,8.3949
-295.9,0.99373,8.3607
-297.09,1.0832,8.3277
-298.32,1.1785,8.2945
-299.55,1.2684,8.2534
-300.78,1.3482,8.2129
-302.01,1.4218,8.1697
-303.25,1.4986,8.136
-304.5,1.5598,8.1034
-305.75,1.615,8.0742
-307,1.6526,8.0465
-308.25,1.6847,8.0153
-309.49,1.7105,7.983
-310.73,1.7494,7.9417
-311.98,1.7706,7.9039
-313.22,1.8034,7.8637
-314.48,1.8148,7.8398
-315.73,1.8434,7.8101
-316.99,1.8713,7.7825
-318.24,1.9095,7.7499
-319.54,1.9488,7.7158
-320.75,1.9925,7.6795
-322.01,2.0355,7.6405
-323.27,2.0757,7.6018
-324.53,2.1246,7.5632
-325.8,2.1741,7.527
-327.06,2.2304,7.4905
-328.34,2.2894,7.4561
-329.59,2.3542,7.4213
-330.85,2.4223,7.3849
-332.11,2.4933,7.3473
-333.37,2.5648,7.3096
-334.62,2.6352,7.2747
-335.86,2.7014,7.2423
-337.11,2.7643,7.2085
-338.37,2.824,7.1787
-339.61,2.8872,7.1478
-340.85,2.9535,7.1148
-342.08,3.0183,7.0843
-343.31,3.0858,7.0539
-344.52,3.1524,7.0242
-345.72,3.2183,6.9913
-346.91,3.2825,6.9573
-348.08,3.3462,6.9235
-349.24,3.4091,6.8912
-350.38,3.4726,6.8604
-351.51,3.5386,6.8324
-352.62,3.6065,6.8012
-353.71,3.6747,6.7684
-354.78,3.7392,6.7359
-355.83,3.7994,6.6999
-356.88,3.8538,6.6633
-357.92,3.901,6.6268
-358.96,3.9453,6.5896
-360,3.9922,6.5524
-361.03,4.0417,6.5153
-362.05,4.0968,6.4769
-363.04,4.1537,6.4357
-364.02,4.2073,6.3955
-364.95,4.2614,6.3678
-365.86,4.3151,6.3451
-366.74,4.3636,6.3249
-367.6,4.407,6.315
-368.44,4.4466,6.3071
-369.25,4.4813,6.3165
-370.03,4.5127,6.3344
-370.78,4.5393,6.384
-371.51,4.5637,6.4548
-372.19,4.5878,6.5347
-372.87,4.6117,6.6486
-373.5,4.637,6.7678
-374.13,4.6603,6.928
-374.73,4.6825,7.1094
-375.28,4.7065,7.29
-375.84,4.7299,7.5193
-376.36,4.7552,7.7419
-376.89,4.7785,8.0251
-377.38,4.8024,8.2998
-377.86,4.8168,8.6338
-378.33,4.8329,8.9826
-378.76,4.8517,9.3188
-379.2,4.8713,9.7126
-379.59,4.8908,10.096
-379.99,4.9051,10.542
-380.35,4.9184,10.966
-380.72,4.9356,11.443
-381.08,4.9521,11.946
-381.39,4.9743,12.448
-381.69,4.9895,12.996
-381.97,5.0016,13.538
-382.26,5.0144,14.123
-382.53,5.0278,14.729
-382.76,5.0347,15.34
-383.01,5.041,15.995
-383.22,5.0444,16.652
-383.42,5.0481,17.343
-383.61,5.0508,18.058
-383.78,5.0501,18.782
-383.95,5.0491,19.54
-384.1,5.0443,20.315
-384.24,5.0377,21.107
-384.38,5.0316,21.923
-384.5,5.024,22.748
-384.6,5.0165,23.604
-384.7,5.0083,24.476
-384.78,4.999,25.364
-384.85,4.9897,26.269
-384.92,4.9792,27.194
-384.99,4.9671,28.128
-385.06,4.9615,29.088
-385.12,4.9569,30.058
-385.21,4.9576,31.086
-385.29,4.9589,32.109
-385.37,4.9751,33.153
-385.45,4.9906,34.192
-385.56,5.005,35.238
-385.68,5.0003,36.279
-385.78,4.9925,37.316
-385.88,4.9832,38.357
-385.97,4.9733,39.387
-386.06,4.9635,40.427
-386.13,4.9526,41.458
-386.19,4.9355,42.483
-386.23,4.9149,43.493
-386.26,4.8943,44.504
-386.29,4.8765,45.515
-386.31,4.8587,46.519
-386.34,4.8424,47.521
-386.36,4.8256,48.514
-386.38,4.8097,49.506
-386.41,4.7959,50.483
-386.42,4.7801,51.456
-386.44,4.7653,52.416
-386.45,4.755,53.365
-386.47,4.7533,54.299
-386.49,4.7506,55.225
-386.51,4.7405,56.138
-386.53,4.715,57.042
-386.55,4.6877,57.944
-386.57,4.6681,58.837
-386.6,4.6363,59.716
-386.61,4.6043,60.579
-386.61,4.5684,61.427
-386.6,4.535,62.26
-386.59,4.4886,63.079
-386.55,4.4538,63.882
-386.46,4.4007,64.666
-386.37,4.3612,65.434
-386.25,4.3109,66.193
-386.11,4.259,66.935
-385.91,4.1851,67.648
-385.73,4.1253,68.357
-385.5,4.065,69.028
-385.25,4.0133,69.695
-384.95,3.9625,70.321
-384.64,3.9095,70.954
-384.34,3.868,71.574
-384,3.8254,72.144
-383.68,3.7913,72.724
-383.34,3.7431,73.255
-383.01,3.6863,73.807
-382.68,3.6217,74.347
-382.3,3.572,74.819
-381.92,3.5259,75.316
-381.49,3.4921,75.737
-381.09,3.4387,76.192
-380.64,3.4039,76.576
-380.22,3.3734,76.988
-379.77,3.3508,77.364
-379.29,3.3208,77.675
-378.8,3.2882,77.991
-378.27,3.2542,78.252
-377.73,3.2195,78.522
-377.17,3.183,78.774
-376.57,3.1482,78.987
-375.98,3.1076,79.196
-375.37,3.0595,79.383
-374.73,3.0213,79.538
-374.09,2.9845,79.7
-373.42,2.9569,79.828
-372.74,2.921,79.942
-372.04,2.891,80.039
-371.33,2.8626,80.12
-370.61,2.8243,80.2
-369.88,2.7899,80.276
-369.13,2.7501,80.348
-368.37,2.712,80.416
-367.6,2.6753,80.472
-366.82,2.6433,80.522
-366.03,2.6145,80.571
-365.23,2.5885,80.613
-364.42,2.5522,80.648
-363.6,2.5114,80.673
-362.77,2.4662,80.692
-361.92,2.4178,80.707
-361.07,2.3653,80.716
-360.21,2.3285,80.719
-359.34,2.2935,80.716
-358.47,2.2675,80.706
-357.6,2.2518,80.688
-356.72,2.2388,80.664
-355.83,2.2168,80.638
-354.94,2.1931,80.612
-354.05,2.1736,80.584
-353.16,2.1561,80.554
-352.26,2.1323,80.523
-351.36,2.101,80.493
-350.45,2.0647,80.466
-349.55,2.038,80.441
-348.66,2.015,80.418
-347.76,1.9797,80.398
-346.87,1.9437,80.381
-345.97,1.9077,80.371
-345.09,1.8749,80.371
-344.2,1.8379,80.375
-343.31,1.7911,80.385
-342.42,1.7477,80.403
-341.54,1.7071,80.427
-340.65,1.6651,80.456
-339.77,1.6201,80.483
-338.89,1.5726,80.512
-338.01,1.525,80.541
-337.14,1.4804,80.575
-336.27,1.4417,80.613
-335.4,1.4054,80.655
-334.53,1.3667,80.693
-333.66,1.3334,80.734
-332.79,1.3046,80.777
-331.93,1.2793,80.825
-331.07,1.2413,80.861
-330.2,1.2072,80.893
-329.33,1.1679,80.918
-328.46,1.1338,80.945
-327.61,1.098,80.971
-326.74,1.0584,80.991
-325.87,1.0143,81.01
-325,0.96571,81.023
-324.14,0.91914,81.039
-323.28,0.87554,81.052
-322.42,0.84115,81.072
-321.56,0.80752,81.091
-320.71,0.78485,81.121
-319.86,0.76043,81.153
-319.01,0.73525,81.19
-318.16,0.70315,81.226
-317.3,0.67449,81.264
-316.45,0.65297,81.308
-315.6,0.63013,81.356
-314.76,0.6106,81.403
-313.91,0.58376,81.445
-313.07,0.55969,81.488
-312.23,0.53885,81.533
-311.39,0.52535,81.58
-310.55,0.50703,81.622
-309.72,0.48856,81.663
-308.88,0.46591,81.707
-308.05,0.44821,81.756
-307.21,0.41651,81.802
-306.38,0.39067,81.849
-305.55,0.369,81.898
-304.72,0.3432,81.943
-303.89,0.31068,81.994
-303.05,0.27674,82.044
-302.22,0.24267,82.101
-301.38,0.20635,82.158
-300.53,0.1819,82.215
-299.69,0.15453,82.27
-298.83,0.11847,82.326
-297.97,0.079295,82.383
-297.1,0.034598,82.443
-296.24,-0.0073323,82.504
-295.37,-0.046119,82.568
-294.49,-0.092033,82.625
-293.59,-0.13895,82.683
-292.69,-0.1839,82.743
-291.78,-0.2241,82.8
-290.88,-0.25639,82.853
-289.96,-0.29187,82.902
-289.05,-0.32532,82.948
-288.12,-0.35808,82.988
-287.19,-0.3804,83.021
-286.26,-0.40305,83.045
-285.31,-0.43204,83.062
-284.36,-0.47014,83.073
-283.41,-0.50621,83.081
-282.46,-0.53076,83.089
-281.51,-0.56172,83.095
-280.56,-0.59861,83.1
-279.61,-0.63155,83.105
-278.67,-0.66402,83.107
-277.73,-0.69654,83.108
-276.8,-0.72545,83.108
-275.87,-0.75995,83.106
-274.96,-0.79234,83.103
-274.05,-0.82436,83.1
-273.15,-0.85455,83.094
-272.25,-0.89085,83.079
-271.35,-0.93071,83.055
-270.46,-0.97328,83.027
-269.57,-1.0125,83
-268.68,-1.049,82.971
-267.79,-1.0872,82.944
-266.9,-1.1261,82.923
-266.03,-1.1581,82.904
-265.16,-1.1853,82.89
-264.29,-1.2172,82.876
-263.42,-1.2498,82.873
-262.55,-1.281,82.875
-261.68,-1.3082,82.886
-260.8,-1.3315,82.903
-259.93,-1.3551,82.926
-259.05,-1.3838,82.954
-258.17,-1.4155,82.99
-257.28,-1.4511,83.033
-256.4,-1.4884,83.085
-255.51,-1.5265,83.146
-254.62,-1.5629,83.213
-253.73,-1.6041,83.291
-252.84,-1.643,83.374
-251.95,-1.682,83.463
-251.05,-1.7267,83.551
-250.15,-1.7721,83.638
-249.25,-1.8186,83.726
-248.34,-1.8632,83.816
-247.44,-1.9012,83.911
-246.53,-1.9457,84.006
-245.62,-1.9919,84.096
-244.71,-2.0372,84.179
-243.81,-2.0818,84.256
-242.91,-2.1263,84.323
-242,-2.1743,84.383
-241.1,-2.2211,84.432
-240.2,-2.2694,84.477
-239.31,-2.3139,84.515
-238.43,-2.3516,84.544
-237.55,-2.3939,84.563
-236.66,-2.4367,84.568
-235.78,-2.4801,84.562
-234.9,-2.522,84.549
-234.03,-2.5609,84.526
-233.16,-2.6031,84.495
-232.3,-2.6473,84.454
-231.44,-2.6904,84.406
-230.59,-2.7302,84.356
-229.75,-2.7691,84.306
-228.92,-2.8054,84.256
-228.11,-2.8408,84.205
-227.31,-2.8722,84.154
-226.54,-2.9029,84.105
-225.78,-2.933,84.059
-225.04,-2.9665,84.016
-224.32,-3.0016,83.973
-223.63,-3.038,83.931
-222.96,-3.074,83.891
-222.32,-3.1139,83.853
-221.7,-3.1483,83.816
-221.11,-3.1864,83.783
-220.53,-3.2269,83.749
-219.97,-3.2668,83.712
-219.44,-3.299,83.682
-218.91,-3.3346,83.655
-218.42,-3.3629,83.636
-217.94,-3.3943,83.621
-217.49,-3.4257,83.615
-217.05,-3.4714,83.615
-216.62,-3.525,83.621
-216.2,-3.5745,83.664
-215.79,-3.6302,83.724
-215.38,-3.6679,83.784
-214.98,-3.7068,83.891
-214.58,-3.7425,84.018
-214.19,-3.7751,84.139
-213.81,-3.7999,84.303
-213.45,-3.8298,84.453
-213.1,-3.8615,84.647
-212.77,-3.8905,84.852
-212.44,-3.911,85.036
-212.12,-3.9297,85.263
-211.82,-3.9498,85.505
-211.52,-3.9711,85.728
-211.23,-3.9947,86
-210.94,-4.0101,86.249
-210.67,-4.0233,86.555
-210.39,-4.0417,86.88
-210.11,-4.0579,87.191
-209.87,-4.0794,87.574
-209.62,-4.0997,87.987
-209.38,-4.1184,88.379
-209.14,-4.142,88.832
-208.9,-4.1765,89.275
-208.69,-4.2023,89.786
-208.49,-4.2207,90.324
-208.3,-4.2389,90.86
-208.12,-4.2572,91.447
-207.93,-4.283,92.032
-207.77,-4.3029,92.663
-207.64,-4.3284,93.318
-207.51,-4.3507,93.974
-207.42,-4.3725,94.672
-207.34,-4.3972,95.378
-207.28,-4.4284,96.126
-207.23,-4.4573,96.9
-207.2,-4.475,97.677
-207.18,-4.4916,98.479
-207.18,-4.5046,99.289
-207.18,-4.5262,100.12
-207.18,-4.5429,100.97
-207.2,-4.5576,101.84
-207.24,-4.5759,102.73
-207.28,-4.592,103.65
-207.32,-4.6048,104.57
-207.36,-4.6223,105.5
-207.39,-4.6387,106.43
-207.42,-4.6622,107.37
-207.45,-4.6901,108.32
-207.47,-4.7205,109.28
-207.49,-4.7483,110.24
-207.5,-4.7773,111.21
-207.51,-4.8065,112.19
-207.5,-4.8275,113.17
-207.5,-4.8467,114.15
-207.49,-4.8636,115.12
-207.48,-4.8837,116.08
-207.47,-4.9127,117.04
-207.45,-4.9057,117.99
-207.39,-4.7945,118.89
-207.36,-4.742,119.82
-207.31,-4.6705,120.73
-207.27,-4.6434,121.66
-207.23,-4.6117,122.58
-207.21,-4.6035,123.51
-207.18,-4.5919,124.44
-207.17,-4.5881,125.36
-207.16,-4.5914,126.28
-207.15,-4.5968,127.18
-207.15,-4.6102,128.09
-207.15,-4.625,128.97
-207.15,-4.6424,129.83
-207.16,-4.6556,130.68
-207.17,-4.681,131.51
-207.18,-4.706,132.31
-207.19,-4.7294,133.1
-207.21,-4.7512,133.86
-207.23,-4.7772,134.6
-207.26,-4.8,135.31
-207.29,-4.8199,136
-207.32,-4.8417,136.66
-207.36,-4.8615,137.29
-207.4,-4.88,137.9
-207.46,-4.8963,138.48
-207.52,-4.9129,139.04
-207.59,-4.9328,139.58
-207.68,-4.9525,140.1
-207.79,-4.9673,140.62
-207.91,-4.9804,141.15
-208.04,-4.9952,141.65
-208.2,-5.0141,142.16
-208.37,-5.0294,142.63
-208.57,-5.0403,143.11
-208.8,-5.0473,143.59
-209.03,-5.051,144.02
-209.3,-5.0624,144.47
-209.58,-5.0678,144.91
-209.86,-5.0693,145.3
-210.17,-5.0676,145.71
-210.51,-5.0644,146.12
-210.86,-5.0531,146.48
-211.24,-5.0422,146.88
-211.64,-5.033,147.22
-212.07,-5.0233,147.6
-212.52,-5.0129,147.96
-212.99,-5.0019,148.24
-213.49,-4.9816,148.57
-214.02,-4.9639,148.88
-214.56,-4.9468,149.1
-215.15,-4.9339,149.36
-215.75,-4.9132,149.54
-216.38,-4.8946,149.75
-217.03,-4.8796,149.93
-217.68,-4.857,150.05
-218.36,-4.8308,150.18
-219.05,-4.806,150.27
-219.77,-4.7782,150.36
-220.5,-4.7492,150.43
-221.24,-4.7204,150.48
-221.99,-4.6891,150.53
-222.76,-4.6544,150.56
-223.54,-4.6192,150.59
-224.33,-4.5826,150.62
-225.13,-4.5457,150.64
-225.94,-4.5091,150.67
-226.76,-4.4724,150.7
-227.6,-4.438,150.73
-228.44,-4.4016,150.76
-229.3,-4.3632,150.8
-230.18,-4.3236,150.84
-231.06,-4.283,150.87
-231.96,-4.2404,150.91
-232.87,-4.1976,150.95
-233.8,-4.1521,151
-234.73,-4.1052,151.04
-235.69,-4.0594,151.08
-236.66,-4.0132,151.13
-237.64,-3.9649,151.18
-238.63,-3.9157,151.22
-239.65,-3.8633,151.26
-240.67,-3.811,151.29
-241.71,-3.758,151.32
-242.76,-3.7061,151.35
-243.82,-3.6503,151.36
-244.89,-3.5939,151.37
-245.98,-3.5359,151.37
-247.07,-3.4818,151.36
-248.15,-3.4282,151.34
-249.23,-3.3765,151.32
-250.31,-3.3295,151.28
-251.39,-3.2852,151.25
-252.47,-3.2422,151.2
-253.55,-3.1964,151.15
-254.63,-3.1495,151.08
-255.71,-3.1066,151.02
-256.78,-3.0615,150.94
-257.86,-3.0156,150.86
-258.92,-2.9669,150.78
-259.96,-2.917,150.69
-260.99,-2.87,150.6
-262,-2.8261,150.51
-263,-2.7826,150.42
-263.98,-2.7408,150.34
-264.93,-2.6978,150.25
-265.86,-2.6547,150.17
-266.77,-2.6126,150.09
-267.65,-2.5737,150.01
-268.52,-2.54,149.93
-269.37,-2.5049,149.87
-270.21,-2.4699,149.81
-271.06,-2.4336,149.75
-271.91,-2.3973,149.7
-272.76,-2.361,149.64
-273.6,-2.3261,149.59
-274.43,-2.2914,149.55
-275.26,-2.2571,149.5
-276.09,-2.2227,149.46
-276.92,-2.1855,149.42
-277.75,-2.1479,149.39
-278.57,-2.1081,149.36
-279.39,-2.0663,149.34
-280.21,-2.0219,149.32
-281.03,-1.9729,149.3
-281.84,-1.9261,149.28
-282.67,-1.8792,149.27
-283.5,-1.8357,149.26
-284.33,-1.7905,149.25
-285.17,-1.7464,149.24
-286.01,-1.7034,149.23
-286.85,-1.6599,149.22
-287.69,-1.6153,149.21
-288.54,-1.5714,149.19
-289.37,-1.5297,149.18
-290.21,-1.488,149.16
-291.04,-1.4468,149.14
-291.87,-1.406,149.11
-292.7,-1.3658,149.09
-293.53,-1.3259,149.06
-294.37,-1.2866,149.04
-295.2,-1.2498,149
-296.05,-1.211,148.97
-296.9,-1.1676,148.95
-297.76,-1.1258,148.92
-298.63,-1.0823,148.89
-299.5,-1.0342,148.86
-300.37,-0.98627,148.83
-301.26,-0.94119,148.8
-302.15,-0.89652,148.76
-303.06,-0.85054,148.73
-303.97,-0.80486,148.7
-304.89,-0.75893,148.66
-305.82,-0.71132,148.63
-306.76,-0.6646,148.6
-307.7,-0.61975,148.57
-308.64,-0.57806,148.53
-309.59,-0.5369,148.5
-310.54,-0.4968,148.47
-311.49,-0.45853,148.44
-312.45,-0.42008,148.42
-313.4,-0.38251,148.39
-314.35,-0.34496,148.36
-315.3,-0.30643,148.33
-316.25,-0.26825,148.31
-317.2,-0.23735,148.29
-318.15,-0.20334,148.27
-319.09,-0.16421,148.25
-320.02,-0.1239,148.22
-320.95,-0.085093,148.19
-321.87,-0.045926,148.16
-322.8,-0.0059577,148.13
-323.73,0.031694,148.11
-324.64,0.068608,148.08
-325.56,0.11045,148.06
-326.47,0.15207,148.04
-327.38,0.1908,148.02
-328.28,0.2289,147.99
-329.18,0.26867,147.97
-330.08,0.31662,147.94
-330.99,0.37299,147.92
-331.88,0.42476,147.9
-332.77,0.47942,147.88
-333.63,0.5224,147.87
-334.49,0.56436,147.86
-335.34,0.60312,147.85
-336.19,0.64058,147.84
-337.06,0.67275,147.83
-337.92,0.70477,147.82
-338.77,0.74007,147.81
-339.62,0.77738,147.79
-340.46,0.81887,147.77
-341.3,0.86009,147.75
-342.14,0.89867,147.73
-342.98,0.94417,147.7
-343.81,0.99374,147.67
-344.66,1.0416,147.64
-345.51,1.0898,147.6
-346.37,1.1313,147.56
-347.23,1.1708,147.53
-348.09,1.2132,147.5
-348.95,1.2613,147.47
-349.82,1.3083,147.43
-350.7,1.356,147.39
-351.58,1.4027,147.34
-352.47,1.4477,147.29
-353.36,1.4934,147.25
-354.25,1.5369,147.21
-355.14,1.5796,147.17
-356.04,1.6243,147.12
-356.93,1.6674,147.08
-357.82,1.7151,147.03
-358.71,1.7636,146.99
-359.6,1.809,146.95
-360.48,1.8491,146.91
-361.37,1.8906,146.87
-362.24,1.9339,146.83
-363.12,1.9789,146.78
-364,2.0233,146.75
-364.87,2.066,146.71
-365.74,2.1063,146.68
-366.59,2.1507,146.65
-367.44,2.1979,146.63
-368.28,2.2374,146.61
-369.1,2.275,146.59
-369.91,2.3178,146.57
-370.71,2.3586,146.56
-371.5,2.3972,146.55
-372.27,2.4308,146.55
-373.01,2.461,146.56
-373.73,2.493,146.57
-374.43,2.524,146.6
-375.11,2.5455,146.64
-375.77,2.5664,146.69
-376.4,2.5859,146.75
-377.01,2.6065,146.84
-377.59,2.6267,146.92
-378.16,2.6487,147.03
-378.7,2.6689,147.13
-379.23,2.685,147.25
-379.73,2.6992,147.37
-380.21,2.711,147.52
-380.68,2.7167,147.68
-381.12,2.7285,147.84
-381.57,2.7328,148.05
-381.98,2.7398,148.24
-382.41,2.7486,148.48
-382.8,2.7534,148.69
-383.19,2.7558,148.97
-383.56,2.7625,149.26
-383.9,2.767,149.53
-384.26,2.7737,149.83
-384.59,2.7725,150.11
-384.94,2.7709,150.45
-385.26,2.7628,150.82
-385.56,2.7662,151.19
-385.88,2.7702,151.63
-386.19,2.7699,152.03
-386.52,2.7757,152.5
-386.83,2.7656,153.01
-387.09,2.7578,153.51
-387.36,2.7517,154.08
-387.57,2.7449,154.63
-387.8,2.731,155.26
-388,2.7135,155.9
-388.16,2.6951,156.54
-388.33,2.6781,157.23
-388.46,2.661,157.91
-388.58,2.6423,158.64
-388.69,2.6222,159.39
-388.77,2.6034,160.15
-388.85,2.5845,160.93
-388.91,2.5633,161.73
-388.96,2.5421,162.54
-389,2.5211,163.37
-389.03,2.5004,164.22
-389.06,2.4755,165.1
-389.09,2.4499,165.99
-389.11,2.423,166.9
-389.13,2.3953,167.82
-389.15,2.3663,168.76
-389.18,2.3302,169.7
-389.2,2.2906,170.66
-389.23,2.2505,171.63
-389.25,2.2124,172.6
-389.26,2.176,173.59
-389.28,2.1423,174.57
-389.29,2.111,175.57
-389.31,2.0769,176.55
-389.32,2.0412,177.54
-389.34,2.0064,178.52
-389.36,1.9725,179.5
-389.39,1.9358,180.49
-389.41,1.8993,181.47
-389.43,1.8621,182.44
-389.46,1.8238,183.42
-389.48,1.7876,184.4
-389.5,1.7526,185.37
-389.51,1.7204,186.34
-389.53,1.6901,187.3
-389.56,1.6638,188.26
-389.58,1.6367,189.21
-389.6,1.6113,190.15
-389.62,1.5838,191.07
-389.64,1.5578,191.98
-389.65,1.53,192.87
-389.66,1.5013,193.73
-389.68,1.4673,194.56
-389.69,1.4349,195.38
-389.7,1.4025,196.18
-389.7,1.3686,196.97
-389.71,1.3361,197.73
-389.7,1.3098,198.46
-389.67,1.2886,199.18
-389.64,1.2669,199.88
-389.58,1.2486,200.56
-389.51,1.2265,201.24
-389.41,1.2031,201.89
-389.29,1.183,202.56
-389.13,1.1608,203.17
-388.96,1.1393,203.82
-388.76,1.1119,204.47
-388.5,1.0822,205.03
-388.24,1.0522,205.64
-387.92,1.0206,206.17
-387.6,0.98566,206.75
-387.23,0.94986,207.25
-386.85,0.9143,207.78
-386.45,0.87885,208.29
-385.99,0.83723,208.73
-385.52,0.79989,209.2
-385.01,0.76443,209.59
-384.49,0.72059,210.03
-383.94,0.67808,210.44
-383.35,0.63552,210.77
-382.77,0.59326,211.13
-382.14,0.55285,211.43
-381.5,0.51486,211.73
-380.85,0.47503,212.02
-380.16,0.43403,212.26
-379.47,0.39216,212.51
-378.74,0.35189,212.71
-378.01,0.31701,212.91
-377.25,0.27467,213.1
-376.47,0.23413,213.26
-375.68,0.19104,213.41
-374.87,0.14968,213.56
-374.04,0.11005,213.68
-373.2,0.072498,213.81
-372.33,0.031836,213.92
-371.46,-0.010287,214.03
-370.56,-0.051926,214.13
-369.65,-0.088595,214.22
-368.73,-0.12594,214.3
-367.8,-0.16231,214.39
-366.86,-0.20087,214.47
-365.91,-0.23841,214.55
-364.94,-0.2757,214.63
-363.97,-0.31478,214.7
-362.99,-0.35363,214.77
-362,-0.3926,214.85
-361,-0.4352,214.92
-360,-0.47767,214.98
-358.99,-0.51888,215.04
-357.97,-0.56399,215.09
-356.95,-0.60711,215.14
-355.92,-0.6502,215.19
-354.88,-0.69175,215.23
-353.84,-0.73455,215.27
-352.81,-0.77424,215.3
-351.77,-0.8123,215.32
-350.73,-0.8477,215.34
-349.69,-0.8852,215.36
-348.66,-0.92458,215.38
-347.62,-0.96774,215.4
-346.59,-1.0138,215.41
-345.54,-1.0556,215.43
-344.5,-1.0957,215.44
-343.47,-1.1354,215.44
-342.44,-1.1731,215.44
-341.4,-1.2079,215.43
-340.37,-1.2509,215.42
-339.34,-1.2916,215.4
-338.31,-1.3306,215.37
-337.28,-1.3696,215.34
-336.25,-1.4113,215.3
-335.22,-1.4561,215.26
-334.2,-1.4971,215.21
-333.19,-1.5374,215.15
-332.18,-1.5786,215.09
-331.16,-1.6236,215.04
-330.13,-1.6692,214.98
-329.11,-1.7094,214.92
-328.1,-1.7487,214.86
-327.09,-1.7862,214.81
-326.08,-1.8322,214.75
-325.07,-1.8833,214.71
-324.05,-1.9349,214.67
-323.04,-1.9839,214.65
-322.02,-2.0357,214.62
-321.01,-2.091,214.6
-320,-2.1464,214.59
-318.98,-2.2035,214.59
-317.96,-2.2587,214.6
-316.95,-2.3142,214.61
-315.93,-2.368,214.64
-314.92,-2.4289,214.67
-313.89,-2.4867,214.7
-312.87,-2.5476,214.75
-311.86,-2.603,214.8
-310.83,-2.6593,214.85
-309.82,-2.7147,214.91
-308.79,-2.7699,214.96
-307.77,-2.8227,215.02
-306.74,-2.8746,215.08
-305.71,-2.923,215.15
-304.68,-2.9673,215.21
-303.66,-3.0111,215.27
-302.64,-3.0559,215.34
-301.62,-3.0992,215.4
-300.6,-3.144,215.47
-299.58,-3.1942,215.54
-298.56,-3.2391,215.6
-297.55,-3.2832,215.66
-296.54,-3.3266,215.72
-295.52,-3.369,215.77
-294.52,-3.4122,215.82
-293.52,-3.4561,215.88
-292.52,-3.5013,215.93
-291.54,-3.5463,215.98
-290.54,-3.5895,216.03
-289.57,-3.6327,216.08
-288.61,-3.6768,216.13
-287.65,-3.7214,216.17
-286.69,-3.7669,216.21
-285.73,-3.8152,216.25
-284.78,-3.8639,216.29
-283.84,-3.9116,216.32
-282.91,-3.959,216.35
-281.99,-4.0016,216.38
-281.08,-4.0439,216.41
-280.17,-4.0867,216.44
-279.28,-4.1295,216.46
-278.38,-4.1688,216.48
-277.5,-4.2116,216.5
-276.62,-4.2546,216.51
-275.75,-4.2978,216.52
-274.89,-4.3423,216.54
-274.04,-4.3843,216.55
-273.21,-4.428,216.56
-272.39,-4.4693,216.57
-271.58,-4.5088,216.59
-270.79,-4.5483,216.6
-270,-4.5883,216.61
-269.22,-4.6253,216.62
-268.45,-4.6634,216.63
-267.69,-4.7016,216.64
-266.95,-4.7401,216.65
-266.21,-4.7776,216.67
-265.48,-4.8159,216.68
-264.77,-4.8526,216.7
-264.06,-4.886,216.72
-263.36,-4.9176,216.73
-262.66,-4.9494,216.75
-261.98,-4.9857,216.76
-261.31,-5.019,216.77
-260.65,-5.0507,216.79
-260.01,-5.0807,216.81
-259.37,-5.1092,216.82
-258.74,-5.1384,216.83
-258.12,-5.1664,216.85
-257.51,-5.1897,216.86
-256.91,-5.2138,216.88
-256.32,-5.236,216.89
-255.74,-5.257,216.91
-255.16,-5.2786,216.92
-254.59,-5.302,216.94
-254.03,-5.3258,216.95
-253.47,-5.3502,216.96
-252.91,-5.3742,216.97
-252.36,-5.3987,216.98
-251.81,-5.4252,216.99
-251.26,-5.4518,217
-250.71,-5.4776,217.01
-250.17,-5.5052,217.02
-249.62,-5.5296,217.03
-249.08,-5.555,217.05
-248.54,-5.5812,217.06
-248,-5.61,217.08
-247.46,-5.6382,217.09
-246.93,-5.6656,217.11
-246.39,-5.691,217.12
-245.86,-5.715,217.14
-245.33,-5.737,217.16
-244.8,-5.7593,217.18
-244.28,-5.7827,217.2
-243.75,-5.8097,217.22
-243.24,-5.8402,217.24
-242.72,-5.8715,217.27
-242.21,-5.9001,217.28
-241.7,-5.9282,217.3
-241.18,-5.9586,217.32
-240.67,-5.9892,217.35
-240.16,-6.0174,217.38
-239.65,-6.0457,217.4
-239.13,-6.0739,217.42
-238.62,-6.105,217.45
-238.12,-6.1379,217.47
-237.61,-6.1695,217.5
-237.1,-6.2003,217.52
-236.59,-6.2321,217.54
-236.08,-6.2695,217.56
-235.57,-6.307,217.58
-235.05,-6.3442,217.6
-234.53,-6.3788,217.61
-234.01,-6.4147,217.63
-233.49,-6.4493,217.65
-232.96,-6.4835,217.66
-232.43,-6.5143,217.68
-231.89,-6.5421,217.69
-231.36,-6.564,217.7
-230.82,-6.5871,217.71
-230.28,-6.6053,217.72
-229.75,-6.623,217.72
-229.21,-6.6337,217.73
-228.68,-6.6484,217.73
-228.15,-6.6629,217.74
-227.62,-6.6793,217.74
-227.09,-6.6947,217.75
-226.57,-6.7103,217.75
-226.04,-6.7217,217.75
-225.51,-6.7387,217.74
-224.99,-6.7572,217.73
-224.47,-6.7762,217.72
-223.96,-6.7923,217.7
-223.44,-6.8047,217.68
-222.94,-6.8206,217.65
-222.46,-6.8369,217.6
-221.98,-6.8565,217.55
-221.52,-6.8738,217.5
-221.07,-6.8948,217.43
-220.63,-6.9181,217.35
-220.2,-6.9415,217.26
-219.78,-6.9654,217.18
-219.39,-6.988,217.08
-219.02,-7.0101,216.98
-218.66,-7.0294,216.88
-218.32,-7.0425,216.77
-218,-7.0538,216.67
-217.69,-7.0654,216.56
-217.38,-7.0751,216.44
-217.07,-7.085,216.32
-216.78,-7.0926,216.17
-216.5,-7.1004,216.03
-216.22,-7.1085,215.88
-215.96,-7.1167,215.71
-215.7,-7.1275,215.55
-215.45,-7.1373,215.36
-215.22,-7.137,215.19
-214.99,-7.1398,214.98
-214.76,-7.1375,214.78
-214.53,-7.1351,214.58
-214.29,-7.127,214.31
-214.08,-7.1212,214.07
-213.86,-7.1168,213.75
-213.66,-7.1157,213.47
-213.46,-7.1186,213.18
-213.26,-7.1113,212.82
-213.08,-7.108,212.49
-212.91,-7.0975,212.09
-212.75,-7.09,211.71
-212.59,-7.0747,211.28
-212.45,-7.0669,210.87
-212.33,-7.0533,210.43
-212.22,-7.0407,209.94
-212.11,-7.0249,209.46
-212.01,-7.0051,208.93
-211.93,-6.9962,208.4
-211.86,-6.9897,207.84
-211.8,-6.9842,207.24
-211.77,-6.968,206.64
-211.74,-6.9497,206.03
-211.73,-6.9332,205.38
-211.73,-6.9172,204.72
-211.74,-6.8997,204.03
-211.75,-6.8782,203.34
-211.76,-6.8555,202.61
-211.77,-6.8282,201.87
-211.78,-6.7965,201.11
-211.78,-6.7666,200.33
-211.8,-6.7328,199.53
-211.8,-6.6973,198.72
-211.8,-6.6615,197.88
-211.79,-6.629,197.03
-211.78,-6.5926,196.16
-211.77,-6.5488,195.27
-211.76,-6.5125,194.37
-211.74,-6.4755,193.47
-211.72,-6.4418,192.56
-211.7,-6.413,191.63
-211.68,-6.3845,190.7
-211.65,-6.3561,189.76
-211.63,-6.3242,188.82
-211.6,-6.2879,187.87
-211.57,-6.2495,186.93
-211.54,-6.212,185.99
-211.51,-6.1742,185.05
-211.47,-6.1331,184.11
-211.44,-6.09,183.17
-211.42,-6.0472,182.23
-211.39,-6.0143,181.3
-211.36,-5.9806,180.37
-211.33,-5.9524,179.45
-211.3,-5.9271,178.53
-211.26,-5.9045,177.6
-211.23,-5.8829,176.67
-211.2,-5.8575,175.75
-211.17,-5.8293,174.83
-211.14,-5.8016,173.92
-211.11,-5.7746,173.02
-211.07,-5.7481,172.13
-211.03,-5.725,171.26
-210.99,-5.7039,170.4
-210.94,-5.6851,169.55
-210.89,-5.6648,168.71
-210.85,-5.6487,167.9
-210.81,-5.6277,167.12
-210.77,-5.6042,166.36
-210.73,-5.5859,165.61
-210.68,-5.5707,164.89
-210.63,-5.5565,164.19
-210.58,-5.5398,163.51
-210.52,-5.524,162.83
-210.47,-5.5132,162.17
-210.42,-5.5013,161.52
-210.37,-5.4842,160.88
-210.32,-5.4676,160.28
-210.28,-5.4574,159.69
-210.24,-5.4484,159.14
-210.22,-5.4387,158.62
-210.2,-5.4279,158.13
-210.18,-5.4144,157.65
-210.16,-5.4052,157.19
-210.14,-5.3973,156.72
-210.12,-5.3846,156.26
-210.1,-5.3716,155.8
-210.08,-5.3535,155.34
-210.06,-5.3388,154.89
-210.04,-5.3301,154.45
-210.01,-5.3242,154.01
-209.98,-5.3172,153.57
-209.95,-5.308,153.14
-209.92,-5.2949,152.71
-209.89,-5.2787,152.27
-209.86,-5.2661,151.83
-209.81,-5.26,151.37
-209.77,-5.2563,150.9
-209.72,-5.2495,150.42
-209.68,-5.2353,149.94
-209.62,-5.2174,149.45
-209.55,-5.1989,148.95
-209.48,-5.1805,148.44
-209.4,-5.1604,147.91
-209.33,-5.1396,147.37
-209.25,-5.12,146.82
-209.17,-5.0997,146.25
-209.1,-5.0771,145.67
-209.02,-5.0532,145.07
-208.94,-5.0285,144.45
-208.86,-5.0034,143.82
-208.79,-4.9797,143.16
-208.71,-4.9582,142.5
-208.64,-4.9347,141.81
-208.56,-4.9061,141.12
-208.5,-4.8774,140.4
-208.45,-4.852,139.67
-208.42,-4.823,138.92
-208.39,-4.7937,138.15
-208.38,-4.767,137.37
-208.38,-4.7353,136.57
-208.39,-4.7006,135.75
-208.41,-4.6687,134.91
-208.43,-4.6373,134.06
-208.46,-4.6016,133.19
-208.49,-4.5661,132.31
-208.52,-4.5293,131.41
-208.55,-4.4908,130.5
-208.59,-4.4503,129.58
-208.64,-4.4123,128.65
-208.68,-4.3727,127.71
-208.72,-4.3315,126.75
-208.76,-4.2943,125.78
-208.81,-4.2532,124.79
-208.85,-4.2115,123.79
-208.89,-4.1684,122.79
-208.93,-4.1261,121.79
-208.95,-4.0772,120.78
-208.98,-4.0313,119.77
-208.99,-3.9857,118.77
-209,-3.9408,117.77
-209.01,-3.8988,116.76
-209.01,-3.8593,115.75
-208.99,-3.8222,114.75
-208.97,-3.7842,113.75
-208.94,-3.7467,112.76
-208.91,-3.7143,111.78
-208.88,-3.6837,110.79
-208.84,-3.6567,109.81
-208.8,-3.628,108.83
-208.75,-3.6002,107.86
-208.71,-3.5713,106.91
-208.67,-3.5476,105.98
-208.64,-3.5306,105.06
-208.61,-3.51,104.16
-208.58,-3.4867,103.29
-208.55,-3.4649,102.44
-208.52,-3.4465,101.61
-208.49,-3.4287,100.81
-208.45,-3.4083,100.04
-208.41,-3.391,99.292
-208.37,-3.3741,98.575
-208.34,-3.3595,97.889
-208.3,-3.345,97.231
-208.28,-3.3312,96.604
-208.26,-3.3188,96.009
-208.24,-3.3069,95.441
-208.22,-3.2916,94.907
-208.21,-3.2745,94.402
-208.19,-3.258,93.929
-208.17,-3.2424,93.479
-208.17,-3.2297,93.045
-208.17,-3.2177,92.62
-208.16,-3.2063,92.199
-208.13,-3.1964,91.779
-208.11,-3.1859,91.359
-208.1,-3.1731,90.94
-208.1,-3.1596,90.521
-208.1,-3.1483,90.108
-208.09,-3.1419,89.702
-208.08,-3.1401,89.298
-208.06,-3.133,88.899
-208.04,-3.1166,88.497
-208.02,-3.0932,88.094
-207.99,-3.0762,87.686
-207.95,-3.0688,87.271
-207.92,-3.0675,86.851
-207.89,-3.0602,86.425
-207.85,-3.0474,85.99
-207.81,-3.0324,85.552
-207.75,-3.0202,85.106
-207.69,-3.0113,84.646
-207.63,-3.0043,84.17
-207.57,-2.9997,83.679
-207.51,-2.9949,83.176
-207.44,-2.9931,82.659
-207.36,-2.9904,82.128
-207.28,-2.9894,81.589
-207.2,-2.9857,81.036
-207.12,-2.9833,80.467
-207.04,-2.9745,79.88
-206.96,-2.9644,79.279
-206.89,-2.956,78.658
-206.81,-2.9476,78.021
-206.73,-2.9356,77.374
-206.65,-2.9198,76.721
-206.58,-2.9018,76.056
-206.53,-2.8848,75.38
-206.47,-2.8722,74.687
-206.43,-2.8607,73.982
-206.4,-2.85,73.262
-206.39,-2.8409,72.537
-206.39,-2.8347,71.802
-206.4,-2.8218,71.052
-206.43,-2.8056,70.298
-206.47,-2.7901,69.532
-206.53,-2.775,68.767
-206.61,-2.7539,68.001
-206.7,-2.7313,67.222
-206.79,-2.7135,66.427
-206.89,-2.7016,65.623
-206.99,-2.6854,64.808
-207.09,-2.6639,63.983
-207.18,-2.644,63.145
-207.26,-2.6211,62.296
-207.34,-2.5962,61.445
-207.41,-2.5706,60.583
-207.48,-2.5455,59.715
-207.53,-2.5271,58.833
-207.57,-2.51,57.937
-207.6,-2.4909,57.03
-207.63,-2.4733,56.11
-207.65,-2.4569,55.185
-207.65,-2.4365,54.254
-207.66,-2.4165,53.321
-207.66,-2.4002,52.385
-207.65,-2.3773,51.437
-207.64,-2.3527,50.49
-207.62,-2.3308,49.546
-207.6,-2.3087,48.611
-207.59,-2.2823,47.669
-207.57,-2.2637,46.73
-207.55,-2.2419,45.79
-207.54,-2.2214,44.867
-207.53,-2.2084,43.952
-207.52,-2.1949,43.039
-207.5,-2.1811,42.125
-207.48,-2.1671,41.208
-207.46,-2.1458,40.292
-207.44,-2.1192,39.383
-207.42,-2.0917,38.484
-207.41,-2.0629,37.6
-207.41,-2.0378,36.727
-207.4,-2.0155,35.859
-207.4,-1.9966,34.999
-207.4,-1.9821,34.152
-207.39,-1.9647,33.324
-207.39,-1.9467,32.509
-207.39,-1.9318,31.711
-207.38,-1.9158,30.929
-207.37,-1.8985,30.171
-207.37,-1.8839,29.441
-207.37,-1.87,28.738
-207.36,-1.8553,28.061
-207.35,-1.8439,27.409
-207.34,-1.8371,26.78
-207.33,-1.8313,26.18
-207.3,-1.8199,25.608
-207.27,-1.8108,25.076
-207.24,-1.8038,24.567
-207.21,-1.7959,24.09
-207.18,-1.7883,23.638
-207.15,-1.7789,23.209
-207.12,-1.7724,22.8
-207.08,-1.7753,22.407
-207.04,-1.7791,22.034
-207,-1.7819,21.674
-206.95,-1.7847,21.323
-206.91,-1.7872,20.983
-206.85,-1.7926,20.654
-206.78,-1.8064,20.334
-206.71,-1.8209,20.026
-206.63,-1.829,19.725
-206.55,-1.8372,19.437
-206.47,-1.8415,19.154
-206.39,-1.8481,18.881
-206.29,-1.8544,18.615
-206.19,-1.864,18.346
-206.08,-1.8726,18.095
-205.96,-1.8818,17.852
-205.84,-1.8888,17.605
-205.72,-1.8865,17.377
-205.6,-1.8824,17.148
-205.47,-1.8782,16.939
-205.34,-1.8643,16.726
-205.18,-1.8564,16.5
-205.02,-1.8467,16.286
-204.84,-1.8422,16.071
-204.64,-1.8381,15.834
-204.43,-1.8382,15.609
-204.21,-1.8379,15.36
-203.96,-1.8404,15.126
-203.7,-1.8407,14.889
-203.41,-1.8389,14.632
-203.11,-1.8424,14.402
-202.79,-1.849,14.181
-202.45,-1.8593,13.939
-202.09,-1.8774,13.724
-201.71,-1.896,13.487
-201.32,-1.9176,13.278
-200.89,-1.9355,13.073
-200.44,-1.9528,12.855
-199.96,-1.97,12.655
-199.45,-1.9878,12.451
-198.92,-2.0071,12.255
-198.37,-2.0261,12.056
-197.8,-2.0419,11.848
-197.22,-2.0543,11.643
-196.61,-2.0729,11.438
-195.99,-2.0972,11.251
-195.35,-2.1223,11.083
-194.71,-2.1443,10.924
-194.08,-2.1658,10.8
-193.45,-2.1875,10.688
-192.84,-2.2115,10.609
-192.24,-2.2357,10.55
-191.66,-2.2466,10.51
-191.09,-2.2534,10.5
-190.51,-2.2599,10.493
-189.93,-2.2753,10.495
-189.35,-2.2923,10.503
-188.77,-2.3022,10.515
-188.2,-2.3164,10.519
-187.63,-2.3312,10.522
-187.05,-2.3505,10.531
-186.48,-2.3677,10.543
-185.9,-2.3868,10.563
-185.32,-2.4046,10.59
-184.72,-2.4277,10.617
-184.11,-2.4492,10.645
-183.48,-2.4742,10.673
-182.84,-2.4972,10.7
-182.18,-2.5244,10.731
-181.52,-2.5535,10.768
-180.84,-2.5842,10.808
-180.14,-2.613,10.849
-179.43,-2.6415,10.896
-178.71,-2.6728,10.946
-177.98,-2.7048,10.997
-177.23,-2.7399,11.053
-176.48,-2.7788,11.113
-175.7,-2.8175,11.172
-174.91,-2.8541,11.228
-174.1,-2.8961,11.284
-173.28,-2.94,11.344
-172.45,-2.9825,11.406
-171.62,-3.0252,11.479
-170.75,-3.0688,11.554
-169.88,-3.1132,11.633
-168.99,-3.1606,11.718
-168.09,-3.2043,11.807
-167.17,-3.2474,11.903
-166.25,-3.296,12.009
-165.31,-3.3467,12.121
-164.36,-3.3998,12.242
-163.39,-3.4578,12.365
-162.41,-3.5168,12.484
-161.41,-3.5766,12.605
-160.41,-3.6355,12.721
-159.4,-3.6939,12.841
-158.38,-3.7521,12.958
-157.34,-3.8096,13.07
-156.31,-3.861,13.172
-155.29,-3.913,13.266
-154.25,-3.9693,13.351
-153.21,-4.0245,13.419
-152.15,-4.0809,13.477
-151.1,-4.1318,13.517
-150.04,-4.1804,13.535
-148.98,-4.2258,13.534
-147.91,-4.2741,13.517
-146.84,-4.3242,13.488
-145.76,-4.3762,13.449
-144.68,-4.4271,13.407
-143.59,-4.4774,13.36
-142.51,-4.5303,13.324
-141.43,-4.5831,13.291
-140.33,-4.639,13.276
-139.22,-4.6938,13.264
-138.11,-4.7474,13.251
-136.99,-4.8015,13.239
-135.87,-4.858,13.235
-134.75,-4.9139,13.233
-133.62,-4.9684,13.235
-132.47,-5.0219,13.238
-131.32,-5.0736,13.245
-130.16,-5.1214,13.247
-129,-5.1689,13.25
-127.83,-5.2194,13.255
-126.65,-5.2717,13.257
-125.45,-5.3247,13.248
-124.25,-5.3764,13.238
-123.04,-5.429,13.231
-121.82,-5.4809,13.224
-120.6,-5.5316,13.216
-119.37,-5.5831,13.206
-118.14,-5.6377,13.197
-116.9,-5.6978,13.193
-115.63,-5.7631,13.195
-114.37,-5.8272,13.195
-113.09,-5.8891,13.199
-111.82,-5.9467,13.198
-110.55,-6.008,13.203
-109.28,-6.0722,13.212
-108,-6.14,13.223
-106.72,-6.2087,13.235
-105.43,-6.2763,13.232
-104.13,-6.335,13.222
-102.86,-6.3903,13.238
-101.59,-6.4487,13.27
-100.32,-6.5072,13.302
-99.052,-6.5706,13.344
-97.78,-6.6325,13.378
-96.512,-6.696,13.415
-95.238,-6.7586,13.445
-93.966,-6.8184,13.472
-92.694,-6.876,13.497
-91.42,-6.9306,13.53
-90.15,-6.983,13.576
-88.884,-7.0362,13.623
-87.619,-7.0911,13.674
-86.354,-7.146,13.721
-85.087,-7.1981,13.77
-83.825,-7.2506,13.812
-82.569,-7.3009,13.859
-81.31,-7.3513,13.9
-80.045,-7.4025,13.941
-78.784,-7.4556,13.984
-77.519,-7.507,14.027
-76.263,-7.5566,14.064
-75.014,-7.6037,14.097
-73.766,-7.652,14.131
-72.527,-7.705,14.17
-71.267,-7.7574,14.219
-70.013,-7.8124,14.266
-68.76,-7.8673,14.315
-67.519,-7.9208,14.359
-66.277,-7.9727,14.402
-65.042,-8.0291,14.448
-63.818,-8.0832,14.493
-62.605,-8.1433,14.542
-61.41,-8.2111,14.598
-60.206,-8.2775,14.651
-59.006,-8.3412,14.702
-57.813,-8.4018,14.753
-56.624,-8.4613,14.802
-55.446,-8.5229,14.856
-54.272,-8.5845,14.917
-53.139,-8.6476,14.988
-51.994,-8.7101,15.051
-50.863,-8.7684,15.112
-49.724,-8.8274,15.169
-48.59,-8.8847,15.23
-47.457,-8.9411,15.289
-46.331,-8.9977,15.349
-45.196,-9.0556,15.4
-44.096,-9.1221,15.454
-43.004,-9.1904,15.507
-41.923,-9.2559,15.559
-40.863,-9.3201,15.612
-39.814,-9.3793,15.665
-38.79,-9.4393,15.717
-37.779,-9.4947,15.769
-36.793,-9.5501,15.824
-35.828,-9.607,15.913
-34.878,-9.6608,16.002
-33.935,-9.7104,16.079
-33.012,-9.7598,16.154
-32.109,-9.8083,16.224
-31.205,-9.8494,16.274
-30.304,-9.8988,16.304
-29.418,-9.9496,16.337
-28.525,-9.9971,16.351
-27.677,-10.031,16.365
-26.865,-10.055,16.377
-26.077,-10.094,16.404
-25.314,-10.133,16.432
-24.569,-10.164,16.454
-23.846,-10.193,16.473
-23.16,-10.215,16.489
-22.496,-10.236,16.503
-21.838,-10.256,16.508
-21.2,-10.278,16.512
-20.582,-10.307,16.52
-19.983,-10.334,16.522
-19.404,-10.358,16.516
-18.846,-10.375,16.508
-18.31,-10.4,16.498
-17.796,-10.435,16.49
-17.329,-10.454,16.482
-16.87,-10.477,16.478
-16.441,-10.504,16.475
-16.038,-10.524,16.475
-15.657,-10.541,16.479
-15.294,-10.556,16.493
-14.956,-10.567,16.515
-14.629,-10.581,16.542
-14.316,-10.595,16.573
-14.018,-10.609,16.604
-13.715,-10.627,16.642
-13.416,-10.652,16.692
-13.126,-10.678,16.746
-12.835,-10.709,16.828
-12.555,-10.738,16.91
-12.277,-10.785,17.019
-12.01,-10.823,17.14
-11.757,-10.859,17.249
-11.519,-10.891,17.388
-11.282,-10.919,17.537
-11.048,-10.949,17.676
-10.794,-10.979,17.853
-10.546,-11.003,18.018
-10.287,-11.03,18.225
-10.024,-11.061,18.452
-9.7783,-11.087,18.67
-9.5245,-11.112,18.946
-9.2669,-11.142,19.25
-9.0213,-11.168,19.541
-8.7645,-11.196,19.891
-8.5,-11.216,20.23
-8.2334,-11.239,20.626
-7.9735,-11.255,21.04
-7.7145,-11.258,21.449
-7.4553,-11.267,21.91
-7.2022,-11.275,22.382
-6.9439,-11.291,22.9
-6.6842,-11.309,23.447
-6.446,-11.326,24.015
-6.2094,-11.335,24.631
-6.0023,-11.352,25.268
-5.784,-11.364,25.935
-5.5806,-11.372,26.637
-5.4009,-11.378,27.362
-5.2418,-11.389,28.138
-5.1007,-11.403,28.938
-4.9855,-11.416,29.781
-4.8945,-11.43,30.651
-4.8323,-11.442,31.54
-4.7854,-11.46,32.45
-4.765,-11.474,33.375
-4.7528,-11.488,34.328
-4.752,-11.505,35.303
-4.7714,-11.528,36.302
-4.799,-11.55,37.335
-4.8249,-11.577,38.38
-4.858,-11.607,39.435
-4.9119,-11.637,40.499
-4.9642,-11.675,41.567
-5.0258,-11.708,42.637
-5.0904,-11.738,43.701
-5.153,-11.771,44.765
-5.2159,-11.8,45.834
-5.2766,-11.824,46.904
-5.3326,-11.847,47.977
-5.3965,-11.863,49.049
-5.4643,-11.88,50.127
-5.5412,-11.892,51.205
-5.6189,-11.904,52.274
-5.7017,-11.91,53.348
-5.7753,-11.927,54.42
-5.8582,-11.942,55.5
-5.9263,-11.961,56.567
-6.001,-11.975,57.635
-6.0708,-11.989,58.693
-6.1497,-12.005,59.748
-6.2166,-12.024,60.793
-6.2743,-12.043,61.828
-6.3262,-12.067,62.853
-6.3689,-12.092,63.858
-6.4141,-12.11,64.847
-6.4506,-12.131,65.815
-6.4864,-12.149,66.775
-6.5264,-12.171,67.713
-6.558,-12.197,68.633
-6.5897,-12.224,69.534
-6.609,-12.248,70.413
-6.6252,-12.269,71.28
-6.6272,-12.281,72.125
-6.6428,-12.294,72.948
-6.6555,-12.306,73.75
-6.6726,-12.316,74.525
-6.6842,-12.332,75.271
-6.6845,-12.355,75.995
-6.6827,-12.376,76.686
-6.67,-12.397,77.35
-6.6523,-12.417,77.988
-6.6199,-12.44,78.59
-6.5746,-12.46,79.166
-6.5088,-12.482,79.715
-6.4385,-12.502,80.22
-6.3325,-12.528,80.712
-6.2137,-12.553,81.158
-6.0644,-12.573,81.604
-5.9076,-12.592,81.996
-5.7296,-12.617,82.39
-5.5475,-12.639,82.769
-5.3682,-12.66,83.096
-5.1612,-12.68,83.435
-4.9622,-12.7,83.719
-4.7494,-12.719,84.012
-4.5427,-12.738,84.253
-4.3111,-12.756,84.499
-4.0789,-12.774,84.717
-3.8661,-12.785,84.885
-3.6525,-12.796,85.055
-3.4585,-12.8,85.184
-3.2624,-12.808,85.312
-3.0831,-12.814,85.422
-2.9244,-12.82,85.513
-2.7799,-12.811,85.608
-2.6329,-12.81,85.685
-2.4683,-12.806,85.769
-2.2929,-12.812,85.855
-2.1198,-12.819,85.923
-1.9299,-12.826,85.987
-1.7379,-12.831,86.025
-1.5369,-12.839,86.071
-1.3331,-12.855,86.116
-1.1271,-12.867,86.147
-0.92308,-12.88,86.191
-0.72165,-12.892,86.22
-0.51866,-12.897,86.251
-0.31106,-12.906,86.282
-0.11041,-12.925,86.313
0.098283,-12.946,86.354
0.30308,-12.964,86.391
0.50279,-12.988,86.411
0.70159,-13.008,86.427
0.90199,-13.031,86.441
1.1033,-13.053,86.465
1.3064,-13.075,86.494
1.5029,-13.099,86.52
1.6919,-13.116,86.541
1.8817,-13.117,86.544
2.0778,-13.114,86.546
2.277,-13.117,86.555
2.482,-13.125,86.571
2.6831,-13.126,86.587
2.8856,-13.119,86.597
3.0816,-13.11,86.602
3.2936,-13.106,86.605
3.516,-13.106,86.609
3.7612,-13.118,86.625
4.0268,-13.126,86.649
4.3139,-13.129,86.675
4.6198,-13.136,86.697
4.934,-13.145,86.718
5.2599,-13.157,86.742
5.5913,-13.16,86.771
5.9304,-13.161,86.802
6.2632,-13.15,86.825
6.6084,-13.145,86.844
6.9504,-13.132,86.86
7.2967,-13.125,86.878
7.634,-13.132,86.901
7.9891,-13.146,86.925
8.3508,-13.152,86.943
8.7111,-13.143,86.958
9.0824,-13.141,86.971
9.4529,-13.141,86.99
9.8328,-13.145,87.01
10.215,-13.177,87.023
10.608,-13.218,87.025
11.008,-13.277,87.012
11.423,-13.345,86.999
11.845,-13.416,86.98
12.275,-13.47,86.965
12.717,-13.525,86.954
13.167,-13.564,86.938
13.626,-13.602,86.918
14.099,-13.642,86.892
14.579,-13.65,86.863
15.07,-13.638,86.825
15.572,-13.633,86.798
16.09,-13.629,86.785
16.615,-13.634,86.785
17.158,-13.636,86.806
17.713,-13.64,86.841
18.282,-13.642,86.878
18.863,-13.651,86.939
19.449,-13.663,87.005
20.048,-13.679,87.082
20.656,-13.689,87.149
21.277,-13.697,87.211
21.901,-13.671,87.286
22.539,-13.647,87.357
23.199,-13.638,87.421
23.863,-13.62,87.475
24.539,-13.616,87.518
25.217,-13.605,87.559
25.902,-13.613,87.592
26.59,-13.637,87.612
27.296,-13.665,87.629
28.011,-13.694,87.644
28.728,-13.721,87.66
29.442,-13.735,87.663
30.162,-13.747,87.666
30.881,-13.759,87.667
31.6,-13.77,87.664
32.32,-13.783,87.664
33.033,-13.8,87.662
33.746,-13.818,87.662
34.458,-13.828,87.66
35.176,-13.843,87.664
35.891,-13.89,87.665
36.606,-13.929,87.672
37.312,-13.966,87.675
38.022,-13.996,87.686
38.731,-14.031,87.693
39.44,-14.077,87.701
40.148,-14.118,87.714
40.845,-14.16,87.73
41.54,-14.207,87.747
42.228,-14.257,87.76
42.918,-14.301,87.78
43.608,-14.345,87.81
44.298,-14.383,87.836
44.983,-14.425,87.855
45.667,-14.462,87.878
46.348,-14.505,87.907
47.029,-14.543,87.934
47.715,-14.582,87.951
48.401,-14.618,87.968
49.089,-14.655,87.988
49.774,-14.69,88.011
50.455,-14.725,88.032
51.131,-14.757,88.047
51.81,-14.786,88.06
52.493,-14.821,88.072
53.179,-14.86,88.089
53.867,-14.895,88.102
54.547,-14.924,88.113
55.229,-14.951,88.132
55.907,-14.984,88.16
56.585,-15.015,88.176
57.257,-15.04,88.19
57.932,-15.06,88.204
58.609,-15.088,88.224
59.284,-15.113,88.231
59.959,-15.142,88.237
60.632,-15.161,88.246
61.308,-15.17,88.268
61.985,-15.186,88.291
62.661,-15.205,88.304
63.333,-15.229,88.313
64.012,-15.251,88.324
64.691,-15.281,88.338
65.384,-15.312,88.354
66.071,-15.344,88.371
66.762,-15.39,88.381
67.446,-15.428,88.392
68.127,-15.466,88.405
68.802,-15.499,88.425
69.483,-15.527,88.432
70.171,-15.552,88.428
70.858,-15.573,88.428
71.551,-15.594,88.437
72.236,-15.607,88.445
72.917,-15.631,88.445
73.59,-15.649,88.45
74.271,-15.661,88.451
74.954,-15.684,88.452
75.642,-15.714,88.447
76.324,-15.745,88.451
76.998,-15.767,88.457
77.676,-15.79,88.455
78.351,-15.815,88.448
79.031,-15.849,88.453
79.706,-15.883,88.461
80.379,-15.91,88.465
81.059,-15.937,88.471
81.744,-15.964,88.48
82.428,-15.998,88.491
83.109,-16.029,88.498
83.775,-16.059,88.511
84.442,-16.084,88.526
85.118,-16.113,88.542
85.799,-16.145,88.557
86.479,-16.176,88.565
87.145,-16.209,88.578
87.804,-16.247,88.601
88.466,-16.282,88.626
89.134,-16.31,88.636
89.807,-16.342,88.644
90.482,-16.38,88.666
91.147,-16.42,88.69
91.803,-16.453,88.705
92.459,-16.488,88.712
93.107,-16.514,88.722
93.754,-16.543,88.738
94.396,-16.571,88.759
95.038,-16.602,88.778
95.671,-16.629,88.79
96.297,-16.651,88.801
96.919,-16.671,88.813
97.538,-16.694,88.822
98.148,-16.722,88.834
98.745,-16.751,88.847
99.323,-16.774,88.86
99.885,-16.794,88.859
100.43,-16.815,88.85
100.95,-16.839,88.857
101.47,-16.866,88.872
101.95,-16.881,88.885
102.41,-16.901,88.885
102.84,-16.931,88.876
103.26,-16.96,88.872
103.66,-16.984,88.873
104.05,-17.003,88.875
104.42,-17.02,88.874
104.77,-17.039,88.863
105.11,-17.058,88.852
105.42,-17.073,88.845
105.72,-17.086,88.845
105.99,-17.099,88.844
106.25,-17.111,88.844
106.48,-17.119,88.845
106.68,-17.126,88.845
106.89,-17.131,88.842
107.08,-17.138,88.836
107.27,-17.148,88.836
107.44,-17.156,88.845
107.6,-17.161,88.864
107.76,-17.167,88.895
107.92,-17.174,88.933
108.08,-17.18,88.967
108.23,-17.188,89.026
108.36,-17.191,89.08
108.51,-17.199,89.162
108.64,-17.207,89.253
108.76,-17.212,89.325
108.89,-17.218,89.43
109.02,-17.225,89.539
109.13,-17.228,89.624
109.27,-17.237,89.753
109.38,-17.242,89.859
109.51,-17.253,90.016
109.65,-17.261,90.182
109.75,-17.265,90.31
109.88,-17.271,90.49
110.01,-17.278,90.684
110.11,-17.279,90.851
110.23,-17.286,91.068
110.33,-17.29,91.262
110.45,-17.293,91.492
110.57,-17.301,91.73
110.66,-17.308,91.958
110.77,-17.315,92.221
110.85,-17.319,92.47
110.95,-17.328,92.751
111.04,-17.338,93.044
111.11,-17.345,93.331
111.19,-17.352,93.65
111.24,-17.355,93.959
111.29,-17.365,94.31
111.33,-17.373,94.676
111.35,-17.381,95.033
111.37,-17.387,95.429
111.38,-17.394,95.834
111.38,-17.404,96.244
111.38,-17.419,96.689
111.38,-17.434,97.157
111.38,-17.451,97.64
111.37,-17.468,98.153
111.32,-17.483,98.712
111.28,-17.496,99.287
111.22,-17.507,99.887
111.18,-17.523,100.5
111.13,-17.541,101.13
111.09,-17.565,101.78
111.05,-17.583,102.45
111.02,-17.602,103.14
110.98,-17.623,103.85
110.95,-17.65,104.57
110.92,-17.674,105.32
110.88,-17.697,106.09
110.85,-17.723,106.87
110.81,-17.75,107.67
110.77,-17.773,108.48
110.73,-17.797,109.31
110.69,-17.82,110.16
110.65,-17.844,111.01
110.6,-17.868,111.88
110.56,-17.893,112.75
110.5,-17.92,113.63
110.45,-17.941,114.52
110.39,-17.965,115.42
110.33,-17.989,116.33
110.25,-18.017,117.24
110.19,-18.039,118.15
110.12,-18.063,119.06
110.06,-18.082,119.97
109.99,-18.105,120.88
109.92,-18.125,121.79
109.86,-18.142,122.69
109.79,-18.159,123.59
109.73,-18.181,124.49
109.67,-18.205,125.39
109.61,-18.228,126.28
109.55,-18.254,127.18
109.5,-18.28,128.08
109.46,-18.309,128.97
109.42,-18.336,129.87
109.37,-18.364,130.75
109.33,-18.392,131.64
109.3,-18.419,132.53
109.26,-18.445,133.41
109.22,-18.468,134.29
109.19,-18.492,135.16
109.15,-18.513,136.01
109.11,-18.53,136.84
109.08,-18.548,137.65
109.04,-18.569,138.44
109,-18.592,139.21
108.97,-18.614,139.96
108.95,-18.639,140.69
108.91,-18.665,141.39
108.88,-18.691,142.06
108.85,-18.717,142.71
108.82,-18.743,143.34
108.78,-18.762,143.93
108.76,-18.774,144.49
108.74,-18.786,145.02
108.71,-18.793,145.55
108.69,-18.802,146.05
108.69,-18.814,146.52
108.7,-18.828,146.97
108.72,-18.84,147.4
108.76,-18.854,147.8
108.79,-18.866,148.18
108.83,-18.873,148.54
108.86,-18.885,148.88
108.9,-18.899,149.18
108.92,-18.911,149.49
108.95,-18.922,149.77
108.97,-18.939,150.03
109.01,-18.959,150.28
109.02,-18.973,150.53
109.04,-18.986,150.78
109.05,-18.998,151.03
109.06,-19.01,151.27
109.08,-19.023,151.52
109.11,-19.023,151.75
109.16,-19.012,151.96
109.2,-19.006,152.18
109.24,-19.001,152.4
109.27,-18.973,152.63
109.31,-18.906,152.86
109.34,-18.861,153.1
109.39,-18.802,153.35
109.42,-18.773,153.64
109.45,-18.736,153.93
109.48,-18.716,154.25
109.5,-18.693,154.59
109.52,-18.682,154.94
109.54,-18.672,155.3
109.56,-18.656,155.68
109.58,-18.645,156.07
109.61,-18.637,156.47
109.63,-18.639,156.89
109.65,-18.638,157.33
109.65,-18.64,157.78
109.66,-18.634,158.25
109.67,-18.634,158.74
109.68,-18.637,159.24
109.7,-18.645,159.77
109.72,-18.647,160.31
109.72,-18.649,160.88
109.72,-18.655,161.47
109.7,-18.673,162.09
109.67,-18.707,162.72
109.66,-18.736,163.37
109.65,-18.76,164.03
109.64,-18.785,164.71
109.63,-18.807,165.4
109.64,-18.819,166.11
109.64,-18.823,166.84
109.64,-18.82,167.58
109.63,-18.827,168.34
109.63,-18.831,169.12
109.62,-18.84,169.91
109.61,-18.847,170.71
109.6,-18.856,171.53
109.59,-18.87,172.36
109.58,-18.884,173.21
109.57,-18.898,174.07
109.56,-18.91,174.93
109.55,-18.925,175.81
109.54,-18.94,176.7
109.53,-18.958,177.59
109.53,-18.972,178.5
109.53,-18.99,179.41
109.54,-19.011,180.33
109.54,-19.033,181.24
109.54,-19.064,182.14
109.56,-19.101,183.04
109.58,-19.137,183.94
109.59,-19.171,184.84
109.59,-19.211,185.74
109.59,-19.252,186.64
109.6,-19.284,187.53
109.61,-19.318,188.43
109.63,-19.342,189.31
109.64,-19.364,190.19
109.65,-19.384,191.06
109.66,-19.402,191.93
109.65,-19.422,192.78
109.65,-19.438,193.61
109.63,-19.451,194.43
109.61,-19.46,195.23
109.59,-19.47,196.02
109.57,-19.476,196.78
109.55,-19.483,197.53
109.53,-19.492,198.26
109.51,-19.501,198.97
109.5,-19.508,199.65
109.48,-19.512,200.32
109.47,-19.52,200.97
109.46,-19.528,201.6
109.45,-19.537,202.22
109.45,-19.545,202.82
109.44,-19.554,203.42
109.45,-19.562,204.01
109.45,-19.571,204.6
109.46,-19.582,205.19
109.47,-19.594,205.78
109.49,-19.595,206.35
109.5,-19.595,206.93
109.52,-19.597,207.5
109.55,-19.6,208.06
109.57,-19.606,208.62
109.59,-19.61,209.17
109.61,-19.615,209.71
109.63,-19.62,210.24
109.65,-19.628,210.76
109.67,-19.633,211.26
109.68,-19.641,211.75
109.7,-19.648,212.23
109.71,-19.656,212.7
109.72,-19.663,213.17
109.72,-19.67,213.63
109.73,-19.678,214.08
109.74,-19.686,214.54
109.74,-19.695,214.99
109.73,-19.703,215.44
109.72,-19.712,215.89
109.72,-19.72,216.33
109.71,-19.729,216.76
109.7,-19.739,217.2
109.7,-19.746,217.62
109.7,-19.753,218.05
109.7,-19.76,218.47
109.69,-19.766,218.9
109.69,-19.779,219.35
109.67,-19.797,219.81
109.67,-19.799,220.27
109.66,-19.8,220.74
109.65,-19.805,221.22
109.63,-19.809,221.7
109.62,-19.814,222.18
109.62,-19.818,222.68
109.63,-19.82,223.18
109.63,-19.824,223.69
109.62,-19.833,224.22
109.6,-19.84,224.75
109.6,-19.849,225.29
109.59,-19.858,225.83
109.59,-19.87,226.4
109.57,-19.883,226.96
109.54,-19.894,227.54
109.49,-19.905,228.13
109.44,-19.915,228.72
109.38,-19.931,229.33
109.3,-19.949,229.95
109.2,-19.968,230.57
109.09,-19.984,231.2
108.96,-20,231.85
108.84,-20.017,232.5
108.71,-20.026,233.16
108.58,-20.034,233.83
108.45,-20.041,234.51
108.33,-20.051,235.19
108.21,-20.061,235.89
108.1,-20.071,236.6
108,-20.081,237.32
107.91,-20.093,238.05
107.82,-20.104,238.78
107.75,-20.118,239.54
107.68,-20.133,240.29
107.63,-20.152,241.07
107.58,-20.17,241.85
107.54,-20.188,242.64
107.5,-20.205,243.44
107.46,-20.216,244.24
107.43,-20.231,245.06
107.4,-20.244,245.88
107.38,-20.263,246.72
107.36,-20.283,247.56
107.33,-20.304,248.42
107.31,-20.322,249.28
107.28,-20.339,250.15
107.26,-20.356,251.02
107.23,-20.368,251.89
107.2,-20.38,252.76
107.18,-20.389,253.62
107.15,-20.399,254.49
107.12,-20.41,255.35
107.09,-20.421,256.22
107.05,-20.434,257.08
107.02,-20.444,257.94
106.99,-20.455,258.79
106.96,-20.468,259.64
106.93,-20.478,260.49
106.89,-20.485,261.35
106.86,-20.496,262.19
106.83,-20.503,263.03
106.8,-20.506,263.85
106.79,-20.512,264.67
106.77,-20.523,265.47
106.76,-20.534,266.26
106.74,-20.541,267.03
106.74,-20.547,267.77
106.74,-20.554,268.5
106.73,-20.557,269.2
106.72,-20.558,269.88
106.72,-20.559,270.54
106.71,-20.564,271.19
106.69,-20.57,271.83
106.66,-20.574,272.45
106.65,-20.58,273.05
106.62,-20.587,273.65
106.6,-20.596,274.23
106.58,-20.606,274.81
106.56,-20.618,275.38
106.54,-20.632,275.94
106.53,-20.644,276.49
106.51,-20.658,277.03
106.49,-20.673,277.55
106.47,-20.686,278.06
106.45,-20.699,278.55
106.43,-20.711,279.02
106.43,-20.721,279.47
106.42,-20.734,279.91
106.44,-20.751,280.33
106.45,-20.765,280.73
106.49,-20.782,281.11
106.53,-20.795,281.48
106.57,-20.809,281.84
106.62,-20.822,282.19
106.69,-20.834,282.5
106.77,-20.851,282.82
106.84,-20.865,283.11
106.93,-20.883,283.39
107.05,-20.909,283.67
107.15,-20.929,283.91
107.26,-20.955,284.17
107.36,-20.971,284.41
107.49,-20.992,284.66
107.61,-21.004,284.89
107.76,-21.026,285.12
107.91,-21.045,285.35
108.05,-21.061,285.55
108.22,-21.081,285.76
108.39,-21.099,285.95
108.56,-21.111,286.16
108.75,-21.124,286.38
108.94,-21.138,286.59
109.13,-21.152,286.81
109.34,-21.165,287.04
109.54,-21.17,287.28
109.72,-21.174,287.52
109.87,-21.177,287.76
110,-21.174,287.99
110.12,-21.176,288.2
110.23,-21.178,288.41
110.33,-21.178,288.61
110.42,-21.178,288.82
110.49,-21.181,289.01
110.56,-21.183,289.23
110.59,-21.175,289.42
110.62,-21.171,289.65
110.63,-21.17,289.89
110.62,-21.165,290.06
110.6,-21.164,290.3
110.58,-21.156,290.54
110.52,-21.142,290.71
110.49,-21.142,290.93
110.42,-21.129,291.09
110.37,-21.124,291.31
110.31,-21.111,291.54
110.21,-21.099,291.7
110.14,-21.093,291.93
110.06,-21.09,292.16
109.94,-21.082,292.32
109.84,-21.087,292.55
109.71,-21.084,292.72
109.61,-21.092,292.94
109.5,-21.089,293.15
109.38,-21.086,293.35
109.26,-21.083,293.58
109.13,-21.081,293.79
108.99,-21.076,294
108.84,-21.068,294.24
108.7,-21.058,294.49
108.56,-21.051,294.76
108.41,-21.051,295.03
108.26,-21.055,295.31
108.1,-21.058,295.59
107.95,-21.061,295.91
107.82,-21.067,296.22
107.68,-21.077,296.57
107.55,-21.079,296.93
107.43,-21.078,297.3
107.31,-21.087,297.71
107.18,-21.113,298.11
107.06,-21.138,298.54
106.95,-21.157,298.97
106.86,-21.175,299.42
106.76,-21.19,299.88
106.67,-21.196,300.36
106.59,-21.209,300.87
106.5,-21.216,301.4
106.42,-21.225,301.97
106.35,-21.23,302.56
106.28,-21.234,303.17
106.21,-21.242,303.79
106.15,-21.248,304.44
106.09,-21.252,305.1
106.01,-21.255,305.79
105.92,-21.266,306.49
105.83,-21.281,307.22
105.76,-21.298,307.96
105.69,-21.312,308.73
105.63,-21.327,309.51
105.59,-21.347,310.3
105.54,-21.363,311.11
105.51,-21.379,311.92
105.49,-21.404,312.77
105.47,-21.429,313.63
105.45,-21.456,314.49
105.43,-21.481,315.36
105.43,-21.506,316.24
105.42,-21.534,317.13
105.43,-21.571,318.04
105.44,-21.602,318.95
105.44,-21.63,319.87
105.44,-21.66,320.81
105.44,-21.695,321.75
105.45,-21.727,322.69
105.44,-21.758,323.63
105.43,-21.791,324.59
105.42,-21.825,325.55
105.41,-21.858,326.52
105.4,-21.892,327.49
105.4,-21.929,328.46
105.39,-21.963,329.45
105.38,-21.997,330.42
105.36,-22.031,331.39
105.34,-22.066,332.36
105.32,-22.099,333.33
105.29,-22.135,334.29
105.27,-22.17,335.26
105.24,-22.201,336.23
105.22,-22.231,337.19
105.2,-22.259,338.15
105.17,-22.288,339.1
105.14,-22.317,340.05
105.12,-22.349,340.99
105.08,-22.384,341.93
105.07,-22.414,342.87
105.06,-22.445,343.8
105.04,-22.473,344.71
105.01,-22.498,345.62
105,-22.518,346.5
104.99,-22.534,347.35
104.96,-22.548,348.18
104.95,-22.558,349
104.93,-22.573,349.79
104.9,-22.598,350.57
104.87,-22.625,351.32
104.85,-22.651,352.04
104.82,-22.675,352.73
104.76,-22.702,353.4
104.72,-22.732,354.05
104.68,-22.761,354.66
104.66,-22.787,355.25
104.64,-22.818,355.82
104.62,-22.848,356.35
104.6,-22.879,356.86
104.6,-22.908,357.34
104.6,-22.937,357.8
104.63,-22.966,358.23
104.66,-22.993,358.63
104.7,-23.019,359.03
104.76,-23.049,359.41
104.82,-23.072,359.76
104.89,-23.095,360.12
104.97,-23.129,360.45
105.07,-23.162,360.8
105.19,-23.196,361.14
105.3,-23.222,361.44
105.44,-23.248,361.76
105.58,-23.263,362.03
105.76,-23.284,362.34
105.91,-23.301,362.59
106.09,-23.313,362.89
106.29,-23.327,363.18
106.48,-23.339,363.4
106.7,-23.359,363.65
106.92,-23.364,363.84
107.17,-23.378,364.08
107.41,-23.385,364.34
107.65,-23.408,364.55
107.93,-23.436,364.79
108.21,-23.467,364.98
108.54,-23.495,365.21
108.9,-23.521,365.43
109.27,-23.522,365.63
109.68,-23.523,365.86
110.08,-23.528,366.07
110.52,-23.535,366.32
110.98,-23.552,366.58
111.45,-23.571,366.8
111.97,-23.591,367.02
112.49,-23.61,367.21
113.05,-23.625,367.43
113.63,-23.646,367.65
114.22,-23.671,367.81
114.85,-23.694,367.99
115.5,-23.717,368.15
116.16,-23.745,368.26
116.86,-23.778,368.39
117.56,-23.808,368.47
118.3,-23.841,368.56
119.06,-23.872,368.63
119.83,-23.903,368.66
120.61,-23.937,368.7
121.41,-23.969,368.72
122.24,-23.999,368.73
123.08,-24.034,368.74
123.94,-24.072,368.74
124.81,-24.107,368.74
125.7,-24.145,368.75
126.6,-24.185,368.75
127.51,-24.225,368.75
128.44,-24.262,368.75
129.38,-24.304,368.75
130.33,-24.349,368.74
131.3,-24.394,368.74
132.29,-24.435,368.74
133.3,-24.475,368.74
134.32,-24.518,368.75
135.34,-24.554,368.76
136.38,-24.589,368.77
137.43,-24.628,368.78
138.49,-24.671,368.8
139.56,-24.716,368.82
140.64,-24.764,368.84
141.72,-24.81,368.87
142.82,-24.855,368.9
143.91,-24.902,368.94
145.02,-24.949,368.99
146.13,-24.998,369.03
147.24,-25.047,369.07
148.36,-25.099,369.1
149.48,-25.152,369.14
150.62,-25.208,369.18
151.75,-25.261,369.22
152.89,-25.348,369.31
154.03,-25.419,369.37
155.16,-25.496,369.46
156.31,-25.561,369.52
157.45,-25.629,369.59
158.59,-25.688,369.64
159.74,-25.75,369.68
160.89,-25.812,369.73
162.04,-25.876,369.77
163.2,-25.936,369.81
164.36,-25.992,369.85
165.53,-26.045,369.89
166.7,-26.096,369.93
167.86,-26.15,369.97
169.03,-26.202,370.01
170.21,-26.258,370.05
171.39,-26.316,370.08
172.58,-26.381,370.12
173.77,-26.442,370.16
174.96,-26.502,370.19
176.16,-26.56,370.23
177.36,-26.62,370.27
178.57,-26.684,370.3
179.77,-26.743,370.34
180.97,-26.81,370.37
182.16,-26.878,370.4
183.33,-26.939,370.46
184.52,-26.985,370.49
185.69,-27.029,370.53
186.88,-27.077,370.57
188.06,-27.12,370.61
189.25,-27.162,370.64
190.45,-27.206,370.66
191.65,-27.256,370.69
192.85,-27.311,370.71
194.05,-27.365,370.74
195.26,-27.427,370.77
196.46,-27.492,370.8
197.66,-27.553,370.83
198.85,-27.617,370.86
200.03,-27.676,370.89
201.21,-27.736,370.92
202.38,-27.786,370.95
203.54,-27.83,370.98
204.7,-27.875,371.01
205.85,-27.922,371.04
206.99,-27.972,371.07
208.14,-28.022,371.11
209.28,-28.07,371.14
210.42,-28.117,371.17
211.54,-28.164,371.21
212.67,-28.224,371.26
213.81,-28.302,371.32
214.93,-28.357,371.36
216.06,-28.418,371.41
217.21,-28.49,371.45
218.34,-28.556,371.5
219.48,-28.614,371.54
220.62,-28.673,371.58
221.75,-28.733,371.63
222.88,-28.79,371.68
224.02,-28.854,371.72
225.16,-28.911,371.77
226.3,-28.976,371.81
227.44,-29.04,371.86
228.59,-29.126,371.9
229.74,-29.2,371.95
230.89,-29.281,371.99
232.04,-29.349,372.04
233.19,-29.429,372.08
234.35,-29.509,372.12
235.5,-29.597,372.17
236.65,-29.674,372.2
237.8,-29.75,372.23
238.95,-29.839,372.26
240.11,-29.923,372.29
241.27,-30.011,372.31
242.42,-30.082,372.34
243.56,-30.151,372.36
244.71,-30.212,372.38
245.86,-30.275,372.41
247.02,-30.333,372.44
248.17,-30.39,372.46
249.31,-30.444,372.49
250.46,-30.506,372.51
251.6,-30.566,372.54
252.75,-30.627,372.56
253.89,-30.687,372.59
255.03,-30.742,372.62
256.15,-30.808,372.67
257.29,-30.893,372.7
258.43,-30.986,372.72
259.56,-31.062,372.75
260.69,-31.149,372.78
261.82,-31.225,372.82
262.94,-31.303,372.85
264.07,-31.371,372.88
265.2,-31.438,372.91
266.32,-31.502,372.95
267.43,-31.567,372.99
268.55,-31.631,373.03
269.66,-31.693,373.07
270.78,-31.757,373.11
271.89,-31.818,373.15
272.99,-31.885,373.19
274.11,-31.946,373.24
275.22,-32.008,373.28
276.33,-32.068,373.33
277.43,-32.128,373.38
278.54,-32.185,373.43
279.65,-32.242,373.47
280.76,-32.298,373.51
281.87,-32.353,373.55
282.96,-32.404,373.6
284.06,-32.459,373.64
285.16,-32.511,373.68
286.26,-32.563,373.71
287.36,-32.617,373.74
288.46,-32.67,373.77
289.56,-32.725,373.8
290.66,-32.778,373.83
291.76,-32.83,373.85
292.86,-32.885,373.87
293.95,-32.943,373.89
295.04,-32.999,373.91
296.14,-33.056,373.92
297.24,-33.114,373.94
298.33,-33.171,373.95
299.43,-33.233,373.97
300.52,-33.289,373.99
301.61,-33.347,374.01
302.7,-33.402,374.02
303.77,-33.485,374.05
304.83,-33.574,374.07
305.89,-33.663,374.1
306.96,-33.742,374.12
308.03,-33.815,374.15
309.08,-33.892,374.17
310.15,-33.96,374.19
311.2,-34.021,374.19
312.26,-34.07,374.18
313.32,-34.123,374.16
314.38,-34.18,374.16
315.43,-34.235,374.15
316.48,-34.287,374.15
317.53,-34.341,374.14
318.57,-34.394,374.14
319.61,-34.449,374.14
320.65,-34.503,374.14
321.69,-34.556,374.13
322.71,-34.608,374.13
323.73,-34.664,374.14
324.74,-34.724,374.15
325.75,-34.782,374.16
326.76,-34.835,374.18
327.76,-34.89,374.21
328.76,-34.944,374.25
329.75,-34.997,374.32
330.74,-35.051,374.38
331.72,-35.106,374.48
332.7,-35.162,374.6
333.66,-35.221,374.73
334.63,-35.279,374.9
335.57,-35.34,375.09
336.51,-35.403,375.32
337.44,-35.487,375.58
338.36,-35.572,375.82
339.28,-35.667,376.11
340.19,-35.749,376.43
341.09,-35.848,376.75
341.98,-35.941,377.12
342.86,-36.035,377.5
343.74,-36.123,377.91
344.61,-36.208,378.33
345.47,-36.294,378.76
346.33,-36.374,379.21
347.18,-36.454,379.67
348.03,-36.527,380.14
348.87,-36.614,380.64
349.7,-36.687,381.14
350.53,-36.767,381.66
351.36,-36.843,382.17
352.19,-36.918,382.68
353.02,-36.99,383.18
353.85,-37.063,383.67
354.67,-37.135,384.16
355.49,-37.217,384.65
356.31,-37.298,385.13
357.13,-37.37,385.6
357.95,-37.437,386.05
358.78,-37.501,386.49
359.61,-37.565,386.9
360.45,-37.629,387.3
361.29,-37.694,387.67
362.13,-37.761,388.01
362.99,-37.833,388.34
363.85,-37.9,388.63
364.73,-37.973,388.92
365.63,-38.041,389.18
366.51,-38.1,389.4
367.39,-38.157,389.61
368.28,-38.215,389.79
369.18,-38.276,389.95
370.1,-38.34,390.1
371,-38.402,390.2
371.93,-38.46,390.3
372.87,-38.508,390.36
373.81,-38.562,390.41
374.76,-38.627,390.46
375.71,-38.687,390.49
376.67,-38.748,390.52
377.62,-38.807,390.51
378.59,-38.865,390.5
379.57,-38.926,390.48
380.54,-38.984,390.44
381.53,-39.043,390.39
382.52,-39.095,390.33
383.53,-39.147,390.26
384.55,-39.199,390.18
385.57,-39.244,390.1
386.6,-39.291,390.01
387.63,-39.334,389.91
388.67,-39.374,389.81
389.71,-39.416,389.7
390.76,-39.462,389.59
391.8,-39.508,389.5
392.85,-39.561,389.4
393.9,-39.618,389.3
394.95,-39.675,389.2
395.99,-39.733,389.1
397.04,-39.787,388.98
398.07,-39.841,388.87
399.1,-39.9,388.74
400.13,-39.958,388.61
401.15,-40.016,388.48
402.15,-40.071,388.34
403.12,-40.125,388.21
404.07,-40.173,388.06
404.97,-40.221,387.9
405.86,-40.269,387.73
406.69,-40.315,387.53
407.5,-40.357,387.33
408.25,-40.393,387.06
409,-40.441,386.81
409.71,-40.484,386.54
410.33,-40.512,386.2
410.96,-40.542,385.9
411.5,-40.572,385.52
412.07,-40.59,385.2
412.56,-40.61,384.79
413.09,-40.624,384.43
413.6,-40.638,384.04
414,-40.65,383.55
414.44,-40.661,383.12
414.79,-40.663,382.58
415.18,-40.677,382.11
415.48,-40.675,381.54
415.81,-40.68,381.04
416.12,-40.681,380.52
416.35,-40.674,379.91
416.61,-40.667,379.36
416.78,-40.655,378.72
416.98,-40.647,378.13
417.17,-40.641,377.53
417.26,-40.638,376.86
417.36,-40.638,376.25
417.41,-40.632,375.57
417.47,-40.622,374.92
417.52,-40.621,374.27
417.55,-40.615,373.6
417.57,-40.611,372.94
417.58,-40.6,372.28
417.59,-40.585,371.62
417.6,-40.572,370.96
417.6,-40.559,370.3
417.61,-40.546,369.64
417.61,-40.53,368.99
417.6,-40.514,368.34
417.59,-40.503,367.69
417.58,-40.49,367.04
417.58,-40.477,366.39
417.57,-40.462,365.74
417.56,-40.449,365.09
417.55,-40.435,364.45
417.55,-40.42,363.8
417.54,-40.404,363.16
417.54,-40.388,362.53
417.53,-40.372,361.89
417.54,-40.358,361.25
417.54,-40.345,360.62
417.53,-40.33,359.99
417.53,-40.313,359.37
417.53,-40.298,358.74
417.53,-40.285,358.12
417.53,-40.268,357.5
417.53,-40.253,356.87
417.53,-40.243,356.25
417.53,-40.233,355.64
417.54,-40.22,355.02
417.54,-40.207,354.4
417.54,-40.193,353.78
417.54,-40.181,353.15
417.56,-40.168,352.51
417.57,-40.155,351.87
417.59,-40.141,351.23
417.6,-40.121,350.59
417.63,-40.107,349.95
417.65,-40.088,349.31
417.67,-40.067,348.67
417.69,-40.046,348.02
417.72,-40.032,347.38
417.75,-40.019,346.73
417.79,-40.005,346.08
417.82,-39.988,345.43
417.87,-39.975,344.77
417.91,-39.964,344.1
417.95,-39.953,343.43
417.98,-39.941,342.76
418.02,-39.927,342.08
418.05,-39.912,341.38
418.06,-39.899,340.68
418.08,-39.887,339.96
418.09,-39.872,339.24
418.09,-39.857,338.51
418.09,-39.842,337.76
418.08,-39.829,337
418.07,-39.815,336.22
418.05,-39.8,335.42
418.03,-39.781,334.62
417.99,-39.76,333.81
417.96,-39.738,332.97
417.92,-39.717,332.14
417.88,-39.699,331.29
417.86,-39.689,330.44
417.82,-39.674,329.6
417.77,-39.658,328.74
417.71,-39.64,327.89
417.65,-39.62,327.04
417.57,-39.592,326.19
417.48,-39.565,325.34
417.37,-39.536,324.49
417.22,-39.51,323.65
417.03,-39.488,322.8
416.82,-39.464,321.97
416.6,-39.448,321.14
416.34,-39.435,320.3
416.08,-39.42,319.48
415.79,-39.4,318.65
415.5,-39.383,317.85
415.19,-39.363,317.06
414.84,-39.338,316.26
414.5,-39.313,315.49
414.12,-39.287,314.7
413.73,-39.258,313.95
413.32,-39.226,313.2
412.9,-39.188,312.45
412.47,-39.149,311.71
412.03,-39.108,310.98
411.6,-39.065,310.26
411.16,-39.018,309.55
410.71,-38.973,308.83
410.25,-38.935,308.11
409.8,-38.889,307.41
409.33,-38.845,306.72
408.87,-38.809,306.04
408.41,-38.777,305.36
407.94,-38.748,304.69
407.46,-38.721,304.02
406.97,-38.695,303.36
406.47,-38.669,302.69
405.98,-38.638,302.03
405.47,-38.605,301.37
404.95,-38.571,300.72
404.44,-38.535,300.07
403.93,-38.499,299.41
403.42,-38.464,298.74
402.91,-38.427,298.07
402.4,-38.388,297.4
401.88,-38.345,296.71
401.38,-38.302,296.02
400.89,-38.254,295.33
400.39,-38.216,294.64
399.86,-38.201,293.96
399.35,-38.177,293.27
398.85,-38.155,292.57
398.36,-38.131,291.87
397.89,-38.106,291.17
397.41,-38.076,290.46
396.96,-38.045,289.76
396.5,-38.014,289.06
396.06,-37.979,288.36
395.6,-37.946,287.67
395.16,-37.911,286.97
394.72,-37.877,286.28
394.29,-37.847,285.59
393.85,-37.816,284.9
393.41,-37.786,284.21
392.98,-37.751,283.5
392.55,-37.72,282.8
392.12,-37.686,282.09
391.69,-37.654,281.39
391.26,-37.626,280.69
390.84,-37.599,279.98
390.41,-37.575,279.27
390,-37.55,278.56
389.58,-37.526,277.84
389.17,-37.501,277.12
388.76,-37.476,276.39
388.35,-37.452,275.67
387.94,-37.428,274.94
387.53,-37.404,274.21
387.12,-37.382,273.48
386.71,-37.36,272.74
386.29,-37.334,272.01
385.88,-37.307,271.26
385.46,-37.277,270.52
385.04,-37.244,269.79
384.63,-37.209,269.05
384.21,-37.176,268.31
383.8,-37.146,267.58
383.38,-37.118,266.84
382.96,-37.088,266.11
382.54,-37.06,265.38
382.13,-37.034,264.66
381.7,-37.006,263.94
381.27,-36.977,263.22
380.85,-36.952,262.5
380.47,-36.935,261.8
380.06,-36.916,261.1
379.66,-36.901,260.39
379.26,-36.897,259.68
378.86,-36.886,258.98
378.45,-36.876,258.28
378.02,-36.856,257.59
377.58,-36.828,256.9
377.14,-36.796,256.23
376.69,-36.761,255.56
376.24,-36.728,254.89
375.83,-36.691,254.2
375.44,-36.661,253.52
375.06,-36.631,252.82
374.67,-36.606,252.14
374.27,-36.581,251.46
373.87,-36.554,250.77
373.47,-36.528,250.09
373.07,-36.496,249.4
372.66,-36.458,248.71
372.26,-36.419,248.02
371.85,-36.379,247.32
371.44,-36.331,246.61
371.01,-36.291,245.9
370.57,-36.243,245.18
370.12,-36.202,244.46
369.69,-36.165,243.72
369.25,-36.13,242.98
368.79,-36.09,242.24
368.32,-36.052,241.49
367.84,-36.013,240.74
367.37,-35.968,239.97
366.89,-35.922,239.2
366.41,-35.87,238.42
365.94,-35.816,237.65
365.46,-35.757,236.87
364.98,-35.708,236.09
364.5,-35.667,235.3
364.01,-35.631,234.51
363.51,-35.57,233.71
363.02,-35.513,232.91
362.53,-35.453,232.1
362.06,-35.388,231.29
361.6,-35.321,230.47
361.13,-35.262,229.65
360.64,-35.196,228.82
360.15,-35.127,227.99
359.66,-35.064,227.17
359.17,-34.996,226.34
358.66,-34.941,225.51
358.17,-34.893,224.66
357.67,-34.846,223.82
357.17,-34.789,222.97
356.67,-34.734,222.12
356.16,-34.676,221.27
355.63,-34.622,220.41
355.09,-34.561,219.56
354.55,-34.499,218.71
353.99,-34.438,217.85
353.42,-34.378,216.99
352.86,-34.322,216.13
352.29,-34.259,215.27
351.71,-34.2,214.4
351.14,-34.142,213.53
350.56,-34.09,212.64
349.98,-34.038,211.76
349.39,-33.986,210.86
348.81,-33.936,209.96
348.22,-33.889,209.05
347.63,-33.841,208.14
347.03,-33.795,207.22
346.44,-33.747,206.3
345.85,-33.697,205.37
345.27,-33.653,204.44
344.72,-33.616,203.49
344.16,-33.57,202.55
343.61,-33.506,201.61
343.05,-33.446,200.67
342.48,-33.379,199.74
341.9,-33.318,198.81
341.32,-33.255,197.88
340.74,-33.195,196.95
340.15,-33.138,196.03
339.57,-33.087,195.09
338.99,-33.036,194.16
338.42,-32.982,193.23
337.85,-32.921,192.29
337.3,-32.867,191.35
336.75,-32.817,190.41
336.19,-32.765,189.47
335.64,-32.711,188.52
335.07,-32.659,187.58
334.51,-32.612,186.64
333.94,-32.565,185.71
333.37,-32.517,184.76
332.81,-32.465,183.81
332.25,-32.416,182.87
331.69,-32.371,181.92
331.14,-32.328,180.98
330.59,-32.284,180.03
330.03,-32.237,179.09
329.49,-32.191,178.15
328.95,-32.144,177.23
328.43,-32.1,176.31
327.93,-32.056,175.42
327.44,-32.016,174.54
326.95,-31.98,173.67
326.47,-31.945,172.83
326,-31.906,172.01
325.55,-31.86,171.22
325.1,-31.811,170.44
324.65,-31.761,169.69
324.21,-31.711,168.95
323.76,-31.66,168.21
323.32,-31.609,167.47
322.87,-31.556,166.73
322.41,-31.507,166
321.95,-31.448,165.27
321.49,-31.391,164.55
321.01,-31.328,163.84
320.55,-31.274,163.12
320.09,-31.222,162.4
319.64,-31.176,161.68
319.19,-31.13,160.95
318.74,-31.081,160.22
318.3,-31.038,159.47
317.85,-30.992,158.73
317.4,-30.951,157.98
316.95,-30.908,157.23
316.51,-30.866,156.47
316.05,-30.823,155.72
315.59,-30.783,154.96
315.11,-30.741,154.21
314.62,-30.692,153.45
314.14,-30.642,152.69
313.65,-30.596,151.92
313.14,-30.542,151.16
312.63,-30.49,150.39
312.14,-30.438,149.6
311.65,-30.384,148.81
311.15,-30.333,148.01
310.64,-30.279,147.21
310.13,-30.229,146.4
309.61,-30.173,145.58
309.1,-30.121,144.76
308.56,-30.061,143.94
308.02,-30.002,143.11
307.46,-29.943,142.28
306.9,-29.887,141.44
306.33,-29.826,140.6
305.74,-29.752,139.76
305.15,-29.682,138.92
304.56,-29.605,138.08
303.98,-29.534,137.22
303.39,-29.469,136.37
302.8,-29.413,135.51
302.2,-29.354,134.65
301.6,-29.293,133.77
301,-29.217,132.89
300.4,-29.132,132
299.81,-29.052,131.11
299.22,-28.984,130.22
298.63,-28.915,129.32
298.03,-28.851,128.41
297.44,-28.79,127.5
296.84,-28.729,126.58
296.25,-28.682,125.65
295.66,-28.639,124.73
295.06,-28.592,123.79
294.48,-28.551,122.85
293.89,-28.509,121.9
293.3,-28.467,120.95
292.7,-28.413,119.99
292.11,-28.333,119.01
291.5,-28.254,118.04
290.89,-28.189,117.07
290.29,-28.126,116.1
289.69,-28.061,115.1
289.09,-28,114.12
288.49,-27.941,113.13
287.88,-27.883,112.15
287.28,-27.833,111.18
286.69,-27.792,110.2
286.09,-27.746,109.23
285.5,-27.7,108.25
284.89,-27.651,107.27
284.3,-27.606,106.3
283.71,-27.554,105.32
283.13,-27.504,104.35
282.53,-27.456,103.38
281.94,-27.409,102.42
281.36,-27.363,101.45
280.76,-27.315,100.5
280.18,-27.266,99.543
279.59,-27.219,98.594
279.01,-27.173,97.651
278.43,-27.12,96.715
277.85,-27.066,95.782
277.27,-27.016,94.853
276.7,-26.965,93.93
276.12,-26.913,93.015
275.55,-26.854,92.105
274.98,-26.799,91.199
274.41,-26.746,90.295
273.84,-26.69,89.397
273.26,-26.631,88.504
272.69,-26.564,87.621
272.12,-26.503,86.74
271.55,-26.439,85.865
270.99,-26.378,84.991
270.42,-26.308,84.126
269.86,-26.234,83.254
269.33,-26.154,82.371
268.79,-26.082,81.497
268.26,-26.013,80.623
267.72,-25.94,79.761
267.19,-25.871,78.897
266.66,-25.804,78.04
266.12,-25.741,77.188
265.6,-25.676,76.336
265.07,-25.612,75.49
264.54,-25.54,74.65
264.02,-25.476,73.81
263.5,-25.41,72.976
262.99,-25.35,72.146
262.47,-25.28,71.32
261.95,-25.216,70.495
261.44,-25.155,69.672
260.93,-25.094,68.854
260.42,-25.031,68.04
259.91,-24.961,67.229
259.38,-24.913,66.436
258.83,-24.877,65.665
258.3,-24.822,64.884
257.77,-24.759,64.116
257.26,-24.702,63.336
256.75,-24.644,62.566
256.25,-24.592,61.789
255.76,-24.54,61.011
255.29,-24.49,60.235
254.84,-24.438,59.448
254.41,-24.393,58.657
254,-24.351,57.859
253.6,-24.31,57.042
253.24,-24.269,56.229
252.91,-24.225,55.414
252.59,-24.185,54.577
252.32,-24.148,53.75
252.07,-24.115,52.918
251.83,-24.075,52.072
251.64,-24.044,51.233
251.46,-24.013,50.38
251.32,-23.986,49.538
251.21,-23.957,48.696
251.1,-23.924,47.849
251.03,-23.894,47.016
250.97,-23.863,46.183
250.93,-23.838,45.362
250.9,-23.811,44.554
250.87,-23.782,43.754
250.86,-23.753,42.97
250.85,-23.732,42.191
250.87,-23.666,41.446
250.88,-23.614,40.703
250.89,-23.558,39.97
250.88,-23.514,39.245
250.86,-23.466,38.53
250.82,-23.446,37.823
250.74,-23.448,37.107
250.64,-23.444,36.422
250.53,-23.439,35.752
250.37,-23.431,35.076
250.22,-23.419,34.432
250.02,-23.394,33.775
249.81,-23.371,33.153
249.55,-23.347,32.522
249.3,-23.327,31.939
248.99,-23.3,31.346
248.68,-23.266,30.806
248.36,-23.243,30.293
247.96,-23.217,29.769
247.6,-23.189,29.296
247.17,-23.159,28.815
246.76,-23.134,28.39
246.33,-23.108,27.987
245.83,-23.082,27.575
245.35,-23.056,27.228
244.81,-23.03,26.871
244.3,-23.011,26.578
243.78,-22.99,26.311
243.21,-22.966,26.046
242.68,-22.942,25.847
242.12,-22.921,25.652
241.62,-22.903,25.512
241.13,-22.887,25.404
240.63,-22.87,25.298
240.18,-22.853,25.245
239.73,-22.832,25.189
239.32,-22.815,25.176
238.94,-22.8,25.183
238.53,-22.783,25.187
238.18,-22.77,25.237
237.83,-22.751,25.306
237.45,-22.727,25.359
237.12,-22.71,25.462
236.75,-22.688,25.547
236.44,-22.672,25.694
236.16,-22.645,25.87
235.82,-22.624,26.015
235.56,-22.606,26.224
235.25,-22.589,26.399
235.02,-22.573,26.634
234.73,-22.553,26.828
234.52,-22.538,27.094
234.32,-22.529,27.38
234.07,-22.513,27.637
233.89,-22.499,27.967
233.67,-22.48,28.27
233.51,-22.471,28.635
233.35,-22.463,29.011
233.15,-22.449,29.37
233.02,-22.435,29.784
232.88,-22.424,30.212
232.72,-22.421,30.624
232.6,-22.408,31.079
232.47,-22.398,31.528
232.38,-22.375,32.026
232.32,-22.361,32.532
232.23,-22.351,33.034
232.15,-22.347,33.564
232.08,-22.339,34.101
232.01,-22.324,34.656
231.97,-22.317,35.231
231.92,-22.309,35.824
231.87,-22.309,36.433
231.82,-22.306,37.057
231.77,-22.305,37.696
231.74,-22.268,38.311
231.71,-22.268,38.972
231.69,-22.267,39.65
231.66,-22.269,40.344
231.61,-22.277,41.055
231.57,-22.284,41.78
231.53,-22.294,42.517
231.5,-22.305,43.265
231.47,-22.316,44.027
231.43,-22.32,44.798
231.4,-22.329,45.576
231.37,-22.338,46.365
231.35,-22.354,47.155
231.32,-22.358,47.958
231.29,-22.366,48.776
231.27,-22.376,49.608
231.25,-22.388,50.455
231.22,-22.397,51.31
231.2,-22.397,52.173
231.18,-22.402,53.046
231.16,-22.406,53.93
231.14,-22.417,54.825
231.11,-22.421,55.735
231.09,-22.427,56.652
231.05,-22.405,57.588
231.02,-22.394,58.532
230.99,-22.378,59.5
230.96,-22.369,60.483
230.92,-22.32,61.468
230.89,-22.276,62.451
230.84,-22.241,63.425
230.78,-22.241,64.386
230.71,-22.235,65.351
230.63,-22.238,66.322
230.55,-22.246,67.301
230.48,-22.254,68.29
230.43,-22.254,69.284
230.38,-22.238,70.279
230.34,-22.225,71.273
230.3,-22.21,72.266
230.25,-22.206,73.266
230.21,-22.199,74.263
230.16,-22.189,75.267
230.12,-22.176,76.279
230.07,-22.171,77.292
230.02,-22.162,78.298
229.96,-22.152,79.299
229.91,-22.15,80.312
229.86,-22.149,81.328
229.81,-22.151,82.351
229.76,-22.159,83.363
229.71,-22.181,84.363
229.64,-22.2,85.362
229.59,-22.217,86.368
229.54,-22.227,87.373
229.51,-22.225,88.372
229.46,-22.233,89.384
229.43,-22.244,90.397
229.4,-22.259,91.404
229.34,-22.279,92.399
229.29,-22.303,93.394
229.23,-22.321,94.39
229.16,-22.345,95.392
229.1,-22.369,96.389
229.04,-22.394,97.384
229,-22.415,98.389
228.96,-22.431,99.404
228.92,-22.443,100.42
228.87,-22.453,101.42
228.83,-22.466,102.42
228.78,-22.489,103.43
228.72,-22.516,104.45
228.67,-22.545,105.48
228.62,-22.572,106.52
228.57,-22.595,107.55
228.53,-22.616,108.58
228.49,-22.638,109.62
228.45,-22.662,110.66
228.4,-22.684,111.71
228.35,-22.71,112.77
228.31,-22.731,113.82
228.28,-22.764,114.88
228.26,-22.81,115.95
228.24,-22.852,117.01
228.21,-22.897,118.07
228.17,-22.941,119.12
228.14,-22.984,120.19
228.1,-23.029,121.25
228.06,-23.068,122.3
228.02,-23.099,123.35
227.97,-23.124,124.39
227.92,-23.145,125.44
227.88,-23.169,126.47
227.84,-23.191,127.5
227.8,-23.218,128.53
227.75,-23.242,129.55
227.7,-23.268,130.57
227.65,-23.292,131.6
227.61,-23.319,132.62
227.57,-23.342,133.63
227.53,-23.364,134.64
227.49,-23.389,135.64
227.46,-23.415,136.64
227.42,-23.444,137.64
227.38,-23.464,138.63
227.35,-23.479,139.65
227.31,-23.489,140.65
227.29,-23.502,141.63
227.26,-23.516,142.59
227.21,-23.543,143.55
227.16,-23.575,144.52
227.11,-23.609,145.5
227.07,-23.65,146.49
227.03,-23.689,147.48
226.99,-23.716,148.45
226.96,-23.746,149.42
226.93,-23.779,150.38
226.91,-23.811,151.34
226.88,-23.843,152.29
226.85,-23.863,153.24
226.83,-23.888,154.19
226.8,-23.911,155.13
226.78,-23.936,156.07
226.76,-23.951,157
226.73,-23.969,157.93
226.71,-23.988,158.84
226.69,-24.018,159.76
226.67,-24.043,160.68
226.64,-24.066,161.6
226.61,-24.084,162.52
226.58,-24.093,163.43
226.55,-24.105,164.34
226.51,-24.119,165.24
226.49,-24.134,166.14
226.46,-24.14,167.04
226.43,-24.152,167.94
226.4,-24.169,168.83
226.36,-24.186,169.72
226.33,-24.195,170.61
226.29,-24.21,171.5
226.26,-24.223,172.4
226.22,-24.237,173.28
226.19,-24.253,174.16
226.16,-24.263,175.04
226.13,-24.281,175.94
226.1,-24.3,176.85
226.07,-24.321,177.76
226.04,-24.336,178.68
226,-24.355,179.6
225.97,-24.374,180.53
225.94,-24.393,181.45
225.9,-24.414,182.37
225.86,-24.439,183.3
225.82,-24.458,184.23
225.79,-24.478,185.15
225.75,-24.499,186.06
225.71,-24.523,186.97
225.67,-24.546,187.88
225.62,-24.567,188.79
225.59,-24.59,189.7
225.56,-24.616,190.6
225.53,-24.649,191.49
225.49,-24.669,192.38
225.45,-24.689,193.27
225.41,-24.705,194.17
225.38,-24.73,195.07
225.34,-24.741,195.96
225.31,-24.752,196.86
225.28,-24.767,197.76
225.26,-24.791,198.65
225.24,-24.813,199.54
225.22,-24.84,200.43
225.19,-24.864,201.33
225.17,-24.887,202.23
225.15,-24.907,203.12
225.13,-24.921,204.01
225.11,-24.936,204.89
225.08,-24.95,205.77
225.07,-24.968,206.64
225.05,-24.988,207.5
225.03,-25.012,208.37
225.01,-25.034,209.24
224.99,-25.06,210.11
224.96,-25.086,210.97
224.94,-25.11,211.83
224.93,-25.134,212.68
224.91,-25.157,213.54
224.89,-25.179,214.4
224.87,-25.197,215.26
224.86,-25.213,216.1
224.85,-25.228,216.94
224.81,-25.239,217.75
224.66,-25.226,218.55
224.57,-25.232,219.36
224.46,-25.233,220.18
224.38,-25.243,221.01
224.3,-25.253,221.84
224.22,-25.234,222.66
224.13,-25.209,223.49
224.08,-25.205,224.34
224.02,-25.206,225.18
223.96,-25.199,226.04
223.91,-25.197,226.9
223.86,-25.196,227.77
223.8,-25.203,228.65
223.74,-25.209,229.52
223.7,-25.217,230.4
223.65,-25.228,231.28
223.61,-25.251,232.18
223.53,-25.284,233.12
223.46,-25.305,234.06
223.39,-25.323,235
223.31,-25.341,235.94
223.24,-25.36,236.88
223.16,-25.384,237.81
223.09,-25.413,238.75
223.02,-25.445,239.71
222.96,-25.473,240.67
222.9,-25.497,241.64
222.84,-25.516,242.59
222.79,-25.533,243.53
222.73,-25.565,244.46
222.66,-25.616,245.41
222.59,-25.655,246.35
222.52,-25.694,247.3
222.44,-25.725,248.24
222.38,-25.753,249.17
222.33,-25.781,250.09
222.28,-25.812,251.01
222.22,-25.847,251.92
222.17,-25.881,252.84
222.12,-25.913,253.76
222.08,-25.929,254.67
222.04,-25.938,255.57
221.99,-25.952,256.47
221.96,-25.964,257.37
221.92,-25.975,258.26
221.87,-25.987,259.16
221.83,-25.995,260.05
221.78,-25.995,260.91
221.74,-26,261.78
221.69,-26.009,262.65
221.65,-26.019,263.52
221.61,-26.029,264.39
221.57,-26.039,265.26
221.54,-26.052,266.12
221.51,-26.061,266.98
221.46,-26.071,267.84
221.41,-26.082,268.7
221.37,-26.091,269.55
221.34,-26.101,270.38
221.29,-26.112,271.19
221.24,-26.124,271.99
221.19,-26.15,272.77
221.15,-26.186,273.53
221.12,-26.212,274.28
221.09,-26.23,275
221.06,-26.254,275.71
221.04,-26.278,276.39
221.03,-26.299,277.05
221.03,-26.32,277.67
221.04,-26.342,278.28
221.05,-26.357,278.87
221.07,-26.385,279.45
221.09,-26.408,280
221.13,-26.431,280.54
221.16,-26.45,281.07
221.19,-26.471,281.59
221.22,-26.486,282.1
221.26,-26.494,282.6
221.3,-26.494,283.09
221.34,-26.489,283.57
221.37,-26.494,284.05
221.37,-26.505,284.52
221.38,-26.513,284.98
221.41,-26.521,285.43
221.43,-26.535,285.88
221.43,-26.551,286.3
221.42,-26.566,286.71
221.39,-26.576,287.11
221.36,-26.586,287.51
221.32,-26.595,287.89
221.28,-26.608,288.26
221.24,-26.618,288.63
221.19,-26.616,288.99
221.11,-26.608,289.32
221.04,-26.603,289.68
220.93,-26.597,289.99
220.83,-26.599,290.33
220.71,-26.602,290.65
220.56,-26.604,290.94
220.46,-26.602,291.25
220.34,-26.6,291.55
220.19,-26.591,291.82
220.04,-26.583,292.11
219.85,-26.571,292.36
219.67,-26.563,292.66
219.49,-26.557,292.95
219.27,-26.546,293.21
219.05,-26.533,293.51
218.82,-26.522,293.81
218.54,-26.507,294.07
218.28,-26.503,294.35
217.98,-26.493,294.6
217.69,-26.482,294.89
217.37,-26.467,295.18
217.01,-26.45,295.4
216.66,-26.442,295.68
216.28,-26.429,295.95
215.86,-26.415,296.15
215.44,-26.4,296.4
214.97,-26.381,296.56
214.52,-26.359,296.78
214.04,-26.333,296.98
213.49,-26.301,297.09
212.96,-26.273,297.24
212.39,-26.244,297.37
211.78,-26.213,297.42
211.16,-26.179,297.5
210.5,-26.142,297.52
209.83,-26.104,297.56
209.14,-26.066,297.57
208.42,-26.028,297.55
207.68,-25.987,297.54
206.92,-25.945,297.51
206.13,-25.901,297.48
205.33,-25.86,297.45
204.5,-25.816,297.42
203.65,-25.77,297.39
202.77,-25.72,297.36
201.89,-25.677,297.33
200.98,-25.633,297.31
200.04,-25.588,297.28
199.08,-25.541,297.26
198.09,-25.498,297.23
197.08,-25.451,297.21
196.05,-25.402,297.19
195,-25.35,297.17
193.92,-25.297,297.15
192.82,-25.242,297.12
191.7,-25.191,297.09
190.57,-25.138,297.05
189.42,-25.082,297.01
188.26,-25.025,296.97
187.08,-24.966,296.93
185.89,-24.912,296.88
184.69,-24.854,296.84
183.47,-24.796,296.79
182.23,-24.736,296.74
180.99,-24.679,296.7
179.75,-24.622,296.65
178.51,-24.564,296.6
177.26,-24.503,296.55
176.02,-24.44,296.49
174.79,-24.374,296.43
173.56,-24.309,296.37
172.34,-24.243,296.32
171.12,-24.184,296.28
169.92,-24.14,296.28
168.72,-24.091,296.26
167.52,-24.045,296.24
166.32,-23.991,296.22
165.12,-23.941,296.19
163.91,-23.893,296.18
162.71,-23.85,296.18
161.52,-23.794,296.16
160.33,-23.739,296.14
159.13,-23.678,296.12
157.94,-23.62,296.09
156.76,-23.564,296.07
155.57,-23.509,296.04
154.38,-23.454,296.01
153.19,-23.396,295.98
152.01,-23.339,295.96
150.83,-23.284,295.93
149.65,-23.237,295.9
148.47,-23.189,295.87
147.29,-23.14,295.85
146.12,-23.09,295.82
144.95,-23.042,295.78
143.78,-22.992,295.75
142.61,-22.941,295.73
141.44,-22.889,295.7
140.29,-22.839,295.67
139.13,-22.791,295.64
137.98,-22.74,295.61
136.8,-22.714,295.59
135.63,-22.677,295.57
134.47,-22.647,295.54
133.32,-22.605,295.49
132.17,-22.556,295.44
131.02,-22.501,295.39
129.87,-22.438,295.33
128.73,-22.371,295.26
127.58,-22.308,295.19
126.45,-22.25,295.1
125.32,-22.197,295.02
124.19,-22.149,294.92
123.07,-22.103,294.81
121.95,-22.064,294.69
120.83,-22.018,294.57
119.72,-21.972,294.43
118.62,-21.922,294.29
117.52,-21.876,294.15
116.44,-21.827,294.01
115.36,-21.781,293.86
114.28,-21.753,293.72
113.2,-21.726,293.57
112.12,-21.701,293.41
111.04,-21.671,293.26
109.99,-21.635,293.11
108.93,-21.599,292.97
107.88,-21.57,292.82
106.81,-21.53,292.69
105.75,-21.487,292.55
104.69,-21.432,292.43
103.64,-21.372,292.32
102.58,-21.315,292.21
101.53,-21.259,292.11
100.46,-21.202,292.02
99.396,-21.143,291.94
98.321,-21.083,291.87
97.244,-21.027,291.8
96.162,-20.972,291.74
95.076,-20.916,291.7
93.984,-20.865,291.66
92.89,-20.817,291.63
91.782,-20.773,291.6
90.676,-20.731,291.57
89.572,-20.683,291.54
88.462,-20.63,291.51
87.349,-20.582,291.48
86.223,-20.533,291.44
85.094,-20.483,291.42
83.958,-20.43,291.39
82.817,-20.375,291.36
81.673,-20.322,291.32
80.525,-20.268,291.29
79.374,-20.219,291.25
78.224,-20.172,291.22
77.066,-20.122,291.18
75.916,-20.077,291.15
74.766,-20.032,291.11
73.621,-19.985,291.07
72.48,-19.939,291.03
71.344,-19.891,290.99
70.213,-19.848,290.95
69.075,-19.805,290.91
67.942,-19.76,290.87
66.812,-19.717,290.84
65.693,-19.668,290.8
64.575,-19.622,290.77
63.459,-19.573,290.73
62.351,-19.525,290.69
61.246,-19.477,290.66
60.147,-19.43,290.62
59.045,-19.386,290.59
57.944,-19.338,290.56
56.854,-19.291,290.53
55.768,-19.243,290.49
54.688,-19.196,290.46
53.611,-19.15,290.43
52.536,-19.105,290.4
51.465,-19.06,290.37
50.392,-19.016,290.35
49.323,-18.97,290.33
48.25,-18.924,290.3
47.178,-18.874,290.27
46.111,-18.82,290.25
45.05,-18.766,290.23
43.992,-18.716,290.2
42.934,-18.666,290.18
41.875,-18.618,290.16
40.818,-18.573,290.14
39.767,-18.527,290.11
38.711,-18.488,290.08
37.663,-18.447,290.05
36.62,-18.403,290.03
35.579,-18.357,290
34.539,-18.314,289.98
33.502,-18.271,289.95
32.468,-18.232,289.92
31.442,-18.189,289.89
30.417,-18.144,289.87
29.399,-18.098,289.86
28.382,-18.055,289.84
27.373,-18.013,289.82
26.374,-17.973,289.81
25.391,-17.934,289.79
24.422,-17.896,289.77
23.466,-17.86,289.75
22.528,-17.822,289.74
21.607,-17.786,289.71
20.703,-17.751,289.7
19.814,-17.715,289.68
18.935,-17.681,289.65
18.066,-17.652,289.63
17.21,-17.622,289.61
16.369,-17.592,289.59
15.545,-17.564,289.57
14.733,-17.537,289.56
13.933,-17.515,289.54
13.148,-17.491,289.52
12.377,-17.473,289.5
11.623,-17.452,289.49
10.888,-17.429,289.49
10.165,-17.406,289.49
9.4688,-17.389,289.5
8.7931,-17.372,289.52
8.1407,-17.358,289.54
7.5082,-17.343,289.58
6.8838,-17.327,289.61
6.2708,-17.316,289.66
5.6714,-17.306,289.71
5.0828,-17.296,289.77
4.5031,-17.289,289.84
3.9293,-17.281,289.91
3.3608,-17.272,289.99
2.8003,-17.265,290.07
2.2437,-17.257,290.16
1.6934,-17.25,290.25
1.15,-17.242,290.34
0.61306,-17.236,290.43
0.081762,-17.227,290.52
-0.43936,-17.218,290.62
-0.94989,-17.205,290.72
-1.454,-17.192,290.82
-1.9492,-17.178,290.93
-2.4366,-17.168,291.04
-2.9121,-17.157,291.15
-3.3753,-17.149,291.27
-3.8282,-17.14,291.38
-4.2638,-17.132,291.5
-4.6841,-17.128,291.62
-5.0854,-17.127,291.74
-5.4696,-17.126,291.87
-5.8441,-17.121,291.98
-6.2058,-17.118,292.12
-6.5618,-17.111,292.25
-6.912,-17.11,292.41
-7.2497,-17.109,292.57
-7.5673,-17.113,292.72
-7.8333,-17.114,292.88
-8.0622,-17.112,293.02
-8.2509,-17.109,293.15
-8.411,-17.107,293.25
-8.5292,-17.108,293.34
-8.6156,-17.108,293.41
-8.6718,-17.108,293.47
-8.7008,-17.11,293.49
-8.7014,-17.112,293.5
-8.6897,-17.115,293.49
-8.6802,-17.121,293.48
-8.6778,-17.125,293.48
-8.6734,-17.125,293.48
-8.6709,-17.122,293.48
-8.6707,-17.121,293.48
-8.6695,-17.122,293.48
-8.6647,-17.123,293.48
-8.6605,-17.124,293.48
-8.6591,-17.125,293.48
-8.6554,-17.128,293.47
-8.6517,-17.13,293.47
-8.647,-17.132,293.47
-8.6461,-17.133,293.46
-8.6438,-17.134,293.46
-8.644,-17.135,293.46
-8.6442,-17.134,293.46
-8.6519,-17.134,293.47
-8.6615,-17.136,293.48
-8.674,-17.138,293.49
-8.6879,-17.141,293.5
-8.7063,-17.142,293.52
-8.7296,-17.143,293.54
-8.7621,-17.144,293.57
-8.8042,-17.145,293.61
-8.8579,-17.146,293.66
-8.9205,-17.146,293.73
-8.9957,-17.147,293.8
-9.0787,-17.147,293.9
-9.1697,-17.149,294.01
-9.2736,-17.15,294.12
-9.382,-17.151,294.26
-9.5061,-17.151,294.39
-9.6404,-17.151,294.57
-9.7921,-17.151,294.74
-9.9587,-17.148,294.94
-10.136,-17.148,295.16
-10.325,-17.153,295.39
-10.52,-17.155,295.68
-10.725,-17.158,295.96
-10.922,-17.162,296.3
-11.118,-17.168,296.67
-11.317,-17.17,297.03
-11.51,-17.178,297.45
-11.709,-17.19,297.87
-11.893,-17.201,298.34
-12.069,-17.213,298.84
-12.238,-17.223,299.34
-12.389,-17.24,299.89
-12.541,-17.256,300.43
-12.683,-17.272,301.02
-12.82,-17.289,301.62
-12.951,-17.31,302.23
-13.071,-17.331,302.86
-13.18,-17.343,303.52
-13.278,-17.36,304.2
-13.369,-17.387,304.91
-13.449,-17.416,305.62
-13.511,-17.44,306.35
-13.566,-17.467,307.1
-13.618,-17.499,307.88
-13.672,-17.533,308.68
-13.723,-17.566,309.48
-13.764,-17.596,310.31
