0.10361
0.10374
0.10376
0.1036
0.10523
0.10214
0.10361
0.10376
0.10357
0.10374
0.10362
0.10374
0.10361
0.10374
0.10362
0.10374
0.10374
0.10362
0.10376
0.10359
0.10374
0.10375
0.10362
0.10375
0.10359
0.10374
0.10361
0.10374
0.10364
0.10373
0.10372
0.10374
0.10374
0.10374
0.10374
0.10374
0.10375
0.10375
0.10386
0.10386
0.10374
0.10386
0.10389
0.10385
0.10387
0.10373
0.10389
0.10372
0.10387
0.10387
0.10374
0.10386
0.10387
0.10386
0.10374
0.10387
0.10374
0.10389
0.10385
0.10374
0.10387
0.10374
0.10374
0.1037
0.10364
0.10376
0.10366
0.10376
0.10369
0.10371
0.10374
0.10374
0.10361
0.10374
0.10376
0.10372
0.10367
0.10374
0.10375
0.10375
0.10368
0.10363
0.10373
0.10361
0.10374
0.10363
0.10347
0.10364
0.10347
0.10361
0.10353
0.10357
0.10372
0.10351
0.10349
0.10361
0.10374
0.10362
0.10361
0.10377
0.10359
0.10374
0.10364
0.10376
0.10369
0.10366
0.10374
0.10375
0.10369
0.10374
0.10369
0.10376
0.10365
0.10373
0.10375
0.10374
0.10374
0.10362
0.10376
0.1036
0.10373
0.10365
0.10372
0.10361
0.10361
0.10374
0.10363
0.10373
0.10374
0.10376
0.1036
0.10374
0.10373
0.10364
0.10372
0.10361
0.10362
0.10374
0.10362
0.10363
0.10372
0.10362
0.10374
0.10362
0.10361
0.10374
0.10374
0.10364
0.10382
0.10364
0.10372
0.10379
0.10371
0.10374
0.10372
0.10386
0.10366
0.10374
0.10372
0.10362
0.10376
0.1036
0.10436
0.10318
0.10368
0.10387
0.10374
0.10374
0.10374
0.10374
0.10361
0.10374
0.10374
0.10363
0.10373
0.10374
0.10361
0.10362
0.10374
0.10362
0.10378
0.10357
0.10396
0.10353
0.10371
0.10356
0.1037
0.10361
0.10374
0.10362
0.10363
0.10372
0.10361
0.10375
0.10361
0.10362
0.10376
0.10361
0.10359
0.10362
0.10368
0.10359
0.10371
0.10361
0.10374
0.10361
0.10362
0.10381
0.10374
0.10367
0.10374
0.10365
0.10358
0.10362
0.10362
0.10366
0.10364
0.10368
0.10349
0.10361
0.10363
0.10374
0.10348
0.10362
0.1036
0.10364
0.10359
0.10364
0.10372
0.10361
0.10364
0.1036
0.10361
0.10362
0.10361
0.10362
0.10362
0.10361
0.10363
0.10361
0.10362
0.10372
0.10362
0.10363
0.1036
0.10363
0.10362
0.10373
0.10368
0.10371
0.1037
0.10367
0.10369
0.10365
0.10368
0.10364
0.10371
0.10353
0.10375
0.10359
0.10368
0.10358
0.10369
0.10364
0.10374
0.10384
0.10374
0.10375
0.10378
0.10382
0.10364
0.10376
0.10372
0.10384
0.10374
0.10374
0.10374
0.10375
0.10374
0.10374
0.10374
0.10374
0.10376
0.10385
0.10373
0.10387
0.10375
0.10373
0.10378
0.10383
0.10365
0.10373
0.10376
0.10372
0.10365
0.1037
0.10374
0.10376
0.10361
0.10373
0.10361
0.10377
0.10376
0.10358
0.10375
0.10372
0.10376
0.10373
0.10374
0.10374
0.10391
0.10371
0.1036
0.10374
0.10376
0.10359
0.10374
0.10375
0.10363
0.10372
0.10362
0.10373
0.10378
0.10345
0.10363
0.10361
0.10362
0.10361
0.10362
0.10404
0.10338
0.10358
0.10373
0.1036
0.10361
0.10365
0.10358
0.10362
0.10361
0.10362
0.10365
0.10367
0.10353
0.10373
0.10361
0.10374
0.10363
0.10361
0.10371
0.10352
0.10376
0.1036
0.10375
0.1036
0.10376
0.10372
0.10362
0.10374
0.10364
0.10372
0.10364
0.10358
0.10349
0.10376
0.1036
0.10376
0.10361
0.10373
0.10429
0.10321
0.10362
0.10372
0.10375
0.10365
0.10357
0.10361
0.10374
0.10364
0.10372
0.10363
0.1036
0.10363
0.10373
0.10376
0.10399
0.10346
0.10364
0.10373
0.10374
0.10374
0.10374
0.10374
0.10374
0.10374
0.10374
0.10374
0.10374
0.10374
0.10377
0.10376
0.10424
0.10325
0.10373
0.10372
0.10372
0.10386
0.10374
0.10375
0.10376
0.10371
0.10387
0.10374
0.10362
0.10388
0.10363
0.10358
0.10374
0.10361
0.10374
0.10364
0.10384
0.10362
0.10374
0.10384
0.10364
0.10364
0.10372
0.10374
0.10363
0.10372
0.10374
0.10364
0.10359
0.10375
0.10362
0.10361
0.10376
0.1036
0.10361
0.10375
0.10361
0.10375
0.10361
0.10373
0.10375
0.10362
0.10373
0.10369
0.10354
0.10363
0.10363
0.10404
0.10329
0.10361
0.10374
0.10365
0.10372
0.10348
0.10362
0.10361
0.10364
0.1036
0.10361
0.10363
0.1036
0.10351
0.10369
0.10343
0.10346
0.10349
0.10349
0.10362
0.10362
0.10361
0.10381
0.10355
0.10361
0.10361
0.10364
0.10347
0.10364
0.10359
0.10349
0.1037
0.10353
0.10349
0.10368
0.10343
0.10363
0.10362
0.10347
0.10357
0.10344
0.10359
0.10346
0.10345
0.10343
0.10337
0.10349
0.10351
0.10347
0.10349
0.10349
0.10363
0.1036
0.10378
0.10358
0.10374
0.10374
0.10374
0.10367
0.10381
0.10377
0.10393
0.10391
0.10387
0.10425
0.10386
0.10415
0.10358
0.10429
0.10406
0.1035
0.10397
0.10375
0.10382
0.10377
0.10401
0.10351
0.10414
0.10338
0.1038
0.10375
0.10372
0.10376
0.10385
0.10372
0.10382
0.10393
0.10384
0.10383
0.10355
0.10386
0.10387
0.10376
0.10389
0.10373
0.1039
0.10382
0.10347
0.10386
0.10362
0.10375
0.10352
0.10387
0.10335
0.10359
0.10377
0.10346
0.10371
0.10352
0.10362
0.10361
0.10361
0.10362
0.10374
0.10363
0.1036
0.10374
0.10374
0.10387
0.10386
0.10376
0.10384
0.10389
0.10385
0.10376
0.10384
0.10377
0.10372
0.10374
0.10375
0.10373
0.10361
0.10376
0.10361
0.10378
0.10369
0.10369
0.10367
0.10374
0.10374
0.10361
0.10375
0.10363
0.10372
0.10364
0.10371
0.10362
0.10362
0.10363
0.1036
0.10374
0.10361
0.10376
0.1036
0.10365
0.10371
0.10373
0.10362
0.10374
0.10362
0.10361
0.10376
0.1036
0.10374
0.10376
0.10372
0.10363
0.10373
0.10373
0.10362
0.10386
0.10377
0.10375
0.10373
0.10359
0.10379
0.10381
0.10365
0.10359
0.10383
0.10367
0.10361
0.10374
0.10364
0.10358
0.10374
0.10364
0.10372
0.10361
0.10375
0.10361
0.10373
0.10363
0.10361
0.10361
0.10375
0.10376
0.10372
0.10361
0.10374
0.10374
0.10374
0.10362
0.10376
0.10359
0.10376
0.10362
0.10372
0.10379
0.10374
0.10369
0.10374
0.10377
0.10371
0.10376
0.10373
0.10374
0.10374
0.10374
0.10376
0.10359
0.10375
0.10373
0.10362
0.10378
0.10384
0.10337
0.10362
0.10374
0.10359
0.10375
0.10363
0.10372
0.10374
0.10374
0.10367
0.1036
0.10372
0.1036
0.10362
0.10374
0.10364
0.10375
0.10359
0.10373
0.10361
0.10377
0.10359
0.10374
0.10364
0.10362
0.10371
0.10362
0.10373
0.10363
0.10374
0.10365
0.10358
0.10361
0.10376
0.10364
0.1037
0.10375
0.10377
0.1037
0.10362
0.10376
0.10372
0.10374
0.10361
0.10377
0.10359
0.10361
0.10362
0.10373
0.10362
0.10362
0.10374
0.10362
0.10373
0.10362
0.10379
0.10357
0.10362
0.10363
0.1037
0.10364
0.10361
0.10371
0.10363
0.10363
0.10374
0.10362
0.10368
0.10369
0.10372
0.10362
0.10362
0.10373
0.10362
0.10362
0.10374
0.10362
0.10361
0.10374
0.10361
0.10377
0.10359
0.10375
0.10363
0.10374
0.10359
0.10374
0.10362
0.10362
0.10361
0.10374
0.10376
0.10372
0.10374
0.10376
0.10372
0.10374
0.10375
0.10361
0.10374
0.10361
0.10374
0.10362
0.10362
0.10361
0.10377
0.10358
0.10362
0.10374
0.10362
0.10374
0.10361
0.10362
0.10374
0.10362
0.10361
0.10374
0.10361
0.10363
0.10378
0.10357
0.10374
0.10361
0.10376
0.1039
0.10345
0.10375
0.10367
0.10366
0.10362
0.10374
0.10374
0.10362
0.10374
0.10374
0.10361
0.10374
0.10362
0.10374
0.10362
0.10361
0.10374
0.10362
0.10376
0.10359
0.10376
0.1036
0.10374
0.10361
0.10362
0.10378
0.10358
0.10361
0.10374
0.10362
0.10361
0.10378
0.1036
0.10372
0.10361
0.10362
0.10378
0.10358
0.10373
0.10362
0.10362
0.10361
0.10374
0.10369
0.10369
0.10359
0.10363
0.10376
0.10364
0.10357
0.10373
0.10362
0.10373
0.10375
0.10376
0.10361
0.10372
0.10374
0.10362
0.10374
0.10374
0.10362
0.10374
0.10374
0.10374
0.10374
0.10362
0.10375
0.10373
0.10364
0.10371
0.10362
0.10384
0.10351
0.10362
0.10371
0.10388
0.10353
0.10357
0.10363
0.10375
0.10374
0.10361
0.10374
0.10376
0.10368
0.10366
0.10378
0.10361
0.10358
0.10376
0.10372
0.10371
0.10354
0.10369
0.10352
0.1035
0.10361
0.1035
0.10348
0.10349
0.10337
0.10351
0.10347
0.10356
0.10342
0.1037
0.10359
0.10356
0.10361
0.10363
0.10375
0.1036
0.10377
0.10372
0.1036
0.10374
0.10376
0.10373
0.10375
0.10385
0.10374
0.10387
0.10386
0.104
0.104
0.10397
0.10409
0.10389
0.10399
0.10387
0.10387
0.10386
0.10374
0.10374
0.10376
0.10372
0.10374
0.10374
0.10362
0.10374
0.10374
0.10363
0.10373
0.10376
0.10373
0.10373
0.10374
0.10361
0.10374
0.10374
0.10362
0.10374
0.10413
0.10322
0.10377
0.10371
0.10375
0.10361
0.10374
0.10362
0.10378
0.1037
0.1037
0.1037
0.1037
0.1037
0.1036
0.1038
0.1036
0.1037
0.1037
0.1037
0.1036
0.1038
0.1037
0.1038
0.1036
0.1039
0.1034
0.1037
0.1039
0.1034
0.1037
0.1038
0.1036
0.1037
0.1038
0.1037
0.1036
0.1037
0.1037
0.1036
0.1037
0.1037
0.1037
0.1037
0.1036
0.1037
0.1039
0.1035
0.1038
0.1037
0.1036
0.1038
0.1036
0.1037
0.1037
0.1036
0.1036
0.1037
0.1036
0.1038
0.1036
0.1036
0.1035
0.1036
0.1043
0.1028
0.1033
0.1034
0.1036
0.1033
0.1035
0.1034
0.1035
0.1034
0.1035
0.1035
0.1037
0.1034
0.1037
0.1036
0.1036
0.1036
0.1037
0.1036
0.1039
0.1038
0.1038
0.1039
0.1039
0.1038
0.104
0.1041
0.1038
0.104
0.104
0.1039
0.104
0.104
0.104
0.104
0.104
0.1046
0.1033
0.1037
0.1037
0.1038
0.1037
0.1037
0.1038
0.1036
0.1037
0.1037
0.1037
0.1038
0.1037
0.1036
0.1037
0.1037
0.1037
0.1036
0.1037
0.1037
0.1036
0.1037
0.1036
0.1038
0.1037
0.1036
0.1038
0.1036
0.1037
0.1036
0.1038
0.1037
0.1038
0.1037
0.1037
0.1038
0.1037
0.1036
0.1038
0.1036
0.1037
0.1038
0.1036
0.1037
0.1038
0.1036
0.1039
0.1037
0.1037
0.1037
0.1037
0.1037
0.1038
0.1036
0.1037
0.1037
0.1037
0.1037
0.1038
0.1037
0.1037
0.1037
0.1037
0.1038
0.1036
0.1038
0.1036
0.1038
0.1036
0.1037
0.1037
0.1037
0.1037
0.1037
0.1037
0.1037
0.1038
0.1036
0.1037
0.1038
0.1036
0.1037
0.1038
0.104
0.1035
0.1037
0.1037
0.1038
0.1036
0.1037
0.1036
0.1038
0.1037
0.1036
0.1036
0.1038
0.1036
0.1038
0.1036
0.1037
0.1036
0.1038
0.1037
0.1036
0.1038
0.1037
0.1036
0.1037
0.1038
0.1037
0.1036
0.1038
0.1036
0.1037
0.1038
0.1037
0.1036
0.1038
0.1036
0.1037
0.1037
0.1037
0.1037
0.1037
0.1037
0.1036
0.1037
0.1037
0.1037
0.1037
0.1037
0.1037
0.1037
0.1038
0.1037
0.1038
0.1037
0.1037
0.1037
0.1037
0.1037
0.1038
0.1036
0.1037
0.1036
0.1037
0.1037
0.1036
0.1038
0.1036
0.1037
0.1038
0.1036
0.1037
0.1036
0.1038
0.1036
0.1036
0.1037
0.1038
0.1036
0.1037
0.1036
0.1038
0.1037
0.1037
0.1036
0.1037
0.1037
0.1035
0.1038
0.1036
0.1038
0.1037
0.1036
0.1038
0.1035
0.1038
0.1036
0.1036
0.1038
0.1037
0.1036
0.1036
0.1038
0.1036
0.1037
0.1036
0.1038
0.1036
0.1038
0.1037
0.1036
0.1037
0.1038
0.1037
0.1038
0.1037
0.1038
0.1036
0.1037
0.1036
0.1038
0.1037
0.1036
0.1036
0.1038
0.1036
0.1037
0.1037
0.1037
0.1036
0.1037
0.1036
0.1037
0.1037
0.1036
0.1036
0.1038
0.1037
0.1038
0.1037
0.1037
0.1038
0.1037
0.1038
0.1037
0.1043
0.1032
0.1037
0.1036
0.1038
0.1038
0.1038
0.1038
0.1039
0.1039
0.1038
0.104
0.1039
0.104
0.104
0.104
0.1041
0.104
0.104
0.1041
0.104
0.104
0.1041
0.104
0.104
0.104
0.1038
0.104
0.1039
0.1037
0.1038
0.1037
0.1036
0.1035
0.1036
0.1035
0.1035
0.1035
0.1035
0.1035
0.1035
0.1034
0.1035
0.1035
0.1036
0.1035
0.1037
0.1034
0.1035
0.1037
0.1034
0.1037
0.1036
0.1036
0.1036
0.1036
0.1038
0.1036
0.1037
0.1036
0.1038
0.1037
0.1038
0.1037
0.1037
0.1038
0.1036
0.1038
0.1037
0.1037
0.1037
0.1037
0.1037
0.1037
0.1038
0.1037
0.1038
0.1037
0.1039
0.1037
0.1038
0.1037
0.1037
0.1038
0.1036
0.1038
0.1037
0.1037
0.1036
0.1038
0.1037
0.1038
0.1038
0.1038
0.1037
0.1039
0.1037
0.1037
0.1038
0.1037
0.1038
0.1038
0.1038
0.1037
0.1038
0.1038
0.1038
0.1037
0.1037
0.1038
0.1037
0.1036
0.1038
0.1036
0.1038
0.1037
0.1037
0.1036
0.1039
0.1037
0.1036
0.1038
0.1037
0.1038
0.1037
0.1037
0.1039
0.1038
0.1037
0.1036
0.1038
0.1037
0.1036
0.1037
0.1038
0.1037
0.1036
0.1038
0.1036
0.1037
0.1038
0.1037
0.1037
0.1037
0.1036
0.1037
0.1037
0.1036
0.1037
0.1037
0.1037
0.1038
0.1037
0.1037
0.1037
0.1038
0.1037
0.1037
0.1038
0.1037
0.1038
0.1037
0.1039
0.1037
0.1038
0.1037
0.1037
0.1038
0.1037
0.1036
0.1038
0.1037
0.1038
0.1038
0.1038
0.1036
0.1037
0.1038
0.1037
0.1036
0.1038
0.1036
0.1037
0.1036
0.1037
0.1036
0.1036
0.1037
0.1036
0.1038
0.1036
0.1037
0.1036
0.1038
0.1037
0.1035
0.1038
0.1036
0.1037
0.1036
0.1054
0.102
0.1036
0.1037
0.1036
0.1037
0.1036
0.1037
0.1036
0.1038
0.1036
0.1037
0.1036
0.1038
0.1036
0.1036
0.1038
0.1036
0.1037
0.1038
0.1037
0.1036
0.1037
0.1038
0.1036
0.1037
0.1038
0.1038
0.1036
0.1037
0.1037
0.1038
0.1037
0.1037
0.1037
0.1037
0.1037
0.1038
0.1037
0.1036
0.1038
0.1036
0.1037
0.1038
0.1037
0.1038
0.1037
0.1037
0.1038
0.1037
0.1041
0.1033
0.1037
0.1036
0.1038
0.1037
0.1036
0.1038
0.1037
0.1038
0.1036
0.1037
0.1037
0.1038
0.1036
0.1038
0.1037
0.1036
0.1039
0.1037
0.1037
0.1038
0.1037
0.1037
0.1037
0.1037
0.1038
0.1037
0.1036
0.1038
0.1037
0.1036
0.1038
0.1036
0.1037
0.1036
0.1038
0.1037
0.1036
0.1038
0.1037
0.1036
0.1038
0.1037
0.1036
0.1038
0.1037
0.1036
0.1038
0.1037
0.1037
0.1038
0.1037
0.1038
0.1036
0.1037
0.1038
0.1037
0.1036
0.1037
0.1038
0.1037
0.1038
0.1038
0.1037
0.1037
0.1037
0.1038
0.1036
0.1037
0.1038
0.1036
0.1037
0.1038
0.1037
0.1037
0.1038
0.1037
0.1036
0.1038
0.1036
0.1038
0.1037
0.1036
0.1038
0.1036
0.1037
0.1036
0.1036
0.1038
0.1036
0.1037
0.1036
0.1037
0.1037
0.1036
0.1038
0.1036
0.1037
0.1037
0.1037
0.1038
0.1036
0.1038
0.1037
0.1038
0.1037
0.1037
0.1039
0.1037
0.1038
0.1039
0.1037
0.1039
0.1037
0.1037
0.1039
0.1038
0.1037
0.1036
0.1037
0.1038
0.1036
0.1037
0.1038
0.1037
0.1038
0.1036
0.1037
0.1038
0.1036
0.1037
0.1038
0.1037
0.1037
0.1038
0.1037
0.1038
0.1037
0.1036
0.1038
0.1036
0.1037
0.1037
0.1038
0.1038
0.1037
0.1036
0.1037
0.1036
0.1038
0.1036
0.1038
0.1037
0.1037
0.1036
0.1037
0.1037
0.1036
0.1037
0.1038
0.1036
0.1037
0.1037
0.1037
0.1037
0.1037
0.1037
0.1036
0.1036
0.1038
0.1037
0.1036
0.1037
0.1037
0.1036
0.1038
0.1037
0.1036
0.1038
0.1034
0.1035
0.1036
0.1036
0.1038
0.1036
0.1037
0.1038
0.1037
0.1038
0.1037
0.1037
0.1038
0.1037
0.1037
0.1037
0.1037
0.1038
0.1037
0.1039
0.1037
0.1037
0.1039
0.1038
0.1036
0.1037
0.1038
0.1036
0.1037
0.1037
0.1038
0.1036
0.1037
0.1038
0.1037
0.1038
0.1037
0.1039
0.1037
0.1038
0.1037
0.1037
0.1039
0.1037
0.1037
0.1038
0.1038
0.1041
0.1033
0.1039
0.1036
0.1038
0.1038
0.1036
0.1039
0.1036
0.1038
0.1036
0.1036
0.1037
0.1037
0.1035
0.1037
0.1035
0.1036
0.1036
0.1035
0.1036
0.1035
0.1036
0.1035
0.1036
0.1035
0.1037
0.1034
0.1036
0.1036
0.1037
0.1036
0.1037
0.1038
0.1037
0.1038
0.1037
0.1039
0.1037
0.104
0.1038
0.1041
0.1038
0.104
0.104
0.1039
0.1038
0.1039
0.1038
0.1039
0.1039
0.104
0.1039
0.104
0.1039
0.104
0.1039
0.104
0.1038
0.1039
0.1038
0.1038
0.1037
0.1038
0.1037
0.1039
0.1037
0.1038
0.1037
0.1037
0.1037
0.1037
0.1036
0.1038
0.1036
0.1037
0.1037
0.1038
0.1037
0.1037
0.1037
0.1037
0.1036
0.1037
0.1037
0.1037
0.1038
0.1037
0.1038
0.1037
0.1037
0.1038
0.1036
0.1037
0.1037
0.1037
0.1037
0.1037
0.1037
0.1037
0.1037
0.1036
0.1037
0.1036
0.1036
0.1038
0.1036
0.1036
0.1036
0.1037
0.1036
0.1037
0.1036
0.1036
0.1038
0.1037
0.1036
0.1038
0.1036
0.1037
0.1036
0.1036
0.1038
0.1036
0.1037
0.1037
0.1036
0.1037
0.1036
0.1036
0.1038
0.1036
0.1036
0.1038
0.1036
0.1037
0.1036
0.1036
0.1037
0.1037
0.1036
0.1037
0.1037
0.1036
0.1036
0.1037
0.1037
0.1037
0.1036
0.1038
0.1036
0.1036
0.1038
0.1037
0.1036
0.1038
0.1037
0.1037
0.1037
0.1037
0.1037
0.1036
0.1035
0.1038
0.1036
0.1037
0.1036
0.1038
0.1037
0.1036
0.1038
0.1037
0.1037
0.1038
0.1037
0.1038
0.1037
0.1038
0.1037
0.1037
0.1036
0.1038
0.1037
0.1038
0.1037
0.1037
0.1038
0.1037
0.1038
0.1037
0.1037
0.1038
0.1036
0.1037
0.1038
0.1037
0.1038
0.1037
0.1037
0.1038
0.1037
0.1038
0.1037
0.1039
0.1037
0.1039
0.1037
0.1039
0.1037
0.1038
0.1037
0.1037
0.1038
0.1037
0.1038
0.1037
0.1037
0.1038
0.1039
0.1036
0.1037
0.1038
0.1037
0.1036
0.1036
0.1036
0.1037
0.1036
0.1047
0.1024
0.1036
0.1037
0.1035
0.1036
0.1037
0.1035
0.1036
0.1034
0.1037
0.1036
0.1036
0.1036
0.1037
0.1038
0.1037
0.1038
0.1037
0.1039
0.1037
0.1038
0.1038
0.1039
0.1039
0.1039
0.104
0.1039
0.104
0.1039
0.1038
0.104
0.104
0.104
0.1039
0.1039
0.1041
0.1039
0.104
0.1041
0.1038
0.104
0.104
0.1039
0.104
0.104
0.1039
0.1041
0.1041
0.1034
0.1039
0.1038
0.104
0.1036
0.1036
0.1038
0.1038
0.1037
0.1041
0.1033
0.1038
0.1037
0.1036
0.1039
0.1036
0.1036
0.1039
0.1036
0.1038
0.1037
0.1037
0.1039
0.1036
0.1039
0.1034
0.1037
0.1037
0.1037
0.1037
0.1037
0.1037
0.1037
0.1037
0.104
0.1034
0.1036
0.1037
0.1039
0.1038
0.1037
0.104
0.1033
0.1038
0.1037
0.1036
0.1038
0.1037
0.1038
0.1036
0.1037
0.1038
0.1036
0.1037
0.1037
0.1037
0.1035
0.1036
0.1037
0.1037
0.1037
0.1036
0.1038
0.1039
0.1035
0.1036
0.1038
0.1036
0.1036
0.1036
0.1038
0.1037
0.1036
0.1037
0.1035
0.1038
0.1037
0.1036
0.1038
0.1037
0.1038
0.1036
0.1037
0.1036
0.1038
0.1036
0.1039
0.1036
0.1036
0.1038
0.1037
0.1037
0.1036
0.1037
0.1038
0.1037
0.1038
0.1037
0.1036
0.1037
0.1037
0.1037
0.1036
0.1038
0.1038
0.1036
0.1037
0.1036
0.1037
0.1038
0.1037
0.1038
0.1036
0.1038
0.1037
0.1036
0.1037
0.1037
0.1037
0.1037
0.1036
0.1037
0.1037
0.1037
0.1038
0.1036
0.1037
0.1038
0.1037
0.1038
0.1036
0.1037
0.1038
0.1037
0.1036
0.1038
0.1038
0.1036
0.1036
0.1038
0.1036
0.1038
0.1037
0.1036
0.1038
0.1037
0.1037
0.1037
0.1037
0.1037
0.1037
0.1038
0.1038
0.1038
0.1038
0.1035
0.1038
0.1037
0.1038
0.1037
0.1036
0.1036
0.1038
0.1036
0.1037
0.1037
0.1039
0.1035
0.1036
0.1038
0.1037
0.1038
0.1046
0.1027
0.1036
0.1038
0.1036
0.1036
0.1037
0.1037
0.1037
0.1037
0.1037
0.1037
0.1038
0.1036
0.1037
0.1038
0.1036
0.1039
0.1037
0.1038
0.1039
0.1038
0.1038
0.1037
0.1038
0.1037
0.1036
0.1038
0.1036
0.1037
0.1036
0.1038
0.1035
0.1037
0.1039
0.1032
0.1036
0.1037
0.1036
0.1036
0.1036
0.1037
0.1036
0.1037
0.1038
0.1037
0.1037
0.1036
0.1036
0.1038
0.1037
0.1036
0.1038
0.1037
0.1036
0.1038
0.1036
0.1036
0.1037
0.1036
0.1038
0.1036
0.1037
0.1037
0.1037
0.1036
0.1036
0.1038
0.1036
0.1037
0.1036
0.1038
0.1037
0.1036
0.1038
0.1037
0.1038
0.1037
0.1036
0.1038
0.1037
0.1036
0.1038
0.1037
0.1037
0.1037
0.1037
0.1036
0.1037
0.1036
0.1034
0.1036
0.1037
0.1041
0.103
0.1037
0.1037
0.1036
0.1037
0.1036
0.1037
0.1036
0.1036
0.1035
0.1037
0.1037
0.1037
0.1036
0.1037
0.1037
0.1037
0.1037
0.1039
0.1036
0.1036
0.1037
0.1038
0.1037
0.1037
0.1037
0.1037
0.1036
0.1037
0.1038
0.1036
0.1037
0.1038
0.1037
0.1042
0.1032
0.1036
0.1038
0.1037
0.1036
0.1036
0.1038
0.1036
0.1039
0.1034
0.1037
0.1037
0.1037
0.1036
0.1038
0.1036
0.1037
0.1037
0.1042
0.1034
0.1034
0.1037
0.1036
0.1037
0.1036
0.1038
0.1036
0.1037
0.1038
0.1037
0.1036
0.1038
0.1036
0.1037
0.1038
0.1036
0.1037
0.1036
0.1038
0.1036
0.1037
0.1036
0.1038
0.1036
0.1037
0.1037
0.1037
0.1036
0.1038
0.1036
0.1036
0.1037
0.1037
0.1037
0.1036
0.1038
0.1036
0.1038
0.1036
0.1038
0.1037
0.1036
0.1037
0.1037
0.1036
0.1036
0.1036
0.1037
0.1036
0.1037
0.1036
0.1038
0.1037
0.1038
0.1036
0.1037
0.1037
0.1038
0.1037
0.1039
0.1038
0.1037
0.1037
0.1038
0.1037
0.1036
0.1037
0.1038
0.1037
0.1038
0.1036
0.1037
0.1038
0.1036
0.1037
0.1038
0.1036
0.1037
0.1036
0.1038
0.1036
0.1037
0.1037
0.1037
0.1036
0.1037
0.1038
0.1037
0.1037
0.1038
0.1038
0.1037
0.1037
0.1038
0.1037
0.1036
0.1038
0.1036
0.1037
0.1036
0.1038
0.1037
0.1037
0.1038
0.1037
0.1038
0.1047
0.1029
0.1037
0.1038
0.1039
0.1037
0.1037
0.1037
0.1038
0.1037
0.1041
0.1034
0.1036
0.1038
0.1036
0.1037
0.1038
0.1037
0.1038
0.1037
0.1037
0.1037
0.1037
0.1037
0.1037
0.1038
0.1037
0.1037
0.1036
0.1037
0.1037
0.1037
0.1037
0.1039
0.1035
0.1036
0.1037
0.1037
0.1038
0.1036
0.1038
0.1037
0.1038
0.1037
0.1037
0.1037
0.1037
0.1037
0.1037
0.1047
0.1041
0.1024
0.1037
0.1037
0.1036
0.1038
0.1036
0.1036
0.1038
0.1038
0.1035
0.1036
0.1038
0.1036
0.1037
0.1036
0.1038
0.1036
0.1037
0.1038
0.1038
0.1036
0.1037
0.1037
0.1038
0.1037
0.1037
0.1038
0.1037
0.1038
0.1037
0.1041
0.1035
0.1049
0.1026
0.1038
0.1038
0.1038
0.1039
0.1039
0.1038
0.1039
0.1039
0.1038
0.1041
0.1037
0.1038
0.1041
0.1038
0.1039
0.104
0.1038
0.1039
0.1039
0.1039
0.104
0.1039
0.1039
0.1037
0.1038
0.1036
0.1036
0.1036
0.1035
0.1035
0.1035
0.1035
0.1034
0.1034
0.1033
0.1033
0.1034
0.1033
0.1036
0.1034
0.1035
0.1035
0.1036
0.1037
0.1036
0.1037
0.1036
0.1037
0.1037
0.1037
0.1037
0.1037
0.1039
0.1034
0.1038
0.1036
0.1037
0.1038
0.1036
0.1037
0.1038
0.1037
0.1036
0.1037
0.1038
0.1037
0.1036
0.1038
0.1036
0.1037
0.1037
0.1037
0.1036
0.1038
0.1037
0.1036
0.1038
0.1037
0.1037
0.1038
0.104
0.1036
0.1041
0.1037
0.1039
0.104
0.1041
0.1044
0.1037
0.1041
0.1042
0.1041
0.1042
0.1041
0.1041
0.104
0.1041
0.104
0.104
0.104
0.104
0.1039
0.1038
0.1039
0.104
0.1038
0.1039
0.1039
0.1037
0.1038
0.1036
0.1036
0.1036
0.1036
0.1035
0.1035
0.1034
0.1035
0.1034
0.1036
0.1034
0.1036
0.1036
0.1035
0.1037
0.1036
0.1037
0.1037
0.1037
0.1037
0.1038
0.1036
0.1037
0.1038
0.1037
0.1038
0.1038
0.1037
0.1038
0.1037
0.1038
0.1037
0.1039
0.1037
0.1037
0.1038
0.1039
0.1037
0.1037
0.1038
0.1037
0.1036
0.1038
0.1036
0.1037
0.1038
0.1036
0.1037
0.1038
0.1036
0.1037
0.1038
0.1037
0.1036
0.1038
0.1037
0.1036
0.1038
0.1037
0.1037
0.1037
0.1037
0.1037
0.1038
0.1037
0.1038
0.1039
0.1034
0.1038
0.1037
0.1037
0.1038
0.1038
0.1038
0.1037
0.1038
0.1038
0.1038
0.1038
0.1037
0.1042
0.1034
0.1036
0.1042
0.1033
0.1038
0.1035
0.1038
0.1037
0.104
0.1034
0.1037
0.1037
0.1038
0.1037
0.1038
0.1037
0.1037
0.1038
0.1037
0.104
0.1035
0.1036
0.1037
0.1038
0.1037
0.1036
0.1038
0.1036
0.1037
0.1037
0.1037
0.1037
0.1038
0.1037
0.1038
0.1038
0.1035
0.1038
0.1037
0.1036
0.1038
0.1037
0.1037
0.104
0.1033
0.1037
0.1038
0.1036
0.1037
0.1038
0.1036
0.1037
0.1038
0.1036
0.1037
0.1037
0.1038
0.1038
0.1035
0.1038
0.1037
0.1036
0.1038
0.1036
0.1037
0.1038
0.1037
0.1036
0.1038
0.1036
0.1036
0.1036
0.1036
0.1038
0.1037
0.1035
0.1038
0.1037
0.1037
0.1037
0.1038
0.1036
0.1038
0.1038
0.1036
0.1037
0.1036
0.1037
0.1036
0.1038
0.1037
0.1037
0.1037
0.1036
0.1037
0.1038
0.1037
0.1036
0.1038
0.1038
0.1036
0.1038
0.1036
0.1036
0.1038
0.1036
0.1037
0.1037
0.1037
0.1036
0.1036
0.1037
0.1037
0.1037
0.1036
0.1037
0.1037
0.1037
0.1036
0.1037
0.1037
0.1037
0.1037
0.1038
0.1037
0.1038
0.1037
0.1036
0.1038
0.1036
0.1036
0.1038
0.1035
0.1038
0.1037
0.1037
0.104
0.1035
0.104
0.1035
0.1038
0.1036
0.1037
0.1038
0.1039
0.1037
0.1037
0.1037
0.1037
0.1037
0.1039
0.1037
0.1038
0.1037
0.1037
0.1038
0.1037
0.1038
0.1036
0.1037
0.1036
0.1038
0.1037
0.1038
0.1038
0.1038
0.1038
0.1038
0.1037
0.1039
0.1037
0.1038
0.1038
0.1038
0.1037
0.1037
0.1038
0.1037
0.1038
0.1037
0.1038
0.1039
0.1037
0.1035
0.1037
0.1036
0.1036
0.1041
0.1034
0.1036
0.1037
0.1038
0.1037
0.1038
0.1037
0.1037
0.1037
0.1037
0.1037
0.1038
0.1037
0.1038
0.1037
0.1037
0.1037
0.1037
0.1038
0.1037
0.1036
0.1037
0.1038
0.1037
0.1038
0.1037
0.1036
0.1036
0.1038
0.1037
0.1036
0.1038
0.1037
0.1038
0.1036
0.1037
0.1037
0.1038
0.1037
0.1038
0.1037
0.1036
0.1039
0.1036
0.1038
0.1037
0.1037
0.1038
0.1037
0.1036
0.1037
0.1037
0.1036
0.1036
0.1038
0.1036
0.1037
0.1038
0.1043
0.1029
0.1037
0.1048
0.1027
0.1037
0.1038
0.1037
0.1038
0.1036
0.1038
0.1041
0.1034
0.1038
0.1037
0.1037
0.1038
0.1037
0.1038
0.1037
0.1036
0.1038
0.1036
0.1037
0.1038
0.1036
0.1037
0.1036
0.1038
0.1037
0.1038
0.1037
0.1036
0.1038
0.1037
0.1038
0.1038
0.1037
0.1038
0.1037
0.1038
0.1037
0.1036
0.1038
0.1037
0.1036
0.1038
0.1037
0.1037
0.1038
0.1037
0.1038
0.1037
0.1037
0.1038
0.1037
0.1038
0.1038
0.1038
0.1037
0.1037
0.1039
0.1037
0.1038
0.1036
0.1038
0.1037
0.1036
0.1038
0.1037
0.1038
0.1037
0.1038
0.1036
0.1038
0.1037
0.1037
0.1037
0.1037
0.1038
0.1037
0.1039
0.1038
0.1037
0.1037
0.1037
0.1038
0.1037
0.1038
0.1037
0.1037
0.1036
0.1038
0.1037
0.1036
0.1038
0.1037
0.1036
0.1038
0.1037
0.1036
0.1038
0.1037
0.1038
0.1036
0.1037
0.1037
0.1038
0.1037
0.1038
0.1037
0.1038
0.1037
0.1037
0.1039
0.1037
0.1039
0.1037
0.1038
0.1038
0.1038
0.1037
0.1039
0.1038
0.1038
0.1038
0.1038
0.1038
0.1037
0.1038
0.1058
0.1035
0.1019
0.1037
0.1038
0.1038
0.104
0.1038
0.1036
0.1033
0.1038
0.1037
0.1037
0.1038
0.1036
0.1038
0.1035
0.1038
0.1038
0.1035
0.1038
0.1037
0.1038
0.1037
0.1036
0.1038
0.1036
0.1037
0.1038
0.1037
0.1038
0.1037
0.1037
0.1038
0.1036
0.1037
0.1038
0.1038
0.1036
0.1038
0.1037
0.1039
0.1037
0.1038
0.1038
0.1036
0.1037
0.1036
0.1037
0.1038
0.1037
0.1036
0.1038
0.1036
0.1037
0.1036
0.1038
0.1037
0.1037
0.1037
0.1037
0.1036
0.1038
0.1036
0.1037
0.1038
0.1037
0.1037
0.1038
0.1037
0.1037
0.1037
0.1037
0.1038
0.1036
0.1037
0.1038
0.1036
0.1037
0.1036
0.1036
0.1038
0.1036
0.1037
0.1037
0.1037
0.1036
0.1037
0.1038
0.1037
0.1038
0.1037
0.1038
0.1037
0.1037
0.1038
0.1038
0.1036
0.1039
0.1038
0.1038
0.1036
0.1036
0.1038
0.1036
0.1038
0.1037
0.1037
0.1036
0.1038
0.1037
0.1036
0.1038
0.1037
0.1036
0.1038
0.1037
0.1036
0.1038
0.1036
0.1037
0.1038
0.1037
0.1038
0.1037
0.1037
0.1037
0.1037
0.1037
0.1038
0.1039
0.1036
0.1038
0.1039
0.1036
0.1037
0.1038
0.1037
0.1037
0.1038
0.1037
0.1038
0.1038
0.1037
0.1037
0.1038
0.1037
0.1037
0.1038
0.1037
0.1036
0.1038
0.1037
0.1037
0.1038
0.1037
0.1038
0.1037
0.1037
0.1038
0.1039
0.1037
0.1037
0.1038
0.1037
0.1038
0.1037
0.1039
0.1037
0.1038
0.1036
0.1037
0.1037
0.1037
0.1037
0.1037
0.1038
0.1036
0.1037
0.1038
0.1037
0.1038
0.1037
0.1039
0.1038
0.1039
0.1038
0.1038
0.104
0.1038
0.1039
0.1038
0.1037
0.1038
0.1038
0.104
0.1039
0.1043
0.1036
0.1039
0.104
0.1039
0.1038
0.1038
0.1038
0.1038
0.1037
0.1039
0.1037
0.1038
0.1037
0.1039
0.1036
0.1038
0.1037
0.1036
0.1036
0.1036
0.1036
0.1036
0.1038
0.1036
0.1036
0.1036
0.1037
0.1034
0.1037
0.1037
0.1035
0.1036
0.1037
0.1037
0.1036
0.1036
0.1037
0.1038
0.1037
0.1037
0.1048
0.1026
0.1037
0.1038
0.1036
0.1038
0.1036
0.1036
0.1037
0.1038
0.1037
0.1038
0.1037
0.1037
0.1037
0.1038
0.1038
0.1037
0.1036
0.1038
0.1038
0.1036
0.1037
0.1038
0.1037
0.1038
0.1037
0.1037
0.1037
0.1037
0.1036
0.1038
0.1036
0.1036
0.1037
0.1037
0.1036
0.1036
0.1037
0.1035
0.1036
0.1036
0.1035
0.1035
0.1036
0.1035
0.1036
0.1045
0.1027
0.1036
0.1036
0.1038
0.1035
0.1038
0.1037
0.1038
0.1036
0.1037
0.1038
0.1037
0.1039
0.1037
0.1039
0.1038
0.104
0.1041
0.1039
0.1039
0.104
0.1038
0.104
0.1039
0.104
0.104
0.104
0.1039
0.104
0.104
0.1041
0.1039
0.104
0.1039
0.1038
0.1039
0.1037
0.1038
0.1037
0.1039
0.1037
0.1038
0.1036
0.1037
0.1038
0.1037
0.1038
0.1037
0.1037
0.1038
0.1037
0.104
0.1034
0.1038
0.1038
0.1039
0.1038
0.1042
0.1036
0.1039
0.1039
0.104
0.1038
0.1039
0.1039
0.1043
0.1034
0.1039
0.1039
0.1038
0.1038
0.1038
0.1036
0.1038
0.1038
0.1038
0.1037
0.1036
0.1038
0.1038
0.1036
0.1037
0.1037
0.1038
0.1037
0.1037
0.1036
0.1038
0.1037
0.1036
0.1038
0.1037
0.1038
0.1037
0.1036
0.1039
0.1036
0.1035
0.1036
0.1038
0.1036
0.1037
0.1036
0.1035
0.1039
0.1035
0.1036
0.1036
0.1037
0.1047
0.1026
0.1037
0.1037
0.1037
0.1036
0.1036
0.1037
0.1036
0.1038
0.1036
0.1037
0.1038
0.1037
0.1036
0.1036
0.1038
0.1036
0.1037
0.1037
0.1037
0.1037
0.1038
0.1036
0.1037
0.1039
0.1038
0.1036
0.1037
0.1038
0.1037
0.1037
0.1038
0.1037
0.1036
0.1038
0.1037
0.1037
0.1036
0.1037
0.1037
0.1036
0.1035
0.1036
0.1037
0.1037
0.1036
0.1041
0.1034
0.1033
0.1038
0.1036
0.1037
0.1037
0.1037
0.1037
0.1035
0.1038
0.1036
0.1036
0.1037
0.1037
0.1036
0.1037
0.1038
0.1036
0.1036
0.1038
0.1037
0.1036
0.1036
0.1037
0.1038
0.1036
0.1037
0.1038
0.1037
0.1036
0.1036
0.1037
0.1037
0.1036
0.1038
0.1036
0.1037
0.1038
0.1036
0.1037
0.1038
0.1037
0.1038
0.1036
0.1037
0.1037
0.1037
0.1036
0.1037
0.1038
0.1036
0.1037
0.1036
0.1038
0.1037
0.1037
0.1039
0.1035
0.1037
0.1038
0.1037
0.1038
0.1036
0.1039
0.1037
0.1037
0.1038
0.1042
0.1035
0.1036
0.1038
0.1037
0.1038
0.1037
0.1037
0.1036
0.1038
0.1036
0.1037
0.1036
0.1038
0.1037
0.1037
0.1038
0.1036
0.1038
0.1037
0.1036
0.1037
0.1037
0.1037
0.1036
0.1038
0.1037
0.1038
0.1038
0.1037
0.1038
0.1035
0.1036
0.1038
0.1037
0.1037
0.1037
0.1037
0.1037
0.1037
0.1037
0.1036
0.1038
0.1036
0.1037
0.1037
0.1039
0.1038
0.1037
0.1038
0.1037
0.1036
0.1037
0.1037
0.1036
0.1037
0.1036
0.1036
0.1036
0.1038
0.1034
0.1037
0.1036
0.1036
0.1036
0.1036
0.1037
0.1037
0.1036
0.1036
0.1037
0.1038
0.1036
0.1038
0.1037
0.1036
0.1037
0.1038
0.1037
0.1036
0.1038
0.1036
0.1038
0.1037
0.1036
0.1038
0.1037
0.1037
0.1036
0.1038
0.1037
0.1038
0.1036
0.1037
0.1038
0.1037
0.1036
0.1038
0.1036
0.1037
0.1037
0.1038
0.1037
0.1037
0.1037
0.1036
0.1037
0.1038
0.1036
0.1038
0.1037
0.1037
0.1038
0.1036
0.1037
0.1038
0.1037
0.1037
0.1037
0.1036
0.1038
0.1037
0.1037
0.105
0.1022
0.1038
0.1037
0.1037
0.1038
0.1037
0.1038
0.1037
0.1036
0.1038
0.1037
0.1038
0.1037
0.1036
0.1037
0.1037
0.1037
0.1036
0.1036
0.1038
0.1036
0.1037
0.1036
0.1038
0.104
0.1035
0.1047
0.1027
0.1038
0.1039
0.1034
0.1038
0.1037
0.1037
0.1039
0.1038
0.1038
0.1038
0.1038
0.1038
0.1037
0.1038
0.1038
0.1038
0.1037
0.1039
0.1037
0.1039
0.1037
0.1039
0.1038
0.1039
0.1037
0.1039
0.1037
0.1038
0.1038
0.1037
0.1039
0.1035
0.1038
0.1039
0.1036
0.1036
0.1036
0.1036
0.1036
0.1036
0.1036
0.1034
0.1035
0.1037
0.1036
0.1035
0.1036
0.1035
0.1036
0.1037
0.1036
0.1038
0.1036
0.1037
0.1038
0.1036
0.1037
0.1036
0.1038
0.1036
0.1037
0.1037
0.1037
0.1037
0.1036
0.1038
0.1037
0.1036
0.1037
0.1037
0.1037
0.1036
0.1038
0.1038
0.1035
0.1038
0.1037
0.1036
0.1038
0.1036
0.1037
0.1036
0.1038
0.1036
0.1038
0.1036
0.1036
0.1038
0.1036
0.1037
0.1036
0.1037
0.1037
0.1037
0.1036
0.1037
0.1037
0.1037
0.1036
0.1037
0.1037
0.1036
0.1036
0.1036
0.1036
0.1038
0.1036
0.1037
0.1041
0.1033
0.1037
0.1036
0.1038
0.1037
0.1036
0.1038
0.1037
0.1036
0.1037
0.1038
0.1035
0.1037
0.1037
0.1037
0.1036
0.1038
0.1037
0.1037
0.1038
0.1037
0.1036
0.1038
0.1037
0.1036
0.1038
0.1037
0.1036
0.1038
0.1037
0.1037
0.1037
0.1036
0.1037
0.1038
0.1036
0.1037
0.1036
0.1038
0.1036
0.1036
0.1038
0.1037
0.1037
0.1038
0.1035
0.1036
0.1041
0.1034
0.1036
0.1037
0.1039
0.1033
0.1038
0.1036
0.1038
0.1036
0.1036
0.1037
0.1036
0.1037
0.1037
0.1036
0.1037
0.1036
0.1038
0.1037
0.1036
0.1039
0.1036
0.1039
0.1035
0.1036
0.1036
0.1037
0.1037
0.1037
0.1036
0.1038
0.1037
0.1036
0.1038
0.1037
0.1036
0.1037
0.1037
0.1036
0.1037
0.1038
0.1036
0.1037
0.1038
0.1037
0.1036
0.1038
0.104
0.1033
0.1036
0.1038
0.1036
0.1036
0.1037
0.1036
0.1037
0.1036
0.1037
0.1035
0.1037
0.1036
0.1037
0.1035
0.1036
0.1037
0.1037
0.1036
0.1037
0.1036
0.1038
0.1037
0.1038
0.1037
0.1037
0.1038
0.1037
0.1036
0.1038
0.1036
0.1038
0.1037
0.1036
0.1037
0.1038
0.1036
0.1038
0.1037
0.1037
0.1037
0.1037
0.1036
0.1037
0.1038
0.1036
0.1037
0.1035
0.1036
0.1036
0.1036
0.1037
0.1037
0.1036
0.1036
0.1038
0.1036
0.1038
0.1037
0.1037
0.1036
0.1038
0.1037
0.1039
0.1038
0.1038
0.1037
0.1039
0.1037
0.1039
0.1039
0.1038
0.104
0.1039
0.104
0.104
0.1043
0.1035
0.104
0.1039
0.1038
0.1039
0.1039
0.1038
0.104
0.1038
0.1038
0.1039
0.1038
0.1038
0.1039
0.1037
0.104
0.1036
0.104
0.1035
0.1036
0.1037
0.1037
0.1037
0.1034
0.1036
0.1035
0.1035
0.1035
0.1034
0.1034
0.1035
0.1035
0.1036
0.1036
0.1035
0.1037
0.1036
0.1036
0.1037
0.1036
0.1038
0.1036
0.1037
0.1037
0.1037
0.1036
0.1037
0.1036
0.1038
0.1036
0.1037
0.1037
0.1036
0.1037
0.1037
0.1037
0.1037
0.1039
0.1037
0.1037
0.1041
0.1031
0.1037
0.1037
0.1037
0.1037
0.1037
0.1036
0.1038
0.1036
0.1037
0.1038
0.1036
0.1037
0.1037
0.1038
0.1036
0.1038
0.1036
0.1038
0.1037
0.1036
0.1037
0.1038
0.1037
0.1038
0.1037
0.1036
0.1037
0.1037
0.1037
0.1037
0.1037
0.1037
0.1037
0.1037
0.1037
0.1036
0.1037
0.1037
0.1037
0.1036
0.1038
0.1036
0.1037
0.1038
0.1038
0.1038
0.1039
0.1038
0.1039
0.104
0.1039
0.104
0.104
0.1039
0.1041
0.104
0.1039
0.1041
0.1039
0.1038
0.1039
0.1039
0.1041
0.1037
0.1039
0.1037
0.1039
0.1037
0.1038
0.1038
0.1038
0.1037
0.1037
0.1037
0.1037
0.1036
0.1036
0.1037
0.1036
0.1035
0.1034
0.1035
0.1035
0.1035
0.1034
0.1049
0.1019
0.1035
0.1036
0.1035
0.1038
0.1036
0.1036
0.1037
0.1036
0.1038
0.1037
0.1036
0.1038
0.1038
0.1037
0.1037
0.1038
0.1036
0.1037
0.1038
0.1037
0.1036
0.1038
0.1038
0.1039
0.1035
0.1037
0.1038
0.1036
0.1037
0.1036
0.1036
0.1038
0.1036
0.1037
0.1038
0.1036
0.1037
0.1038
0.1037
0.1038
0.1036
0.1037
0.1036
0.1038
0.1036
0.1037
0.1038
0.1036
0.1037
0.1036
0.1038
0.1038
0.1035
0.1038
0.1037
0.1036
0.1037
0.1036
0.1036
0.1037
0.1037
0.1037
0.1037
0.1036
0.1041
0.1034
0.1036
0.1038
0.1036
0.1036
0.1037
0.1037
0.1036
0.1037
0.1036
0.1038
0.1037
0.1036
0.1036
0.1038
0.1036
0.1037
0.1036
0.1038
0.1036
0.1037
0.1037
0.1037
0.1037
0.1036
0.1038
0.1037
0.1038
0.1037
0.1037
0.1037
0.1037
0.1036
0.1038
0.1037
0.1037
0.1037
0.1037
0.1038
0.1037
0.1037
0.1036
0.1039
0.1036
0.1038
0.104
0.1033
0.1042
0.1034
0.1036
0.1043
0.1033
0.1037
0.1042
0.1032
0.1039
0.1034
0.1036
0.1037
0.1038
0.1039
0.1035
0.1037
0.1037
0.1038
0.1036
0.1036
0.1037
0.1036
0.1037
0.1036
0.1037
0.1036
0.1038
0.1037
0.1035
0.1036
0.1037
0.1037
0.1037
0.1037
0.1038
0.1037
0.1038
0.1036
0.1037
0.1038
0.1036
0.1037
0.1036
0.1038
0.1037
0.1036
0.1036
0.1039
0.1035
0.1036
0.1036
0.1038
0.1036
0.1036
0.1037
0.1037
0.1037
0.1039
0.1035
0.1039
0.1034
0.1037
0.1037
0.1036
0.1037
0.1037
0.1036
0.1037
0.1036
0.1037
0.1037
0.1037
0.1036
0.1038
0.1037
0.1036
0.1038
0.1037
0.1036
0.1037
0.1037
0.1037
0.1037
0.1037
0.1037
0.1036
0.1036
0.1038
0.1037
0.1037
0.1035
0.1038
0.1036
0.1038
0.1037
0.1037
0.1038
0.1036
0.1037
0.1037
0.1037
0.1037
0.1036
0.1036
0.1038
0.1038
0.1037
0.1037
0.1038
0.1037
0.1037
0.1038
0.1036
0.1037
0.1038
0.1037
0.1038
0.1037
0.1036
0.1037
0.1038
0.1038
0.1038
0.1038
0.1037
0.1037
0.1036
0.1038
0.1037
0.1036
0.1038
0.1036
0.1036
0.1037
0.1038
0.1036
0.1037
0.1036
0.1037
0.1037
0.1037
0.1037
0.1037
0.1041
0.1034
0.1037
0.1038
0.1037
0.1036
0.1038
0.1037
0.1036
0.1038
0.1036
0.1041
0.1036
0.1035
0.1037
0.1037
0.1037
0.1038
0.1036
0.1036
0.1037
0.1036
0.1038
0.1036
0.1037
0.1038
0.1037
0.1037
0.1037
0.1037
0.1036
0.1037
0.1037
0.1036
0.1038
0.1037
0.1037
0.1036
0.1038
0.1038
0.1036
0.1037
0.1036
0.1037
0.1036
0.1039
0.1035
0.1037
0.1036
0.1038
0.1037
0.1036
0.1038
0.1036
0.1037
0.1038
0.1036
0.1037
0.1038
0.1037
0.1038
0.1037
0.1036
0.1038
0.1037
0.1037
0.1038
0.1037
0.1037
0.1038
0.1037
0.1039
0.1038
0.1037
0.1037
0.1038
0.1036
0.1037
0.1037
0.1038
0.1039
0.1036
0.1037
0.1038
0.1037
0.1036
0.1038
0.1036
0.1037
0.1038
0.1037
0.1038
0.1037
0.1037
0.104
0.1035
0.1037
0.1038
0.1037
0.1037
0.1038
0.1037
0.104
0.1034
0.1036
0.1037
0.1037
0.1038
0.1036
0.1038
0.1036
0.1037
0.1037
0.1037
0.1037
0.1038
0.1036
0.1037
0.1038
0.1037
0.1037
0.1038
0.1037
0.1038
0.1037
0.1038
0.1037
0.1037
0.1038
0.1037
0.1036
0.1038
0.1037
0.1036
0.1038
0.1037
0.1037
0.1037
0.1037
0.1038
0.1037
0.1037
0.1038
0.1038
0.1038
0.1038
0.1036
0.1039
0.1038
0.1038
0.1039
0.1037
0.1038
0.1038
0.1037
0.1038
0.1038
0.1037
0.1038
0.1038
0.1038
0.1036
0.1037
0.1037
0.1037
0.1037
0.1036
0.1038
0.1036
0.1037
0.1037
0.1038
0.1037
0.1037
0.1037
0.1037
0.1038
0.1039
0.1036
0.1038
0.1039
0.1037
0.1039
0.1037
0.104
0.104
0.1035
0.1039
0.1038
0.1037
0.1039
0.1038
0.1038
0.104
