0.10376
0.10383
0.10402
0.10348
0.10378
0.10382
0.10374
0.10374
0.10378
0.10374
0.10379
0.10365
0.10373
0.10386
0.10364
0.10372
0.10374
0.10388
0.10361
0.10361
0.10374
0.10375
0.10361
0.10362
0.10374
0.10362
0.10361
0.10377
0.10372
0.10361
0.10362
0.10374
0.10374
0.10374
0.10373
0.10364
0.1036
0.10377
0.10361
0.10372
0.10367
0.10368
0.10364
0.10361
0.10373
0.10361
0.10376
0.10365
0.10369
0.10361
0.10367
0.10368
0.10369
0.10371
0.10362
0.1037
0.10362
0.10376
0.10373
0.10348
0.10374
0.10361
0.10374
0.10365
0.10373
0.1037
0.10366
0.10372
0.10374
0.10371
0.10364
0.10364
0.10371
0.10365
0.10371
0.10374
0.10367
0.1037
0.10372
0.10374
0.10368
0.10369
0.10374
0.10372
0.10374
0.10367
0.10376
0.10368
0.1036
0.10363
0.10372
0.10362
0.10373
0.10371
0.10365
0.10364
0.1036
0.10382
0.10368
0.10359
0.10379
0.10368
0.10379
0.10369
0.10389
0.10372
0.10418
0.10337
0.10371
0.10372
0.10349
0.10361
0.10384
0.10341
0.10363
0.10359
0.10349
0.10381
0.10367
0.10361
0.10362
0.10374
0.10362
0.10361
0.10363
0.1036
0.10374
0.10362
0.10376
0.1036
0.10361
0.10362
0.10373
0.10371
0.10401
0.10335
0.10412
0.10328
0.10367
0.10367
0.10379
0.10335
0.10371
0.10424
0.10322
0.1037
0.10363
0.10355
0.10377
0.10357
0.10361
0.10374
0.10362
0.10374
0.10362
0.10377
0.10359
0.10361
0.10384
0.10352
0.10365
0.10358
0.10373
0.10363
0.10361
0.10433
0.10307
0.10362
0.10379
0.10354
0.10374
0.10359
0.10421
0.1032
0.10359
0.10361
0.1036
0.10385
0.10347
0.10391
0.10323
0.10364
0.10361
0.10361
0.10373
0.10366
0.10369
0.10362
0.10362
0.10361
0.10377
0.10358
0.10361
0.10362
0.10362
0.10361
0.10362
0.10362
0.10361
0.10362
0.10361
0.10362
0.10374
0.10362
0.10361
0.10362
0.10365
0.1038
0.10352
0.10365
0.10357
0.10368
0.10361
0.10356
0.10404
0.10332
0.10368
0.1036
0.10359
0.10366
0.10367
0.10362
0.10362
0.10364
0.10372
0.1037
0.10364
0.10361
0.10376
0.1036
0.10375
0.10369
0.10353
0.10374
0.10361
0.10362
0.10362
0.10363
0.10372
0.10362
0.10367
0.10344
0.10363
0.10361
0.1036
0.10362
0.10361
0.10362
0.10361
0.10364
0.10359
0.10363
0.10362
0.10363
0.10371
0.10362
0.10361
0.10364
0.10361
0.10361
0.10373
0.10363
0.10364
0.1037
0.10362
0.10363
0.10372
0.10364
0.10372
0.10361
0.10362
0.10362
0.10361
0.10362
0.10361
0.10362
0.10376
0.1036
0.10361
0.10362
0.10361
0.10377
0.10359
0.10361
0.10362
0.1036
0.10375
0.10361
0.1035
0.10361
0.10362
0.10361
0.10362
0.10364
0.10359
0.10366
0.1037
0.10361
0.10378
0.10358
0.10362
0.10376
0.10359
0.10374
0.10362
0.10378
0.10357
0.10375
0.10362
0.10374
0.10361
0.10379
0.1037
0.10375
0.10359
0.10376
0.10361
0.10396
0.1048
0.10242
0.10353
0.1036
0.10376
0.10381
0.1036
0.10372
0.1037
0.10374
0.10361
0.10374
0.1038
0.10357
0.10373
0.10362
0.10361
0.10374
0.10362
0.10373
0.10363
0.10374
0.10361
0.10387
0.10343
0.10366
0.10368
0.10356
0.10374
0.10377
0.10369
0.10375
0.10356
0.10371
0.10359
0.10362
0.10374
0.10371
0.10364
0.10374
0.10374
0.10362
0.10377
0.10358
0.10375
0.10361
0.10374
0.10362
0.10361
0.10362
0.10362
0.10361
0.10362
0.10361
0.1036
0.10375
0.1037
0.10354
0.10372
0.10363
0.10361
0.10362
0.10362
0.10374
0.10361
0.10375
0.10374
0.10361
0.10374
0.10364
0.10359
0.10374
0.10362
0.10374
0.10361
0.10364
0.10372
0.10361
0.10362
0.10374
0.10361
0.10375
0.1036
0.10363
0.10374
0.10361
0.10374
0.10374
0.10362
0.10364
0.10371
0.10362
0.10361
0.10362
0.10361
0.10362
0.10374
0.10362
0.10361
0.10363
0.10361
0.10361
0.10362
0.10361
0.10361
0.10364
0.10372
0.10362
0.10361
0.10361
0.10364
0.1036
0.10361
0.10377
0.10359
0.10361
0.10363
0.10361
0.10363
0.10373
0.10361
0.10375
0.1036
0.10375
0.10361
0.10362
0.10363
0.10362
0.10359
0.10364
0.10359
0.10362
0.10375
0.10361
0.10374
0.10362
0.10349
0.10361
0.10361
0.10362
0.10364
0.10374
0.10454
0.10278
0.10375
0.10365
0.10371
0.10362
0.10363
0.10372
0.10363
0.10386
0.1035
0.10362
0.10359
0.10363
0.10348
0.10374
0.10349
0.10387
0.10353
0.10345
0.1036
0.10362
0.10375
0.10348
0.10364
0.10372
0.10363
0.10361
0.10362
0.10372
0.10362
0.10374
0.10376
0.1036
0.10378
0.10359
0.10372
0.10362
0.10374
0.10361
0.10377
0.10359
0.10374
0.10361
0.10374
0.10377
0.10371
0.10362
0.10362
0.10374
0.10363
0.1036
0.10361
0.10376
0.1036
0.10362
0.10363
0.10359
0.10364
0.10372
0.10361
0.10379
0.10359
0.10372
0.10362
0.10361
0.10374
0.10362
0.10374
0.10362
0.10361
0.10364
0.10359
0.10376
0.1036
0.10364
0.10371
0.10364
0.10372
0.10368
0.10357
0.10361
0.10366
0.10357
0.10361
0.10361
0.1035
0.10361
0.10361
0.10374
0.10362
0.10362
0.10361
0.10349
0.10364
0.10359
0.10364
0.10359
0.10362
0.10373
0.10365
0.10363
0.10359
0.1036
0.10362
0.10374
0.10361
0.10374
0.10375
0.10361
0.10374
0.10376
0.1036
0.10374
0.10374
0.10361
0.10374
0.10374
0.10374
0.10362
0.10374
0.10362
0.10361
0.10376
0.1036
0.10374
0.10361
0.10362
0.10374
0.10362
0.10361
0.10361
0.10365
0.10359
0.10363
0.10627
0.10112
0.10367
0.10351
0.10415
0.10344
0.1034
0.10361
0.10403
0.10307
0.10361
0.10382
0.10341
0.10361
0.10364
0.10348
0.10361
0.10361
0.10361
0.10351
0.1036
0.10361
0.10349
0.10362
0.10362
0.10361
0.10362
0.10351
0.10387
0.10336
0.10368
0.10353
0.10362
0.10364
0.10372
0.10361
0.10363
0.1036
0.10433
0.10315
0.10363
0.10373
0.10362
0.10375
0.10372
0.10362
0.10373
0.10363
0.10361
0.10361
0.10362
0.10362
0.10362
0.10361
0.10362
0.10361
0.10349
0.10362
0.10361
0.10362
0.1036
0.10352
0.1036
0.10364
0.10346
0.10364
0.1036
0.1035
0.1036
0.10362
0.1035
0.10362
0.1036
0.10361
0.10362
0.10366
0.10357
0.10362
0.10361
0.10349
0.10364
0.10359
0.10363
0.10373
0.10364
0.10371
0.10362
0.10361
0.10377
0.10359
0.10385
0.10362
0.10352
0.10374
0.10372
0.10361
0.10374
0.10375
0.10363
0.10372
0.10374
0.10361
0.10377
0.10359
0.10365
0.10371
0.10374
0.10363
0.10373
0.10374
0.10365
0.10359
0.10373
0.10361
0.10362
0.10362
0.10374
0.10361
0.10376
0.10359
0.10375
0.10361
0.10366
0.10372
0.10359
0.10377
0.10359
0.10361
0.10376
0.1036
0.10362
0.10374
0.10373
0.10362
0.10374
0.10362
0.10375
0.1036
0.10349
0.10362
0.10361
0.10362
0.10351
0.1036
0.10365
0.10359
0.1035
0.1036
0.10363
0.10359
0.10362
0.10362
0.10362
0.10361
0.10362
0.10361
0.10379
0.10357
0.10362
0.10374
0.10361
0.10362
0.10363
0.10372
0.10361
0.10363
0.1036
0.10364
0.10359
0.10374
0.10362
0.10363
0.1036
0.10364
0.10372
0.10361
0.10364
0.10359
0.10376
0.1036
0.10361
0.10375
0.10361
0.10374
0.10362
0.10374
0.10363
0.10374
0.1036
0.10374
0.10362
0.10361
0.10361
0.1035
0.10361
0.10363
0.1036
0.10363
0.1036
0.10374
0.10362
0.10362
0.10373
0.10363
0.10361
0.10375
0.1036
0.10374
0.10364
0.10378
0.10359
0.10361
0.10371
0.10374
0.10374
0.10362
0.10376
0.10359
0.1041
0.10333
0.1037
0.10359
0.10369
0.10376
0.10367
0.10365
0.10358
0.10361
0.10376
0.10358
0.10376
0.10431
0.10341
0.10327
0.10392
0.1037
0.10337
0.10371
0.10398
0.10341
0.10377
0.10375
0.10363
0.10391
0.10363
0.10356
0.10421
0.10334
0.10369
0.10361
0.10374
0.1036
0.10382
0.10372
0.10356
0.1042
0.10336
0.10357
0.1038
0.10365
0.1038
0.10369
0.10379
0.10371
0.10359
0.10361
0.10374
0.10362
0.10362
0.10361
0.10375
0.10375
0.10372
0.10362
0.10374
0.10374
0.10374
0.10361
0.10374
0.10374
0.10362
0.10374
0.10374
0.10364
0.10372
0.10376
0.10372
0.10374
0.10364
0.10372
0.10374
0.10373
0.10374
0.10374
0.10375
0.10374
0.10373
0.10377
0.10359
0.10377
0.10372
0.10373
0.10375
0.10376
0.10372
0.10361
0.10374
0.10374
0.10365
0.10371
0.10374
0.10378
0.10358
0.10381
0.10354
0.10374
0.10363
0.1036
0.10374
0.10375
0.1036
0.10377
0.10371
0.10375
0.10361
0.10374
0.10362
0.10374
0.10374
0.10363
0.1036
0.10374
0.10362
0.10361
0.10364
0.10372
0.10378
0.10359
0.10372
0.10362
0.10374
0.10374
0.10374
0.10375
0.10361
0.10374
0.10374
0.10374
0.10361
0.10374
0.10375
0.10378
0.10359
0.10372
0.10362
0.10361
0.10374
0.10362
0.10373
0.10362
0.10374
0.10362
0.10362
0.10361
0.10361
0.10376
0.1036
0.10374
0.10362
0.10371
0.1038
0.1036
0.1037
0.1036
0.1037
0.1036
0.1036
0.1036
0.1036
0.1036
0.1036
0.1038
0.1036
0.1036
0.1036
0.1036
0.1037
0.1036
0.1037
0.1036
0.1037
0.1037
0.1036
0.1038
0.1036
0.1037
0.1036
0.1038
0.1036
0.1037
0.1037
0.1037
0.1036
0.1037
0.1036
0.1038
0.1036
0.1036
0.1038
0.1036
0.1036
0.1037
0.1038
0.1036
0.1039
0.1036
0.1037
0.1038
0.1037
0.1038
0.1035
0.1038
0.1037
0.1038
0.1037
0.1037
0.1038
0.1037
0.1038
0.1037
0.1039
0.1038
0.1037
0.1037
0.1037
0.1038
0.1036
0.1039
0.1037
0.1036
0.1038
0.1037
0.1036
0.1038
0.1037
0.1037
0.1036
0.1038
0.1037
0.1037
0.1036
0.1037
0.1039
0.1038
0.1033
0.1038
0.1035
0.1037
0.1036
0.1039
0.1035
0.1037
0.1037
0.1038
0.1036
0.1037
0.1037
0.1038
0.1037
0.1038
0.1037
0.1038
0.1036
0.1037
0.1038
0.1036
0.1037
0.1037
0.1037
0.1037
0.1036
0.1038
0.1036
0.1036
0.1036
0.1036
0.1036
0.1046
0.1025
0.1037
0.1036
0.1035
0.1039
0.1042
0.1026
0.1036
0.1036
0.1036
0.1041
0.1032
0.1037
0.1037
0.1059
0.1014
0.1036
