0.02972,-0.023015,1.0017
0.028852,-0.021626,0.99923
0.029958,-0.019648,1.0009
0.021788,-0.01898,0.99337
0.029057,-0.020093,0.99803
0.028274,-0.02291,0.99182
0.026635,-0.023188,0.99068
0.032413,-0.019062,0.98706
0.026532,-0.018983,0.98689
0.025126,-0.021304,0.9844
0.025029,-0.022649,0.98119
0.024873,-0.02413,0.9792
0.024691,-0.021562,0.97568
0.030667,-0.021809,0.97395
0.024572,-0.021309,0.9664
0.03245,-0.020137,0.96779
0.029465,-0.020021,0.96451
0.023991,-0.020487,0.96023
0.030697,-0.016496,0.95548
0.025481,-0.017957,0.95231
0.029681,-0.017625,0.95144
0.032428,-0.014923,0.95223
0.028597,-0.010722,0.95211
0.030583,-0.014079,0.96006
0.032156,-0.016591,0.96305
0.025717,-0.013267,0.96474
0.026245,-0.011727,0.97669
0.023436,-0.01363,0.98688
0.023886,-0.016543,0.99263
0.018722,-0.012891,0.99257
0.019164,-0.012241,1.0004
0.022081,-0.012944,1.0152
0.021124,-0.012896,1.0268
0.017807,-0.013777,1.0391
0.016732,-0.012494,1.0526
0.020581,-0.011091,1.064
0.020347,-0.010677,1.0776
0.020938,-0.010366,1.0921
0.021186,-0.011188,1.1038
0.020836,-0.012327,1.116
0.017736,-0.013493,1.1292
0.015734,-0.014475,1.1352
0.011319,-0.015183,1.1425
0.0091363,-0.015879,1.1494
0.0099014,-0.014043,1.1615
0.010285,-0.010749,1.1799
0.010874,-0.0079778,1.2036
0.0070742,-0.0071636,1.2279
0.0055787,-0.0068949,1.2519
0.0064611,-0.0071675,1.2693
0.0043668,-0.0058264,1.2949
0.0052684,-0.0066372,1.3159
0.0035912,-0.0076152,1.3414
0.0041978,-0.0078885,1.3649
0.0031925,-0.0087713,1.384
0.004839,-0.0075466,1.4049
0.0028719,-0.0082845,1.4245
0.0051243,-0.0069632,1.4482
0.0028129,-0.0092427,1.464
0.0025507,-0.010189,1.4869
0.0021637,-0.0093903,1.5106
0.0006035,-0.011508,1.5301
0.0027109,-0.010804,1.5519
0.00086856,-0.0089674,1.569
0.0018976,-0.010553,1.5982
0.00066946,-0.010791,1.615
0.0033466,-0.012455,1.6349
0.0043565,-0.015474,1.6505
0.0029857,-0.01579,1.6597
0.0053199,-0.016392,1.6771
0.00092242,-0.01755,1.6905
0.0028124,-0.017994,1.7049
0.00013666,-0.017939,1.7258
0.0038711,-0.017221,1.7382
0.0017647,-0.018262,1.7553
0.0027416,-0.017956,1.7714
0.00061219,-0.018209,1.7816
0.0009558,-0.019529,1.7962
0.00050337,-0.019949,1.8106
-0.0010212,-0.019448,1.8319
0.001515,-0.01868,1.8432
-0.001122,-0.018819,1.8602
0.0031492,-0.01777,1.8716
0.00092787,-0.016592,1.8906
0.0028142,-0.015348,1.9036
-0.001066,-0.02127,1.915
-0.0013349,-0.023376,1.9253
-0.00072548,-0.024562,1.9308
0.0015898,-0.02267,1.945
0.0013445,-0.024296,1.9535
-8.5724e-05,-0.025035,1.9678
-0.0022238,-0.024232,1.9792
-0.0042746,-0.02428,1.9897
-0.0025262,-0.024095,2.0011
-0.0021552,-0.024442,2.009
-0.00012129,-0.024417,2.016
-0.0022526,-0.023352,2.026
0.00085347,-0.024899,2.0415
-0.0019757,-0.025872,2.0496
-0.0022047,-0.023887,2.0544
-0.0036953,-0.025358,2.0688
0.0014053,-0.024764,2.0747
0.0028332,-0.025403,2.0891
0.0035477,-0.026692,2.0938
0.0027376,-0.026068,2.1057
0.0015222,-0.026628,2.1137
-0.00057436,-0.026125,2.1292
-0.00088171,-0.027689,2.1275
-0.00090945,-0.026599,2.1423
-0.00087031,-0.026175,2.1522
-0.00088668,-0.027207,2.1548
-0.0012386,-0.027772,2.1656
-0.00059785,-0.027882,2.1831
0.00060397,-0.029333,2.1805
0.0013791,-0.029528,2.1938
0.00036918,-0.028615,2.2004
0.00082926,-0.026843,2.2056
0.00051504,-0.026569,2.2224
0.0010099,-0.028296,2.2277
0.00011513,-0.027782,2.2362
-0.00052004,-0.027692,2.2453
0.0024417,-0.02939,2.2552
0.0035037,-0.029326,2.2627
0.0031295,-0.028733,2.2699
0.0020599,-0.029709,2.2807
0.00064643,-0.030044,2.2869
0.00080415,-0.029553,2.2942
0.00068094,-0.027706,2.3052
-0.00017515,-0.03066,2.3147
0.00020838,-0.027426,2.319
0.0021204,-0.026803,2.3246
0.0013952,-0.030399,2.3424
0.0011658,-0.030464,2.3491
0.00090736,-0.031076,2.3524
-3.8895e-05,-0.031474,2.3672
-0.00058577,-0.032246,2.3511
0.00073266,-0.033693,2.3802
0.0022786,-0.035191,2.3636
0.0075363,-0.03566,2.3782
0.0075329,-0.034537,2.3831
0.0079192,-0.034887,2.3861
0.0057302,-0.034288,2.3831
0.0055912,-0.0364,2.3932
0.0043154,-0.037206,2.4087
0.0037338,-0.036658,2.3856
0.0013838,-0.037372,2.3983
0.0042079,-0.038037,2.4026
0.0066692,-0.039412,2.4012
0.005017,-0.039456,2.4063
0.0037703,-0.036511,2.4044
0.002382,-0.036501,2.4037
0.0019965,-0.037665,2.4107
0.00049045,-0.037894,2.4074
0.0013415,-0.039023,2.4086
0.0010105,-0.039225,2.4058
0.00027187,-0.039568,2.4032
-0.0011131,-0.03716,2.404
0.0013987,-0.038849,2.4017
0.0017323,-0.040051,2.4056
0.0015594,-0.037707,2.3976
-0.0023154,-0.035552,2.4068
-0.0021985,-0.034856,2.4114
-0.0024029,-0.03339,2.4127
0.00078542,-0.033611,2.4175
-0.00033144,-0.034593,2.4146
-0.00034705,-0.03484,2.4378
0.0022053,-0.031795,2.4157
0.0039932,-0.028958,2.4383
0.0053753,-0.026735,2.4528
0.0043919,-0.023534,2.4543
0.002204,-0.023296,2.4761
0.0033302,-0.023318,2.48
-0.00136,-0.025163,2.5058
-0.0019375,-0.025043,2.49
0.00044431,-0.02523,2.5098
0.0025873,-0.026119,2.5309
0.0032844,-0.026152,2.5375
-0.0003902,-0.025319,2.5529
0.00044847,-0.025728,2.5575
0.00063314,-0.026068,2.5771
4.6445e-05,-0.025895,2.5753
-0.0013074,-0.026601,2.5931
-0.001787,-0.024038,2.6011
-0.0022714,-0.02435,2.6146
-0.0078107,-0.025573,2.6285
-0.0099623,-0.026971,2.6402
-0.0083252,-0.026881,2.6508
-0.0039724,-0.027507,2.658
-0.0029848,-0.024505,2.6646
-0.0010592,-0.02767,2.6788
-0.0021269,-0.030107,2.6922
-0.0026652,-0.034841,2.6898
-0.0035203,-0.038892,2.6932
-0.003885,-0.037992,2.6917
-0.0046373,-0.038696,2.6987
-0.0027867,-0.039468,2.7017
-0.0025348,-0.040841,2.7023
-0.0043473,-0.037943,2.7048
-0.0015705,-0.036638,2.7044
2.611e-07,-0.03873,2.7155
-0.0013263,-0.039584,2.7148
-0.0055382,-0.037694,2.7157
-0.0054652,-0.03611,2.7198
-0.0046462,-0.040479,2.7152
-0.00029255,-0.04289,2.7286
-0.0021317,-0.043565,2.7194
0.00058364,-0.045661,2.7194
-0.0019244,-0.046016,2.731
-0.0017926,-0.041659,2.7206
-0.0026067,-0.040394,2.7213
-0.00057743,-0.042023,2.719
0.00094196,-0.044866,2.7206
0.0022395,-0.047967,2.7127
0.00064035,-0.050335,2.7172
-0.0077786,-0.047399,2.72
-0.01032,-0.042789,2.6911
0.0084707,-0.04131,2.7051
0.016024,-0.039177,2.7074
0.0052609,-0.040835,2.7148
-0.0052925,-0.041913,2.7149
-0.010206,-0.044423,2.7086
-0.0060905,-0.049605,2.6994
0.0030659,-0.051597,2.6924
0.0044248,-0.05087,2.6944
0.0058671,-0.04725,2.6964
0.0021937,-0.044436,2.6966
-0.0030208,-0.044053,2.6937
0.00042355,-0.044905,2.6849
0.0070439,-0.0488,2.6986
0.0064434,-0.046648,2.6907
0.0084135,-0.047865,2.6938
0.0074418,-0.047984,2.6942
0.0059646,-0.04771,2.6839
0.0075274,-0.048019,2.6974
0.005926,-0.048196,2.686
0.0021478,-0.044493,2.6832
0.00325,-0.044782,2.6832
0.0028378,-0.047802,2.6839
0.0034768,-0.047567,2.6873
0.0044989,-0.044034,2.6805
0.0046199,-0.043012,2.6831
0.0088212,-0.045003,2.6741
0.0096934,-0.048832,2.6797
0.015989,-0.057754,2.6714
0.016041,-0.048337,2.6741
0.0069986,-0.047974,2.6713
0.0014015,-0.052445,2.6611
0.0018174,-0.051914,2.6789
0.0053584,-0.041494,2.6774
0.010902,-0.035192,2.6761
0.011708,-0.034311,2.6685
0.01124,-0.037831,2.6647
0.0022184,-0.038198,2.6741
-0.0028008,-0.042756,2.6716
-0.004222,-0.03983,2.6685
0.00053529,-0.039359,2.6661
0.0071483,-0.041518,2.6674
0.0092295,-0.042101,2.6695
0.0065566,-0.043717,2.6658
0.003921,-0.042415,2.6622
0.0055925,-0.041866,2.6648
0.0074427,-0.043523,2.6577
0.010596,-0.044221,2.6688
0.01137,-0.045746,2.6664
0.0099764,-0.044869,2.6629
0.0079758,-0.045147,2.6606
0.0077923,-0.044269,2.6654
0.0076458,-0.044748,2.6609
0.0076779,-0.044146,2.6644
0.0082318,-0.043685,2.6609
0.01041,-0.044384,2.6591
0.0086866,-0.045371,2.6658
0.0085708,-0.048887,2.6615
0.0064847,-0.05203,2.661
0.0077665,-0.050312,2.6609
0.008306,-0.051286,2.6543
0.0086947,-0.056994,2.672
0.0066683,-0.053276,2.6625
0.0073739,-0.053048,2.6618
0.0060404,-0.049832,2.6615
0.0074955,-0.048752,2.6553
0.0088581,-0.050372,2.6681
0.0081569,-0.049918,2.6613
0.0079507,-0.049894,2.6614
0.0069516,-0.048463,2.6604
0.0070319,-0.048934,2.6605
0.0083106,-0.047336,2.6662
0.0077751,-0.047469,2.6615
0.007755,-0.046793,2.6595
0.0088915,-0.045654,2.6613
0.0083805,-0.045258,2.655
0.0071333,-0.046115,2.6686
0.0069985,-0.046203,2.6607
0.0065833,-0.04603,2.6622
0.0066989,-0.047086,2.6641
0.00656,-0.047202,2.6658
0.0047914,-0.047993,2.667
0.0051401,-0.045544,2.6608
0.0056089,-0.044123,2.6659
0.005902,-0.044126,2.6578
0.0066835,-0.046648,2.671
0.0078133,-0.046387,2.6701
0.0081238,-0.045242,2.6635
0.0075446,-0.04387,2.6658
0.0081816,-0.044578,2.664
0.008726,-0.045455,2.6737
0.009011,-0.047098,2.6681
0.007429,-0.046852,2.6715
0.0076906,-0.046012,2.6664
0.0094961,-0.046302,2.6635
0.0090131,-0.045976,2.6757
0.0077771,-0.047167,2.6704
0.0064622,-0.04733,2.667
0.0078247,-0.046318,2.6689
0.01037,-0.046671,2.6581
0.012076,-0.046977,2.6662
0.011803,-0.048033,2.6601
0.010386,-0.049271,2.6699
0.012239,-0.051374,2.6874
0.0094454,-0.049285,2.618
0.010278,-0.050011,2.6583
0.0094276,-0.049287,2.6546
0.0087341,-0.046728,2.6585
0.0084624,-0.048613,2.6573
0.0071742,-0.047397,2.6534
0.0084991,-0.047391,2.6583
0.0098809,-0.04533,2.6605
0.010254,-0.047043,2.6609
0.0081032,-0.046949,2.6538
0.0084312,-0.047828,2.6643
0.0097379,-0.045732,2.6603
0.010152,-0.044127,2.6531
0.0097656,-0.046123,2.6637
0.0085366,-0.047602,2.6556
0.0078615,-0.046911,2.6613
0.0075268,-0.046852,2.6641
0.0073806,-0.045814,2.6593
0.0074865,-0.044682,2.6618
0.0083903,-0.045556,2.6581
0.0084243,-0.047445,2.6661
0.0078118,-0.045027,2.6585
0.0094786,-0.046932,2.6637
0.010188,-0.044685,2.6493
0.0099373,-0.044935,2.6583
0.011875,-0.04612,2.6596
0.012522,-0.044848,2.6538
0.011606,-0.045084,2.6558
0.011326,-0.045831,2.6545
0.010628,-0.045704,2.6522
0.011396,-0.046027,2.6584
0.012682,-0.047221,2.6519
0.01115,-0.046929,2.6527
0.011332,-0.046822,2.6471
0.010916,-0.046822,2.6485
0.011848,-0.045555,2.6587
0.012919,-0.043803,2.6543
0.013155,-0.044685,2.6516
0.01135,-0.044579,2.6531
0.010973,-0.045029,2.6561
0.0098378,-0.04503,2.6538
0.0097488,-0.044892,2.6581
0.010784,-0.044338,2.6529
0.0118,-0.045653,2.6573
0.011941,-0.046664,2.6576
0.012839,-0.045564,2.6586
0.010676,-0.046966,2.6565
0.010477,-0.046745,2.6543
0.0128,-0.046019,2.6517
0.014949,-0.04584,2.6582
0.014198,-0.047171,2.6561
0.015,-0.048302,2.6586
0.013365,-0.04855,2.6568
0.014979,-0.044608,2.6527
0.014695,-0.043395,2.6602
0.01523,-0.044936,2.6561
0.016518,-0.045159,2.6525
0.018069,-0.047618,2.655
0.018528,-0.047814,2.6595
0.015692,-0.044952,2.6526
0.014228,-0.039696,2.6513
0.013554,-0.036773,2.6458
0.015499,-0.03579,2.6462
0.014536,-0.031032,2.646
0.014785,-0.030244,2.6501
0.014503,-0.028808,2.6486
0.012879,-0.038176,2.6503
0.010635,-0.024309,2.6506
0.012011,-0.031198,2.6474
0.016692,-0.032246,2.6443
0.017449,-0.036886,2.6489
0.017876,-0.038235,2.6452
0.014856,-0.042846,2.6531
0.013282,-0.044793,2.6483
0.011832,-0.042783,2.647
0.013144,-0.042018,2.6475
0.017141,-0.04867,2.6496
0.019763,-0.043232,2.6481
0.020048,-0.04111,2.6528
0.019387,-0.042576,2.6479
0.016597,-0.051425,2.6504
0.016726,-0.048784,2.6474
0.018001,-0.054053,2.6489
0.017054,-0.053405,2.6568
0.0172,-0.051985,2.652
0.016501,-0.049265,2.6531
0.01649,-0.049337,2.6542
0.017157,-0.052748,2.6503
0.016861,-0.049922,2.6551
0.017243,-0.048381,2.6547
0.018782,-0.045727,2.6516
0.017855,-0.048848,2.6468
0.016842,-0.048453,2.6553
0.014645,-0.048693,2.6495
0.013663,-0.047655,2.6473
0.014027,-0.046673,2.6492
0.015526,-0.046007,2.6398
0.016234,-0.046341,2.6465
0.017122,-0.048019,2.6414
0.017267,-0.047955,2.6413
0.016814,-0.046381,2.6377
0.014899,-0.047323,2.6349
0.014451,-0.046989,2.6322
0.015004,-0.044585,2.6307
0.016243,-0.045486,2.6328
0.017332,-0.045064,2.6344
0.017024,-0.045368,2.6294
0.018251,-0.043873,2.6371
0.019238,-0.04294,2.6323
0.01966,-0.044791,2.6364
0.018938,-0.04339,2.6341
0.018999,-0.042911,2.6363
0.019231,-0.044465,2.6419
0.018991,-0.043849,2.6385
0.018033,-0.043406,2.6393
0.01679,-0.043914,2.6361
0.016094,-0.043385,2.6445
0.017599,-0.041327,2.6506
0.019159,-0.0415,2.6488
0.018454,-0.041607,2.6478
0.017894,-0.042296,2.6495
0.015439,-0.0443,2.6585
0.013734,-0.045056,2.6568
0.013449,-0.042437,2.6554
0.014245,-0.043688,2.655
0.015206,-0.04297,2.6546
0.013942,-0.043781,2.6678
0.015513,-0.045038,2.6576
0.016751,-0.043479,2.6634
0.018458,-0.041926,2.6629
0.019707,-0.044759,2.6656
0.018331,-0.047067,2.6702
0.017268,-0.048478,2.663
0.015741,-0.047365,2.6662
0.018963,-0.050275,2.658
0.02285,-0.049593,2.6476
0.023919,-0.048908,2.6594
0.023878,-0.049602,2.654
0.022772,-0.050752,2.652
0.022482,-0.053051,2.6454
0.020223,-0.052796,2.6469
0.019507,-0.053389,2.6654
0.018119,-0.053844,2.608
0.017833,-0.053278,2.6336
0.019198,-0.0522,2.6219
0.01998,-0.053237,2.6289
0.01981,-0.053271,2.6193
0.019846,-0.052853,2.6163
0.020749,-0.05096,2.6151
0.019024,-0.050869,2.6052
0.017247,-0.049473,2.6205
0.01735,-0.050023,2.6019
0.017412,-0.051112,2.6027
0.01818,-0.049209,2.6008
0.019982,-0.049404,2.592
0.020736,-0.048692,2.5982
0.022153,-0.050189,2.6051
0.013528,-0.05031,2.5989
0.010072,-0.04191,2.6025
0.0073592,-0.043199,2.5855
0.010901,-0.046596,2.5858
0.011507,-0.043675,2.5958
0.011185,-0.040185,2.5992
0.013304,-0.041781,2.5988
0.013476,-0.041073,2.5833
0.016607,-0.041821,2.5979
0.014747,-0.044258,2.5964
0.014927,-0.045114,2.5949
0.013054,-0.045623,2.5978
0.016608,-0.043979,2.5959
0.0177,-0.041581,2.6015
0.018418,-0.04405,2.6008
0.018404,-0.044712,2.6061
0.017108,-0.042231,2.6012
0.016287,-0.042704,2.6013
0.015768,-0.044146,2.6114
0.018178,-0.049596,2.602
0.017813,-0.050019,2.6083
0.017164,-0.05043,2.6041
0.015812,-0.051994,2.6149
0.015318,-0.047614,2.603
0.018216,-0.050142,2.6033
0.021483,-0.049873,2.6037
0.020768,-0.050991,2.6035
0.017254,-0.050462,2.6075
0.012641,-0.049664,2.6066
0.013463,-0.047364,2.6088
0.017517,-0.045538,2.6075
0.020626,-0.048152,2.6072
0.022036,-0.049453,2.6088
0.021203,-0.047359,2.6109
0.019529,-0.048041,2.6091
0.018726,-0.048828,2.6078
0.018121,-0.049486,2.6049
0.018072,-0.04991,2.6083
0.018558,-0.050427,2.6017
0.018579,-0.051857,2.6011
0.018645,-0.053188,2.5989
0.017214,-0.053463,2.6006
0.015879,-0.053366,2.5967
0.016167,-0.051952,2.5928
0.015652,-0.049639,2.5881
0.01868,-0.048944,2.5881
0.021683,-0.049088,2.5869
0.021297,-0.051163,2.5846
0.022367,-0.052276,2.5787
0.022482,-0.053943,2.5746
0.023194,-0.05517,2.5696
0.023143,-0.053412,2.572
0.020539,-0.052784,2.5679
0.016487,-0.051526,2.5606
0.011468,-0.049435,2.5588
0.011981,-0.048075,2.5487
0.012983,-0.047465,2.5574
0.018469,-0.046294,2.5555
0.021281,-0.048185,2.5527
0.021602,-0.047161,2.5518
0.021917,-0.047111,2.5498
0.019619,-0.047685,2.544
0.016758,-0.047395,2.5452
0.017942,-0.046375,2.5444
0.021157,-0.046553,2.5425
0.021612,-0.046082,2.5485
0.016872,-0.045794,2.5478
0.0093389,-0.045162,2.5397
0.009339,-0.04648,2.5367
0.013076,-0.047051,2.536
0.01442,-0.047135,2.5374
0.016344,-0.046741,2.5368
0.01786,-0.046873,2.5361
0.0208,-0.047515,2.54
0.021391,-0.049506,2.5328
0.016346,-0.048568,2.5447
0.015231,-0.048014,2.5355
0.015818,-0.046708,2.5302
0.022385,-0.044459,2.5324
0.020342,-0.046312,2.5297
0.020945,-0.047611,2.5419
0.0167,-0.043002,2.5319
0.011279,-0.043151,2.539
0.014465,-0.04488,2.5437
0.017833,-0.044713,2.5344
0.019502,-0.045382,2.5396
0.01809,-0.046269,2.5296
0.014911,-0.049829,2.535
0.016815,-0.049024,2.5346
0.01837,-0.047645,2.5375
0.015122,-0.049834,2.5339
0.015834,-0.051022,2.5388
0.013756,-0.052058,2.5349
0.01449,-0.05028,2.5303
0.014695,-0.049132,2.5451
0.017601,-0.045611,2.5477
0.017781,-0.046408,2.544
0.017416,-0.046139,2.547
0.017253,-0.046153,2.545
0.016622,-0.045879,2.5498
0.017699,-0.047639,2.5534
0.017731,-0.048078,2.5565
0.017733,-0.047218,2.5562
0.017592,-0.047127,2.5571
0.016909,-0.045012,2.5648
0.015848,-0.045749,2.5599
0.014859,-0.045802,2.5635
0.012674,-0.04544,2.5669
0.01362,-0.045514,2.5632
0.013476,-0.045201,2.5706
0.011745,-0.041616,2.5666
0.011609,-0.042309,2.5724
0.0089068,-0.042485,2.5735
0.012183,-0.041134,2.571
0.0083862,-0.040982,2.5783
0.01064,-0.043249,2.581
0.010315,-0.04228,2.5846
0.012927,-0.038957,2.5838
0.012683,-0.039764,2.5862
0.012557,-0.043994,2.6601
0.0128,-0.044407,2.5378
0.015706,-0.044333,2.605
0.013923,-0.044359,2.6004
0.013274,-0.044822,2.624
0.012902,-0.042334,2.6095
0.01391,-0.041874,2.6107
0.015775,-0.043268,2.6201
0.016863,-0.045632,2.631
0.016662,-0.0425,2.619
0.018451,-0.041814,2.629
0.016539,-0.043167,2.6403
0.015763,-0.045325,2.6304
0.016774,-0.048442,2.6297
0.016049,-0.047422,2.6478
0.01362,-0.049133,2.6361
0.014105,-0.048524,2.6421
0.016781,-0.051251,2.6478
0.018411,-0.049759,2.648
0.021337,-0.050831,2.6503
0.018975,-0.048648,2.6531
0.019069,-0.048962,2.655
0.019872,-0.047322,2.6585
0.018742,-0.047287,2.6568
0.018524,-0.047971,2.6697
0.015246,-0.044076,2.6691
0.015806,-0.041242,2.6696
0.014185,-0.040997,2.6664
0.017157,-0.041933,2.6864
0.0157,-0.043099,2.6777
0.016078,-0.044556,2.6849
0.014976,-0.045565,2.6879
0.013878,-0.04482,2.6897
0.013912,-0.044295,2.6979
0.014679,-0.044583,2.703
0.015757,-0.044586,2.7048
0.016411,-0.045359,2.7041
0.014518,-0.043178,2.7007
0.014044,-0.040444,2.7322
0.013937,-0.037992,2.6967
0.015042,-0.03989,2.7196
0.016121,-0.042013,2.7256
0.014506,-0.040716,2.7214
0.01399,-0.040467,2.7386
0.01316,-0.04382,2.7318
0.013659,-0.046116,2.7314
0.01396,-0.046396,2.7342
0.013288,-0.046591,2.7307
0.013589,-0.045987,2.731
0.013786,-0.045889,2.7314
0.013876,-0.045705,2.7305
0.013744,-0.047486,2.7317
0.01319,-0.047564,2.7316
0.012707,-0.047859,2.7339
0.012733,-0.048281,2.7321
0.013669,-0.047538,2.726
0.013836,-0.046917,2.7228
0.013837,-0.046847,2.732
0.013153,-0.047344,2.7309
0.011455,-0.049093,2.7292
0.01297,-0.050693,2.7313
0.013897,-0.048671,2.7219
0.0084327,-0.032816,2.7285
0.0055269,-0.037798,2.727
0.012405,-0.025197,2.7323
0.0036532,-0.050622,2.7287
0.012081,-0.057539,2.723
0.012197,-0.054985,2.728
0.01239,-0.057157,2.7284
0.012829,-0.057278,2.7256
0.011097,-0.058921,2.7228
0.010681,-0.05413,2.7198
0.010847,-0.054186,2.7315
0.012053,-0.048569,2.7249
0.012879,-0.049883,2.7246
0.012278,-0.051434,2.728
0.013007,-0.052457,2.7196
0.013323,-0.053943,2.7245
0.013374,-0.052021,2.7158
0.01132,-0.050661,2.7107
0.01267,-0.050792,2.7096
0.012947,-0.04951,2.7067
0.012812,-0.05006,2.7058
0.012057,-0.047439,2.7047
0.0119,-0.046437,2.7005
0.012656,-0.046399,2.6954
0.012435,-0.045797,2.7019
0.011816,-0.046534,2.6979
0.011374,-0.046416,2.7009
0.011036,-0.047075,2.6941
0.01069,-0.047249,2.6984
0.010363,-0.047613,2.7017
0.010497,-0.049505,2.6951
0.011415,-0.048216,2.6989
0.010432,-0.049861,2.6982
0.013244,-0.049015,2.6883
0.013284,-0.048386,2.6951
0.013086,-0.050037,2.6894
0.01393,-0.05027,2.6842
0.013151,-0.051589,2.6804
0.013116,-0.049133,2.6725
0.014154,-0.048336,2.6752
0.014803,-0.048857,2.671
0.015177,-0.049474,2.6689
0.011922,-0.047073,2.6718
0.014252,-0.047232,2.6688
0.011487,-0.044743,2.6723
0.013914,-0.04308,2.6684
0.013467,-0.043256,2.6674
0.013908,-0.045644,2.6646
0.013955,-0.048065,2.6661
0.012888,-0.049324,2.6692
0.013443,-0.047581,2.6643
0.01304,-0.044926,2.6579
0.014494,-0.043501,2.6544
0.012644,-0.045376,2.6569
0.011941,-0.045883,2.6537
0.0093793,-0.046798,2.6485
0.010165,-0.046713,2.6471
0.0099366,-0.04859,2.6406
0.010857,-0.0517,2.6424
0.012506,-0.050556,2.6291
0.011158,-0.059613,2.6287
0.011542,-0.064607,2.6282
0.010917,-0.060946,2.6193
0.012749,-0.062673,2.6215
0.011513,-0.064154,2.6125
0.010796,-0.065167,2.607
0.0094679,-0.055524,2.6058
0.0094174,-0.052812,2.5922
0.008669,-0.045583,2.593
0.0085159,-0.046837,2.5909
0.0071757,-0.051764,2.5827
0.0062498,-0.050053,2.5735
0.0058808,-0.05004,2.571
0.005852,-0.046505,2.5631
0.0053032,-0.03874,2.5638
0.0070125,-0.043924,2.5499
0.0065602,-0.046348,2.5404
0.006325,-0.046605,2.5483
0.0066337,-0.047722,2.5421
0.0068407,-0.048844,2.5392
0.0068212,-0.046424,2.5286
0.0063771,-0.04668,2.5244
0.0063153,-0.045156,2.5281
0.0052506,-0.048476,2.5235
0.0046861,-0.048045,2.5181
0.0066495,-0.042921,2.515
0.0052947,-0.046446,2.5092
0.005783,-0.048364,2.5087
0.0056703,-0.046929,2.4981
0.0064538,-0.04398,2.4977
0.0051289,-0.046627,2.494
0.0058503,-0.045907,2.4913
0.0049969,-0.047793,2.4901
0.0046884,-0.046799,2.4815
0.0043945,-0.045998,2.4775
0.0049369,-0.047805,2.4671
0.0071447,-0.046661,2.4606
0.0068597,-0.04944,2.4673
0.0045658,-0.051314,2.4546
0.0035077,-0.051222,2.4506
0.0029634,-0.051016,2.4442
0.0023942,-0.049563,2.4425
0.0036897,-0.049765,2.4353
0.003834,-0.048437,2.4297
0.0034531,-0.04686,2.4238
0.0033745,-0.046388,2.4191
0.003619,-0.045629,2.4222
0.004289,-0.046651,2.4221
0.0054,-0.046545,2.4146
0.0043991,-0.043676,2.4128
0.0041737,-0.044478,2.4046
0.0046143,-0.045596,2.4156
0.0036795,-0.045516,2.4075
0.0023788,-0.04742,2.4031
0.0010134,-0.047613,2.4005
-1.7562e-05,-0.048368,2.3919
-0.00083164,-0.049171,2.399
5.2431e-05,-0.048828,2.386
-8.9535e-05,-0.049079,2.3834
-0.00050761,-0.049554,2.3796
-0.0020542,-0.049974,2.3722
-0.0027967,-0.048443,2.371
-0.0014635,-0.050777,2.3631
0.00070084,-0.050227,2.3608
-0.00017481,-0.04933,2.3565
0.00060296,-0.049997,2.345
-0.00031174,-0.048886,2.3483
0.00021711,-0.04814,2.3399
0.0013971,-0.04896,2.3339
0.0032117,-0.04819,2.3222
0.0059519,-0.047424,2.3248
0.0062631,-0.048805,2.3133
0.0038699,-0.048378,2.3084
0.0033632,-0.047276,2.3024
0.0028774,-0.046785,2.2962
0.0046254,-0.04848,2.2956
0.004767,-0.048051,2.2851
0.0047273,-0.047909,2.2844
0.0028955,-0.047315,2.2768
0.0051108,-0.046308,2.261
0.0070363,-0.045892,2.2706
0.0043073,-0.045406,2.2591
0.0077612,-0.047061,2.2539
0.0066964,-0.04877,2.2515
0.0058219,-0.045211,2.241
0.0054055,-0.045492,2.2398
0.0035708,-0.044783,2.2244
0.0082881,-0.041951,2.2197
0.0096218,-0.04036,2.2163
0.0082945,-0.041251,2.2222
0.007564,-0.03967,2.2172
0.0049816,-0.038068,2.2149
0.0033298,-0.040746,2.2146
0.0046641,-0.041289,2.2041
0.0061881,-0.042508,2.2018
0.0055057,-0.042933,2.2051
0.0021563,-0.041628,2.2095
-0.00028235,-0.041042,2.1885
-0.00066547,-0.041525,2.1878
-0.0014069,-0.042038,2.1915
0.00025747,-0.043066,2.1885
0.0013905,-0.043919,2.1876
0.0028452,-0.043296,2.1816
0.0013286,-0.042601,2.1731
0.0014749,-0.042308,2.1709
0.0010504,-0.042043,2.1675
0.0020999,-0.042974,2.1668
0.0030536,-0.043191,2.1602
0.0030502,-0.043353,2.1618
0.0024818,-0.043829,2.1674
0.0028076,-0.042918,2.146
0.0011916,-0.043418,2.1378
0.002042,-0.042792,2.1494
0.0027206,-0.042715,2.1376
0.005412,-0.042049,2.133
0.0056102,-0.040283,2.1302
0.0045829,-0.041095,2.1345
0.0028925,-0.042193,2.1233
0.001203,-0.042121,2.1243
0.00073857,-0.041784,2.1216
0.0015922,-0.042614,2.1173
0.0023674,-0.04284,2.1162
0.0026252,-0.042774,2.1038
0.0031923,-0.042245,2.0984
0.0026859,-0.043861,2.1069
0.0051205,-0.046068,2.0709
0.0045078,-0.043708,2.0766
0.0069481,-0.04263,2.0564
0.006861,-0.044812,2.0538
0.0069715,-0.046222,2.0362
0.0052456,-0.047462,2.027
0.0023283,-0.045452,2.0185
-0.00075643,-0.044963,2.0034
-0.011737,-0.024252,2.0106
-0.013666,-0.032834,1.9851
-0.0062825,-0.04176,1.9811
-0.0031527,-0.049029,1.9774
-0.013457,-0.048929,1.9604
-0.012735,-0.046958,1.9649
-0.0084979,-0.044909,1.9549
-0.0054907,-0.043855,1.9468
-0.0028938,-0.044619,1.9326
-0.00089506,-0.036686,1.9195
-0.0016808,-0.050636,1.9076
0.00077163,-0.048425,1.8932
0.0014176,-0.047697,1.8748
0.0016883,-0.047221,1.8594
0.0042469,-0.047263,1.8441
0.0039296,-0.045593,1.832
0.0048091,-0.044088,1.8216
0.0046179,-0.043377,1.8054
0.0042401,-0.04252,1.7906
0.0062974,-0.042629,1.7771
0.0064918,-0.042121,1.7582
0.0070408,-0.042458,1.7384
0.0057027,-0.042201,1.7182
0.0043559,-0.040739,1.7035
0.0058431,-0.041395,1.6878
0.0045718,-0.040791,1.6704
0.003932,-0.040537,1.6495
0.0020629,-0.039801,1.6368
0.0027065,-0.039504,1.6077
0.0041257,-0.037789,1.614
0.0078085,-0.038606,1.6028
0.0073257,-0.032816,1.5626
0.010128,-0.038303,1.5809
0.010316,-0.03736,1.5694
0.013703,-0.031527,1.5333
0.010195,-0.035245,1.5574
0.010535,-0.032554,1.511
0.0093527,-0.033018,1.5461
0.0084297,-0.032475,1.5423
0.017619,-0.029683,1.4955
0.0080447,-0.032309,1.5384
0.0062684,-0.032388,1.5386
0.014846,-0.032501,1.4773
0.0058277,-0.031287,1.5331
0.019561,-0.028549,1.4702
0.003968,-0.034777,1.5375
0.0023996,-0.034625,1.5359
0.023155,-0.032258,1.4649
0.00085024,-0.036979,1.5319
-0.0025319,-0.032931,1.5214
0.028344,-0.028802,1.4602
-0.0035464,-0.031733,1.5238
0.03234,-0.028618,1.4542
-0.0060938,-0.033722,1.5251
-0.0072022,-0.033191,1.5257
0.035711,-0.030584,1.4505
-0.0085931,-0.031034,1.5208
-0.0067645,-0.031652,1.514
0.035994,-0.028955,1.4615
-0.011384,-0.033259,1.5161
0.037174,-0.035342,1.454
-0.01475,-0.029866,1.5119
-0.013507,-0.031667,1.5068
0.041382,-0.029689,1.4616
-0.015371,-0.032503,1.5119
-0.012057,-0.032102,1.5096
0.042635,-0.031018,1.4618
-0.013405,-0.031264,1.5071
-0.013769,-0.030173,1.5119
0.041293,-0.030346,1.466
-0.012619,-0.030845,1.5105
0.042692,-0.02827,1.4702
-0.012799,-0.032218,1.5117
-0.015331,-0.030391,1.5129
0.04541,-0.031845,1.4806
-0.016182,-0.027339,1.512
-0.018326,-0.025999,1.5157
0.04572,-0.030463,1.4911
-0.022894,-0.028342,1.5239
0.050123,-0.025289,1.4965
-0.024176,-0.033333,1.5306
-0.025405,-0.028923,1.5298
0.050753,-0.032801,1.5044
-0.023928,-0.025972,1.5294
-0.026032,-0.029084,1.5319
0.05591,-0.028743,1.5179
-0.02757,-0.03,1.5329
-0.024376,-0.035861,1.5286
0.064897,-0.049146,1.5214
-0.017218,-0.04569,1.529
0.078855,-0.036352,1.5229
-0.025112,-0.056688,1.5325
-0.027392,-0.04877,1.532
0.063753,-0.049665,1.5326
-0.026903,-0.045347,1.5268
-0.029115,-0.042585,1.5245
0.062407,-0.045811,1.534
-0.029692,-0.039203,1.5173
0.061703,-0.038976,1.536
-0.027766,-0.039373,1.5173
-0.028173,-0.037686,1.5151
0.058464,-0.039698,1.5409
-0.026686,-0.032418,1.5175
-0.025117,-0.031927,1.5192
0.052881,-0.034499,1.5523
-0.022382,-0.032938,1.5246
0.048959,-0.035427,1.5625
-0.024362,-0.032833,1.5309
-0.022818,-0.031162,1.5334
0.04355,-0.032177,1.5734
-0.01841,-0.03054,1.5441
-0.015076,-0.029192,1.5509
0.037292,-0.034417,1.5888
-0.013686,-0.028644,1.5598
-0.014088,-0.03095,1.5707
0.026891,-0.031109,1.6076
-0.0099669,-0.028182,1.5791
0.022699,-0.02881,1.6172
-0.006201,-0.029402,1.5949
-0.0036097,-0.029412,1.6035
0.017987,-0.032138,1.63
-0.00084715,-0.02837,1.6179
0.0030465,-0.027348,1.6264
0.013779,-0.028445,1.6463
0.0028906,-0.028286,1.642
0.0027061,-0.029825,1.6491
0.010335,-0.029643,1.6675
0.00090312,-0.028986,1.6649
0.0068764,-0.028161,1.6814
0.0031969,-0.02933,1.6736
0.0041089,-0.030323,1.6991
0.0077841,-0.03071,1.6973
0.0048229,-0.031087,1.6985
0.0033464,-0.032985,1.7045
0.0040529,-0.033417,1.7014
0.0034635,-0.034267,1.7036
0.0042994,-0.03487,1.7078
0.0044234,-0.035098,1.7053
0.0068091,-0.035478,1.7065
0.0055677,-0.034913,1.7042
0.0057845,-0.033976,1.71
0.0058635,-0.035352,1.7076
0.0048866,-0.035358,1.7125
0.0055117,-0.03476,1.7103
0.0055167,-0.034979,1.7111
0.0050534,-0.034981,1.7161
0.005911,-0.034845,1.7139
0.0046109,-0.035115,1.7129
0.0046487,-0.034816,1.7157
0.0041719,-0.034476,1.7105
0.0053268,-0.034729,1.7123
0.0043547,-0.037537,1.701
0.0035359,-0.038069,1.6949
0.0015407,-0.037686,1.6838
0.0038726,-0.035601,1.6784
0.0031862,-0.036025,1.6761
0.005036,-0.036287,1.6686
0.0043172,-0.036544,1.6624
0.0047075,-0.03466,1.6541
0.0022994,-0.038534,1.6486
0.0017512,-0.039091,1.629
0.0058776,-0.038375,1.6282
0.0019449,-0.038429,1.6057
0.0037561,-0.038228,1.591
0.008276,-0.038052,1.5955
-0.0010996,-0.039785,1.5623
0.012148,-0.039378,1.5713
-0.0032174,-0.039465,1.5355
-0.0020629,-0.037796,1.5143
0.018264,-0.039189,1.5377
0.00029762,-0.03574,1.4877
-0.0015849,-0.035869,1.4731
0.023464,-0.037683,1.51
0.00075964,-0.034902,1.4465
0.039704,-0.033638,1.5151
0.021452,-0.028794,1.4613
-0.0064927,-0.041641,1.4412
0.021024,-0.05609,1.5179
-0.0083634,-0.050979,1.4349
-0.0067411,-0.061168,1.4376
0.024673,-0.062649,1.5214
-0.0033055,-0.080599,1.4245
0.020691,-0.067688,1.5286
-0.0027149,-0.073871,1.4114
0.0038452,-0.057315,1.3989
0.013317,-0.061474,1.5228
0.010719,-0.048891,1.3991
0.012595,-0.048249,1.3906
0.010516,-0.052791,1.5179
0.014467,-0.044922,1.3895
0.0030485,-0.049295,1.5162
0.020788,-0.041547,1.3819
0.020971,-0.040768,1.3817
-0.00033687,-0.04172,1.5032
0.028348,-0.03754,1.3828
0.032627,-0.036389,1.3786
-0.0087839,-0.040628,1.4984
0.035439,-0.034578,1.3826
-0.010395,-0.03657,1.4911
0.036074,-0.033666,1.3813
0.034504,-0.028943,1.3959
-0.0082177,-0.037612,1.4833
0.036162,-0.032118,1.4041
0.038828,-0.032528,1.4025
-0.010992,-0.033772,1.4836
0.040587,-0.030763,1.4055
0.042609,-0.027913,1.4082
-0.027912,-0.032398,1.5001
0.041004,-0.038882,1.4148
-0.041303,-0.01432,1.4993
0.042324,-0.04145,1.4011
0.037378,-0.020097,1.4186
-0.034345,-0.038536,1.5054
0.047343,-0.023199,1.4378
0.053748,-0.035307,1.4338
-0.044243,-0.024163,1.5005
0.046354,-0.035058,1.4333
-0.046611,-0.021341,1.5007
0.050396,-0.033585,1.4454
0.048785,-0.031543,1.448
-0.055307,-0.028692,1.5002
0.044183,-0.034668,1.4546
0.040756,-0.032483,1.4652
-0.048279,-0.025966,1.5042
0.038104,-0.028931,1.4817
-0.036001,-0.029697,1.5139
0.035437,-0.026299,1.503
0.030217,-0.030192,1.5115
-0.023031,-0.025343,1.5279
0.028078,-0.029186,1.5251
0.02126,-0.026485,1.534
-0.0038121,-0.028105,1.5437
0.025291,-0.025044,1.5741
0.014886,-0.030175,1.5492
-0.0041395,-0.02663,1.5719
0.014319,-0.02765,1.5762
0.0070395,-0.025677,1.5858
0.014944,-0.026485,1.6064
0.011286,-0.029297,1.6146
0.0041976,-0.028185,1.6025
0.011054,-0.028446,1.6173
0.0079244,-0.027424,1.638
0.0081103,-0.02965,1.6471
0.006897,-0.029937,1.6633
0.0075794,-0.02907,1.655
0.0099039,-0.028237,1.6689
0.0069183,-0.027505,1.682
0.010112,-0.030696,1.7215
0.0090748,-0.028122,1.6606
0.0090654,-0.029892,1.7121
