0.0025402,0.043564,0.0017056
0.0046533,0.045173,0.004035
0.0044562,0.0459,0.0010222
0.0031005,0.046504,-0.0018575
1.4985e-05,0.047038,0.0026676
0.0010624,0.04667,0.0015071
0.0035307,0.046165,0.0035169
0.0027672,0.045034,0.0041186
0.0011696,0.045931,9.6289e-05
-0.00020715,0.046545,0.00077917
-0.00046905,0.047517,0.00024734
-2.0085e-05,0.047759,-4.9641e-05
0.0006971,0.04728,0.0010863
0.0012842,0.046954,0.0036172
0.0016633,0.04643,-6.9303e-05
0.00045497,0.046598,0.0046642
0.00082199,0.046592,0.00050599
0.0013979,0.047556,-0.00040335
0.0025499,0.046942,0.0045204
0.0020778,0.046608,0.0001752
0.0024891,0.0463,0.0022696
0.0050101,0.046195,0.0051026
0.001733,0.045473,0.00096991
0.00036976,0.043551,0.0043597
0.00058236,0.041297,0.0032119
0.0032348,0.038762,0.0017281
4.9585e-05,0.036219,0.0010772
-0.0019128,0.035339,0.0017269
0.00042008,0.034621,0.00062618
0.0023253,0.033799,-0.0022923
0.0021515,0.032393,-0.00010001
0.00066099,0.031486,0.0017046
-0.00012854,0.031246,0.0016279
-0.001108,0.031064,-0.0012617
0.00013811,0.029893,0.00070801
0.00082234,0.027754,0.0027854
0.00083149,0.025512,0.0044047
0.00052727,0.022982,0.0045123
0.00012259,0.020728,0.0061798
-0.00078975,0.017999,0.0046977
0.00021219,0.015838,0.0034752
-0.00071057,0.014638,0.0027302
-0.0011023,0.013503,0.00038789
-5.5088e-05,0.012489,2.3226e-05
0.0027796,0.011471,0.00029102
0.0037686,0.01037,0.00081343
0.0027262,0.009718,0.0012253
0.0012494,0.0076919,-5.2656e-05
0.00062318,0.0059496,-0.00041675
0.0014742,0.0052203,0.0010945
0.0020356,0.0045701,-0.0006668
0.0010653,0.0041854,0.0003295
-0.00088849,0.003128,-0.0001994
-0.0025519,0.0023387,0.00062871
-0.00099498,0.0023049,7.5757e-05
0.00038303,0.0020326,0.0022763
0.00057886,0.0010212,-0.00025649
0.00054131,0.00055174,0.0020774
0.00059228,8.1317e-05,-0.00047353
0.0012535,-0.00053133,4.6134e-05
-7.4592e-06,-0.0012011,0.0003281
-0.0011007,-0.0015111,-0.00093277
0.00060937,-0.0011481,0.00096608
0.00090388,-0.0012235,-8.8671e-05
0.00052038,-0.00097515,0.0010006
-9.9961e-07,-0.0010583,-0.00045255
-0.0020157,-0.00095549,0.0017564
-0.0019612,-0.00069154,0.0012785
0.00031017,-0.00078278,0.0015287
0.0019888,-0.0010699,0.0023929
-0.00019736,-0.00065429,-0.00074062
-0.00043277,-0.00020545,0.00039494
-0.0014587,-0.00022844,-0.00068542
5.5515e-06,-0.0004012,0.0018595
8.6922e-05,-1.415e-05,0.00068588
0.0009636,-1.4955e-05,0.00049168
0.00077419,0.00033436,-0.00052574
0.00044341,0.0011312,-0.0011111
0.00090744,0.001184,-0.00059341
-0.00045054,0.0010142,-0.0011356
-0.00053314,0.00099826,0.00016629
-0.00063737,0.00044002,-0.0026179
0.0011257,0.0014111,-0.00018855
0.0015158,0.0026447,-0.0010664
-0.00016541,0.0038605,0.00078869
-9.0493e-05,0.0047612,-0.0022265
-0.00077511,0.0049264,-0.0022064
0.0014373,0.0047718,-0.00090478
0.0012847,0.0047505,0.00056798
0.0018119,0.0046772,-0.00023577
0.0010115,0.0048969,-0.0010118
-0.00076338,0.0050861,-0.0021348
0.00020659,0.0054679,-0.0018242
-0.00073603,0.0057383,-0.00091461
-0.0001133,0.0056308,1.641e-05
0.0012829,0.0055722,0.00064032
0.0010878,0.0058295,-0.00029474
-0.00012407,0.0060766,0.0005297
0.00055117,0.0057313,-0.00087161
0.0004798,0.0053068,-0.00045584
0.00046585,0.0053381,-0.0011892
-0.00031998,0.0045662,0.0016955
-0.0017138,0.004027,0.0017519
0.00093833,0.0037256,0.0014926
0.00037716,0.0031568,0.00034337
1.885e-05,0.0035307,-0.00084366
0.00056052,0.0040708,-0.0012312
0.001291,0.0046217,-0.0012629
5.4226e-05,0.0046415,-0.00082737
0.00017575,0.0047679,0.00023443
0.00068765,0.0046825,-0.0004418
0.00064817,0.0047467,-0.00029125
-0.0009667,0.0043954,-0.00026676
-0.0001187,0.0044416,0.0006524
0.00031397,0.0041287,0.0010684
0.0011817,0.0037683,0.00020554
0.0020731,0.0037739,0.00057088
0.00040756,0.0035977,0.00069781
0.00096525,0.0035442,-0.00016733
0.00018511,0.0036935,-0.00010189
-9.788e-05,0.0042234,4.2904e-05
-0.00025861,0.0040289,0.0014576
0.00018637,0.0034382,0.0024463
-0.00074985,0.0029402,0.00071806
-0.00064643,0.0028505,-0.00010792
0.00034028,0.0029217,-0.0011141
0.0022442,0.0031623,-0.0008575
0.0016135,0.0034697,-0.00010831
0.0019753,0.0033749,-0.0015866
0.0020126,0.0035098,-0.0011512
-0.0002684,0.004041,0.00081442
-0.000956,0.0038335,-0.00084306
-0.00069054,0.0039928,-0.00026076
-2.3992e-05,0.0041911,0.00031732
0.00052687,0.003699,-0.00093543
0.00099678,0.0040096,-0.00094763
5.7262e-05,0.0035025,1.0929e-07
0.00026038,0.0030435,0.0010547
-0.00035723,0.0027549,0.0012938
-0.00078788,0.0029329,0.00097772
0.00026021,0.0027239,0.0010598
0.0010633,0.0027395,0.00051558
0.0004705,0.0029767,-0.00067098
0.0011524,0.0029465,-0.00051704
0.001247,0.003133,3.931e-05
0.00083812,0.0026222,-0.0018687
0.00056247,0.0031886,0.00028874
-0.0010523,0.0028538,0.0018741
-0.00079547,0.0027832,0.00011656
-0.00053173,0.0034719,-0.00083609
0.00089761,0.0033032,-0.001158
7.039e-05,0.0036892,-0.0015088
-0.00054363,0.0037635,-0.0010682
0.00031141,0.0039092,-0.00052447
-0.0001574,0.004005,-0.00078402
0.0010147,0.004261,-0.00040624
-0.00034785,0.0045264,-0.0010696
0.00016897,0.0042662,-4.2661e-05
0.00081894,0.003903,0.00073813
0.00012096,0.004044,-0.00036475
0.00066847,0.0040545,-0.0008626
-0.00010733,0.0040641,-0.00010945
0.00062185,0.0038953,0.00066358
0.00045707,0.003985,0.0014978
0.0010662,0.0036901,0.0022475
0.00043664,0.0032744,0.00096018
0.0013158,0.0033356,0.0019624
0.0016245,0.0030538,0.001953
0.00038836,0.003209,0.00089107
0.00090873,0.003684,0.00077289
0.00061708,0.0036827,-0.00098043
0.00082174,0.0037795,0.00083924
0.00085573,0.0037565,-0.00089187
0.00070583,0.003128,-0.0015714
-0.00036068,0.0031967,0.0011651
-0.00089965,0.0023843,0.0016473
-0.00049434,0.0023983,0.00070524
2.2346e-06,0.0025431,3.3146e-05
-0.00044713,0.0026351,-0.00057075
-0.00061185,0.0030002,0.00091793
-0.00028828,0.0025028,0.00054125
0.0010823,0.0022703,-0.00035766
0.0029294,0.0025683,-0.00056465
8.8005e-05,0.0037821,-0.0015745
-0.0012021,0.005124,-0.002675
-0.00135,0.0056385,-0.0023844
-0.00088682,0.005552,-0.0012693
0.00017169,0.0051422,0.00047138
-5.4195e-05,0.0049896,0.002307
0.00047385,0.0044799,0.0015123
-0.00036646,0.0043647,0.00047778
-0.0021645,0.0047162,0.00043978
-0.00074618,0.0046306,-0.0013705
0.00031102,0.0044861,-0.00065346
-0.00045166,0.0048396,-0.00035189
-0.0015518,0.0049889,0.0014227
-0.00014859,0.0047106,0.00071322
1.2813e-05,0.0043971,-0.0016861
-0.0012624,0.0042888,-0.00038906
-0.0013669,0.0036439,0.00025786
0.00075616,0.0033577,-0.0019253
0.0016815,0.0034818,-0.0039937
0.0011426,0.0037314,-0.0030022
-0.0017715,0.0038839,-0.0025856
-0.0014719,0.0038127,0.00049581
0.00042017,0.0037589,-0.00062655
0.0013592,0.0035128,-0.0011573
-0.0032161,0.0040217,-0.0029048
-0.001238,0.0038966,-0.0025649
0.00040537,0.0037278,-0.00035561
6.9446e-05,0.0034443,-0.00056236
-0.00026339,0.0033055,-6.1562e-05
-0.0015196,0.0035501,-0.00052922
0.0010433,0.0034855,-0.0024459
0.0035376,0.0035223,-0.00891
0.0087184,0.0041116,-0.0092455
0.0052972,0.0035824,0.009591
-0.003842,0.0013186,0.007679
-0.012711,0.0023767,-0.00078378
-0.0081585,0.0037289,-0.0053575
-0.0029277,0.0041357,-0.0058372
0.0005706,0.0036295,-0.0013085
0.0017307,0.003222,0.0053375
0.004831,0.0025938,0.0052908
0.0034682,0.0031755,0.0016403
-0.00083146,0.0037765,-0.00050911
-0.0012036,0.0037448,0.00076829
-0.0011551,0.0031516,0.00073009
-2.7107e-05,0.0024297,0.0007601
-0.00024585,0.0018588,0.00034187
7.2118e-05,0.0016249,0.00082431
-0.0016144,0.0013888,0.0014091
-0.0027756,0.0014498,0.0018273
-0.0018986,0.0015172,0.0015975
0.0014356,0.0014468,-0.0005843
0.0035862,0.0018954,-0.0037612
0.0019496,0.0016715,-0.0029963
-0.00074535,0.0014232,-0.00085315
-0.00025824,0.0011683,-0.0017204
0.0019308,0.0011932,-0.0027315
-0.00063893,0.0011294,-0.0012256
-0.0024765,0.000607,0.00054832
-0.0026599,-4.4659e-05,0.0018587
-0.0059797,-0.0011797,0.0044628
-0.0048837,-0.0019917,0.003844
0.0014794,-0.0023758,-0.0043519
0.006836,-0.00091172,-0.0072681
0.0017821,-0.0022515,-0.0056579
0.00058625,-0.0031966,-0.0018819
-0.0012524,-0.0037169,0.0015902
-0.00018329,-0.0038494,0.00075037
0.0033413,-0.0031938,-0.0019113
-0.00046704,-0.0019813,-0.0070524
-0.0012989,-0.0010825,-0.0089532
0.0020539,-0.00066843,-0.0068921
0.0005865,-0.00067851,-0.0023425
-0.0015214,-0.0014952,0.0017488
-0.0029228,-0.0018001,0.0019134
-0.0013361,-0.0017367,-0.0013376
0.0012387,-0.0011704,-0.0024574
0.0021557,-0.0011544,-0.00085988
0.0015021,-0.0013978,0.00034753
-0.0010845,-0.0015593,0.002096
-0.0013383,-0.0016623,0.0016247
-0.00078608,-0.0011691,8.6631e-05
0.00020052,-0.0012186,-0.00023549
-0.0011363,-0.0010228,-0.00042244
-0.0010858,-0.0009433,-0.00056855
0.0014102,-0.00066776,-0.00046038
0.0015899,-0.00054601,5.1912e-05
-0.00084173,-0.00073079,0.00038345
-0.0013919,-0.00058174,-0.00047213
-0.00043148,-0.00011936,-0.0013833
-4.4303e-05,0.00020969,-0.00061487
0.00028103,0.00023733,0.00020846
0.00016094,0.00026108,0.00048397
-0.001752,0.00028809,-0.00023811
-0.0012818,0.00035963,-0.0011697
-0.00024747,0.00035048,-0.00024845
0.00049761,0.00010386,-0.00065339
0.00050569,0.00011213,3.5303e-06
0.00023007,-0.00030016,0.0010241
-0.00013395,-0.00033027,-0.00011563
-7.6003e-05,2.3695e-05,-7.7037e-05
0.000655,-0.00013433,-0.00040432
-0.00072232,-6.3481e-05,-0.0008782
-0.00077735,-0.00029839,0.00045256
-0.0017018,-0.00029851,-0.00013806
0.00076576,-0.00029686,0.00041109
0.00011047,-0.00029364,0.0011647
-0.00065538,-0.00039528,0.00045346
-0.0007374,-0.00028609,-0.00056569
0.00078783,0.00018348,-0.0007334
0.00014966,0.00023922,-3.4257e-05
-0.0013057,9.7863e-05,-0.00034794
-0.0019716,0.00021356,-0.00036197
-0.0008231,0.0004215,-0.0010968
0.002409,0.00036945,-0.00017665
0.002956,0.00033326,-0.00046663
0.00021208,6.9594e-05,0.00025372
-0.0029722,-0.00014225,0.00049184
-0.0019215,-1.7555e-06,0.00071843
0.00057776,-2.0078e-05,0.00086914
0.00089,6.6096e-05,0.00021035
0.00032603,-3.4638e-05,0.00057669
-0.00051793,-0.00016909,0.0011564
-0.0011821,-0.0002181,0.00084648
-0.0009929,-0.00025852,-0.00075878
-0.00037175,-0.0001024,0.0002085
9.03e-05,-0.00042693,0.0009557
-0.001889,-0.00049932,0.00043978
-6.6152e-05,-0.0004797,-0.0012931
-0.00079168,-0.00021566,-0.0018692
0.0012322,-0.00040493,0.00014589
0.00085866,-0.00076023,0.0012644
0.00024056,-0.001085,0.001406
-0.00059225,-0.00088253,0.00038067
-0.0018419,-0.0007171,-0.0002779
0.0014032,-0.00074409,0.00040638
0.00024861,-0.00084343,-0.0007718
-7.9897e-05,-0.00059997,-0.00066165
-0.00013933,-0.0008397,-0.00043348
-0.00048902,-0.00066046,-0.00068684
-0.00016297,-0.00049468,-0.001255
0.00032234,-0.00045038,-0.0016051
0.0015394,0.00024154,-0.0009905
-0.0012517,0.00021447,0.00035643
-0.001575,0.00014425,0.00068991
-0.00070765,0.00018887,-0.0010328
0.0013555,0.00027734,-0.00091617
0.0022573,9.2967e-05,0.00050896
0.0013231,-0.00025606,0.00061536
0.00015608,-0.00014917,0.00044211
-0.0016739,3.992e-05,-0.00014785
-0.0012776,-7.8201e-05,0.00073169
-0.00034844,-0.00018059,0.00037464
0.00060297,-0.00025759,-0.00035213
0.00052722,-0.00030336,-0.00011866
-0.00051212,-0.00038158,0.00025126
0.0001908,-0.00049386,-0.00012884
-0.00069401,-0.00031932,-0.00057154
-0.00018385,-0.0004295,-0.00060718
0.0017128,-0.00046091,0.00025879
-0.00016603,-0.00060508,-0.00011374
-0.0009903,-0.0004716,0.00030778
-0.00071483,-0.00047453,0.00056594
0.0010705,-0.00056008,4.2548e-05
0.0014535,-0.00053743,0.00038197
0.00011124,-0.00073949,0.00064779
-0.0018083,-0.00083809,0.00076976
-0.00089872,-0.00057375,-1.0189e-06
-0.00011395,-0.00059192,-1.8297e-05
-0.00043255,-0.00044417,-0.00060511
0.00073637,-0.00066972,6.4256e-06
0.0013301,-0.00064385,-8.6892e-05
0.00060613,-0.00052286,-8.3247e-05
0.00023067,-0.00018624,-0.00035983
-0.0003097,-1.2571e-05,-0.00056364
0.0004043,0.0001965,-0.00055866
-0.00029428,0.00036799,-0.00072965
0.00039329,0.00048658,-0.0010188
0.00029593,0.00048215,-0.00033692
-0.00069358,0.0004245,0.0003767
-0.00074196,0.00041357,0.00039564
-0.00088292,0.00045595,0.0014074
-0.00024505,0.00021467,-0.00028182
0.00092444,0.00023065,-0.00040845
0.0011061,-9.9013e-05,0.00053753
5.7337e-06,-0.00030167,0.0016471
0.00026656,-0.00068309,0.001205
-0.00076469,-0.0006513,0.0011856
0.00014155,-0.00060543,0.00052134
0.00063028,-0.00061527,-0.0003226
0.00055424,-0.00051626,-0.0010491
0.00067617,-0.00049758,-0.00029377
-0.00027006,-0.00058304,-0.00059465
-0.0018983,-0.00062334,0.00096941
-0.0010329,-0.00082662,0.00075166
4.4647e-05,-0.00064253,0.00076166
0.0011174,-0.00075996,0.00089995
0.00098021,-0.00093265,-6.9974e-05
0.0013802,-0.00097293,0.00030411
0.00013786,-0.00086745,-6.0862e-05
0.00092505,-0.00082326,0.00059058
0.00045103,-0.0010063,0.00026767
-0.0010472,-0.00091522,-0.0015958
4.0897e-05,-0.00061651,-0.0021103
0.00069521,-0.00061178,-0.00043791
0.00078602,-0.00087163,0.0012836
0.0011274,-0.00095775,0.0016373
-0.0001382,-0.00045021,-3.4142e-06
-0.001673,5.3768e-05,-0.00064396
-0.00087969,0.00029005,-0.0020002
0.00078689,0.000278,-0.0012246
0.0023264,-0.00012115,-0.0002741
-0.001198,-0.00060976,0.0010749
-0.0016019,-0.00094402,0.0024398
-0.00062545,-0.00076963,0.0022987
0.0010333,-0.00073205,0.0014942
0.0027843,-0.00066107,2.192e-05
0.0020955,-0.0008094,0.00022957
7.7301e-05,-0.0012625,0.00078302
-0.0018528,-0.0011854,0.00025247
-0.00076852,-0.00098524,-0.00052079
0.00062237,-0.0010343,-0.00049175
8.1882e-05,-0.0009344,-0.00086587
-0.00024261,-0.0010007,-0.00033095
0.00094858,-0.0010701,-3.6933e-05
0.00095422,-0.0010298,-0.0011423
-0.00015646,-0.00061377,0.0011798
-0.00043807,-0.00057668,-3.1148e-05
-0.00091057,-6.9708e-05,-0.00075667
-0.00086006,0.00030193,-0.0014925
0.00091586,0.00047638,-0.0013668
0.0012829,0.00032341,-0.0007908
5.3914e-05,0.00051851,-5.5634e-05
-9.3027e-05,0.00063703,0.00093184
-5.2733e-05,0.00066902,0.0011989
-9.2106e-05,0.0006311,0.00072977
-0.0016178,0.00067364,0.00034992
-0.00033147,0.00045657,-0.0006347
0.0027066,0.00010759,-0.001095
0.0022718,-9.5054e-05,-0.00032495
0.0011631,-0.00039064,0.00038212
-0.00080773,-0.00049626,0.00044314
-0.00059053,-0.00066077,4.3773e-06
-0.00044877,-0.00073757,0.00067131
-0.00064862,-0.0011212,0.0013077
-0.00018633,-0.0012334,0.0009412
-7.8213e-05,-0.001501,0.00035663
-0.00051502,-0.0014267,0.000181
-0.00014146,-0.0014281,0.00049452
-0.00029051,-0.0014243,-1.0664e-05
-0.0013936,-0.001312,-0.00062908
-0.00083328,-0.0013044,-0.00060227
0.001089,-0.001091,-0.0014616
7.1629e-05,-0.00096818,-0.0002869
-0.00028389,-0.00096263,0.00098632
-0.00051695,-0.00045944,4.0861e-05
-0.0001854,6.1179e-05,9.4881e-05
-0.0027747,0.00029797,-0.0014182
4.1133e-05,0.00039985,-0.001316
7.7923e-05,0.00031804,-0.001458
0.0017815,-7.6596e-05,-0.00072564
-0.00046145,-0.00053522,-0.00041588
-0.0015887,-0.00053402,-0.00070559
0.0015498,-0.0004214,-0.00034295
0.0014531,-0.0004955,0.00028333
-0.00084084,-0.00049559,0.0017852
-0.0022003,-0.00028086,0.00065055
-0.0021059,-0.0001298,0.00055923
-0.00055644,-0.00028422,-0.00053177
-0.0016429,-0.00060776,-0.00063041
0.0010318,-0.0010181,0.00064023
0.00095349,-0.0014413,0.001836
7.762e-05,-0.0018199,0.0022624
-0.00073677,-0.0018428,0.0010669
-0.0016533,-0.001603,0.00018929
-0.00076665,-0.0014007,0.0003437
-0.0011686,-0.0014704,0.00016601
-0.00056619,-0.0012863,-0.00095384
0.00054553,-0.0012775,-0.0012879
0.00018384,-0.0013881,-0.00061105
-0.00042005,-0.0013017,0.00019315
3.4892e-05,-0.0014737,0.0003137
0.00062732,-0.0012904,0.00065527
-0.0014142,-0.001107,-0.0002068
-0.0010211,-0.00097642,0.001057
-0.00035246,-0.00095279,-0.00044368
-0.00031268,-0.00084272,-0.00078946
0.00054677,-0.00077595,-0.00039399
0.00045049,-0.00061258,-0.0012364
5.404e-05,-0.00058053,-0.00040584
0.00070495,-0.0005112,0.00065322
0.0017478,-0.00051684,0.0010933
-0.00098016,-0.00036287,0.00070111
-0.0032068,-0.00041832,0.00086009
-0.00077601,-0.00010255,-0.0015678
0.0076775,-4.8292e-05,-0.0026908
0.0050586,-6.1714e-05,-0.00098214
-0.0043695,-9.1051e-05,-0.0013573
-0.0071081,-0.00022331,0.00028036
-0.0022254,-0.00030224,0.00085395
0.00044298,-0.00055225,0.0013132
0.00037881,-0.00070988,0.0013065
-0.0013501,-0.00067988,6.3245e-05
-0.0010937,-0.0007248,-0.00090446
-0.00056131,-0.00072686,-0.00062285
0.0025294,-0.001145,0.00037889
0.00029096,-0.0011031,0.00053164
-0.00051788,-0.0013819,0.00086054
-0.0003673,-0.0011327,0.00017383
0.00075653,-0.0010249,0.0002677
0.00038916,-0.0011902,-0.00031178
-0.0019429,-0.00091816,-0.00072027
-0.00035038,-0.00086942,0.00076523
-0.0020183,-0.00092471,-0.00011024
-0.0045624,-0.00084476,-0.00011972
-0.0022672,-0.00066552,-0.0019757
-0.00064548,-0.00033028,-0.0010909
0.0026575,-0.00024848,0.0010792
0.0014454,-0.00030487,0.002786
7.3601e-05,-0.00010199,0.001625
0.00027588,3.7646e-05,-0.00072129
-0.00051799,0.00024514,-0.0037074
0.0019392,0.00035503,-0.0015724
0.00052634,-9.7528e-05,0.0014877
-0.0016303,-0.00026523,0.0028453
0.00028521,-0.00042083,0.0021967
0.00096379,-0.00031612,0.0011215
-0.000242,-0.00029168,0.00025918
-0.00062442,-0.00045873,7.1487e-05
0.00029706,-0.00065709,-0.00015046
0.0014622,-0.00068675,-0.00069865
0.00038049,-0.00067415,-0.00044675
-0.00077584,-0.0006691,0.00015342
-0.0020434,-0.00063671,-0.0001189
-0.0019474,-0.00058662,-0.00073
-0.00062294,-0.00017726,-0.0017457
0.0024867,-0.00037668,-0.00095968
0.0016067,-0.00040273,-0.0012385
-0.00025039,-0.00049929,0.00086519
-0.00081892,-0.00046778,0.0011763
0.0010354,-0.00047503,0.00071642
-0.00012696,-0.00024712,0.0013537
-0.0012135,-0.00040175,0.0016829
0.0010758,-0.00054821,0.0023804
-0.0003229,-0.00084912,0.00092499
-0.0010606,-0.00068919,-0.00082955
0.000874,-0.00066404,-0.0035148
-0.00052754,-0.00039078,-0.0050002
0.0014269,-0.0006248,-0.0033845
0.0023097,-0.00088862,-0.0021515
0.00055864,-0.0012608,0.0014376
-0.001549,-0.0014227,0.0014688
-0.00098765,-0.0015211,0.0017373
-0.00075179,-0.0013099,0.0013012
0.0021097,-0.001112,-0.00045591
0.0024381,-0.00084055,-0.00044618
0.00079244,-0.00091831,0.0011976
-0.0027918,-0.0012342,0.0021276
-0.0041536,-0.00080346,0.00079655
-0.00087102,-0.0009136,-0.0013925
-0.00044194,-0.00037425,-0.0048802
0.0014024,-0.00017405,-0.0037498
0.0010267,-0.00032334,-0.0012273
0.0017103,-0.00040063,-2.6811e-05
0.0010717,-0.00025076,0.0010975
0.00049016,-0.00022311,0.0016499
3.8291e-05,-0.00023104,0.0033452
-0.0007017,-0.00035416,0.0019064
-0.0026625,-0.00020266,-0.00083548
0.00035248,-0.00026163,-0.00023523
0.0034394,-0.00093941,0.0012036
0.0029177,-0.0013416,0.0040461
0.0011842,-0.0018792,0.0014768
-0.0024303,-0.0010187,0.00085747
0.0020785,-0.0010431,0.00036118
-0.0051692,-0.00071316,-0.0031155
-0.004382,-0.00047047,-0.0012175
-0.0012631,-0.00083807,0.0011672
0.0022076,-0.0012668,0.00083728
0.0031844,-0.0011732,0.00014888
0.00013706,-0.0011012,-0.00085512
-0.0008902,-0.001006,-2.7657e-05
-0.00041736,-0.0010723,1.3663e-05
-0.0012426,-0.00096702,-0.00039396
-0.0014656,-0.00093197,7.1755e-05
0.00045283,-0.00094372,-0.00033039
0.0016865,-0.0010332,0.00030294
0.00071485,-0.0010906,-0.00034782
-0.00079251,-0.00097642,-0.0010781
-0.00027918,-0.00090062,-1.6268e-05
0.0014592,-0.0010719,0.00083834
0.0016908,-0.0012319,-0.00059061
0.00042994,-0.0011189,-0.00048678
0.00095184,-0.00093855,0.00028123
0.00080778,-0.0010267,0.00020816
-0.00010671,-0.00086888,0.0003456
-0.00059377,-0.00093624,0.00011687
-0.00025191,-0.00075221,-0.00042262
-0.00087737,-0.0003727,-0.001207
0.00024585,-0.00015383,-0.0010693
0.00044429,0.00018561,-0.0012344
-0.0010817,0.00034676,-0.00016166
-2.4021e-05,0.00029915,0.00042173
0.0015048,0.00016215,0.00046091
-0.0013637,0.00010706,0.00058907
-0.00012342,0.00015846,0.0010814
0.0027212,0.00017751,0.00091145
-0.00078722,0.00016814,0.00023305
-0.0017364,0.00021912,-0.00091224
0.00012426,0.00010598,0.00023376
0.0016997,-0.00026892,0.0010231
0.0022851,-0.00072491,0.0013402
-0.0011075,-0.00075561,0.00067129
-0.0020637,-0.00055622,4.8011e-06
-0.0038555,-0.00026345,-5.1103e-05
-0.0013676,-0.00012376,-0.00016336
0.00029286,-0.00027,-0.0008654
0.001766,-0.00026835,-0.0011106
0.00093788,-0.00036137,-0.00023372
-0.00036172,-0.00067049,0.0003639
0.00089571,-0.00088903,0.00030267
0.0012497,-0.0011032,0.00056936
0.0013802,-0.00079403,0.00043951
-0.00040267,-0.00098418,0.00017832
-0.0012646,-0.00082052,0.00063471
8.706e-05,-0.00074113,0.0002177
-0.00068911,-0.00067388,0.00022169
-0.0010465,-0.00072939,-0.00083616
0.00035006,-0.00089046,-8.746e-05
-0.00022448,-0.0010553,0.00079092
0.00063289,-0.0015957,0.00054591
0.0017859,-0.0018752,0.00012733
0.0015203,-0.001787,-0.0002282
0.0019322,-0.001823,0.00024921
0.00043068,-0.0016541,0.0001931
-0.00085255,-0.0014047,5.7244e-05
-0.00074925,-0.0010324,-0.0013829
0.0013287,-0.00057095,-0.0012797
0.0019585,-0.00068197,-0.00099644
0.0014058,-0.00068144,-0.00035053
0.00089509,-0.00068343,0.0010093
-0.00056038,-0.00074398,0.00058628
-0.0005267,-0.00054833,0.00044637
-0.00043498,-0.00070163,-0.00042613
-0.00097348,-0.00068927,-0.00070831
-0.00097305,-0.00068346,-0.00041642
-0.00091998,-0.00072214,-0.00023767
-0.0023185,-0.00078577,0.00083963
0.00053994,-0.00078341,0.00085354
0.0032914,-0.00076187,-0.00043512
0.0057693,-0.00078585,-0.00058054
0.0066536,-0.00086925,8.82e-05
0.00097688,-0.0010167,0.00034516
-0.0029208,-0.00081487,0.00047452
-0.00092639,-0.00067149,-0.00033345
-0.0030549,-0.00039505,-0.00050949
-0.001843,-0.00039305,-0.00043658
-0.00044767,-0.00052835,0.00041297
-0.00013071,-0.00052176,0.00014208
0.001171,-0.00068166,-5.8948e-05
0.0011071,-0.00059988,-0.00035165
0.0018682,-0.00052067,-2.8704e-06
0.00087465,-0.00070085,0.00053173
-0.00088665,-0.00059786,6.4875e-06
-0.00081603,-0.00068659,-0.00047955
0.00048043,-0.0004858,-8.3197e-05
-0.00022134,-0.00051029,-0.00012627
0.0010594,-0.00070245,0.00057309
0.0016107,-0.00073599,0.00032313
0.0017145,-0.00058939,0.00040042
0.00041745,-0.00045309,-2.274e-05
-0.00058481,-0.00061696,-0.00052084
-0.0020897,-0.00063947,-8.8542e-05
0.00010205,-0.00066178,0.0014159
0.0015868,-0.00076804,0.00043889
9.8506e-05,-0.00067459,-0.00036093
-7.436e-07,-0.00045178,-0.00094529
0.0012057,-0.00057593,-0.00063282
0.0029493,-0.00067035,-0.00073273
0.0018652,-0.00048171,-0.0002441
-0.00079625,-0.00056066,0.00013222
-0.0014871,-0.00052668,0.0011467
-0.0011837,-0.00051138,0.00012444
0.0015535,-0.00045935,-0.0006993
0.0017532,-0.00051228,-0.00084205
0.00079427,-0.00037458,-0.00014822
0.0010442,-0.00054721,0.00028118
-8.8615e-05,-0.00063831,0.00018688
-0.001007,-0.00057477,0.00058751
-0.00072086,-0.00065307,-3.3309e-06
0.00032236,-0.00057546,-0.00044953
-9.733e-05,-0.00047985,-0.00039656
0.0010758,-0.00055512,0.00027018
-0.00033706,-0.00062045,-0.0004039
0.00024149,-0.00047409,4.5682e-06
0.00055282,-0.00063712,-2.3077e-05
0.00048998,-0.0005802,0.00031432
0.00153,-0.00087489,0.00099586
0.00061369,-0.00098907,0.00040728
0.0016059,-0.0010668,3.3726e-05
0.00078099,-0.00082412,-0.00021607
0.001695,-0.00077501,-0.0004418
0.00026868,-0.00082011,-0.00096019
-0.00010924,-0.00070729,-0.00090503
-0.00047133,-0.00080985,-0.00061806
0.00015434,-0.00092488,5.4228e-05
-0.00074336,-0.00096623,0.00015757
7.3937e-05,-0.00085579,0.00023575
0.00052758,-0.00082811,0.00095085
-4.0117e-05,-0.00088519,0.00051197
-0.0002156,-0.00086442,0.00081978
0.0016295,-0.00097623,0.00026119
0.0008619,-0.0009015,9.5254e-05
0.0011855,-0.00091932,-0.00012673
0.0012418,-0.00094853,0.00094175
0.00025065,-0.00094055,0.00043479
-0.00070902,-0.0007119,-0.00058516
0.00059808,-0.00050663,-0.00075893
0.00069583,-0.00055778,-0.00029377
0.001778,-0.00054423,-0.00042723
0.0016198,-0.00068206,-0.00030829
0.00043498,-0.0005867,0.0002319
-9.6262e-05,-0.00066746,-2.6337e-05
-0.001516,-0.00052982,-0.00063967
0.00048877,-0.00050633,-0.00053683
0.0009081,-0.00059999,0.00026746
-0.00052586,-0.00086046,-1.8731e-05
0.00016499,-0.00064336,-0.00036439
0.0004503,-0.00046033,-0.00028681
-0.00045484,-0.00054637,-0.00036937
-0.00094399,-0.00055305,0.00039528
-0.00086818,-0.00067135,0.00047498
-0.00051911,-0.00065755,0.00028585
-5.331e-05,-0.00066094,0.00066415
0.00029366,-0.00067819,-0.00013014
-9.196e-05,-0.00053304,-0.00037274
0.00075197,-0.00083858,-0.00022688
0.00022705,-0.00054267,0.00025027
-0.00010102,-0.00060417,-0.0002247
-0.00016206,-0.00062457,-0.0001482
-0.00045704,-0.00037992,-5.3242e-05
-0.00017988,-3.0189e-05,-0.00071686
-0.0012378,0.00010671,-0.00051568
-0.0010996,0.00022668,0.00057064
-0.00038897,0.00010676,-4.9358e-05
-0.00048459,-5.2889e-05,-0.0003796
0.00087028,-0.00013147,-0.00054161
6.4032e-05,-0.00014425,-0.00038436
-0.0015143,-0.00014977,-0.00035745
0.00067508,-0.00031707,0.0012494
0.0020613,-0.0006818,0.00025391
-0.00064154,-0.00063828,0.0002351
-0.0017711,-0.00070317,0.0012684
-0.001659,-0.0005847,0.00050545
0.0013709,-0.00065015,0.00011949
0.0010438,-0.0005798,0.00049981
0.00094781,-0.00073849,0.00010215
-0.00089235,-0.00056679,-0.00047329
-0.0018698,-0.00062148,-0.00018758
-0.00091881,-0.00051414,6.1362e-05
-0.00075104,-0.00068214,-0.00042134
0.00043989,-0.00062809,0.00023936
0.002891,-0.00070535,0.00018432
0.002566,-0.00079671,0.00032002
-0.0014643,-0.00076334,-0.00037445
-0.0026782,-0.00061633,-0.00044028
-0.0036216,-0.00060144,-0.00033337
-0.00043602,-0.00059098,0.0001659
0.0016153,-0.00055224,-0.00054207
0.0020687,-0.00087983,-0.00016121
0.00046661,-0.00079578,0.0015568
-0.00094633,-0.00081442,0.00043272
-0.00097927,-0.00043696,-0.0013678
-0.0011568,0.00020385,-0.0010103
-0.00049479,0.00056579,-0.001136
-0.0019796,0.00090499,-0.00069539
-0.00017558,0.00087025,0.00052855
0.0010563,0.00079384,0.0003801
0.00089444,0.00077138,-0.0005833
-0.00029664,0.00069317,-0.00016352
0.00011381,0.00065668,-0.000486
-0.0011551,0.00072903,-1.1413e-05
0.00054565,0.0007164,0.00078706
0.00078696,0.00059609,0.00013567
0.00032111,0.00075137,-2.3686e-05
-8.544e-05,0.00086891,0.00069461
-8.0956e-05,0.0012206,0.00012642
-0.0010337,0.0018874,-0.00075183
-0.0010506,0.0025688,-0.00082748
-0.00076633,0.0027973,-0.0012074
-0.000733,0.0027432,-0.00028388
-0.0003428,0.0027316,0.00041249
-0.00018366,0.0026018,-0.00014288
0.00046756,0.0027946,-0.00085018
0.00040719,0.003061,-0.00062792
0.00011429,0.0032692,-0.0007371
-0.0010082,0.0032241,9.075e-05
-0.0009887,0.0024881,0.0013983
-0.0014244,0.0023391,0.0003463
0.00018424,0.0022446,0.00011924
0.00020315,0.0021478,-0.00041344
-3.8137e-05,0.0021067,-0.00036115
-0.0011434,0.0019808,0.00017951
0.0009735,0.001206,0.001435
-0.00028744,0.00066358,0.0020077
0.00073198,0.00055575,0.0013043
0.0021384,0.00080032,5.9746e-05
0.0011075,0.00070996,-0.0014245
0.00030879,0.00070114,-0.00051447
0.00029602,0.00059034,0.00024796
0.0011806,0.00050032,0.00068356
-0.0010546,0.0002294,0.00016856
-0.0011909,8.282e-05,-0.00043859
0.0011971,-0.00024607,0.0001412
-0.000694,-0.0005371,0.000105
-0.0013038,-0.0011665,-0.0012766
-0.002055,-0.0011406,0.0013808
-0.003859,-0.0019818,0.0010571
-0.0025093,-0.0019926,0.00045306
-0.00037667,-0.0016616,-0.0011646
0.0033707,-0.0021245,-0.0026155
0.0078163,-0.0025606,0.0038263
0.0027711,-0.0030934,0.0023152
-0.0044898,-0.003134,0.0014534
-0.0015813,-0.0032748,0.00045573
-0.002493,-0.0027216,-0.00079739
-0.0020343,-0.0022858,-0.0013064
0.00043861,-0.0019226,0.00029499
0.00071541,-0.0017561,0.0019205
-0.0021581,-0.001871,0.00059652
-0.00033054,-0.0014677,-0.0017783
-1.7404e-05,-0.00054391,-0.0023521
0.0011099,-0.00025202,-0.0018475
-2.6676e-05,-0.00045465,-0.001981
-0.00066093,-0.00034903,-0.00094006
-0.00082514,-0.00016347,-0.00026432
0.00011368,-4.0341e-05,0.00094578
5.5618e-05,-6.8545e-05,-0.00045083
0.00048067,4.5887e-05,9.0219e-05
0.00079076,6.0496e-05,-6.8296e-05
-0.00036579,-0.00019847,0.0007266
-0.0012563,-0.00056067,0.00078473
-0.0017838,-0.000723,0.00083336
0.00031248,-0.00073688,-0.00017066
-0.00097786,-0.00055565,0.00088518
-0.00038101,-0.001024,-0.0015638
-0.00048443,-0.00078985,0.00010023
-0.0013441,-0.001361,0.0006326
0.0017491,-0.0017465,0.0013387
0.0030663,-0.0019064,0.001421
0.00093061,-0.0017541,-0.00036619
-0.0035014,-0.0015772,-0.00086735
-0.0026852,-0.0014467,-0.0020798
-0.00084617,-0.0014477,-0.0015334
-0.0016294,-0.001527,-0.00078067
-0.00059824,-0.0015245,-9.2346e-05
0.0018431,-0.0015598,-0.00053343
-0.0010504,-0.0012661,0.00010636
-0.0023182,-0.0010517,0.00048656
0.0031665,-0.0008107,-0.00046073
0.00044812,-0.00063245,0.00047245
-8.3104e-05,-0.00057667,0.0032575
-6.9206e-05,-0.00036818,0.0025688
-0.0021938,0.00011746,0.0025521
-0.0014898,0.00035993,0.00115
-0.00041664,0.00051507,-0.0011404
0.00059904,0.00065157,-0.0021908
0.0012631,0.00082591,-0.0028822
0.00042511,0.00087287,-0.0019864
-0.00047164,0.0006916,-0.0011563
-0.0013843,0.00077854,-0.0001366
-0.00083311,0.00082457,-0.00098179
-0.0013084,0.0011447,-0.0015898
-0.0019061,0.0016495,-0.00095786
-0.00091405,0.0015003,-5.0995e-05
-0.00031158,0.0012072,0.0018416
-0.0015231,0.0010909,0.0028897
-0.0013079,0.00099645,0.0034628
0.00031042,0.000996,0.0035715
0.0012993,0.0011863,0.0035232
-0.00018737,0.0011106,0.0029454
-0.00010987,0.0012184,0.0033849
0.00073574,0.0015175,0.0032471
0.00053522,0.0014501,0.0029147
0.00020649,0.00206,0.0023523
-0.00022451,0.0023385,0.002426
-0.00057865,0.0024193,0.0032228
9.0067e-05,0.0023659,0.0033049
-8.7313e-05,0.0025111,0.0030999
0.00060262,0.0036716,0.0018
-0.00047645,0.0050617,0.00068897
-0.00099972,0.0062559,0.00099227
-0.00049678,0.0070661,0.0014197
0.00042682,0.0078347,0.00073904
0.00048757,0.0093744,-0.00089683
0.0012813,0.011565,-0.0010692
0.0010698,0.013744,-0.00039432
0.00067611,0.015045,0.0012708
-9.6791e-05,0.015875,0.0023485
0.0003469,0.0164,0.0035562
-0.00027363,0.016778,0.0025342
0.00020637,0.017819,0.0031326
5.7188e-05,0.018499,0.0011925
0.0018927,0.019168,0.0015717
0.0017943,0.020124,0.0018733
-0.0023383,0.02118,0.0016083
-0.00036284,0.022068,0.0022572
-0.00020588,0.022694,0.0011818
3.3568e-05,0.023046,-5.7061e-05
0.00184,0.023765,0.00057475
0.0018064,0.024596,0.00017225
1.7196e-05,0.025445,0.00071644
-0.0012187,0.026197,0.0017182
-0.0026874,0.026176,0.0013159
-0.0024656,0.026503,0.00020393
0.0014656,0.026635,0.0030543
0.0036615,0.026464,0.00087912
0.0023681,0.026306,0.002039
0.0015429,0.026842,0.0012245
0.00074991,0.027382,0.0016483
-0.0010562,0.027821,0.0012177
0.00016074,0.028477,0.00094608
0.0019127,0.028867,0.0014761
0.0022616,0.028798,0.0022253
0.0011183,0.028413,0.0019939
-0.00099649,0.028587,0.0013111
-0.00084044,0.028756,0.00021879
0.00073956,0.028808,-5.8938e-05
0.0020834,0.028213,0.00034679
0.00096785,0.027547,0.00099691
-0.00069705,0.027278,0.0023915
0.0006091,0.027351,0.00098334
0.00065237,0.02715,0.0024082
4.8189e-06,0.027159,0.0010649
0.0013043,0.027352,0.00064906
0.0018394,0.027277,0.0021291
0.00099733,0.026346,0.00093589
0.0013037,0.025726,0.0020309
0.00034366,0.025427,0.0019001
-0.00033198,0.025495,0.0013096
0.00071839,0.025524,0.0011989
0.0015212,0.025729,0.0012837
0.0025096,0.02602,0.00050179
0.0038088,0.026554,0.0012801
0.0024937,0.026801,0.00050657
0.00050389,0.027308,-0.00065335
-0.00032564,0.027583,0.0010721
-0.0020434,0.027661,0.00039358
-2.6787e-05,0.028002,0.00097248
0.0031243,0.028313,0.0013299
0.0017766,0.028102,0.001336
1.7352e-05,0.027881,0.00096105
-0.00019853,0.028358,0.0015061
0.00024281,0.028718,0.00078878
0.0009358,0.029382,0.00071964
0.0018939,0.029655,0.0012214
0.00071795,0.029975,0.00044782
0.00088308,0.030201,0.0010457
0.00059961,0.030018,9.7166e-05
0.00019318,0.029773,0.0015681
-0.00021745,0.029688,0.0012043
0.00025414,0.029767,0.00085942
0.0011976,0.029924,0.0018378
0.00081656,0.029855,0.00075423
0.0019463,0.02997,0.001126
0.00032338,0.029975,0.0016778
-0.00090852,0.029814,0.00090425
0.0011299,0.030342,0.0012771
0.0015138,0.030359,0.00095562
0.0024807,0.029896,0.0017099
0.0022691,0.029462,0.0012432
0.0008293,0.029019,0.0012021
-0.00014005,0.028637,0.00098607
-0.0010094,0.028473,0.00051424
0.0010495,0.028136,0.0011108
0.0017085,0.02767,0.0002816
1.3377e-05,0.026848,0.0016843
0.00033855,0.025957,0.0015675
0.00072019,0.025231,0.0022658
0.0018446,0.024822,0.0022891
0.00074761,0.024267,0.00035751
-0.0015219,0.024016,0.00093546
-0.00062091,0.023628,-0.00135
0.0025379,0.02275,0.0021889
0.00052013,0.021438,0.00058261
-0.00016234,0.020134,0.0012412
0.00023813,0.018927,0.002274
-7.2196e-05,0.017262,0.0016136
0.0015544,0.015855,0.0022926
0.0018686,0.014813,0.0023912
0.0012494,0.013904,0.0017805
4.5735e-05,0.013118,0.0017706
0.00080536,0.012363,0.00080951
0.00019125,0.011862,0.00073922
0.00071477,0.01111,-0.00098765
-0.00021049,0.010272,0.00018088
-0.0014426,0.0083949,0.00062749
-0.0013319,0.0065843,0.0011551
0.0004411,0.0053833,0.0013731
-0.00042544,0.0053984,0.00021359
-0.00047698,0.0055309,-0.00028077
-0.00014102,0.0050621,-0.00075942
-0.00018579,0.0042354,-0.00037456
-0.00077942,0.0035712,-0.00034804
-1.1763e-05,0.0030361,2.1829e-05
0.00048366,0.0025867,0.00049127
0.00099886,0.0021667,-7.3313e-05
-0.00024044,0.0017141,0.00063706
0.00011783,0.0015118,-1.6458e-05
0.00032228,0.001341,-0.00020089
-4.1096e-06,0.0012012,0.00028603
-0.0014121,0.001178,0.00025378
-0.0004527,0.00096607,-1.7504e-05
-0.0009482,0.0012755,-6.9966e-05
-0.00030904,0.0012857,-0.00029411
0.00078173,0.0013042,-0.00039437
0.00079499,0.0011553,-0.00016733
-0.0013859,0.0011671,0.00027752
-0.00092705,0.0013328,-0.00069683
0.00018741,0.0014444,1.8027e-05
0.0021893,0.0011984,-0.0012791
0.0019597,0.001608,-0.00026166
0.0013716,0.0015556,-3.0051e-05
0.001361,0.0017009,0.0001727
0.00037405,0.0023123,0.00034342
-0.001179,0.0036623,0.00049274
-0.00089139,0.0050182,-0.0010813
0.00074026,0.0065363,-0.00074777
-0.00012747,0.0080634,-0.001007
0.00081189,0.0092593,-0.00055498
0.00027048,0.010414,0.00064539
-0.0009324,0.011664,-0.00070131
-0.00040981,0.013694,-0.0009922
1.3768e-05,0.015381,-0.0004065
0.00074657,0.0168,-0.00031979
0.0022888,0.018106,0.0001458
0.0017387,0.019618,0.00068118
0.0016922,0.02067,0.00078087
0.00096552,0.021755,0.0012544
-0.00060174,0.022906,0.00096073
0.00049913,0.024852,0.0014632
0.0019168,0.026775,0.00039541
0.0010657,0.02793,0.00116
0.0019422,0.028698,0.0023882
0.0024193,0.028989,0.0042899
0.001415,0.029322,0.002089
0.00062285,0.030216,0.0034888
-0.00029061,0.031291,0.0020264
-0.00073699,0.032588,0.0016009
-0.00016625,0.034177,0.0012416
0.0012618,0.035177,9.6797e-05
0.0030106,0.035667,0.0012298
0.0030913,0.035599,0.0015114
-5.4332e-05,0.034902,0.0016186
0.001017,0.035283,0.0021619
0.0014183,0.035964,0.0012278
-0.00051509,0.035839,0.00069171
-0.00016656,0.036084,-0.00013098
0.0020231,0.0364,0.0013623
0.0033199,0.036087,0.00066294
0.0027765,0.035662,0.0025728
0.0019452,0.03546,0.0022075
0.0023155,0.03588,0.0022526
0.0017051,0.035582,0.0016377
0.0021857,0.035196,0.0027128
0.0034582,0.034622,0.0015109
0.0047222,0.03351,0.0024262
0.0021238,0.032124,0.0020958
-0.0017173,0.030618,0.0021665
0.00076126,0.030273,0.0026498
0.0019711,0.030269,0.0022189
0.0034101,0.03022,0.0024313
0.0051117,0.030336,0.0031212
0.00069894,0.031115,-0.00071181
-0.0033306,0.032619,-0.0011411
-0.0025961,0.034107,-0.0035366
0.0077786,0.034731,-0.00060474
0.013566,0.034502,-0.0015998
0.0043647,0.033436,-0.0017422
-0.0043753,0.032774,0.0016335
-0.0060766,0.03319,0.0031465
-0.0010333,0.033781,0.00344
0.003527,0.033947,0.0012077
0.0059228,0.033688,0.00021689
0.0051934,0.03339,-0.00034315
0.003845,0.03356,-0.00011989
0.0017658,0.033769,-0.0025194
2.7987e-05,0.033866,-0.0015609
-2.6866e-05,0.033627,-0.0039207
0.0023959,0.03297,-0.0012737
0.0013167,0.031527,-0.0014568
0.00051062,0.030166,-0.00093313
-0.00027079,0.028814,0.00049296
-0.0014697,0.02708,0.00021015
-0.00066682,0.025405,-0.00026931
0.00085728,0.024093,0.0011055
0.0022409,0.021835,0.0002829
0.0019117,0.019313,0.0032523
0.0012558,0.017509,0.0019786
-0.0022847,0.016317,0.0019157
-0.0023834,0.015613,-0.00067804
0.0005663,0.015703,0.00091115
0.0019422,0.01401,-0.00038453
0.0018974,0.011634,0.0028621
-0.0015261,0.0085018,0.0013707
-0.001107,0.0059731,-0.00046625
2.7202e-05,0.0045435,-0.0012355
9.3902e-05,0.003523,-0.0012423
-0.0014745,0.002494,-0.00044504
-0.0030578,0.0020014,0.00010392
-0.00095742,0.0019387,-0.00021384
0.0002372,0.0019215,1.8983e-05
0.00059449,0.0020317,0.00017645
0.00096183,0.0017962,0.00017257
0.0021605,0.0017873,-0.0021775
-0.00013873,0.0021066,0.00022443
-0.0031554,0.0020741,0.0013161
