0.0033346,0.043085,0.0020503
0.0060815,0.045751,0.0031204
0.0057113,0.044152,0.0015318
0.0027754,0.045424,-0.0017876
-0.00071692,0.048219,0.0047556
0.0022817,0.044982,0.00065557
0.004197,0.043422,0.004972
0.0022287,0.045203,0.0048151
-0.00045013,0.043521,4.9908e-05
0.00036069,0.046574,0.0014195
0.00010081,0.045463,0.0004343
0.00035571,0.047223,0.00040824
0.00076375,0.048692,0.0020662
0.0011845,0.045797,0.0031136
0.0006347,0.047127,0.00052354
-0.00078111,0.04584,0.0058661
0.0010303,0.046793,-0.0005032
0.0022068,0.048714,-0.0003475
0.0018553,0.047403,0.0035799
-0.00040566,0.048207,-0.00078974
0.0016904,0.04625,0.0030151
0.0066171,0.047903,0.0046025
-9.9502e-05,0.044371,0.0009745
0.0024476,0.046053,0.0056859
0.0013768,0.039128,0.0046068
0.004887,0.039964,0.0022449
-0.00088925,0.035898,-0.00062662
-0.00084729,0.034812,-0.00022465
0.0014327,0.036136,0.00059707
1.8505e-05,0.033827,-0.003288
0.0013103,0.032737,-0.0013292
0.00041157,0.031995,0.00068965
0.00027458,0.031681,0.0027768
-0.0024449,0.033944,-0.0023207
-0.0007739,0.027676,0.0023441
-0.00048003,0.02617,0.0029709
-0.0010736,0.026291,0.0055408
0.00085333,0.021988,0.0039829
-0.0004692,0.021749,0.0069067
5.0188e-05,0.019182,0.0046908
-0.001611,0.017229,0.0031762
-0.0012465,0.014293,0.0015515
-0.0016479,0.013619,0.00078487
0.000721,0.012205,0.00046018
0.0043964,0.011642,0.0012061
0.0042069,0.009562,0.00085542
0.0024956,0.0092657,0.0010749
0.001612,0.0065319,0.00025813
0.00099258,0.0060261,-0.0004332
0.0014676,0.0054575,-0.00022479
0.0021332,0.0026877,-0.0010526
0.0024334,0.0047811,3.8814e-06
-0.001238,0.0041621,-0.0005243
-0.00037424,0.0017611,-0.00066381
-0.0025511,0.00045739,-0.0007384
0.00069028,0.0028539,0.0026166
0.0015948,0.0023513,-0.0013901
-0.00082184,4.8019e-05,0.0016371
0.00041368,-0.00045224,0.0017989
0.00068584,-0.0014651,-8.237e-05
-1.9921e-05,-0.0019012,3.0942e-06
-0.0019205,-0.0013957,-0.0018956
0.0010833,-0.00069075,0.0014099
-0.00065678,-0.0011771,0.0005355
-0.00032549,-4.8076e-05,0.00039446
-0.00078238,-0.0019168,0.00059831
-0.00069983,-0.00043121,-0.00049761
-0.0028148,-0.00099674,0.00025169
0.001563,-0.00094028,0.00017116
0.001767,-1.5835e-05,0.0025041
2.9759e-05,-0.002247,-0.0009764
-0.0014084,-0.002839,0.001416
-0.00062599,0.0018785,2.8792e-05
-0.00010385,0.00043109,0.0032645
0.00086535,-0.00085774,0.0011559
0.0014428,0.00038576,0.00059109
0.0024454,0.00083461,-0.00062171
2.5952e-05,0.0023567,0.0008738
0.001326,-0.00033618,-0.0017373
0.0001415,0.0011015,-0.0021609
-0.00048297,0.0030695,-0.0023207
0.00060114,-0.0017047,-0.0024
-4.8165e-06,0.001244,-0.0019029
0.0023585,0.0027326,-0.0012242
0.00044898,0.0027666,0.00064417
-3.3702e-05,0.0037326,-0.0038853
-0.0011618,0.0066898,-0.0011998
0.00139,0.0049487,-0.001117
0.0031979,0.0066009,-0.00014207
0.0023886,0.0030065,-0.0012413
0.0015491,0.0036706,-0.00055145
-0.0015157,0.0055425,-0.0015763
0.00071546,0.0051653,-0.0016351
0.0005006,0.0054704,-0.00098795
2.1585e-05,0.0045483,0.00075238
0.003809,0.0050421,0.0027974
0.001771,0.0044488,-0.00016018
-0.00060565,0.0050251,0.0024432
0.001397,0.0019746,-0.00012575
0.00041003,0.0055271,-0.00046034
-0.00085522,0.0037962,-0.0025724
0.00029767,0.0040849,0.0012834
-0.0041766,0.0043473,0.00065137
0.0018314,0.0035488,0.00032026
0.00037811,0.003741,0.0025144
0.0009023,0.0053484,-0.0017684
0.0031776,0.0055234,-0.0020205
0.0011799,0.0038146,-0.00076019
0.00036647,0.0068574,-0.00028212
-0.00046622,0.0050803,-0.00031872
0.00090339,0.0047911,-0.00022086
-0.00086795,0.0061649,-0.00096369
0.00033432,0.0060484,-0.0012304
0.00099813,0.003719,0.001066
-0.00022723,0.0034087,0.0015957
0.0029688,0.0046529,0.0007457
0.0019837,0.0041208,0.0019275
-1.9815e-05,0.0021623,5.1723e-05
0.00065723,0.0042418,0.00043141
-0.00095967,0.0039874,-0.00038381
0.00030172,0.0039767,-0.00080764
9.2741e-05,0.0036186,0.00098795
0.0015254,0.004445,0.00085921
-0.00039016,0.0029674,0.00067607
-9.5722e-05,0.0045199,0.00054114
0.0014739,0.0025472,-1.1913e-05
0.002112,0.0032701,-0.0017248
0.0019585,0.0028614,-0.0016334
0.00020478,0.0036785,-0.00036039
0.0033026,0.0029964,-0.002199
-0.0016445,0.0046467,0.0012479
-0.00058738,0.0023536,-0.0017096
-0.0023497,0.004081,0.00056187
6.9431e-05,0.0040158,-0.00033237
0.0010147,0.0045055,0.00041979
0.00079236,0.0036051,-0.001412
-0.00082726,0.0035496,-0.0013174
0.0011827,0.0031356,0.0023161
-0.0013632,0.0016893,0.00078108
-0.0015471,0.0028619,0.0009144
-0.00027066,0.0036163,0.0023895
0.00016284,0.0033312,9.3859e-05
1.9999e-05,0.0033335,-0.00074527
0.00029506,0.001486,-0.0017825
0.0010274,0.0063251,0.00030698
0.0015422,0.0022869,-0.0021377
0.0023708,0.0037365,-0.00062623
0.0014568,0.0010009,0.001991
-0.00099964,0.0033748,-0.0013428
-0.0016325,0.003343,-0.0012982
0.0022672,0.0034835,-0.0011764
0.00047871,0.0040766,-0.0012964
0.00052263,0.0028208,-0.00052378
0.0020001,0.003608,0.00067984
0.00054917,0.0046625,-0.0020453
0.0026127,0.0076904,-0.00046175
0.00082156,0.0055106,-0.002194
7.3793e-05,0.0057514,0.00010871
0.0025996,0.0032392,-0.000303
0.0019122,0.0040404,-0.0010688
0.0015233,0.0032074,-0.001138
-0.00021486,0.0022589,0.0012186
0.0015497,0.0050974,-4.6077e-05
0.00094801,0.0057365,0.00082233
0.0013851,0.0036214,0.001649
-0.00041892,0.0030445,5.0057e-05
0.00053832,0.0032372,0.0015841
0.0025194,0.0027556,0.00073221
8.8347e-05,0.0024425,-0.00027311
0.0013089,0.0034246,0.00057591
0.00055593,0.0028361,6.8962e-05
-0.00022344,0.0034224,-0.00036562
0.0021635,0.0045656,-0.00040363
7.1881e-05,0.0023839,-0.0019054
-0.00046848,0.0010345,0.00092107
-0.0010388,0.00047954,0.0026819
-0.0003128,0.0027307,0.002323
9.0705e-05,0.0022984,-0.00040756
-0.00053531,0.0027372,-0.00044498
0.00011973,0.0051256,0.00030082
-9.5754e-05,0.0021735,0.00033939
0.00061305,0.00096018,0.00094008
0.0036515,0.0046958,-0.0014906
0.002178,0.0036922,-0.0011704
-0.0018629,0.0048364,-0.0034059
-0.0027764,0.005293,0.00028861
-0.0013692,0.0062983,-0.00015306
-0.0008061,0.0065764,0.0013811
-0.00013106,0.0056814,0.0022128
0.0015346,0.0049019,0.001557
0.00065389,0.0030765,0.0004344
-0.00091225,0.0052589,-0.00021077
-0.0020422,0.0048268,-0.0022741
0.00096222,0.0043182,0.00047272
-0.00014763,0.0047116,-0.001989
-0.0010338,0.0046836,0.0023765
-0.0016543,0.0054909,0.0017052
5.1708e-05,0.0045058,-0.0013094
-0.0011047,0.0030335,-0.00040672
-0.00163,0.0042723,-0.0010259
0.00063935,0.0046116,-0.0011813
0.0024546,0.0036546,-0.0037668
0.0015402,0.0037819,-0.0025843
-0.0007407,0.0063524,-0.0015912
-0.00067783,0.004518,0.0011396
-0.00064227,0.0041186,-0.00084754
0.0011259,0.0037821,-0.0010008
-0.0040775,0.0038946,-0.0051058
-0.0021205,0.0045704,-0.0014176
-0.0013689,0.0032624,-0.0011304
-0.0009201,0.0038958,-0.0018136
0.00090775,0.0042591,-0.00012663
-0.0021985,0.0041255,-0.00042522
0.0014303,0.0007098,-0.0020242
0.0049689,0.0040728,-0.0084565
0.0084435,0.0051158,-0.01007
0.0048241,0.0034463,0.011052
-0.0044266,0.0013716,0.0082367
-0.014031,0.002918,-0.00049959
-0.0078394,0.0022456,-0.0039881
-0.001924,0.0028154,-0.0068461
0.0014718,0.0055153,-0.0026436
0.0020721,0.0040011,0.0049666
0.0056034,0.0042598,0.0045714
0.0030817,0.0059954,0.0018157
0.00019018,0.0041078,-0.00065997
0.00049455,0.0053278,0.0013974
-0.00089818,0.0034065,0.0017673
0.0012693,0.0018645,-0.00083491
-0.00083241,0.0024918,0.0017218
0.0030949,0.0008976,-0.00061698
0.0006029,0.0029434,-0.00021917
-0.003556,0.0005932,0.0020415
-0.0029765,0.002321,0.0021154
0.0024127,0.0017591,-0.00030353
0.0042209,0.0014823,-0.0014349
0.0027319,0.0016863,-0.0025869
-2.9745e-05,0.0010165,-0.00056613
-0.00061688,0.0012933,-0.0016302
0.0014542,-0.0003329,-0.003659
-0.0017768,0.0018489,-0.00092938
-0.0041623,0.0013072,0.0015634
-0.0044783,-0.0016707,0.0030604
-0.0054315,-0.0006704,0.0049035
-0.0055867,-0.0004553,0.0044664
0.00084092,-0.0024284,-0.0050818
0.0071439,-0.0015228,-0.0071195
0.0017015,-0.002736,-0.0070854
0.00090681,-0.0024281,-0.0017
-0.00082792,-0.0024467,0.001132
-3.183e-05,-0.0049247,-0.0010415
0.0047291,-0.0036341,-0.00047072
-7.9812e-05,-0.0012481,-0.0069353
0.00060217,-0.0023641,-0.0097521
0.0046393,-0.00039973,-0.0067593
-0.00034823,-0.0003399,-0.0022822
-0.001353,-0.0017076,0.00085217
-0.0031181,-0.00079195,0.0008302
-0.0020143,-0.0018586,-0.0025622
0.0018641,-0.00072951,-0.0021671
0.0019394,-0.0020658,0.00056495
0.001098,-0.0015722,-0.00030677
-0.00050993,-0.00068385,0.0046936
-0.0037215,-0.0016219,0.0013286
-0.0015882,-0.00090906,-0.00060202
0.0017684,-0.0027412,-0.00099448
-0.00056379,-0.0016806,-7.908e-05
-0.000691,-0.0010831,-0.0017195
0.0017421,0.00019952,0.00032262
0.0019604,0.00017831,0.00033301
-0.00211,-0.0021588,0.00036271
-0.0027152,0.0011101,0.0011678
-0.00056605,0.00032564,-0.0017686
0.0020128,8.5881e-05,0.0012276
0.002338,0.00030664,-0.0021365
0.00015277,0.0022327,0.00090367
-0.0023911,0.0009463,-0.0010187
-0.0019305,-0.00069071,-0.0029472
-0.00080145,0.0013805,-0.00089765
0.00064449,-0.00024979,-0.0016515
3.0965e-05,0.00093616,0.00076656
-0.00074524,-0.00080009,0.0013908
-0.00072853,0.0019627,-0.00024819
0.00012777,0.00017198,0.00087962
-0.00030424,-1.2146e-05,-0.00042233
-0.00072133,-0.00043561,-0.0012484
-0.0017094,-0.00060308,0.0004084
-0.0019682,0.00063243,0.00088046
-0.0010494,-0.0003798,-0.0010538
0.00079345,-0.0018871,-6.3573e-05
-0.00028601,0.00013069,0.001032
-1.1073e-05,-0.0001143,0.0012918
0.0024044,0.0005553,-0.00084472
0.0015092,0.0011051,0.00083694
-0.00083245,0.0012787,-0.00034736
-0.0019807,-0.0010634,-0.0016006
-0.0012074,0.0010187,-0.00095372
0.0030417,0.0015592,-0.00055916
0.0029253,0.00080318,-0.0015921
0.0011911,-0.0010969,0.00095453
-0.0020543,-0.00029933,0.00044314
-0.0019845,0.00069075,0.00070814
2.4647e-06,-0.0010731,0.0011946
0.00030588,-0.00093626,0.00068229
-0.00019009,0.00058207,0.00061647
-0.00040935,-0.0015166,0.00028146
-0.0012162,0.0012349,0.00042418
-0.00020316,-0.00039073,-0.00079761
-0.0009234,-0.00094787,0.0004943
0.00036361,-0.00095681,0.00071447
-0.0030526,-0.00087842,-8.1967e-05
1.9125e-05,0.00025846,-0.0017351
0.00065537,-0.0013476,-0.0026299
0.00016368,-0.00083749,0.0014924
-0.0005196,-0.0012217,0.0012215
-0.00018772,-0.0014293,0.0013094
-0.00057505,-0.00069255,0.00033201
-0.0023585,0.00070686,0.0017467
0.00089737,-0.0023705,-0.00073633
-0.00039093,-0.00088921,-0.0014008
0.001929,-0.00083539,-0.00033045
-0.00013599,-0.00092658,3.7002e-05
-0.00064297,0.00094814,0.0003416
4.7905e-05,0.0014582,-0.001723
0.0007797,-0.00012433,-0.00059504
0.0026244,-0.0008137,-0.00032292
-0.0030006,-0.0001934,0.00010792
-0.0013097,-0.0019443,0.0020376
-1.497e-05,-0.00037198,-0.0031983
0.0008076,0.00029541,-0.0020583
0.0015071,-0.0010227,0.0014052
0.001292,-0.00082686,-0.0010147
-0.0002091,0.00034486,0.00070491
-0.0015541,-0.00023157,-0.00070194
-0.00092892,-0.0010349,0.00063879
-0.00052842,0.0003399,-0.0001996
0.0015648,-0.0017603,0.0011865
0.0010465,0.0014282,0.0021905
-0.00097325,-0.00077792,-0.00032
0.0011886,-0.00063253,0.0010172
-0.0010939,-0.00010708,-0.00063133
-0.00091598,-0.00089717,0.00043362
0.001669,-0.0010883,-0.00087184
-0.00053457,-0.00041169,0.0023964
-0.0025796,-0.0011684,0.00051781
-0.00016353,0.0010434,0.0013994
-0.00024696,-0.00017476,0.00071882
0.0037113,-0.00062505,9.8262e-05
-0.00050194,-0.0013062,0.0015943
-0.00096238,-0.0020297,0.0024081
-0.001141,-0.0024182,0.00017388
-0.00045314,-0.0011257,-2.4682e-05
-0.00087308,0.00023819,-0.00010187
0.0021797,-7.9672e-05,-0.00020286
0.00020429,-0.0013606,-0.00059866
0.00075337,0.0014035,0.00048886
0.00048797,0.00015305,-0.0010158
0.0012848,0.00044259,0.00020936
0.0010106,0.00092647,-0.00048065
0.00091157,8.8663e-06,-0.00091611
0.00020687,0.00034248,-0.00046611
0.00042768,-3.5665e-05,-0.00062768
-0.0016833,-4.8383e-06,-0.00084225
6.0965e-05,0.00043974,0.001299
4.259e-05,0.00023928,-0.00038454
0.0016081,-0.00043764,-0.001107
0.0016684,-0.0010692,-0.00069648
0.00081306,0.0016693,0.00032327
-4.2071e-05,-0.00058088,0.002934
0.0025332,-0.00087396,0.0011012
0.00019284,-0.00050991,3.0917e-05
-0.0006782,-0.0006121,0.00067253
0.00098593,-0.0020932,0.00062635
0.0011969,-0.0011487,0.00014526
0.00018126,-0.0025978,-2.7758e-05
-0.00041375,-0.00064001,-0.0010314
0.00023233,-0.00025383,0.00034939
-0.0027763,-0.00040687,0.00036267
-8.2419e-05,-0.00090477,0.0014849
0.0006775,0.00076082,-0.0012554
-0.0001754,-0.0016418,-0.00081422
0.0010209,-0.0013611,0.0016858
-0.00095505,-0.00094082,-0.00034592
0.0018844,0.00046949,0.00085121
0.00095311,0.00017093,0.00095413
-0.00052826,0.00013725,-0.0012667
0.0010775,-0.00081258,-0.0016108
0.00051062,-0.00046119,-3.3198e-05
0.0014146,-0.0013488,0.0001887
-4.5413e-05,-0.0011395,0.0031881
0.00058368,-0.00011811,3.896e-05
-0.00091507,0.0015733,0.00055082
-0.00035463,0.00063854,-0.00065033
0.00060772,-0.0010025,-0.0010775
0.0019303,0.0017138,-0.00085052
-0.0015759,0.0011076,0.00068109
-0.0026258,-0.003025,0.0033767
-0.00074796,0.00028835,0.0032046
0.0014391,-6.2267e-05,0.00064926
0.00073737,-0.00063502,0.00016195
0.0027152,-0.00065976,-0.0010174
-0.00091834,-0.0021126,0.00011358
-0.0015656,-0.00013329,0.00040841
-0.0022421,0.00047752,-0.00012905
-0.00058501,-0.0012427,-0.00084086
-0.00076625,-0.0025686,-0.00060155
-0.00068669,-0.0016429,-0.00067383
0.00046228,-0.000845,0.00051908
0.00024891,-0.00086974,0.00016173
-0.0002287,-3.5453e-05,0.0019266
-0.0011383,0.00048723,0.00037734
-0.0012459,0.0024325,-0.0016153
-0.0025144,0.0011021,-0.0016357
0.00026031,0.0013138,-0.0010371
0.0021507,0.00081151,-0.00016068
-0.00039334,-0.00069692,-0.00083449
0.0017974,0.0009115,0.00062102
-0.0013306,0.00042143,0.0024538
0.00015854,0.0026113,0.0012653
-0.0021267,0.0026224,0.0019377
-0.00054999,0.0011712,-0.00044454
0.0019023,-0.0012789,-0.0010609
0.0031278,-0.00020825,-0.0010279
-0.00081191,0.00019996,0.00089243
-0.0027256,-0.00097499,0.00020524
-0.00062299,-0.00081378,0.0012254
0.00052168,-0.00063665,0.0010348
-0.0014027,-0.0010595,0.00063622
-0.0017242,-0.00072837,0.0016273
0.0010013,-0.0018651,0.00022474
-0.00086574,-0.00086944,0.0010821
-0.0029505,-0.00092387,0.0005459
0.0009884,-0.0019261,0.00033234
-0.001126,-0.00089146,-0.00048523
-0.00091038,-0.0023384,-8.2751e-05
0.00079677,0.0009599,-0.0010786
-0.00026149,-0.0027226,-0.00039318
-0.0027619,0.0005178,0.0016076
-5.4378e-05,-0.00072191,0.0018931
-0.00081164,-9.6983e-05,0.0013294
-0.0031756,0.0013886,-0.00043195
-0.0016927,-0.0010152,-0.00060913
-0.00029514,-0.00080504,-0.00095968
0.0019655,-0.00097884,-0.0001157
0.00027728,0.00018813,-0.0018354
-0.0014485,-0.0016576,-0.0016192
0.0016523,0.00035635,1.6589e-06
0.001288,0.00010244,0.0015103
-0.00031535,-0.0008995,0.0011704
-0.0018689,-0.00065057,0.0010572
-0.0012318,-0.0010994,0.0014986
0.00056022,0.00034218,-0.0012523
-0.0021996,8.6054e-05,-0.00060412
0.00054483,0.00089177,9.8892e-05
-0.00040971,-0.0017183,0.0023567
0.0015491,-0.0011151,0.00098296
-0.00029059,-0.0027844,-0.0002833
-0.0018801,-0.0019526,6.9988e-05
0.00014879,-0.0020791,-0.0015931
-0.0013675,-0.0013399,-0.00065879
-4.4948e-05,-0.00084168,-0.0026433
-0.0010049,-0.0024454,-0.00049184
0.00038644,-0.0023062,0.00037207
-0.0015282,-0.0018583,-0.00061688
-0.00027392,-0.00084272,0.0015336
0.00063154,-9.8224e-05,0.0012133
-0.00062594,-0.00046862,0.00086874
-0.0014152,-0.0013965,0.00031124
0.00115,-0.0023348,-0.0014297
-0.00019261,-0.0016748,-0.0012696
0.0006867,-0.00095351,0.00066716
0.0014932,-0.00045316,-0.0022826
0.00054786,-0.00063664,-0.00021067
0.0011537,-0.00029242,0.0024296
0.00084338,-0.00043085,0.0017945
-0.0007862,-0.0012532,0.00081517
-0.00354,-0.00023662,0.0031634
-0.001838,-0.00038128,-0.0017254
0.0063361,0.00029179,-0.0025905
0.0057221,0.0002829,-7.1948e-05
-0.004703,-0.00049057,-0.0011187
-0.007164,-0.00088168,-0.0016263
-0.0021273,0.00041888,0.001695
0.00085271,-0.00037988,0.001942
0.00079697,-0.00050959,0.00030148
-0.0017549,-0.00029404,0.0011135
-0.002467,-0.002169,-0.00049158
-2.2347e-05,0.00049252,-0.0013728
0.0021855,-0.0016558,-0.00049614
0.0015461,-0.0026139,0.00019994
0.00021675,-3.131e-05,0.0007008
-0.0018897,-3.3312e-05,-0.0013844
0.00028515,-0.001723,-0.00039281
-4.2419e-05,-0.0025857,0.0017638
-0.0014802,-0.0020878,-0.00064367
0.00013254,-0.00062888,0.0025425
-0.0024827,-0.0014663,-0.00076144
-0.0060627,-0.00014999,0.0016366
-0.00027781,-0.0018005,-0.00083591
-0.0013705,-0.00064874,-0.00041955
0.0020387,-0.0010913,0.00052304
0.0010964,-0.0013067,0.0027794
4.0665e-05,0.00074784,0.0016366
0.0011394,-2.5118e-05,0.00016745
-0.00286,0.0014038,-0.002551
0.0010074,0.0015196,-0.00036986
0.0016501,-0.00019347,0.0010384
-0.0020781,-0.0022508,0.0031271
0.0012742,-0.00075417,0.0024348
0.0015622,0.0001977,0.0024428
0.0010874,-0.00094149,0.0020783
-0.0014136,0.00074046,0.0011816
-7.5808e-05,-0.0016559,-0.00027225
0.0018609,-7.6296e-05,0.0019059
0.00033254,-0.00035194,0.00025801
-0.00071292,-0.0008835,0.0013635
-0.0035041,-0.0015167,-0.00058751
0.00086315,-0.0019529,-0.002048
-0.0010103,-6.6446e-05,-0.00040778
0.0031644,-0.00038527,0.00050517
0.0029625,-0.0003159,-0.002586
0.00035316,-0.00043458,-0.0010611
-0.002288,-0.00031703,0.0014786
0.001972,0.00035641,-0.0002692
0.00037831,-0.0020009,0.0018259
-9.9075e-05,2.4065e-05,0.0033354
0.0014005,4.5304e-05,0.0017149
0.00039173,0.0014975,-0.0006289
-0.0014641,0.00014509,-4.4563e-05
0.00026061,-0.00099114,-0.0029006
0.00086165,-0.00063905,-0.0054678
0.00065212,-0.00043339,-0.004065
0.0027207,-0.0011988,-0.0029176
0.00022495,-0.003347,0.0011282
-0.0037125,-0.0012941,0.0012924
0.00073271,-0.0021296,0.0034081
-0.0010887,-0.0019203,0.0022311
0.0049362,-0.00029643,-0.00082154
0.0034528,0.00040231,-0.0019556
0.00045972,-0.0010363,0.001978
-0.0024074,-0.00068527,0.0016683
-0.0045665,-0.00019161,0.00088485
-0.00016774,-0.0017221,-0.0036935
0.00021761,0.00046541,-0.005247
0.0015468,-0.00094299,-0.0031431
0.0021045,0.00068805,-0.00045855
0.001301,-0.00093185,0.00080592
0.00089598,-0.00010256,0.0017362
0.00067225,0.00023269,0.0008687
-0.0019677,-0.00030087,0.001808
-0.0010001,-0.0014266,0.0041726
-0.0022679,-0.00084465,-0.00073173
-0.00051678,-0.0010278,-0.00054548
0.0035765,-0.00071138,0.00012477
0.0015522,0.0010184,0.0043763
0.00042173,-0.0012934,0.0018711
-0.0020904,-0.00251,0.0003113
0.0025943,-0.00066718,-0.0010551
-0.0041123,-0.0012164,-0.0016679
-0.0052425,-0.00018895,0.00012604
-0.001007,-0.0020134,0.0008047
0.0023609,-0.0012565,0.00059104
0.0030195,-0.0012885,-0.00087823
0.0014893,-0.0017963,-0.00097854
-0.00041217,-0.0013709,0.0006301
0.00024277,-0.00087268,0.00064583
-0.0012992,7.2982e-05,-0.00063277
-0.0014526,-0.00042798,0.00016316
0.00017042,-0.00039085,0.00079797
-0.00047335,-0.0021201,-5.5937e-05
-0.00015658,-0.0015502,0.00050461
-0.0018736,-0.0030303,-0.0027206
0.00021528,-0.0038837,-0.00057215
0.0016437,-0.00032037,0.00054092
0.00083993,-0.0026662,0.00049728
0.0014604,-0.00023725,0.00045487
0.002027,-0.00095946,0.0006193
-0.00013456,-0.0017399,0.00084586
0.00015006,-0.0002981,0.00072394
-0.00060446,-0.0011375,0.0011
-0.0001994,-0.00080828,0.00020583
0.00052225,-0.00037134,0.0002339
-0.0020051,-0.0031682,-0.0012653
-0.00083142,0.0012053,-4.0738e-05
-0.0018552,-0.00019346,-0.00077088
7.762e-05,0.00065243,0.00030848
0.00077751,-3.7854e-05,-0.00075567
-0.0019595,1.6206e-06,0.00036385
-0.00055582,-0.0004181,0.0019833
0.0035447,0.00051628,-0.0012038
-0.00024829,-0.00099887,0.00083279
-0.00056787,0.0012855,-0.0014048
-0.00086264,0.0007557,-0.00059997
0.00055389,-0.00069365,0.00066658
0.0023388,0.00042628,-0.00030082
-0.0018907,0.00018572,0.00089732
-0.002341,-0.00090629,-0.00080226
-0.0050443,-0.0013279,-0.00038951
-0.0028516,0.0009168,0.00012994
-0.00010632,0.0010551,-0.0027876
0.0011932,-0.00056434,-0.001746
-0.00084784,-0.0011076,-0.002575
-0.0011528,-0.0005742,0.0024554
0.00013798,-0.00079702,0.00079631
0.0030836,-0.00098083,-0.001327
0.00087986,-0.00048895,0.00030792
0.00063089,-0.00020266,0.0013057
-0.0019611,-0.0015309,-0.0018066
-0.00036741,-0.00055391,0.0014254
-0.0015157,-0.0017276,0.00024369
-0.0019149,0.0016192,-0.00091642
-0.00051704,-0.00014872,-0.00052161
-0.0003329,-0.0018064,0.001662
0.00056243,-0.0013475,-0.00060894
0.0006822,-0.0013112,-0.00097021
0.00090377,-0.0008427,0.00035273
0.0015633,-0.0013525,0.0002483
0.0021263,-0.0019044,0.0006783
-0.00031677,-0.0016977,-0.00043934
-0.00087462,-0.00043521,7.6816e-05
0.0017879,0.0002629,-0.0011166
0.0010765,-0.0011545,-0.0023818
0.00070699,-0.0022615,-0.0015764
0.0013946,-0.0009758,0.00069373
-0.0027817,0.00058742,0.00096131
-0.00038622,-0.0013107,-0.00021582
-0.00029035,0.00041327,-0.0016465
-0.0011723,-0.0014373,-0.0017239
-0.0013203,-0.0014321,-0.0016829
0.00026938,-0.0011354,-0.00097152
-0.00315,-0.00088547,0.00021805
0.00078284,-0.00054285,0.0007557
0.0040275,-0.0012151,-0.0013897
0.006526,-0.00038264,-0.0012694
0.0055544,0.0010648,0.00040875
0.0010544,-0.0014499,-0.00038963
-0.0026731,-0.00079502,0.0016065
-0.0011771,-0.0014315,-0.00097972
-0.0013547,-0.00044448,0.00018344
-0.0023241,0.00054003,-0.00081839
-0.00051559,-0.0015046,0.0004094
0.00036693,-0.00047597,-0.00064528
0.0030718,-0.00042964,-0.0001712
-0.00042393,-0.0014563,-0.00065407
0.00043776,-0.00040524,-0.00039569
0.001323,-0.00061063,0.00038615
-0.0014838,-0.00026693,-0.00084072
-0.00032023,-0.0013021,0.00080223
-6.0112e-05,-0.00090822,0.00022197
0.00018983,-0.00063988,-0.00025851
0.00084538,-2.1006e-05,-0.00095266
0.00090158,-0.0015971,0.00043302
0.00079025,-0.0012471,-0.00016727
0.0018687,-0.0010297,-0.00048466
0.00015547,-5.3212e-05,-0.00053024
-0.0024214,-0.0002817,0.0012961
-5.2947e-05,-0.0023758,0.0014573
0.00030582,-0.00010555,0.0020207
-0.00042526,0.0010975,0.00018012
-0.0015618,-0.0031753,-0.00020641
0.0010061,-0.0020694,-0.00053605
0.0036735,0.00031838,-3.2255e-06
-0.0003208,-0.00081182,0.00070033
0.00091733,-0.00019766,-0.00058465
-0.0010852,-0.00098385,0.0014554
-0.00071719,0.00018096,0.0005654
0.001435,0.00067896,-0.00012192
0.004086,7.5768e-05,-0.00073765
0.00074202,0.00038731,-0.0011415
0.0018227,-0.00095794,0.00073147
0.0015122,-0.0017988,0.00029268
0.00062438,-0.0015375,-4.1356e-05
0.00039673,-0.0013835,-8.3106e-05
0.0021439,-7.1458e-05,-0.0010874
0.00046123,0.00095594,-0.0010221
0.0018421,-0.00033177,0.0024319
-6.346e-05,-0.0012475,-0.0024545
-0.00028071,-0.00091123,0.00078174
-0.0012748,-0.00050095,0.00076932
0.0010038,-0.00040797,0.00027886
0.0021868,0.00018936,0.0015036
0.00036426,0.00021004,0.00039937
0.0023811,-0.0012056,-0.00064509
0.0012939,-0.0024734,-0.0021645
0.001921,0.00016157,-9.9193e-05
-3.4933e-08,-0.0013884,0.0015475
0.0006338,-0.0019117,-0.00051347
-0.00030711,-0.00056105,-0.00057542
0.00053397,-0.00068416,0.0010167
0.0013682,-0.0016336,8.0844e-05
0.00055061,-3.1459e-05,0.00052299
0.0014156,-0.0018997,0.0015053
-0.0011975,-0.0010457,0.00059808
2.078e-05,-0.00068503,0.0015286
0.00042769,-0.00060457,0.0016373
0.0015223,0.00048825,-0.00029446
0.0035827,-0.00027721,0.0017789
0.0017585,-0.00019812,0.00047175
-1.5961e-05,0.00023207,0.00064897
0.0019468,-0.00069548,-0.00074905
-0.00065294,-0.0011682,-0.00044673
0.00048455,-0.0014348,-0.00022308
0.0024844,0.0006849,0.00033409
0.00034994,-0.0002542,0.0016889
-0.0016651,-0.001118,0.00084108
-0.0016427,-0.0026051,-0.00035926
-0.0031655,8.7388e-05,-0.0019711
0.00056107,-0.0012526,-0.0010679
0.00074097,0.00041351,-5.091e-05
-0.00047332,-0.0015705,0.00057256
0.0019045,-0.0011859,-6.9841e-05
-0.00015161,0.00011933,-0.00036452
6.6728e-05,-0.0034794,0.00072436
8.6341e-06,5.0164e-05,0.00058172
-0.00095507,-0.00090314,0.00072639
0.00039391,0.00031177,-0.000555
0.0008276,-0.0012652,9.0906e-05
-0.0017026,-0.0024751,0.00093576
0.00048868,-0.0012054,-0.0013784
9.3597e-05,-0.0020448,-0.00036862
-0.00016143,-0.0022532,0.00045575
-0.00040796,-0.0012519,-0.00070568
-0.001784,-0.00287,-0.00093284
0.00030672,0.00053898,0.00054727
0.00088239,-0.00022184,-0.0013906
-0.0016022,0.00059216,0.00077222
-0.00099156,-0.0012191,0.0021787
0.00031854,4.1444e-05,-0.00068854
-0.00043433,-0.00048118,0.00028667
0.00086509,-0.0018263,-0.0012537
-0.0014972,0.00018747,-0.00026979
-0.0022295,0.0017234,-0.0014724
0.0021403,0.0002717,0.0027096
0.0015488,-0.001627,2.096e-05
-0.0030174,-0.00025238,0.0012535
-0.0024018,-0.0017253,0.0019361
-0.0031071,-0.00018784,0.001191
0.0015672,-0.0012191,0.0019401
0.0023809,-0.00014187,0.00057822
0.0012031,-0.0010692,0.00073231
-0.00097752,-0.00065676,0.0001422
-0.0012826,0.00057846,-0.0015712
-0.00093711,0.0016498,0.00046155
-0.00061326,0.00073228,-0.0002981
-0.00019541,-0.0017958,-0.0016617
0.0018249,-0.0007247,0.0010756
0.00079366,0.00059318,0.0022981
-0.0017146,-0.0023289,-4.2443e-05
-0.0016412,-0.00077805,-0.00054383
-0.0044812,0.00038696,-0.0014115
-0.00014747,-0.00097023,0.00024622
5.2543e-05,-0.0011605,-0.00016027
0.0012434,0.0017092,0.00087136
0.0022972,-0.0023897,0.0020588
-0.00052078,-0.0012157,0.0010485
0.00042295,-0.0015223,-1.938e-05
-0.0017024,-0.0015429,-0.0011756
0.0025187,-0.00075435,-0.0027998
-0.0027953,-0.00019752,0.00012098
0.00053051,0.00076475,-0.0006193
0.00098449,0.0011846,2.1905e-05
0.0019032,0.0023717,-0.00050294
0.0013955,-0.0010652,4.4481e-05
0.00064251,0.00013783,-0.00013181
-0.00050107,6.244e-05,0.00078679
0.00093435,-0.00022072,0.00036005
0.00026555,0.0017182,0.0017094
0.00025383,0.0016171,0.00037505
0.0013549,0.0018009,0.00065298
0.00047546,0.00086129,0.00069118
-0.0030484,0.0010333,-0.0019635
-0.0024831,0.003449,-0.0018376
-0.0011501,0.0032163,-0.0018557
-0.0012153,0.0015795,-0.00084084
5.8021e-05,0.0023282,-0.00050768
-0.00016994,0.0035425,0.00043904
0.0020676,0.0048045,-0.00014686
-0.00078085,0.0036271,-9.8466e-05
-0.0012163,0.005287,0.0008052
-0.0011354,0.0041084,-0.0012752
-0.0020629,0.0032551,0.00026914
-0.0010029,0.0023779,0.0014456
-0.00046389,0.0024897,-4.9341e-05
0.0016479,0.00089631,0.0012749
-0.0011582,0.0037987,-0.0003644
-0.0013052,0.0028655,0.00083963
0.00041562,0.00053852,0.0020761
0.00045567,0.00043399,0.0018241
-0.00048313,-0.00010487,0.00077834
0.0028151,-0.0006191,-0.0014451
0.0019718,0.00039294,-0.0012532
-0.0003182,0.00079434,-0.0012036
0.0010435,0.0013379,-0.0003489
0.000973,0.0012006,-5.7482e-06
-3.7197e-05,-0.0011975,-0.00081181
-0.0011986,-0.00054683,-0.00032368
0.00064346,-0.00073739,0.00055118
0.001462,-0.0019509,-0.00026579
-0.0026389,-0.00052614,-0.0028071
-0.002042,3.1641e-05,0.0014282
-0.0028651,-0.00027836,0.0021816
-0.0029127,-0.0020882,0.0012001
-0.0011085,-0.0014707,-0.0028827
0.0024942,-0.0021549,-0.0024506
0.0085564,-0.0037564,0.0061395
0.0018114,-0.0033318,0.0029633
-0.0037866,-0.0042336,0.00033046
-0.0019741,-0.0030466,-0.00029142
-0.0019536,-0.0024204,0.00078925
-0.0030095,-0.0025355,-0.0031146
0.00090599,-0.0012818,0.0012829
0.002007,0.00057698,0.0012642
-0.0015618,-0.0012901,0.00027119
-0.00078937,-0.0013188,-0.0010064
-0.00024334,4.9236e-05,-0.003005
0.00070936,-0.0012194,-0.0011228
0.0015828,-0.0010538,-0.0011393
-7.3464e-05,-0.00095833,-0.0024013
-0.0010042,0.00033337,-0.0012759
-0.00017467,-0.00079878,0.00027068
-0.0016386,3.8211e-05,0.0003886
-0.00042256,0.00090393,-5.733e-05
0.0011543,-0.00025062,-0.00075743
0.0012279,-0.00059047,-7.9492e-05
-0.00047231,-0.00091717,0.0017069
-0.0026008,0.00051424,-0.00032712
0.0014897,-0.0011853,0.00014793
-0.0012272,0.001417,0.0012857
-0.0019144,-0.0010217,-0.0016109
-0.00035661,-0.00018133,9.7828e-05
-0.00099488,-0.0016771,0.00097382
0.0030544,-0.0037308,0.00041141
0.0022194,-0.001881,0.0019832
0.0001636,-0.0033253,-0.0023131
-0.0041613,-0.0018884,-0.00058198
-0.0037569,-0.0025211,-0.0046977
-0.0026635,-0.001905,-0.0032833
-0.0010612,-0.0011479,-0.0015892
0.00021846,-0.0010687,-0.00067461
0.0035435,-0.00056789,-0.0022316
-0.00073375,-0.0010186,0.0010575
-0.0035461,-0.00073971,0.0013875
0.002618,-0.0014846,0.0010329
0.0015913,-0.00040828,0.00092283
-0.0019325,-0.0025943,0.00307
-0.0014023,0.00058611,0.0034675
-0.0018394,-0.00018408,0.0010938
-0.00094222,-0.00018007,0.001123
0.00080574,-0.00062261,0.00051592
0.0012653,-0.00038044,-0.0031152
0.00064586,0.00042139,-0.0034895
0.0007912,-0.0014611,-0.0016349
-0.0015829,0.00069624,-0.0032085
-0.0015384,0.0012059,-0.00091225
1.3041e-05,0.00053851,-0.00053813
2.1355e-06,0.00023316,-0.00032762
-0.0020221,0.0015662,0.00066241
-0.0024049,0.0012259,0.00010258
-0.00063455,0.00053617,0.0026383
-0.0018159,0.0019363,0.0024767
-0.00085314,0.0014474,0.0031874
0.00015051,0.00025139,0.0021601
0.0013409,0.0012194,0.0037796
-0.002345,0.0016184,0.0038553
0.00065736,0.0018245,0.0031105
0.00099545,0.0008404,0.0033483
0.0001379,-0.00049742,0.0012617
-0.00029285,0.0028578,0.0017984
0.00085822,0.0028331,0.0039325
0.00019244,0.0022444,0.0039548
0.00054368,0.0028618,0.0037868
0.00024075,0.0015127,0.0048844
0.00082063,0.0046095,0.00029863
-0.0016102,0.0036319,0.0017665
-0.00032965,0.0040034,0.00094284
-0.0015427,0.0043668,0.0011835
0.00052285,0.0066612,-0.00010126
1.6274e-05,0.0092971,-0.00082984
0.0006778,0.0096415,-0.0017515
0.0029211,0.014108,-0.00099695
0.00032601,0.015269,-1.8988e-05
-4.837e-05,0.014824,0.0010195
-0.00036035,0.016712,0.0031923
0.00065351,0.017316,0.0026606
0.0013225,0.017407,0.0033808
-0.0016089,0.016762,0.0003333
0.0025968,0.01911,0.0022698
0.0023501,0.020529,0.0016455
-0.0023953,0.020858,0.0021162
-0.00024774,0.023426,0.003558
-6.7048e-05,0.023539,0.0020206
0.0015165,0.023024,0.00025056
0.0017496,0.024424,-0.0007964
0.0023246,0.024953,0.00020501
-0.00066652,0.024938,3.9181e-05
-0.002552,0.026796,0.00033997
-0.0021616,0.024751,0.0019171
-0.0026965,0.026519,0.00064064
-0.00039643,0.027798,0.0039498
0.0021898,0.026361,0.00041696
0.0022299,0.027065,0.0022802
-0.00032363,0.028802,0.00092721
0.0014526,0.024837,0.0027113
-0.0010996,0.026027,0.00087609
-9.5882e-05,0.030589,-0.00099714
-0.00088536,0.028574,0.002122
0.0030697,0.029584,0.0020558
0.0012431,0.027496,0.0017492
0.00037612,0.028986,0.0018305
0.00077007,0.029463,-0.00036633
0.00025137,0.028253,0.0016167
0.0022763,0.027786,-0.00050048
6.2144e-05,0.025998,0.0036702
0.0016468,0.028386,0.0021855
0.0014045,0.027223,-0.00036903
0.00093298,0.027995,0.0019396
0.00035304,0.027983,0.0016321
0.00073,0.026183,0.0017002
-0.00052329,0.027212,0.0015394
0.00065959,0.024727,0.0013858
-0.0013704,0.025798,0.0022316
-0.0020277,0.025469,0.0038289
0.00046261,0.025794,0.0018671
0.0015632,0.025593,0.0013179
0.0009486,0.025733,0.0016979
0.0025354,0.025433,-0.00061692
0.0025163,0.027076,0.0020951
0.0024262,0.026493,0.00056905
0.0019594,0.028185,0.0011476
2.1724e-05,0.028198,0.0019061
-0.0025316,0.027455,1.9795e-05
-0.0011727,0.028883,0.003243
0.003829,0.02797,0.00047698
0.0019677,0.02779,0.0012404
-0.0024372,0.028927,-0.00010044
-0.0013329,0.027566,0.0014993
-0.00083921,0.029139,0.0016403
0.0016491,0.027869,-0.00017408
0.0022686,0.029426,0.0019899
0.00052194,0.031432,3.4993e-05
-0.00031589,0.031017,0.00068862
0.00084289,0.029166,-0.00030468
4.7056e-05,0.028169,0.00097963
-0.0015503,0.028708,0.0018106
0.0011044,0.029519,0.0011049
4.523e-05,0.029729,0.0036206
0.00081465,0.029888,0.00039709
0.0015995,0.029292,0.0010361
-0.0022299,0.029889,0.0018628
-0.0012486,0.032028,0.00071342
0.0017525,0.02889,0.0007376
0.0014765,0.029662,0.0022018
0.0031658,0.029948,0.0018158
0.001578,0.029184,0.00025496
-2.6539e-05,0.029582,0.00078771
-0.0010479,0.029489,0.00096179
-0.0010376,0.029119,0.00017854
0.0016051,0.027035,0.0026019
0.0012401,0.027165,0.0012567
-0.00077373,0.02681,0.0020166
-0.0013915,0.025901,0.0029299
0.0015527,0.026332,0.0018904
0.0014897,0.022356,0.0019387
0.002557,0.02469,0.00026996
-0.0018179,0.023071,0.00031752
-0.00014618,0.021106,-0.00023171
0.0024618,0.022923,0.0022606
0.0011919,0.020512,0.0010649
-4.7266e-05,0.019941,0.0025527
-0.0014048,0.019183,0.0029359
0.00056842,0.016935,0.0029418
0.00196,0.01578,0.0029663
0.0013772,0.015972,0.0032706
0.0011797,0.012337,0.0022623
0.0007368,0.013835,0.0032469
0.0012485,0.014036,0.00019224
0.00094175,0.012484,0.0016263
0.0013418,0.010366,-0.00083576
-0.0016119,0.0090788,-0.0005236
-0.0017214,0.0083474,-0.0005682
-0.0013176,0.0066329,4.1536e-05
0.0013155,0.0073387,0.0010864
0.00039648,0.0063532,-0.00090916
-0.0019014,0.0041965,-0.0010464
-0.0011416,0.0048729,-0.0023335
0.0011493,0.0044466,0.00016526
-0.00045775,0.0048561,0.00048378
0.00019586,0.0030204,-0.00026426
-0.00098706,0.0044291,0.00068514
0.0014498,0.0017068,0.0011165
0.00077824,0.0010158,0.00050191
-0.00016868,0.0031708,-0.0004626
0.0020034,0.0015793,-0.0013141
0.00038224,0.0016029,-0.00053712
-3.7394e-05,0.0014656,-1.2442e-05
0.0013027,0.0012841,0.0013335
-0.0021601,0.0012804,0.00072729
-0.0015637,0.0022382,-0.00013827
0.0020609,0.0019441,-0.0017274
0.00022781,0.0011253,-0.00016877
-0.0018461,0.002068,0.00020153
-0.00024827,0.00070413,-0.0020272
0.0019973,0.0035751,-0.00025751
0.0021191,0.002225,-0.0015194
0.0024223,0.0012484,-1.1576e-05
0.003637,0.0026569,-2.326e-05
0.0014978,0.0022761,-0.0016291
6.6803e-05,0.0010149,0.00010314
-0.0019879,0.003836,0.0013121
-0.0017714,0.0061146,0.00018378
-0.00053076,0.0076591,-0.0012522
0.0011745,0.0080132,-0.0025317
0.0017979,0.0092928,-0.0003284
-0.00043349,0.011957,0.00103
0.00038604,0.011426,8.5965e-05
0.0017132,0.015235,0.00032632
0.00064846,0.01608,0.00088736
0.0015435,0.01875,-0.00091476
0.0031169,0.018547,-0.00026766
0.0018488,0.020456,0.00069806
0.0026393,0.020318,0.00049514
0.0015672,0.021509,0.0013391
-0.00010377,0.022326,0.00097418
0.0011253,0.023311,0.001763
0.0016865,0.026275,0.00091498
0.00059685,0.027157,0.0010768
0.0036484,0.029161,0.0026668
0.0017468,0.0315,0.0054005
0.0011341,0.029361,0.0014532
0.0018829,0.031103,0.0043233
-0.00015236,0.033885,0.0011003
-0.0013541,0.030442,0.0017924
-0.0023186,0.033792,0.0011386
0.0019592,0.035688,-0.00022127
0.0024003,0.035716,0.0011111
0.0018442,0.036973,0.0010133
0.00070481,0.034227,0.0033569
0.001492,0.033567,0.0023569
0.0024101,0.036736,0.0018782
-0.00022414,0.03421,0.0013681
0.0018739,0.037145,-0.0018512
0.0021817,0.035134,0.00058426
0.0042551,0.03534,0.00055686
-4.4756e-05,0.035787,0.00322
0.0019396,0.03506,0.0029166
0.0013645,0.036365,0.0031134
0.0038189,0.034882,0.0016499
0.0016055,0.036735,0.002547
0.0038922,0.03437,0.0017607
0.0048732,0.033779,0.0032051
0.0014247,0.032005,0.0010634
-0.0014327,0.032101,0.0030544
0.0014417,0.030403,0.0020362
0.00244,0.032329,0.0029695
0.0023199,0.031747,0.0010908
0.0080104,0.02905,0.0029151
0.0001818,0.031185,-0.00019757
-0.0019525,0.03259,0.00050368
-0.0011927,0.033294,-0.0031994
0.008477,0.035535,0.0017027
0.014784,0.034342,-0.0021801
0.0029424,0.032982,-0.0018253
-0.0038625,0.032353,0.00039442
-0.0059733,0.033716,0.0031036
-0.00093109,0.034343,0.0038571
0.0025044,0.033481,0.0028005
0.0059073,0.034707,-0.0007752
0.0045328,0.035173,0.0012993
0.0045453,0.03316,-0.00069011
0.0018397,0.033096,-0.0019387
0.00025987,0.033184,-0.0018613
0.00013686,0.03377,-0.0037313
0.0023281,0.031503,-0.0036101
0.0010185,0.031941,-0.00088691
0.00096701,0.028394,-0.0020991
-0.00077005,0.026781,0.00021087
-0.002061,0.02641,-0.00045926
0.0014388,0.023915,0.00017585
0.00085834,0.0235,0.0016565
0.0012802,0.021364,-0.00029363
0.0013542,0.020149,0.0018831
-0.00064527,0.018911,0.0025875
-0.0019631,0.015612,0.0030211
-0.0027639,0.015285,-0.0018558
-0.00086685,0.014609,0.0031337
0.0010705,0.01467,0.0004817
0.0011896,0.013425,0.0031883
-0.0016675,0.0079128,0.0018938
-0.0037202,0.0042361,0.00066293
0.00052781,0.0047993,-0.0019624
0.00055278,0.0056796,0.00094407
-0.0016071,0.0013786,-8.5609e-05
-0.0027086,0.0014468,0.00020571
-0.0019391,0.0015968,0.0010229
-0.00049477,0.0025883,4.8932e-05
0.00016569,0.0017493,0.00091095
0.0013891,0.00092563,0.0016003
0.003339,0.0018323,-0.0013755
0.0003542,0.0031686,-2.7842e-05
-0.0039161,0.0027782,0.0020494
