1,-9.0437e-12,-2.3268e-11,9.0437e-12,1,-2.3924e-10,2.3268e-11,2.3924e-10,1
0.99905,-0.0016498,0.043552,0.0017604,1,-0.0025022,-0.043548,0.0025765,0.99905
0.99605,-0.0053679,0.088638,0.0060102,0.99996,-0.0069807,-0.088597,0.0074859,0.99604
0.99093,-0.0058869,0.13427,0.0074482,0.99991,-0.011129,-0.13419,0.012028,0.99088
0.98362,-0.0035651,0.18021,0.0061729,0.99988,-0.013912,-0.18014,0.014797,0.98353
0.97405,-0.0061736,0.22626,0.0094868,0.99986,-0.013559,-0.22614,0.015354,0.97397
0.96242,-0.0073686,0.27146,0.01164,0.99983,-0.014128,-0.27131,0.016757,0.96235
0.94884,-0.0096935,0.31562,0.015876,0.99973,-0.017024,-0.31537,0.021164,0.94873
0.93362,-0.012639,0.35804,0.020805,0.9996,-0.018964,-0.35766,0.025154,0.93351
0.91619,-0.012284,0.40055,0.021776,0.99958,-0.019156,-0.40014,0.026273,0.91608
0.89656,-0.013078,0.44274,0.023418,0.99957,-0.017897,-0.44231,0.026413,0.89647
0.87451,-0.013514,0.48482,0.024478,0.99957,-0.01629,-0.48439,0.026112,0.87446
0.85037,-0.013482,0.52601,0.025177,0.99957,-0.015083,-0.52558,0.02607,0.85034
0.82454,-0.014011,0.56563,0.026964,0.99953,-0.014548,-0.56516,0.027247,0.82453
0.79703,-0.016193,0.60372,0.031261,0.99941,-0.014464,-0.60313,0.030401,0.79706
0.76815,-0.015104,0.64009,0.031868,0.99938,-0.014661,-0.63948,0.03166,0.76816
0.73742,-0.018317,0.67518,0.037186,0.99922,-0.013506,-0.67441,0.035067,0.73753
0.70517,-0.018113,0.70881,0.038299,0.99919,-0.012569,-0.70801,0.03601,0.70529
0.67068,-0.016822,0.74156,0.038484,0.99919,-0.01214,-0.74075,0.03668,0.67078
0.63506,-0.017843,0.77225,0.043586,0.99897,-0.012761,-0.77123,0.041763,0.63519
0.59839,-0.016316,0.80104,0.044356,0.99893,-0.012788,-0.79998,0.043183,0.59848
0.56064,-0.015604,0.82791,0.047224,0.9988,-0.013154,-0.82671,0.046472,0.5607
0.52173,-0.014155,0.85299,0.052991,0.99847,-0.015843,-0.85146,0.053466,0.52168
0.4824,-0.013143,0.87585,0.054663,0.99839,-0.015125,-0.87424,0.055174,0.48234
0.44375,-0.014835,0.89603,0.059629,0.99814,-0.013005,-0.89416,0.0592,0.44381
0.40633,-0.015673,0.91359,0.063332,0.99793,-0.011047,-0.91153,0.062348,0.40648
0.3706,-0.013365,0.9287,0.065499,0.99778,-0.011778,-0.92648,0.065194,0.37065
0.33671,-0.013699,0.94151,0.066958,0.99771,-0.009429,-0.93922,0.066216,0.33686
0.30321,-0.016064,0.95279,0.068938,0.99761,-0.005119,-0.95043,0.067235,0.30359
0.27004,-0.015841,0.96272,0.069706,0.99756,-0.0031379,-0.96032,0.067954,0.27048
0.23738,-0.01301,0.97133,0.067525,0.99771,-0.0031386,-0.96907,0.066334,0.23772
0.2058,-0.010891,0.97853,0.067526,0.99771,-0.0030977,-0.97626,0.066714,0.20607
0.17488,-0.010566,0.98453,0.069301,0.99759,-0.0016029,-0.98215,0.068509,0.17519
0.14402,-0.010953,0.98951,0.070938,0.99748,0.00071631,-0.98703,0.070091,0.14443
0.11323,-0.011889,0.9935,0.069606,0.99757,0.0040048,-0.99113,0.0687,0.11378
0.083475,-0.011821,0.99644,0.070164,0.99752,0.0059562,-0.99404,0.069417,0.084097
0.055759,-0.011195,0.99838,0.072761,0.99732,0.0071195,-0.99579,0.072246,0.056424
0.030224,-0.010554,0.99949,0.076958,0.997,0.0082003,-0.99658,0.07667,0.030946
0.0072008,-0.010111,0.99992,0.081253,0.99665,0.0094927,-0.99667,0.081178,0.0079982
-0.013588,-0.0099686,0.99986,0.087197,0.99613,0.011116,-0.9961,0.087335,-0.012666
-0.03163,-0.010652,0.99944,0.091654,0.9957,0.013513,-0.99529,0.09203,-0.030517
-0.04749,-0.010302,0.99882,0.094889,0.99538,0.014778,-0.99435,0.095479,-0.046293
-0.062134,-0.010862,0.99801,0.097375,0.9951,0.016893,-0.99331,0.09823,-0.060772
-0.075609,-0.011935,0.99707,0.097516,0.99505,0.019306,-0.99236,0.09869,-0.07407
-0.088055,-0.011988,0.99604,0.09729,0.99504,0.020577,-0.99135,0.098717,-0.086453
-0.099478,-0.0091936,0.995,0.097353,0.99507,0.018927,-0.99027,0.098749,-0.098092
-0.1098,-0.0053606,0.99394,0.097981,0.99506,0.01619,-0.98911,0.099165,-0.10873
-0.11946,-0.0025121,0.99284,0.099051,0.99498,0.014435,-0.98789,0.10007,-0.11861
-0.12709,-0.0012789,0.99189,0.09889,0.995,0.013953,-0.98695,0.099861,-0.12633
-0.13299,-0.00071495,0.99112,0.098392,0.99505,0.01392,-0.98622,0.099369,-0.13226
-0.13816,0.00089386,0.99041,0.099411,0.99496,0.01297,-0.98541,0.10025,-0.13755
-0.14269,0.0028156,0.98976,0.098692,0.99505,0.011397,-0.98484,0.099308,-0.14226
-0.14683,0.0039177,0.98915,0.098973,0.99503,0.01075,-0.9842,0.099478,-0.14648
-0.14992,0.0030095,0.98869,0.098739,0.99504,0.011943,-0.98376,0.099413,-0.14947
-0.15223,0.00058177,0.98834,0.099334,0.99495,0.014714,-0.98334,0.10042,-0.15152
-0.15451,-0.00038979,0.98799,0.099374,0.99492,0.015933,-0.98298,0.10064,-0.15368
-0.15652,0.00034267,0.98768,0.10161,0.9947,0.015756,-0.98244,0.10282,-0.15572
-0.15752,0.00087415,0.98751,0.10134,0.99473,0.015284,-0.9823,0.10248,-0.15678
-0.15807,0.0017363,0.98743,0.10339,0.99453,0.014802,-0.982,0.10443,-0.15738
-0.15815,0.0022462,0.98741,0.10292,0.99459,0.014222,-0.98204,0.10387,-0.15752
-0.15762,0.0034913,0.98749,0.10297,0.9946,0.01292,-0.98212,0.10372,-0.15713
-0.15644,0.0035358,0.98768,0.10332,0.99457,0.012803,-0.98227,0.10405,-0.15595
-0.15495,0.0023032,0.98792,0.10241,0.99465,0.013743,-0.9826,0.1033,-0.15435
-0.15381,0.0030543,0.9881,0.10338,0.99456,0.013019,-0.98268,0.10416,-0.15329
-0.1526,0.0039338,0.98828,0.10331,0.99458,0.011993,-0.98287,0.10393,-0.15218
-0.15163,0.0046006,0.98843,0.10432,0.99448,0.011374,-0.98292,0.10484,-0.15127
-0.15059,0.0045307,0.98859,0.10388,0.99453,0.011266,-0.98312,0.10439,-0.15023
-0.14964,0.0028016,0.98874,0.10564,0.99432,0.01317,-0.98308,0.10642,-0.14908
-0.14895,0.0010534,0.98884,0.10692,0.99415,0.015046,-0.98305,0.10797,-0.14819
-0.14817,0.0015873,0.98896,0.10845,0.99399,0.014654,-0.983,0.10942,-0.14746
-0.14711,0.0039071,0.98911,0.11084,0.99376,0.01256,-0.98289,0.11148,-0.14662
-0.14647,0.0036036,0.98921,0.11012,0.99384,0.012683,-0.98307,0.11078,-0.14596
-0.14626,0.0032331,0.98924,0.11051,0.99379,0.013091,-0.98305,0.11124,-0.14571
-0.14604,0.0016901,0.98928,0.10983,0.99384,0.014515,-0.98316,0.11077,-0.14532
-0.14564,0.0019666,0.98934,0.11169,0.99364,0.014466,-0.98301,0.1126,-0.14493
-0.14562,0.0021525,0.98934,0.11237,0.99356,0.014378,-0.98294,0.11326,-0.14492
-0.1456,0.0031772,0.98934,0.11286,0.99352,0.013419,-0.98288,0.11361,-0.14502
-0.14594,0.003867,0.98929,0.11233,0.99359,0.012687,-0.9829,0.11298,-0.14544
-0.14706,0.0041427,0.98912,0.11121,0.99372,0.012373,-0.98286,0.11182,-0.1466
-0.14823,0.0049527,0.98894,0.11061,0.9938,0.011602,-0.98275,0.1111,-0.14786
-0.14924,0.004338,0.98879,0.10947,0.99392,0.012162,-0.98272,0.11006,-0.14881
-0.15023,0.0038357,0.98864,0.10962,0.99389,0.012801,-0.98256,0.1103,-0.14973
-0.15067,0.0028118,0.98858,0.10701,0.99417,0.013482,-0.98277,0.10782,-0.15009
-0.15207,0.003896,0.98836,0.10681,0.9942,0.012514,-0.98258,0.10747,-0.1516
-0.15469,0.0052302,0.98795,0.10571,0.99433,0.011288,-0.98229,0.10619,-0.15436
-0.15849,0.0051904,0.98735,0.10645,0.99425,0.011862,-0.9816,0.10699,-0.15814
-0.1632,0.004743,0.98658,0.10418,0.99448,0.012453,-0.98108,0.10482,-0.1628
-0.16807,0.0036132,0.98577,0.10192,0.9947,0.013732,-0.98049,0.10278,-0.16755
-0.17278,0.0048752,0.98495,0.10096,0.99481,0.012786,-0.97977,0.10165,-0.17237
-0.17745,0.0062396,0.98411,0.10147,0.99477,0.011989,-0.97888,0.10198,-0.17716
-0.18205,0.0079797,0.98326,0.10118,0.99481,0.01066,-0.97807,0.10142,-0.18192
-0.18688,0.008787,0.98234,0.10012,0.99492,0.010147,-0.97727,0.10025,-0.18681
-0.19189,0.0076331,0.98139,0.097942,0.99513,0.01141,-0.97652,0.098308,-0.1917
-0.19726,0.0074809,0.98032,0.096063,0.99531,0.011735,-0.97563,0.096488,-0.19706
-0.20289,0.0065767,0.97918,0.095082,0.99538,0.013016,-0.97457,0.095743,-0.20258
-0.2084,0.0064693,0.97802,0.095023,0.99538,0.013664,-0.97342,0.095782,-0.20806
-0.21385,0.0078585,0.97684,0.095586,0.99534,0.012918,-0.97218,0.096134,-0.2136
-0.21954,0.0088563,0.97556,0.095219,0.99538,0.012392,-0.97095,0.095613,-0.21937
-0.22546,0.0088532,0.97421,0.095669,0.99533,0.013095,-0.96954,0.096154,-0.22525
-0.23105,0.009191,0.9729,0.094726,0.99542,0.013092,-0.96832,0.095184,-0.23086
-0.23621,0.0095509,0.97166,0.094203,0.99547,0.013116,-0.96713,0.094631,-0.23604
-0.2414,0.0097192,0.97038,0.092949,0.99558,0.013152,-0.96596,0.09337,-0.24124
-0.24582,0.0098219,0.96927,0.094575,0.99542,0.013898,-0.96469,0.095085,-0.24562
-0.2497,0.0085957,0.96828,0.096259,0.99523,0.015988,-0.96353,0.097198,-0.24934
-0.25329,0.0098793,0.96734,0.097685,0.9951,0.015416,-0.96244,0.0984,-0.25302
-0.25634,0.010331,0.96653,0.097979,0.99507,0.015349,-0.96161,0.098634,-0.25609
-0.25976,0.010132,0.96562,0.097084,0.99515,0.015675,-0.96078,0.097818,-0.25949
-0.2637,0.010351,0.96455,0.095795,0.99528,0.01551,-0.95984,0.096489,-0.26345
-0.26817,0.011259,0.96331,0.094469,0.99542,0.014664,-0.95873,0.094935,-0.26801
-0.27265,0.011088,0.96205,0.093576,0.9955,0.015047,-0.95755,0.094127,-0.27246
-0.27723,0.011321,0.96074,0.093737,0.99548,0.015318,-0.95622,0.094303,-0.27704
-0.28173,0.011858,0.95942,0.093226,0.99553,0.015071,-0.95495,0.093689,-0.28158
-0.28629,0.012396,0.95806,0.092865,0.99557,0.014868,-0.95363,0.093227,-0.28617
-0.2905,0.011394,0.95681,0.092531,0.99558,0.016238,-0.95239,0.093252,-0.29027
-0.29474,0.011471,0.95551,0.093107,0.99551,0.016768,-0.95103,0.093907,-0.29448
-0.29867,0.012088,0.95428,0.094102,0.99542,0.016842,-0.94971,0.094829,-0.29844
-0.30226,0.013277,0.95313,0.094244,0.99542,0.016021,-0.94856,0.09467,-0.30212
-0.30584,0.015425,0.95196,0.094755,0.9954,0.014314,-0.94735,0.094581,-0.3059
-0.30926,0.016028,0.95084,0.095398,0.99534,0.01425,-0.94618,0.095116,-0.30934
-0.31263,0.016893,0.94973,0.095183,0.99537,0.013627,-0.9451,0.094657,-0.31279
-0.31613,0.017037,0.94856,0.09503,0.99538,0.013794,-0.94394,0.094503,-0.31629
-0.32014,0.016958,0.94722,0.095014,0.99537,0.014293,-0.94259,0.094575,-0.32027
-0.32393,0.017182,0.94593,0.096406,0.99523,0.014936,-0.94116,0.096031,-0.32404
-0.32713,0.018155,0.9448,0.098788,0.99499,0.015086,-0.9398,0.098271,-0.32729
-0.3299,0.017682,0.94385,0.099457,0.99491,0.016123,-0.93876,0.099192,-0.32998
-0.33259,0.017037,0.94292,0.099302,0.99491,0.01705,-0.93783,0.099305,-0.33259
-0.33536,0.016986,0.94194,0.098144,0.99503,0.017,-0.93696,0.098147,-0.33536
-0.33835,0.018809,0.94083,0.09724,0.99515,0.015075,-0.93598,0.096587,-0.33854
-0.34162,0.020289,0.93962,0.097082,0.99518,0.013807,-0.93481,0.095937,-0.34194
-0.34482,0.0216,0.93842,0.095459,0.99536,0.012166,-0.9338,0.093776,-0.34528
-0.34814,0.023088,0.93716,0.094274,0.99549,0.010495,-0.93269,0.092003,-0.34874
-0.3519,0.023122,0.93575,0.095041,0.99541,0.011145,-0.9312,0.092856,-0.35248
-0.3555,0.02193,0.93442,0.094156,0.99548,0.012459,-0.92992,0.09241,-0.35596
-0.35924,0.021192,0.93301,0.093845,0.9955,0.013522,-0.92852,0.092415,-0.35961
-0.36314,0.021284,0.93149,0.094103,0.99546,0.01394,-0.92697,0.092718,-0.36349
-0.3666,0.021433,0.93013,0.093121,0.99556,0.013762,-0.92571,0.091659,-0.36697
-0.37035,0.022011,0.92863,0.092123,0.99566,0.01314,-0.92431,0.090415,-0.37077
-0.3736,0.022064,0.92733,0.092077,0.99566,0.013406,-0.92301,0.090394,-0.37401
-0.3764,0.022701,0.92618,0.093086,0.99557,0.013429,-0.92177,0.091269,-0.37684
-0.37892,0.022858,0.92515,0.094336,0.99544,0.014042,-0.92061,0.092596,-0.37935
-0.38161,0.022502,0.92405,0.095267,0.99534,0.015105,-0.9194,0.093795,-0.38197
-0.3841,0.023148,0.923,0.09628,0.99524,0.015107,-0.91826,0.094669,-0.3845
-0.38661,0.024327,0.92192,0.096753,0.99521,0.014313,-0.91715,0.094732,-0.38711
-0.38937,0.024501,0.92075,0.096043,0.99528,0.014131,-0.91606,0.093934,-0.38989
-0.3921,0.025359,0.91957,0.095488,0.99534,0.013267,-0.91496,0.09301,-0.39269
-0.39497,0.02652,0.91831,0.095487,0.99535,0.012325,-0.91372,0.092555,-0.39567
-0.39743,0.026549,0.91725,0.093595,0.99554,0.011738,-0.91285,0.090515,-0.39814
-0.40034,0.02718,0.91596,0.093846,0.99552,0.011477,-0.91155,0.090554,-0.4011
-0.40291,0.026969,0.91484,0.095677,0.99533,0.012795,-0.91023,0.092684,-0.40361
-0.40545,0.026289,0.91374,0.095756,0.99531,0.013853,-0.90909,0.093112,-0.40606
-0.40864,0.025463,0.91234,0.094874,0.99538,0.014713,-0.90775,0.09257,-0.40917
-0.41168,0.025807,0.91096,0.093673,0.9955,0.014131,-0.9065,0.091151,-0.41225
-0.41508,0.025247,0.90944,0.092119,0.99564,0.014404,-0.90511,0.089755,-0.41559
-0.41852,0.024308,0.90788,0.090999,0.99573,0.01529,-0.90364,0.089016,-0.41895
-0.42208,0.02437,0.90623,0.090417,0.99579,0.015334,-0.90204,0.088411,-0.42251
-0.42573,0.023895,0.90454,0.089574,0.99585,0.015851,-0.90041,0.087771,-0.4261
-0.42959,0.024638,0.90269,0.089103,0.99591,0.015222,-0.89862,0.086971,-0.43002
-0.43369,0.023863,0.90074,0.087967,0.996,0.015969,-0.89676,0.086162,-0.43406
-0.43753,0.023996,0.89888,0.087856,0.996,0.016175,-0.8949,0.08605,-0.43789
-0.44102,0.025056,0.89715,0.088529,0.99595,0.015704,-0.89312,0.08635,-0.44145
-0.44466,0.025003,0.89535,0.088102,0.99598,0.015941,-0.89136,0.08597,-0.44507
-0.4483,0.025216,0.89353,0.087179,0.99607,0.01563,-0.88962,0.084904,-0.44874
-0.45193,0.025071,0.8917,0.087005,0.99608,0.016091,-0.8878,0.084855,-0.45234
-0.45539,0.025925,0.88992,0.087604,0.99603,0.015812,-0.88597,0.085161,-0.45585
-0.45889,0.027017,0.88808,0.089033,0.9959,0.015709,-0.88402,0.086277,-0.45942
-0.4621,0.028998,0.88635,0.091215,0.99572,0.014979,-0.88212,0.08777,-0.46277
-0.46497,0.029829,0.88482,0.092122,0.99564,0.014845,-0.88052,0.088414,-0.46569
-0.46786,0.031908,0.88323,0.094028,0.99547,0.013845,-0.87879,0.089525,-0.46874
-0.47049,0.034258,0.88174,0.095931,0.99531,0.012518,-0.87717,0.090476,-0.47157
-0.47329,0.03502,0.88021,0.096778,0.99523,0.012441,-0.87558,0.091073,-0.47442
-0.4765,0.036186,0.87843,0.097503,0.99516,0.011894,-0.87375,0.091317,-0.47772
-0.47977,0.036259,0.87665,0.096483,0.99527,0.011638,-0.87208,0.090165,-0.48099
-0.48305,0.037383,0.8748,0.097276,0.99519,0.011186,-0.87018,0.0905,-0.48436
-0.48636,0.037698,0.87294,0.096347,0.99529,0.010698,-0.86843,0.089308,-0.4877
-0.48915,0.037547,0.87139,0.09475,0.99545,0.010294,-0.86704,0.0876,-0.49048
-0.49189,0.037805,0.86984,0.095876,0.99533,0.010958,-0.86536,0.088786,-0.49322
-0.4939,0.037835,0.8687,0.097488,0.99516,0.012084,-0.86404,0.090655,-0.4952
-0.49595,0.037755,0.86753,0.09816,0.99509,0.01281,-0.86278,0.09151,-0.49722
-0.49816,0.037773,0.86626,0.09816,0.99509,0.013058,-0.86151,0.091537,-0.49942
-0.50046,0.037101,0.86496,0.097556,0.99513,0.013761,-0.86025,0.091269,-0.50164
-0.50302,0.037033,0.86348,0.098427,0.99504,0.014663,-0.85865,0.092366,-0.50417
-0.50516,0.037057,0.86223,0.098928,0.99498,0.015197,-0.85734,0.092976,-0.50629
-0.50713,0.037809,0.86104,0.098539,0.99503,0.014344,-0.85622,0.092121,-0.50833
-0.50936,0.040042,0.85962,0.097944,0.99512,0.011682,-0.85496,0.090145,-0.5108
-0.51267,0.039313,0.85769,0.096332,0.99528,0.011962,-0.85317,0.088755,-0.51403
-0.51716,0.036906,0.85509,0.093604,0.99552,0.013645,-0.85076,0.087096,-0.51829
-0.52206,0.034515,0.85221,0.091148,0.99572,0.01551,-0.84803,0.085774,-0.52297
-0.52682,0.033094,0.84933,0.089794,0.99582,0.016895,-0.84522,0.085165,-0.52759
-0.53117,0.033489,0.8466,0.090175,0.99578,0.017187,-0.84245,0.085472,-0.53195
-0.53531,0.034674,0.84395,0.092385,0.99557,0.017696,-0.83959,0.087441,-0.53614
-0.53903,0.035885,0.84152,0.093812,0.99543,0.017642,-0.83705,0.088454,-0.53993
-0.54268,0.035836,0.83917,0.094209,0.99538,0.018417,-0.83464,0.089052,-0.54355
-0.54662,0.034262,0.83668,0.094553,0.9953,0.021016,-0.83203,0.090599,-0.54729
-0.55053,0.032886,0.83417,0.093089,0.99541,0.022193,-0.82961,0.08987,-0.55107
-0.55429,0.032784,0.83168,0.092339,0.99548,0.0223,-0.82719,0.089157,-0.55481
-0.55832,0.032214,0.829,0.091878,0.9955,0.023195,-0.82452,0.089118,-0.55877
-0.5624,0.031727,0.82625,0.093174,0.99533,0.025201,-0.8216,0.091159,-0.56273
-0.56627,0.032007,0.8236,0.093764,0.99526,0.02579,-0.81887,0.091828,-0.56658
-0.56993,0.031059,0.8211,0.091971,0.99542,0.026185,-0.81653,0.090442,-0.57018
-0.57346,0.029802,0.81869,0.091468,0.99542,0.027835,-0.81411,0.090846,-0.57356
-0.57643,0.028832,0.81663,0.09162,0.99536,0.029529,-0.81199,0.091842,-0.5764
-0.57923,0.028337,0.81467,0.089605,0.99555,0.029081,-0.81023,0.089843,-0.57919
-0.58217,0.027386,0.8126,0.08553,0.99595,0.027711,-0.80855,0.085635,-0.58216
-0.58528,0.02656,0.81039,0.082437,0.99623,0.026887,-0.80663,0.082543,-0.58527
-0.58849,0.023609,0.80816,0.079753,0.99639,0.028967,-0.80456,0.0815,-0.58825
-0.59156,0.022714,0.80594,0.080133,0.99631,0.030738,-0.80227,0.082766,-0.59119
-0.59459,0.02268,0.80371,0.079393,0.99637,0.030619,-0.8001,0.082015,-0.59424
-0.59744,0.023082,0.80158,0.078135,0.99651,0.029541,-0.7981,0.08028,-0.59716
-0.60072,0.018767,0.79924,0.075114,0.99663,0.033055,-0.79592,0.079891,-0.6001
-0.60388,0.016234,0.79691,0.072426,0.99677,0.034576,-0.79378,0.078597,-0.6031
-0.60685,0.016342,0.79465,0.071943,0.99681,0.034441,-0.79156,0.07807,-0.60609
-0.60959,0.016055,0.79255,0.071263,0.99686,0.034619,-0.78951,0.077583,-0.60882
-0.61221,0.015809,0.79054,0.071086,0.99685,0.035116,-0.7875,0.077695,-0.6114
-0.61502,0.014284,0.78838,0.070431,0.99683,0.036882,-0.78536,0.07821,-0.61408
-0.6178,0.013598,0.78622,0.067866,0.99704,0.036083,-0.7834,0.075649,-0.61689
-0.62067,0.010858,0.784,0.058857,0.99773,0.032778,-0.78186,0.066488,-0.6199
-0.62399,0.011928,0.78134,0.049512,0.99848,0.024299,-0.77986,0.053848,-0.62363
-0.62663,0.022058,0.77901,0.059009,0.99807,0.019205,-0.77708,0.058003,-0.62672
-0.62748,0.023882,0.77827,0.066643,0.99751,0.023122,-0.77578,0.066374,-0.6275
-0.62934,0.013505,0.77701,0.065791,0.99719,0.035956,-0.77434,0.073749,-0.62846
-0.63228,0.003795,0.77473,0.060299,0.9972,0.044327,-0.77239,0.074742,-0.63073
-0.63548,-0.0021695,0.77211,0.054287,0.9974,0.047483,-0.7702,0.072091,-0.63371
-0.63828,-0.002563,0.7698,0.052811,0.99749,0.047109,-0.76799,0.070722,-0.63654
-0.64076,0.002181,0.76774,0.057985,0.99728,0.045561,-0.76555,0.073711,-0.63914
-0.64271,0.0092812,0.76605,0.063149,0.99717,0.040901,-0.7635,0.074663,-0.64148
-0.64513,0.012991,0.76397,0.06466,0.9972,0.037645,-0.76134,0.073684,-0.64416
-0.64801,0.012027,0.76154,0.064008,0.9972,0.038717,-0.75894,0.073834,-0.64697
-0.65085,0.011611,0.75912,0.064626,0.9971,0.040158,-0.75645,0.075196,-0.64971
-0.65323,0.011211,0.75708,0.065226,0.99701,0.041514,-0.75434,0.076499,-0.65201
-0.65506,0.011688,0.75549,0.065882,0.99696,0.041701,-0.7527,0.07709,-0.65384
-0.65646,0.011727,0.75427,0.066145,0.99692,0.042069,-0.75146,0.077508,-0.65521
-0.65767,0.012323,0.7532,0.066899,0.99687,0.042105,-0.75033,0.078079,-0.65644
-0.6587,0.012035,0.75231,0.068244,0.99671,0.043808,-0.7493,0.080197,-0.65735
-0.65977,0.011153,0.75138,0.069999,0.99645,0.046674,-0.7482,0.083391,-0.65821
-0.66089,0.010782,0.7504,0.071518,0.99625,0.048673,-0.74706,0.085835,-0.65919
-0.66198,0.011472,0.74943,0.070867,0.99636,0.047346,-0.74616,0.084452,-0.66039
-0.66345,0.011665,0.74813,0.067032,0.99678,0.043903,-0.74521,0.079276,-0.6621
-0.66473,0.011132,0.747,0.063973,0.99706,0.042069,-0.74434,0.075752,-0.66349
-0.6658,0.010008,0.74606,0.063062,0.99709,0.042902,-0.74346,0.075612,-0.66449
-0.66669,0.0086695,0.74529,0.061296,0.99718,0.043232,-0.74281,0.074506,-0.66534
-0.6676,0.0082854,0.74447,0.058522,0.99743,0.041378,-0.74222,0.071192,-0.66637
-0.66845,0.0069913,0.74372,0.057252,0.99747,0.042081,-0.74155,0.070709,-0.66716
-0.6689,0.0055166,0.74333,0.057773,0.99733,0.044586,-0.7411,0.072768,-0.66743
-0.66886,0.0047826,0.74338,0.059628,0.9971,0.047236,-0.741,0.07592,-0.6672
-0.66796,0.003318,0.74419,0.064136,0.99653,0.053123,-0.74143,0.083214,-0.66585
-0.66647,0.002245,0.74553,0.068076,0.996,0.057857,-0.74242,0.089313,-0.66395
-0.6647,0.00045258,0.74711,0.063876,0.99637,0.056227,-0.74438,0.085097,-0.66232
-0.66402,0.00073325,0.74771,0.05668,0.99717,0.049358,-0.74556,0.075155,-0.66219
-0.66233,-0.0016851,0.74921,0.051146,0.99756,0.047459,-0.74746,0.069752,-0.66063
-0.65993,-0.0024894,0.75132,0.049419,0.99769,0.046713,-0.7497,0.067957,-0.65828
-0.65714,-0.0023847,0.75377,0.051181,0.99755,0.047776,-0.75203,0.069974,-0.6554
-0.65423,-0.0020311,0.75629,0.052113,0.9975,0.04776,-0.75449,0.070659,-0.65249
-0.65181,-0.0007487,0.75838,0.050353,0.99775,0.044263,-0.75671,0.067038,-0.65031
-0.65029,-0.0056947,0.75967,0.043404,0.99806,0.044636,-0.75845,0.061999,-0.64878
-0.64938,-0.0125,0.76036,0.034516,0.99835,0.04589,-0.75968,0.056045,-0.64788
-0.64878,-0.015411,0.76082,0.027664,0.99866,0.043819,-0.76048,0.049476,-0.64748
-0.64822,-0.016484,0.76127,0.025354,0.99874,0.043215,-0.76103,0.047314,-0.64699
-0.64711,-0.016511,0.76221,0.027166,0.99863,0.044695,-0.76191,0.049629,-0.64578
-0.64577,-0.017503,0.76333,0.02916,0.99844,0.047563,-0.76297,0.052973,-0.64426
-0.64442,-0.019387,0.76442,0.027908,0.99842,0.048848,-0.76416,0.052812,-0.64286
-0.64348,-0.020022,0.7652,0.025511,0.99854,0.04758,-0.76504,0.050137,-0.64203
-0.64258,-0.018924,0.76599,0.024706,0.99866,0.045398,-0.76582,0.048096,-0.64125
-0.64151,-0.01755,0.76691,0.025115,0.99872,0.043863,-0.7667,0.0474,-0.64025
-0.64035,-0.017039,0.76789,0.027277,0.99862,0.044905,-0.7676,0.049701,-0.639
-0.6391,-0.017028,0.76893,0.028976,0.99851,0.046195,-0.76858,0.051803,-0.63766
-0.6382,-0.017577,0.76967,0.029117,0.99847,0.046946,-0.76932,0.052371,-0.63672
-0.63726,-0.017573,0.77045,0.028938,0.99849,0.04671,-0.7701,0.052062,-0.63579
-0.63647,-0.018718,0.77108,0.028565,0.99845,0.047815,-0.77078,0.052459,-0.63494
-0.63573,-0.019917,0.77166,0.028043,0.99841,0.048873,-0.7714,0.052709,-0.63416
-0.6352,-0.019121,0.77211,0.027615,0.99849,0.047446,-0.77185,0.05146,-0.63372
-0.63478,-0.01786,0.77248,0.027693,0.99856,0.045843,-0.77219,0.050493,-0.63338
-0.63422,-0.018267,0.77293,0.028109,0.99852,0.046663,-0.77264,0.051322,-0.63277
-0.63377,-0.019642,0.77328,0.027666,0.99846,0.048037,-0.77303,0.051837,-0.63225
-0.63365,-0.020853,0.77334,0.02629,0.99848,0.048465,-0.77318,0.051041,-0.63213
-0.63379,-0.021277,0.77321,0.025666,0.99849,0.048514,-0.77308,0.050593,-0.63229
-0.63398,-0.020927,0.77306,0.025863,0.9985,0.04824,-0.77291,0.050577,-0.63249
-0.63419,-0.020496,0.7729,0.026333,0.9985,0.048086,-0.77272,0.050849,-0.6327
-0.63441,-0.022001,0.77268,0.026082,0.99842,0.049843,-0.77255,0.051773,-0.63283
-0.63466,-0.023733,0.77242,0.024896,0.99838,0.051132,-0.77239,0.051681,-0.63305
-0.63493,-0.024082,0.7722,0.02463,0.99838,0.051387,-0.77218,0.051646,-0.6333
-0.63499,-0.024113,0.77214,0.023972,0.99842,0.050893,-0.77215,0.050826,-0.63341
-0.63508,-0.02372,0.77208,0.02397,0.99844,0.050391,-0.77208,0.050509,-0.63352
-0.63487,-0.022892,0.77228,0.025007,0.99843,0.050154,-0.77221,0.051154,-0.6333
-0.63461,-0.023069,0.77249,0.024908,0.99842,0.050279,-0.77243,0.051149,-0.63304
-0.63463,-0.023177,0.77247,0.02483,0.99842,0.050356,-0.77242,0.051138,-0.63305
-0.63452,-0.022927,0.77257,0.024433,0.99847,0.049698,-0.77252,0.050411,-0.63298
-0.63445,-0.024043,0.77259,0.02356,0.99845,0.050418,-0.77261,0.05019,-0.6329
-0.63423,-0.024356,0.77276,0.024027,0.9984,0.051187,-0.77277,0.051031,-0.63263
-0.63399,-0.025759,0.77291,0.023904,0.99831,0.052879,-0.77297,0.052001,-0.63231
-0.63377,-0.024906,0.77312,0.02433,0.99835,0.052107,-0.77314,0.051835,-0.63212
-0.63358,-0.024083,0.77331,0.025508,0.99832,0.05199,-0.77326,0.052665,-0.6319
-0.63328,-0.024302,0.77354,0.025982,0.99828,0.052634,-0.77349,0.05343,-0.63156
-0.63305,-0.025231,0.7737,0.025432,0.99825,0.053363,-0.7737,0.053458,-0.6313
-0.63317,-0.025086,0.77361,0.02469,0.99831,0.052581,-0.77362,0.052393,-0.63148
-0.63335,-0.024992,0.77346,0.024644,0.99832,0.052437,-0.77347,0.052272,-0.63167
-0.63342,-0.026222,0.77336,0.024291,0.99826,0.053743,-0.77343,0.052828,-0.63168
-0.63358,-0.027976,0.77317,0.023918,0.99816,0.055716,-0.77331,0.053793,-0.63174
-0.63387,-0.029307,0.77288,0.0228,0.99814,0.056548,-0.7731,0.053465,-0.63202
-0.63415,-0.027558,0.77272,0.022603,0.99828,0.054151,-0.77288,0.051806,-0.63243
-0.6344,-0.02557,0.77259,0.022119,0.99844,0.051208,-0.77269,0.049575,-0.63284
-0.63446,-0.025245,0.77255,0.022369,0.99845,0.050997,-0.77264,0.049637,-0.63291
-0.63436,-0.027229,0.77256,0.022868,0.99828,0.053962,-0.7727,0.051898,-0.63265
-0.63438,-0.028258,0.77251,0.023585,0.99816,0.05588,-0.77266,0.053668,-0.63254
-0.63439,-0.02726,0.77254,0.024454,0.99817,0.055302,-0.77263,0.053974,-0.63256
-0.63444,-0.026439,0.77252,0.02466,0.99821,0.054416,-0.77258,0.053574,-0.63266
-0.63443,-0.025821,0.77255,0.025238,0.99822,0.054089,-0.77257,0.053813,-0.63265
-0.63433,-0.025488,0.77264,0.026401,0.99816,0.054602,-0.77261,0.055034,-0.63249
-0.63418,-0.025864,0.77275,0.027258,0.99807,0.055776,-0.7727,0.056436,-0.63226
-0.63396,-0.027113,0.77289,0.026515,0.99804,0.05676,-0.77291,0.056477,-0.632
-0.63389,-0.027268,0.77294,0.026729,0.99801,0.057128,-0.77296,0.056873,-0.6319
-0.63359,-0.026592,0.77322,0.027707,0.99799,0.057027,-0.77318,0.057555,-0.63157
-0.63321,-0.027775,0.77348,0.028175,0.99787,0.058898,-0.77347,0.059088,-0.63108
-0.6328,-0.028644,0.77378,0.026913,0.9979,0.05895,-0.77384,0.058129,-0.6307
-0.63258,-0.03044,0.7739,0.02506,0.9979,0.059735,-0.77409,0.057181,-0.63049
-0.63227,-0.029394,0.77419,0.02523,0.99797,0.058495,-0.77434,0.056518,-0.63025
-0.63172,-0.02793,0.77469,0.026536,0.99799,0.057618,-0.77474,0.056956,-0.62971
-0.63092,-0.026856,0.77538,0.028001,0.99796,0.057349,-0.77534,0.057894,-0.62888
-0.63024,-0.027075,0.77593,0.028432,0.99792,0.057915,-0.77588,0.058562,-0.62816
-0.62968,-0.028679,0.77633,0.028197,0.99782,0.059733,-0.77634,0.059502,-0.6275
-0.62911,-0.027334,0.77683,0.028646,0.99789,0.058311,-0.77679,0.058938,-0.627
-0.62844,-0.027626,0.77737,0.027925,0.99792,0.058039,-0.77736,0.058182,-0.62636
-0.62795,-0.028104,0.77775,0.0273,0.99794,0.058102,-0.77777,0.057718,-0.62589
-0.62729,-0.028484,0.77827,0.026916,0.99794,0.058219,-0.77832,0.057468,-0.62523
-0.62675,-0.029296,0.77867,0.026269,0.99793,0.058689,-0.77878,0.057239,-0.62468
-0.62633,-0.030209,0.77897,0.025046,0.99795,0.058839,-0.77916,0.056363,-0.62429
-0.62593,-0.030963,0.77927,0.023471,0.99801,0.058507,-0.77953,0.054911,-0.62396
-0.62609,-0.030383,0.77916,0.022468,0.99812,0.056976,-0.77943,0.053178,-0.62423
-0.62626,-0.031135,0.77899,0.022811,0.99804,0.05823,-0.77928,0.054237,-0.62433
-0.6264,-0.03193,0.77885,0.023491,0.99793,0.059805,-0.77915,0.055758,-0.62435
-0.62651,-0.033128,0.77871,0.022449,0.99791,0.060516,-0.77909,0.055395,-0.62446
-0.6267,-0.032647,0.77858,0.021518,0.99802,0.059169,-0.77896,0.053835,-0.62475
-0.62679,-0.03057,0.77859,0.022021,0.99814,0.056918,-0.77888,0.052821,-0.62495
-0.62661,-0.029154,0.77879,0.02265,0.9982,0.055592,-0.77901,0.052473,-0.62482
-0.6265,-0.028756,0.77889,0.023099,0.9982,0.055432,-0.77908,0.05272,-0.62471
-0.62653,-0.030152,0.77881,0.022949,0.9981,0.057104,-0.77906,0.053651,-0.62465
-0.62649,-0.030689,0.77882,0.023684,0.99801,0.058377,-0.77907,0.055019,-0.62452
-0.62636,-0.030725,0.77893,0.024069,0.99798,0.058721,-0.77916,0.055528,-0.62436
-0.62615,-0.030476,0.77911,0.023732,0.99803,0.058113,-0.77934,0.054877,-0.62419
-0.62591,-0.03014,0.77931,0.023631,0.99806,0.057579,-0.77954,0.054456,-0.62398
-0.62562,-0.030382,0.77954,0.023904,0.99803,0.058081,-0.77976,0.054971,-0.62366
-0.62523,-0.030313,0.77985,0.023804,0.99804,0.057879,-0.78008,0.054752,-0.62328
-0.62496,-0.031212,0.78003,0.023253,0.99801,0.058564,-0.78031,0.054738,-0.623
-0.62461,-0.031735,0.78029,0.022672,0.99802,0.058738,-0.78061,0.054379,-0.62265
-0.62426,-0.030236,0.78063,0.022957,0.99811,0.057018,-0.78088,0.053515,-0.62238
-0.62378,-0.030437,0.78101,0.022878,0.9981,0.05717,-0.78126,0.053529,-0.6219
-0.62342,-0.031019,0.78127,0.023212,0.99804,0.058147,-0.78154,0.054385,-0.62148
-0.62307,-0.031224,0.78154,0.023805,0.99798,0.05885,-0.7818,0.055272,-0.62107
-0.62263,-0.030361,0.78192,0.02388,0.99804,0.057768,-0.78215,0.05464,-0.62069
-0.62222,-0.028987,0.7823,0.024292,0.99812,0.056304,-0.78246,0.054037,-0.62035
-0.62166,-0.028497,0.78276,0.02498,0.99811,0.056175,-0.78288,0.054475,-0.61978
-0.62103,-0.029434,0.78323,0.025796,0.99799,0.057958,-0.78336,0.056198,-0.61902
-0.62058,-0.030139,0.78356,0.025828,0.99793,0.058841,-0.78372,0.056754,-0.61852
-0.62012,-0.03024,0.78393,0.025845,0.99793,0.058939,-0.78408,0.05681,-0.61805
-0.61975,-0.030954,0.78419,0.025267,0.99792,0.059359,-0.78439,0.056602,-0.61768
-0.61923,-0.030372,0.78463,0.025313,0.99796,0.058608,-0.78481,0.056153,-0.61719
-0.61872,-0.029382,0.78506,0.025264,0.99804,0.057264,-0.78521,0.055264,-0.61676
-0.6183,-0.028958,0.78541,0.025211,0.99808,0.056646,-0.78553,0.054825,-0.61638
-0.61815,-0.028999,0.78553,0.024862,0.9981,0.056411,-0.78567,0.0544,-0.61625
-0.61812,-0.029591,0.78553,0.0243,0.99809,0.05672,-0.78571,0.054148,-0.61622
-0.61826,-0.029618,0.78542,0.023731,0.99813,0.056321,-0.78562,0.05346,-0.6164
-0.61853,-0.030301,0.78518,0.022982,0.99813,0.056623,-0.78543,0.053068,-0.61667
-0.61888,-0.030622,0.78489,0.021938,0.99818,0.056241,-0.78518,0.052025,-0.61708
-0.61925,-0.030599,0.7846,0.021575,0.9982,0.055957,-0.7849,0.051578,-0.61747
-0.61959,-0.030909,0.78432,0.021927,0.99815,0.056658,-0.78462,0.052302,-0.61777
-0.61993,-0.031246,0.78404,0.022298,0.9981,0.057408,-0.78434,0.053071,-0.61805
-0.62033,-0.031065,0.78373,0.023676,0.99802,0.058299,-0.78399,0.054721,-0.61836
-0.62049,-0.031432,0.78359,0.023383,0.99801,0.058549,-0.78387,0.054651,-0.61852
-0.62065,-0.030961,0.78347,0.022962,0.99807,0.057632,-0.78375,0.053759,-0.61875
-0.62059,-0.029761,0.78357,0.023504,0.99812,0.056526,-0.78378,0.053496,-0.61873
-0.62041,-0.028735,0.78375,0.025165,0.99808,0.056512,-0.78388,0.054784,-0.61849
-0.6199,-0.027778,0.78419,0.026406,0.99807,0.056229,-0.78423,0.055564,-0.61797
-0.61943,-0.027644,0.78457,0.027626,0.99799,0.056974,-0.78457,0.056966,-0.61742
-0.61897,-0.02721,0.78495,0.028181,0.99799,0.056816,-0.78491,0.057288,-0.61695
-0.61847,-0.026914,0.78534,0.027894,0.99803,0.05617,-0.78531,0.056646,-0.61651
-0.61804,-0.027128,0.78568,0.026875,0.99809,0.055603,-0.78569,0.05548,-0.61613
-0.61764,-0.026778,0.786,0.02661,0.99814,0.054914,-0.78601,0.054833,-0.61578
-0.61717,-0.027357,0.78636,0.026048,0.99814,0.055169,-0.7864,0.054531,-0.6153
-0.6167,-0.028252,0.78669,0.027051,0.998,0.057047,-0.78673,0.056461,-0.61471
-0.61607,-0.028602,0.78717,0.027848,0.99792,0.058055,-0.7872,0.057687,-0.614
-0.61559,-0.028098,0.78757,0.028646,0.99791,0.057992,-0.78755,0.05826,-0.6135
-0.61502,-0.026664,0.78806,0.029587,0.99794,0.056855,-0.78796,0.058283,-0.61296
-0.61428,-0.025934,0.78866,0.02957,0.998,0.055849,-0.78854,0.057628,-0.61228
-0.61352,-0.024658,0.7893,0.029927,0.99807,0.054443,-0.78911,0.057023,-0.6116
-0.61283,-0.024587,0.78983,0.029914,0.99808,0.054279,-0.78965,0.056891,-0.61092
-0.6122,-0.023494,0.79036,0.030547,0.99811,0.053331,-0.79012,0.056792,-0.61032
-0.61141,-0.022974,0.79098,0.030868,0.99813,0.05285,-0.79071,0.056729,-0.60955
-0.61064,-0.024777,0.79152,0.029324,0.99812,0.053868,-0.79136,0.056104,-0.60877
-0.6101,-0.026033,0.79189,0.027251,0.99818,0.053809,-0.79185,0.054409,-0.60828
-0.60961,-0.025749,0.79229,0.026846,0.99823,0.053099,-0.79225,0.05364,-0.60783
-0.60895,-0.024344,0.79284,0.028174,0.99823,0.05229,-0.79271,0.054179,-0.60719
-0.60823,-0.022454,0.79345,0.029858,0.99825,0.051137,-0.7932,0.054793,-0.60649
-0.60787,-0.022565,0.79372,0.029877,0.99824,0.051262,-0.79348,0.054874,-0.60612
-0.6079,-0.024285,0.79364,0.029232,0.99817,0.052933,-0.79348,0.055378,-0.60607
-0.60808,-0.026199,0.79345,0.02722,0.99818,0.053819,-0.79341,0.054324,-0.60626
-0.60826,-0.026319,0.7933,0.025982,0.99825,0.053041,-0.79331,0.052875,-0.60652
-0.60816,-0.02464,0.79343,0.025715,0.99838,0.050716,-0.7934,0.051246,-0.60654
-0.6077,-0.024938,0.79377,0.026819,0.99829,0.051896,-0.79371,0.052826,-0.606
-0.60702,-0.024728,0.79431,0.029305,0.99814,0.053468,-0.79415,0.055733,-0.60516
-0.60646,-0.02383,0.79476,0.03164,0.99804,0.054069,-0.79448,0.057937,-0.60451
-0.60591,-0.022103,0.79522,0.033171,0.99804,0.053014,-0.79484,0.0585,-0.60399
-0.60539,-0.019875,0.79568,0.033227,0.99819,0.050213,-0.79524,0.056836,-0.60363
-0.60475,-0.018068,0.79621,0.033496,0.99828,0.048094,-0.79571,0.055755,-0.6031
-0.60375,-0.017533,0.79698,0.034338,0.99826,0.047974,-0.79643,0.056331,-0.6021
-0.60281,-0.018858,0.79766,0.034648,0.99816,0.049783,-0.79713,0.057647,-0.60105
-0.60202,-0.019785,0.79824,0.034178,0.99814,0.050516,-0.79775,0.057693,-0.60022
-0.60118,-0.019584,0.79887,0.033739,0.99819,0.04986,-0.7984,0.056928,-0.59943
-0.60042,-0.020039,0.79943,0.032921,0.99822,0.049747,-0.79901,0.056187,-0.59869
-0.59961,-0.020431,0.80003,0.03264,0.99822,0.049956,-0.79963,0.056068,-0.59788
-0.59875,-0.019694,0.80069,0.032656,0.99827,0.048974,-0.80027,0.055471,-0.59707
-0.59791,-0.019614,0.80133,0.031566,0.99835,0.047989,-0.80094,0.053987,-0.5963
-0.59744,-0.019034,0.80169,0.032773,0.9983,0.048125,-0.80125,0.055026,-0.5958
-0.59697,-0.019404,0.80203,0.03277,0.99828,0.048544,-0.80159,0.055262,-0.59531
-0.5969,-0.020586,0.80205,0.032018,0.99826,0.04945,-0.80167,0.055197,-0.59521
-0.59711,-0.022166,0.80185,0.030513,0.99827,0.050318,-0.80158,0.054513,-0.5954
-0.59747,-0.022249,0.80159,0.029125,0.99835,0.049418,-0.80137,0.052872,-0.59583
-0.59771,-0.021693,0.80142,0.028319,0.99844,0.048147,-0.80121,0.051473,-0.59616
-0.59812,-0.021683,0.80111,0.028239,0.99844,0.048108,-0.80091,0.051397,-0.59658
-0.59865,-0.0212,0.80073,0.029139,0.99841,0.048219,-0.80048,0.052198,-0.59708
-0.59921,-0.020524,0.80033,0.030303,0.99837,0.048291,-0.80002,0.053189,-0.59762
-0.59973,-0.02016,0.79995,0.031001,0.99835,0.048403,-0.7996,0.053828,-0.59812
-0.60028,-0.021244,0.79951,0.031318,0.99826,0.050039,-0.79918,0.055076,-0.59857
-0.60063,-0.02189,0.79923,0.030661,0.99826,0.050384,-0.79894,0.054767,-0.59891
-0.60069,-0.020385,0.79922,0.029563,0.99842,0.047685,-0.79893,0.052271,-0.59914
-0.60061,-0.018764,0.79932,0.029243,0.99854,0.045413,-0.79901,0.05065,-0.59918
-0.6003,-0.017605,0.79958,0.029642,0.99858,0.044241,-0.79922,0.050259,-0.59893
-0.59992,-0.017985,0.79986,0.030106,0.99853,0.045032,-0.7995,0.051096,-0.59849
-0.59939,-0.018455,0.80025,0.030141,0.9985,0.045602,-0.79989,0.051453,-0.59793
-0.59881,-0.018412,0.80068,0.030845,0.99846,0.046028,-0.8003,0.052259,-0.59732
-0.59793,-0.018149,0.80134,0.032202,0.99839,0.04664,-0.8009,0.053693,-0.59639
-0.59696,-0.017736,0.80207,0.0332,0.99835,0.046786,-0.80158,0.054558,-0.59539
-0.59576,-0.017586,0.80297,0.033626,0.99834,0.046814,-0.80245,0.05489,-0.59418
-0.59462,-0.017892,0.80381,0.033874,0.99831,0.04728,-0.80329,0.055341,-0.59301
-0.59348,-0.017712,0.80465,0.034435,0.99828,0.047372,-0.80411,0.055823,-0.59185
-0.59234,-0.017952,0.80549,0.034492,0.99827,0.047613,-0.80495,0.055986,-0.59069
-0.59127,-0.019447,0.80624,0.033927,0.99822,0.048959,-0.80576,0.056302,-0.58956
-0.5902,-0.020475,0.807,0.033391,0.9982,0.049747,-0.80656,0.056307,-0.58846
-0.58929,-0.020458,0.80766,0.031985,0.9983,0.048624,-0.80729,0.054487,-0.58764
-0.5885,-0.020569,0.80823,0.031746,0.99832,0.048522,-0.80787,0.054213,-0.58686
-0.58775,-0.020219,0.80879,0.032777,0.99827,0.048774,-0.80838,0.055177,-0.58607
-0.58737,-0.020613,0.80905,0.032841,0.99825,0.049275,-0.80865,0.055513,-0.58567
-0.58743,-0.020707,0.80901,0.032932,0.99823,0.049462,-0.80861,0.055698,-0.58571
-0.58764,-0.023785,0.80878,0.031501,0.99814,0.052242,-0.80851,0.056177,-0.58579
-0.58793,-0.024525,0.80854,0.030167,0.99818,0.052213,-0.80835,0.055089,-0.58612
-0.58815,-0.025319,0.80836,0.028695,0.99823,0.052144,-0.80824,0.053864,-0.58638
-0.58807,-0.024306,0.80845,0.027975,0.99834,0.050364,-0.80833,0.052233,-0.58641
-0.58762,-0.024924,0.80875,0.027586,0.99833,0.05081,-0.80866,0.052168,-0.58595
-0.58717,-0.026623,0.80902,0.02691,0.99826,0.052381,-0.80901,0.052527,-0.58544
-0.58682,-0.02557,0.80931,0.026589,0.99835,0.050823,-0.80928,0.051343,-0.58518
-0.58643,-0.024228,0.80964,0.026897,0.99842,0.049359,-0.80955,0.050722,-0.58485
-0.58607,-0.023862,0.80991,0.028704,0.99833,0.050184,-0.80975,0.052659,-0.58441
-0.58586,-0.025263,0.81002,0.029367,0.9982,0.052373,-0.80988,0.054471,-0.58406
-0.58577,-0.026641,0.81004,0.029933,0.99807,0.054471,-0.80992,0.056154,-0.58384
-0.58553,-0.027404,0.81019,0.029417,0.99805,0.055018,-0.81012,0.056048,-0.58358
-0.58501,-0.029104,0.8105,0.028822,0.99798,0.05664,-0.81051,0.056495,-0.58299
-0.58421,-0.027893,0.81112,0.029518,0.99802,0.05558,-0.81107,0.056413,-0.58223
-0.58309,-0.026048,0.81199,0.03143,0.99801,0.054585,-0.8118,0.057348,-0.58111
-0.58167,-0.024667,0.81305,0.033787,0.99794,0.054448,-0.81273,0.059141,-0.57964
-0.58019,-0.024647,0.81411,0.034953,0.99787,0.05512,-0.81373,0.060435,-0.57809
-0.57889,-0.025884,0.81499,0.035231,0.99777,0.056713,-0.81464,0.061544,-0.57669
-0.57776,-0.02631,0.81578,0.035654,0.99771,0.057428,-0.81543,0.062266,-0.5755
-0.57656,-0.027168,0.8166,0.035905,0.99764,0.058542,-0.81626,0.063073,-0.57423
-0.57549,-0.02818,0.81733,0.035029,0.99764,0.059061,-0.81706,0.062619,-0.57314
-0.57441,-0.028474,0.81808,0.033819,0.99772,0.058473,-0.81787,0.061254,-0.57213
-0.57325,-0.028674,0.81888,0.03329,0.99775,0.058243,-0.8187,0.060648,-0.57101
-0.57219,-0.028908,0.81961,0.033559,0.99772,0.058618,-0.81943,0.061046,-0.56991
-0.57099,-0.0287,0.82045,0.033958,0.99771,0.058534,-0.82025,0.061284,-0.56871
-0.56995,-0.027811,0.82121,0.034687,0.99772,0.057864,-0.82095,0.061465,-0.56769
-0.56904,-0.029091,0.8218,0.034546,0.99765,0.059236,-0.82159,0.062097,-0.56669
-0.56826,-0.029329,0.82232,0.035659,0.99755,0.060221,-0.82207,0.063544,-0.56582
-0.56747,-0.029871,0.82285,0.035274,0.99754,0.060538,-0.82264,0.063379,-0.56502
-0.56675,-0.030576,0.82332,0.034537,0.99755,0.060821,-0.82317,0.062905,-0.56431
-0.5661,-0.030349,0.82378,0.034191,0.9976,0.060249,-0.82363,0.062273,-0.5637
-0.56556,-0.030677,0.82414,0.032994,0.99767,0.059779,-0.82405,0.061,-0.56322
-0.56506,-0.030862,0.82447,0.032624,0.99768,0.059706,-0.8244,0.060635,-0.56275
-0.56466,-0.029912,0.82478,0.033306,0.9977,0.058986,-0.82465,0.060777,-0.56237
-0.56427,-0.027853,0.82512,0.034427,0.99777,0.057224,-0.82487,0.060696,-0.56205
-0.56399,-0.028266,0.8253,0.035148,0.99769,0.05819,-0.82503,0.061826,-0.56169
-0.56367,-0.030428,0.82544,0.036031,0.99746,0.061374,-0.82522,0.064336,-0.56114
-0.56353,-0.031952,0.82547,0.034473,0.99747,0.062144,-0.82537,0.063477,-0.56101
-0.56342,-0.02713,0.82573,0.031791,0.99801,0.054482,-0.82556,0.056947,-0.56143
-0.56334,-0.023506,0.82589,0.030814,0.9983,0.049431,-0.82565,0.053296,-0.56166
-0.56323,-0.027879,0.82583,0.029464,0.99812,0.05379,-0.82578,0.054628,-0.56135
-0.56305,-0.033591,0.82574,0.029757,0.9977,0.060877,-0.82588,0.058848,-0.56076
-0.56283,-0.034948,0.82583,0.030627,0.99754,0.063088,-0.826,0.060801,-0.56038
-0.56242,-0.033843,0.82616,0.031972,0.99752,0.062629,-0.82623,0.061637,-0.55995
-0.56188,-0.032796,0.82657,0.033319,0.99751,0.062227,-0.82655,0.062505,-0.55939
-0.56132,-0.033876,0.82691,0.033425,0.99742,0.063552,-0.82692,0.063312,-0.55874
-0.56069,-0.035288,0.82727,0.03257,0.99738,0.064618,-0.82739,0.063175,-0.55807
-0.56006,-0.036102,0.82766,0.031996,0.99736,0.065155,-0.82783,0.062972,-0.55743
-0.55913,-0.033795,0.82839,0.032447,0.99751,0.062595,-0.82844,0.061877,-0.55664
-0.55823,-0.033257,0.82902,0.033046,0.99751,0.062269,-0.82903,0.062156,-0.55575
-0.55712,-0.033207,0.82977,0.033991,0.99745,0.062739,-0.82974,0.063157,-0.55457
-0.55618,-0.033415,0.83039,0.034235,0.99742,0.063067,-0.83036,0.063505,-0.5536
-0.55534,-0.032638,0.83098,0.034566,0.99746,0.062277,-0.83091,0.063309,-0.5528
-0.55434,-0.032487,0.83166,0.034329,0.9975,0.061848,-0.83158,0.062835,-0.55184
-0.55355,-0.034502,0.8321,0.033669,0.9974,0.063754,-0.83213,0.063307,-0.55095
-0.55285,-0.034371,0.83257,0.034487,0.99735,0.064074,-0.83256,0.064137,-0.5502
-0.55208,-0.036112,0.83301,0.034438,0.99722,0.066055,-0.83308,0.065154,-0.5493
-0.55137,-0.03998,0.8333,0.034376,0.99691,0.070575,-0.83355,0.067559,-0.5483
-0.55074,-0.042958,0.83357,0.032454,0.99682,0.072813,-0.83405,0.067154,-0.54759
-0.55041,-0.044097,0.83373,0.031391,0.99681,0.073446,-0.8343,0.066597,-0.54727
-0.55025,-0.041287,0.83398,0.032485,0.99696,0.070789,-0.83437,0.066043,-0.54724
-0.55011,-0.038548,0.8342,0.035283,0.99697,0.069337,-0.83435,0.067577,-0.54708
-0.55009,-0.037593,0.83426,0.036911,0.99692,0.06926,-0.83429,0.068892,-0.547
-0.55009,-0.03776,0.83425,0.036189,0.99696,0.068987,-0.83432,0.068139,-0.54705
-0.55015,-0.040231,0.8341,0.032476,0.99705,0.069511,-0.83443,0.065329,-0.54722
-0.55038,-0.039479,0.83398,0.030883,0.99724,0.067589,-0.83434,0.062956,-0.54764
-0.55036,-0.038222,0.83405,0.032374,0.99722,0.067061,-0.8343,0.063909,-0.54759
-0.55025,-0.038016,0.83414,0.035229,0.99702,0.068678,-0.83426,0.067175,-0.54727
-0.54998,-0.036569,0.83438,0.037448,0.99696,0.068378,-0.83434,0.068852,-0.54693
-0.54975,-0.035148,0.83459,0.038587,0.99698,0.067405,-0.83444,0.069261,-0.54674
-0.54952,-0.035208,0.83474,0.038865,0.99695,0.067635,-0.83458,0.069609,-0.54648
-0.54914,-0.03569,0.83497,0.038968,0.99691,0.06824,-0.83482,0.07001,-0.54605
-0.54858,-0.035524,0.83534,0.038862,0.99693,0.067918,-0.83519,0.069722,-0.54552
-0.54799,-0.034686,0.83577,0.038212,0.99706,0.066434,-0.83561,0.068341,-0.54505
-0.54741,-0.034612,0.83615,0.037811,0.9971,0.066029,-0.83601,0.067761,-0.54451
-0.54685,-0.035177,0.83649,0.038009,0.99704,0.066777,-0.83637,0.068311,-0.5439
-0.54632,-0.036952,0.83676,0.037933,0.99691,0.06879,-0.83672,0.069322,-0.54323
-0.5458,-0.03898,0.83701,0.037246,0.9968,0.070709,-0.83709,0.069769,-0.5426
-0.54558,-0.040454,0.83708,0.035519,0.99682,0.071324,-0.83731,0.068645,-0.54241
-0.54523,-0.038895,0.83739,0.034589,0.99703,0.068831,-0.83757,0.066493,-0.54226
-0.54484,-0.038225,0.83767,0.033381,0.99718,0.067216,-0.83787,0.064584,-0.54203
-0.54446,-0.037963,0.83793,0.034277,0.99713,0.067449,-0.83809,0.065445,-0.54159
-0.54411,-0.038009,0.83815,0.035482,0.99704,0.068249,-0.83826,0.066874,-0.54115
-0.54374,-0.036752,0.83845,0.036229,0.99708,0.067199,-0.83847,0.066915,-0.54082
-0.54358,-0.036122,0.83858,0.037595,0.99702,0.067317,-0.83852,0.068118,-0.5406
-0.5433,-0.036225,0.83875,0.0393,0.99688,0.068511,-0.83862,0.070185,-0.54018
-0.54293,-0.03403,0.83909,0.04171,0.99685,0.067417,-0.83874,0.071601,-0.5398
-0.54225,-0.033799,0.83954,0.04269,0.99679,0.067703,-0.83913,0.072551,-0.53906
-0.54164,-0.035139,0.83988,0.04191,0.99675,0.068731,-0.83957,0.072426,-0.53841
-0.54096,-0.036308,0.84027,0.038451,0.99696,0.067833,-0.84017,0.069004,-0.53791
-0.54044,-0.039455,0.84046,0.033492,0.9971,0.068345,-0.84072,0.065085,-0.53755
-0.53978,-0.040083,0.84085,0.03016,0.9973,0.066902,-0.84127,0.061472,-0.53711
-0.53894,-0.039301,0.84142,0.028072,0.99752,0.064572,-0.84187,0.058421,-0.5365
-0.53794,-0.038056,0.84212,0.029587,0.99751,0.063979,-0.84246,0.059333,-0.53547
-0.5368,-0.038572,0.84283,0.031144,0.99737,0.06548,-0.84314,0.061399,-0.53418
-0.53558,-0.038473,0.84361,0.032977,0.99725,0.066417,-0.84384,0.063391,-0.53284
-0.53453,-0.038412,0.84428,0.034362,0.99715,0.067122,-0.84445,0.06489,-0.53168
-0.53357,-0.036873,0.84495,0.033981,0.99731,0.06498,-0.84507,0.063384,-0.53088
-0.53284,-0.03505,0.84549,0.03359,0.99748,0.06252,-0.84555,0.061713,-0.53032
-0.53211,-0.033743,0.846,0.034841,0.99749,0.061698,-0.84596,0.062306,-0.52959
-0.53114,-0.034974,0.84656,0.037041,0.99723,0.064438,-0.84648,0.065583,-0.52837
-0.53048,-0.038068,0.84684,0.037889,0.99693,0.06855,-0.84685,0.06845,-0.52741
-0.52966,-0.039544,0.84729,0.036564,0.99692,0.069384,-0.84742,0.06773,-0.52658
-0.52914,-0.042502,0.84747,0.031724,0.99706,0.069812,-0.84794,0.063826,-0.52623
-0.52883,-0.043297,0.84762,0.027997,0.99726,0.068408,-0.84827,0.059907,-0.52617
-0.5285,-0.043076,0.84784,0.026795,0.99737,0.067375,-0.84851,0.058326,-0.52596
-0.52816,-0.041639,0.84812,0.026795,0.99748,0.065659,-0.84872,0.057404,-0.52572
-0.528,-0.040151,0.8483,0.027906,0.99752,0.064583,-0.84879,0.057772,-0.52557
-0.52787,-0.038864,0.84843,0.029566,0.99751,0.064088,-0.84881,0.058915,-0.52541
-0.5278,-0.037066,0.84856,0.032918,0.9974,0.064042,-0.84873,0.061734,-0.52521
-0.52757,-0.036655,0.84872,0.034842,0.99729,0.06473,-0.8488,0.063721,-0.52487
-0.52737,-0.039356,0.84873,0.034022,0.99715,0.067378,-0.84896,0.064408,-0.52452
-0.52714,-0.039181,0.84888,0.033805,0.99718,0.067018,-0.84911,0.064024,-0.52432
-0.52638,-0.035626,0.8495,0.035067,0.99736,0.063555,-0.84952,0.063244,-0.52375
-0.52538,-0.031018,0.8503,0.039186,0.99739,0.060596,-0.84997,0.065155,-0.52279
-0.52382,-0.029236,0.85132,0.040771,0.9974,0.059339,-0.85085,0.065793,-0.52127
-0.52298,-0.030857,0.85178,0.041688,0.99722,0.061721,-0.85132,0.067788,-0.52024
-0.5221,-0.028897,0.85239,0.042111,0.99733,0.059605,-0.85184,0.067015,-0.5195
-0.5214,-0.034929,0.8526,0.039049,0.99714,0.064731,-0.85242,0.067043,-0.51854
-0.52095,-0.0393,0.85268,0.037866,0.99689,0.069082,-0.85275,0.068276,-0.51784
-0.52028,-0.03977,0.85307,0.039088,0.99676,0.070308,-0.8531,0.069925,-0.51704
-0.51923,-0.037451,0.85381,0.040011,0.99688,0.068058,-0.8537,0.069499,-0.51611
-0.51824,-0.034653,0.85454,0.040237,0.99708,0.064836,-0.85429,0.067984,-0.51533
-0.51727,-0.034979,0.85511,0.039456,0.99713,0.064655,-0.85492,0.067183,-0.5144
-0.5164,-0.035755,0.8556,0.039494,0.99707,0.065503,-0.85543,0.067617,-0.51348
-0.51549,-0.036105,0.85614,0.039578,0.99704,0.065877,-0.85598,0.067843,-0.51253
-0.51464,-0.037372,0.85659,0.039249,0.99698,0.067078,-0.85651,0.068142,-0.51162
-0.51385,-0.038591,0.85701,0.039384,0.99687,0.068502,-0.85698,0.068952,-0.51072
-0.51303,-0.038372,0.85751,0.039119,0.99692,0.068014,-0.85748,0.068438,-0.50994
-0.51215,-0.03677,0.85811,0.03949,0.99702,0.066292,-0.85799,0.067838,-0.50917
-0.5112,-0.036335,0.85869,0.039215,0.99708,0.065536,-0.85857,0.067176,-0.50828
-0.51032,-0.037566,0.85916,0.038205,0.99707,0.066289,-0.85913,0.066653,-0.50739
-0.50955,-0.037814,0.85961,0.038248,0.99705,0.066533,-0.85959,0.06678,-0.5066
-0.50866,-0.036133,0.86021,0.039155,0.99711,0.065036,-0.86008,0.066763,-0.50578
-0.50758,-0.034978,0.8609,0.038645,0.99725,0.063302,-0.86074,0.0654,-0.50483
-0.5066,-0.034854,0.86148,0.03823,0.99729,0.06283,-0.86133,0.064764,-0.50389
-0.5058,-0.033892,0.86199,0.038569,0.99734,0.061845,-0.86179,0.064527,-0.50315
-0.50492,-0.03309,0.86253,0.03884,0.99738,0.061,-0.86229,0.0643,-0.50231
-0.50418,-0.033008,0.86297,0.039237,0.99736,0.061072,-0.86271,0.064652,-0.50156
-0.50338,-0.033461,0.86342,0.039411,0.99732,0.061628,-0.86317,0.06505,-0.50071
-0.50271,-0.033891,0.86379,0.039036,0.99732,0.061849,-0.86357,0.064812,-0.50004
-0.50235,-0.035256,0.86395,0.037856,0.99731,0.06271,-0.86384,0.064208,-0.49967
-0.50218,-0.035581,0.86403,0.036799,0.99737,0.062459,-0.86398,0.063161,-0.49955
-0.5023,-0.035817,0.86395,0.035556,0.99744,0.062023,-0.86396,0.061873,-0.49974
-0.50259,-0.036832,0.86374,0.035373,0.99738,0.063114,-0.8638,0.062274,-0.49997
-0.50286,-0.036641,0.86359,0.035775,0.99736,0.063148,-0.86363,0.06265,-0.50023
-0.50302,-0.03511,0.86356,0.036225,0.99744,0.061653,-0.86352,0.062295,-0.50046
-0.50313,-0.035991,0.86346,0.036805,0.99733,0.063017,-0.86343,0.063486,-0.50047
-0.50331,-0.035553,0.86338,0.037874,0.99729,0.063146,-0.86328,0.064482,-0.5006
-0.50349,-0.032745,0.86338,0.038772,0.99742,0.060439,-0.86313,0.063906,-0.50092
-0.50365,-0.033307,0.86327,0.038994,0.99736,0.061231,-0.86303,0.064501,-0.50102
-0.5038,-0.035266,0.8631,0.038071,0.99729,0.062971,-0.86298,0.064584,-0.50109
-0.5039,-0.035041,0.86305,0.038297,0.99729,0.062851,-0.86291,0.064723,-0.50119
-0.50371,-0.033058,0.86324,0.039334,0.99735,0.061146,-0.86298,0.064755,-0.50107
-0.50312,-0.03041,0.86368,0.040715,0.99744,0.058838,-0.86326,0.064767,-0.50059
-0.50249,-0.03103,0.86403,0.041429,0.99734,0.059911,-0.86359,0.0659,-0.49987
-0.50201,-0.03281,0.86424,0.041468,0.99722,0.061946,-0.86387,0.066936,-0.49925
-0.50178,-0.036168,0.86424,0.041434,0.99697,0.065779,-0.864,0.068815,-0.49876
-0.50167,-0.037432,0.86425,0.041279,0.99689,0.067138,-0.86408,0.069356,-0.49856
-0.5014,-0.037613,0.8644,0.040434,0.99694,0.066835,-0.86427,0.068462,-0.49835
-0.50113,-0.036643,0.8646,0.039345,0.99711,0.065063,-0.86448,0.066622,-0.49824
-0.50081,-0.035949,0.86481,0.039135,0.99717,0.064114,-0.86467,0.065953,-0.49799
-0.50024,-0.03608,0.86513,0.039541,0.99714,0.064448,-0.86498,0.066448,-0.49738
-0.49948,-0.035153,0.86561,0.0399,0.99718,0.06352,-0.86541,0.066264,-0.49667
-0.49855,-0.033787,0.8662,0.040537,0.99724,0.062229,-0.86591,0.066137,-0.4958
-0.49787,-0.032372,0.86665,0.041024,0.99731,0.06082,-0.86628,0.065834,-0.4952
-0.49703,-0.032633,0.86712,0.041262,0.99727,0.061181,-0.86675,0.066188,-0.49432
-0.49633,-0.033414,0.86749,0.041945,0.99717,0.062408,-0.86712,0.067363,-0.49353
-0.4957,-0.033231,0.86786,0.042209,0.99717,0.06229,-0.86747,0.067508,-0.49289
-0.49512,-0.033719,0.86817,0.042472,0.99711,0.062949,-0.86779,0.06804,-0.49226
-0.49446,-0.035041,0.86849,0.041685,0.99708,0.063962,-0.8682,0.067829,-0.49156
-0.49368,-0.034781,0.86895,0.041654,0.99711,0.063576,-0.86864,0.067581,-0.49081
-0.49279,-0.034586,0.86946,0.04251,0.99706,0.063755,-0.86911,0.068379,-0.48987
-0.49142,-0.033766,0.87027,0.043155,0.99708,0.063056,-0.86985,0.068544,-0.48853
-0.48979,-0.032149,0.87124,0.043399,0.99718,0.061194,-0.87076,0.067783,-0.48702
-0.48823,-0.030935,0.87217,0.043279,0.99728,0.0596,-0.87164,0.066845,-0.48556
-0.48665,-0.029128,0.87311,0.043635,0.99739,0.057594,-0.87251,0.066126,-0.4841
-0.48521,-0.028658,0.87393,0.043922,0.9974,0.057092,-0.8733,0.066086,-0.48269
-0.48398,-0.029375,0.87459,0.04406,0.99735,0.05788,-0.87397,0.066547,-0.4814
-0.48304,-0.030699,0.87506,0.042741,0.99737,0.058583,-0.87456,0.065698,-0.48045
-0.4825,-0.030154,0.87538,0.041497,0.9975,0.057234,-0.87491,0.063941,-0.48004
-0.48187,-0.02892,0.87576,0.040542,0.99765,0.055252,-0.8753,0.062129,-0.47957
-0.48126,-0.027857,0.87613,0.040229,0.99774,0.053822,-0.87565,0.061149,-0.47906
-0.48069,-0.026587,0.87649,0.041273,0.99775,0.052901,-0.87592,0.061604,-0.47851
-0.48006,-0.026797,0.87683,0.041897,0.99769,0.053429,-0.87624,0.062386,-0.47783
-0.47959,-0.027045,0.87708,0.042372,0.99765,0.053931,-0.87647,0.063028,-0.47731
-0.47896,-0.02763,0.8774,0.041985,0.99764,0.054336,-0.87683,0.062862,-0.47667
-0.47834,-0.028824,0.8777,0.041316,0.99762,0.055278,-0.8772,0.062705,-0.476
-0.47772,-0.029877,0.878,0.040939,0.99758,0.056221,-0.87756,0.062802,-0.47534
-0.47708,-0.030798,0.87832,0.040742,0.99754,0.057109,-0.87791,0.063031,-0.47465
-0.47642,-0.032435,0.87862,0.041626,0.99737,0.059389,-0.87823,0.064867,-0.47381
-0.47576,-0.031554,0.87901,0.042523,0.99736,0.058818,-0.87855,0.065361,-0.47316
-0.47507,-0.028867,0.87947,0.042133,0.99757,0.055502,-0.87894,0.063422,-0.4727
-0.47437,-0.024067,0.88,0.041595,0.9979,0.049713,-0.87934,0.060186,-0.47237
-0.4736,-0.018168,0.88055,0.041723,0.9982,0.043037,-0.87975,0.057122,-0.47199
-0.47271,-0.017144,0.88105,0.042111,0.99823,0.042019,-0.88021,0.056965,-0.47116
-0.472,-0.019494,0.88138,0.04262,0.99808,0.0449,-0.88057,0.058757,-0.47027
-0.47141,-0.020468,0.88168,0.042318,0.99805,0.045796,-0.8809,0.058899,-0.46962
-0.47105,-0.023402,0.8818,0.041828,0.99793,0.048828,-0.88112,0.059884,-0.46909
-0.47069,-0.025233,0.88194,0.041412,0.99786,0.050651,-0.88133,0.060363,-0.46864
-0.47023,-0.025433,0.88218,0.041851,0.99782,0.051075,-0.88155,0.060937,-0.46814
-0.46978,-0.025482,0.88242,0.042019,0.9978,0.051184,-0.88178,0.061124,-0.46768
-0.46917,-0.024476,0.88277,0.041995,0.99787,0.049987,-0.88211,0.060524,-0.46715
-0.46864,-0.023663,0.88307,0.041674,0.99794,0.048857,-0.88241,0.059697,-0.46668
-0.46818,-0.022015,0.88336,0.041696,0.99803,0.046971,-0.88265,0.058823,-0.46633
-0.46757,-0.020993,0.88371,0.042259,0.99804,0.046068,-0.88295,0.058885,-0.46577
-0.46704,-0.021774,0.88397,0.042293,0.998,0.046928,-0.88322,0.059303,-0.46519
-0.46642,-0.022719,0.88427,0.041847,0.99798,0.047714,-0.88357,0.059259,-0.46453
-0.46599,-0.022333,0.88451,0.041787,0.99801,0.047214,-0.8838,0.058962,-0.46413
-0.46554,-0.022588,0.88474,0.041685,0.99801,0.047413,-0.88405,0.058953,-0.46367
-0.46493,-0.021383,0.88509,0.04229,0.99803,0.046327,-0.88434,0.058969,-0.46311
-0.46428,-0.019807,0.88547,0.042646,0.99809,0.044688,-0.88466,0.05851,-0.46255
-0.46377,-0.018103,0.88577,0.043072,0.99815,0.042951,-0.88491,0.058071,-0.46213
-0.46337,-0.017744,0.88599,0.043068,0.99817,0.042515,-0.88512,0.057858,-0.46175
-0.46281,-0.018503,0.88626,0.042575,0.99816,0.043072,-0.88543,0.057667,-0.46117
-0.46224,-0.020397,0.88652,0.042515,0.99808,0.045131,-0.88573,0.058552,-0.46049
-0.46168,-0.019652,0.88683,0.043958,0.99802,0.045,-0.88595,0.059759,-0.45991
-0.46101,-0.018042,0.88721,0.04443,0.99807,0.043383,-0.88628,0.059418,-0.45932
-0.46041,-0.018121,0.88752,0.044099,0.99809,0.043255,-0.88661,0.059053,-0.45873
-0.45999,-0.018557,0.88773,0.043175,0.99813,0.043236,-0.88688,0.058215,-0.45833
-0.45946,-0.017777,0.88802,0.042568,0.99821,0.042008,-0.88718,0.057102,-0.45788
-0.45886,-0.015494,0.88838,0.041863,0.99836,0.039035,-0.88752,0.055102,-0.45746
-0.45842,-0.013949,0.88862,0.041638,0.99844,0.037153,-0.88776,0.054032,-0.45713
-0.45793,-0.014596,0.88887,0.041791,0.99841,0.037924,-0.88801,0.054513,-0.45659
-0.45748,-0.015393,0.88909,0.042956,0.9983,0.039387,-0.88818,0.05621,-0.45604
-0.45702,-0.016388,0.8893,0.043101,0.99825,0.040546,-0.88841,0.05686,-0.45552
-0.45661,-0.015326,0.88954,0.042421,0.99834,0.038976,-0.88866,0.055532,-0.4552
-0.45614,-0.014151,0.8898,0.0416,0.99844,0.037204,-0.88894,0.053985,-0.45484
-0.4558,-0.013511,0.88998,0.041466,0.99848,0.036395,-0.88912,0.053493,-0.45455
-0.45532,-0.012454,0.89024,0.041766,0.9985,0.03533,-0.88935,0.053268,-0.45412
-0.45475,-0.012448,0.89053,0.041975,0.99849,0.035392,-0.88963,0.053475,-0.45354
-0.45425,-0.013078,0.89078,0.042582,0.99843,0.036373,-0.88986,0.054454,-0.45298
-0.45367,-0.013721,0.89107,0.042603,0.9984,0.037065,-0.89015,0.054777,-0.45236
-0.45315,-0.013638,0.89133,0.042175,0.99844,0.036718,-0.89044,0.054231,-0.45186
-0.45271,-0.013904,0.89155,0.041797,0.99845,0.036795,-0.89068,0.053922,-0.45143
-0.45222,-0.012823,0.89181,0.042087,0.99848,0.035698,-0.89091,0.053677,-0.45099
-0.45166,-0.013306,0.89209,0.041706,0.99848,0.036009,-0.89121,0.053469,-0.45042
-0.45124,-0.013088,0.89231,0.041728,0.99849,0.035748,-0.89143,0.053365,-0.45001
-0.45067,-0.012605,0.8926,0.041727,0.99851,0.035169,-0.89171,0.053095,-0.44947
-0.45016,-0.012026,0.89287,0.042061,0.99851,0.034655,-0.89196,0.053156,-0.44898
-0.44939,-0.010212,0.89328,0.043085,0.99852,0.033091,-0.8923,0.053358,-0.44828
-0.44851,-0.009481,0.89373,0.043524,0.99853,0.032435,-0.89272,0.053446,-0.44743
-0.44755,-0.0080303,0.89422,0.043592,0.99858,0.030785,-0.89319,0.052759,-0.44657
-0.44682,-0.0074284,0.8946,0.043401,0.99861,0.029969,-0.89357,0.052217,-0.44587
-0.44612,-0.006109,0.89495,0.042982,0.99868,0.028243,-0.89394,0.051067,-0.44527
-0.44538,-0.0062965,0.89532,0.042046,0.99872,0.02794,-0.89435,0.050089,-0.44455
-0.44474,-0.0067971,0.89563,0.041162,0.99876,0.02802,-0.89471,0.049328,-0.44391
-0.44401,-0.007494,0.89599,0.040568,0.99877,0.028457,-0.8951,0.048984,-0.44316
-0.44318,-0.0073316,0.8964,0.040648,0.99877,0.028265,-0.89551,0.048964,-0.44234
-0.44232,-0.0079284,0.89682,0.040833,0.99875,0.028969,-0.89593,0.049434,-0.44144
-0.44155,-0.0077579,0.8972,0.041094,0.99874,0.02886,-0.89629,0.049612,-0.44067
-0.44081,-0.0068649,0.89757,0.042067,0.99871,0.028298,-0.89661,0.050232,-0.43996
-0.44002,-0.0066755,0.89796,0.042603,0.99869,0.028301,-0.89698,0.050709,-0.43916
-0.43925,-0.0065087,0.89834,0.043446,0.99865,0.028479,-0.89731,0.051539,-0.43838
-0.43838,-0.0049299,0.89878,0.043734,0.99868,0.026809,-0.89773,0.05106,-0.43758
-0.43757,-0.0041134,0.89918,0.043853,0.9987,0.025909,-0.89812,0.050769,-0.43682
-0.43674,-0.0031025,0.89958,0.04375,0.99874,0.024685,-0.89852,0.050137,-0.43605
-0.43589,-0.0015743,0.9,0.044713,0.99873,0.023402,-0.89889,0.050443,-0.43526
-0.43504,-0.0011593,0.90041,0.045169,0.99871,0.02311,-0.89928,0.050725,-0.43443
-0.4344,-0.0020522,0.90072,0.044602,0.99872,0.023786,-0.89962,0.050506,-0.43375
-0.43394,-0.001843,0.90094,0.043856,0.99877,0.023166,-0.89987,0.049564,-0.43333
-0.43344,-0.0013434,0.90118,0.043575,0.9988,0.022447,-0.90013,0.048998,-0.43286
-0.43295,7.4053e-05,0.90142,0.04316,0.99885,0.020647,-0.90039,0.047844,-0.43246
-0.43233,0.0014011,0.90171,0.042865,0.9989,0.019,-0.90069,0.046867,-0.43192
-0.4318,0.0018936,0.90197,0.043108,0.9989,0.01854,-0.90094,0.046888,-0.43141
-0.4312,0.0017954,0.90225,0.043094,0.9989,0.018608,-0.90123,0.046906,-0.4308
-0.43072,0.00015172,0.90248,0.042465,0.9989,0.020099,-0.90148,0.046982,-0.43025
-0.43027,0.00036176,0.9027,0.041939,0.99893,0.01959,-0.90173,0.046287,-0.42982
-0.42973,0.0012966,0.90296,0.042218,0.99893,0.018657,-0.90197,0.046139,-0.42932
-0.42895,0.00081368,0.90333,0.042215,0.99893,0.019146,-0.90234,0.046347,-0.42852
-0.42837,0.00080656,0.9036,0.041864,0.99894,0.018954,-0.90263,0.045948,-0.42795
-0.42795,0.0010907,0.9038,0.041586,0.99896,0.018485,-0.90284,0.045496,-0.42755
-0.42746,0.00052156,0.90404,0.041227,0.99897,0.018917,-0.90309,0.045357,-0.42704
-0.42696,-0.00016309,0.90427,0.041633,0.99894,0.019837,-0.90331,0.046117,-0.4265
-0.42635,-0.00074563,0.90456,0.042121,0.9989,0.020676,-0.90358,0.046916,-0.42585
-0.42576,-0.0010935,0.90484,0.04242,0.99888,0.021167,-0.90384,0.047395,-0.42523
-0.42516,-0.00085915,0.90512,0.043097,0.99885,0.021192,-0.90409,0.048018,-0.42463
-0.42454,-0.00064861,0.90541,0.042982,0.99886,0.02087,-0.90439,0.047776,-0.42403
-0.42406,-0.00089003,0.90563,0.04262,0.99887,0.020939,-0.90463,0.047478,-0.42355
-0.4233,-0.00030504,0.90599,0.042411,0.9989,0.020152,-0.905,0.046954,-0.42282
-0.42281,6.5758e-06,0.90622,0.042672,0.99889,0.019902,-0.90521,0.047085,-0.42234
-0.42226,-0.00017992,0.90647,0.04246,0.9989,0.019977,-0.90548,0.046924,-0.42179
-0.4217,-0.00038936,0.90674,0.042324,0.9989,0.020113,-0.90575,0.046858,-0.42122
-0.42135,-0.00082627,0.9069,0.042279,0.99889,0.020553,-0.90591,0.047002,-0.42085
-0.42132,-0.0012915,0.90691,0.041563,0.99892,0.020732,-0.90596,0.046429,-0.42082
-0.42142,-0.0026313,0.90686,0.041046,0.99892,0.021972,-0.90594,0.046482,-0.42085
-0.42163,-0.0033879,0.90676,0.041611,0.99887,0.02308,-0.90581,0.047462,-0.42101
-0.42172,-0.0037614,0.90672,0.041559,0.99886,0.023473,-0.90577,0.047581,-0.42109
-0.42167,-0.0043609,0.90674,0.041181,0.99886,0.023955,-0.90581,0.047441,-0.42102
-0.42155,-0.0038001,0.9068,0.040643,0.99891,0.02308,-0.90589,0.046584,-0.42094
-0.42142,-0.003904,0.90686,0.040262,0.99892,0.02301,-0.90597,0.046209,-0.42081
-0.42128,-0.005428,0.90691,0.039909,0.9989,0.024517,-0.90605,0.046523,-0.4206
-0.421,-0.0042895,0.90705,0.041164,0.99887,0.02383,-0.90613,0.047371,-0.42035
-0.42038,-0.0023127,0.90734,0.041434,0.9989,0.021743,-0.9064,0.046735,-0.41983
-0.4198,-0.0027961,0.90761,0.041683,0.99888,0.022357,-0.90666,0.047217,-0.41922
-0.41917,-0.0038718,0.9079,0.042966,0.99879,0.024096,-0.90689,0.049109,-0.4185
-0.41864,-0.0051665,0.90814,0.043485,0.99872,0.025728,-0.90711,0.050261,-0.41788
-0.41805,-0.0038713,0.90841,0.043621,0.99875,0.024331,-0.90738,0.049797,-0.41736
-0.41753,-0.0027142,0.90866,0.044134,0.99875,0.023263,-0.90759,0.049815,-0.41689
-0.41686,-0.0018102,0.90897,0.044253,0.99877,0.022283,-0.90789,0.049513,-0.41626
-0.41634,-0.0028186,0.9092,0.043793,0.99877,0.02315,-0.90815,0.049455,-0.41571
-0.41577,-0.0045969,0.90946,0.04362,0.99874,0.02499,-0.90842,0.050061,-0.41505
-0.41531,-0.0054071,0.90967,0.043695,0.99871,0.025885,-0.90863,0.050498,-0.41453
-0.41468,-0.0062652,0.90994,0.043292,0.99871,0.026606,-0.90894,0.050426,-0.41388
-0.41411,-0.0057657,0.91021,0.043548,0.99871,0.026139,-0.90918,0.050462,-0.41333
-0.41347,-0.0030576,0.91051,0.043749,0.99877,0.023221,-0.90947,0.049435,-0.41283
-0.41275,-0.00058855,0.91085,0.044086,0.99881,0.020623,-0.90978,0.048668,-0.41223
-0.41205,-0.002077,0.91116,0.043728,0.9988,0.022052,-0.91011,0.04893,-0.41147
-0.41149,-0.0046989,0.9114,0.043303,0.99876,0.0247,-0.91039,0.04963,-0.41077
-0.41094,-0.0081372,0.91163,0.042986,0.99868,0.028291,-0.91065,0.050813,-0.41004
-0.4104,-0.0084666,0.91187,0.043169,0.99866,0.028701,-0.91088,0.051143,-0.40948
-0.40989,-0.0072158,0.91211,0.042643,0.99872,0.027064,-0.91114,0.049988,-0.40906
-0.40909,-0.0053946,0.91248,0.042504,0.99878,0.024961,-0.9115,0.048996,-0.40836
-0.40837,-0.0043324,0.91281,0.044079,0.99873,0.02446,-0.91175,0.050224,-0.40766
-0.40763,-0.0050199,0.91313,0.044531,0.99869,0.025369,-0.91206,0.051004,-0.40687
-0.40722,-0.0064714,0.91331,0.043177,0.99872,0.026328,-0.91231,0.050155,-0.40642
-0.4074,-0.0079394,0.91322,0.042162,0.99873,0.027492,-0.91228,0.049703,-0.40655
-0.40791,-0.0088543,0.91298,0.041012,0.99877,0.02801,-0.9121,0.048869,-0.40704
-0.40873,-0.010945,0.91259,0.040291,0.99874,0.030024,-0.91177,0.049041,-0.40777
-0.40953,-0.010889,0.91223,0.040793,0.99871,0.030234,-0.91139,0.049594,-0.40855
-0.41025,-0.0097698,0.91192,0.041149,0.99873,0.029212,-0.91104,0.049509,-0.40933
-0.41095,-0.0091938,0.91161,0.040544,0.99878,0.02835,-0.91075,0.048611,-0.41008
-0.41158,-0.0095314,0.91132,0.040361,0.99877,0.028674,-0.91048,0.048584,-0.41069
-0.41218,-0.0096279,0.91105,0.039857,0.9988,0.028587,-0.91023,0.048095,-0.4113
-0.41284,-0.010685,0.91074,0.039824,0.99876,0.02977,-0.90993,0.04856,-0.4119
-0.4135,-0.0098627,0.91045,0.040589,0.99875,0.029254,-0.9096,0.049051,-0.41258
-0.41404,-0.0090902,0.91021,0.040707,0.99876,0.028492,-0.90935,0.048849,-0.41316
-0.41473,-0.0088078,0.9099,0.040662,0.99877,0.028202,-0.90904,0.048695,-0.41386
-0.41552,-0.0085972,0.90954,0.041332,0.99874,0.028323,-0.90864,0.049362,-0.41465
-0.41664,-0.0086182,0.90903,0.041423,0.99874,0.028454,-0.90813,0.04951,-0.41575
-0.41834,-0.0098713,0.90824,0.040618,0.99874,0.029564,-0.90738,0.049258,-0.41741
-0.42067,-0.011172,0.90715,0.039714,0.99874,0.030716,-0.90635,0.048947,-0.41969
-0.42319,-0.012376,0.90596,0.038421,0.99876,0.031591,-0.90523,0.048176,-0.42219
-0.42567,-0.01316,0.90478,0.038049,0.99875,0.032428,-0.90408,0.04823,-0.42464
-0.42814,-0.013294,0.90361,0.038372,0.99872,0.032875,-0.9029,0.048749,-0.42709
-0.43049,-0.013521,0.90249,0.038144,0.99872,0.033158,-0.90179,0.048698,-0.42943
-0.433,-0.013467,0.90129,0.037202,0.99877,0.032796,-0.90063,0.047731,-0.43197
-0.43575,-0.013373,0.89997,0.036475,0.99881,0.032502,-0.89933,0.046989,-0.43474
-0.43868,-0.013592,0.89854,0.035633,0.99884,0.032506,-0.89794,0.046277,-0.43768
-0.44157,-0.014457,0.89711,0.035617,0.9988,0.033628,-0.89652,0.046801,-0.44053
-0.44383,-0.014725,0.89599,0.036928,0.99872,0.034705,-0.89535,0.048491,-0.44271
-0.44593,-0.015846,0.89493,0.037191,0.99865,0.036214,-0.8943,0.049432,-0.44474
-0.44794,-0.015628,0.89393,0.037229,0.99865,0.036114,-0.89329,0.049457,-0.44675
-0.44985,-0.015632,0.89297,0.036739,0.99868,0.035991,-0.89235,0.048997,-0.44868
-0.45172,-0.015829,0.89202,0.036302,0.99869,0.036106,-0.89142,0.048692,-0.45056
-0.45349,-0.016767,0.8911,0.036409,0.99864,0.037319,-0.89052,0.049368,-0.45226
-0.45459,-0.015248,0.89057,0.037797,0.99862,0.036392,-0.8899,0.050205,-0.45339
-0.45521,-0.014591,0.89026,0.039778,0.99853,0.036705,-0.8895,0.052121,-0.45396
-0.45572,-0.013345,0.89002,0.04106,0.99851,0.035996,-0.88917,0.052949,-0.45449
-0.45644,-0.011415,0.88968,0.041092,0.99858,0.033894,-0.88881,0.052029,-0.45532
-0.45705,-0.011081,0.88937,0.039646,0.99867,0.032817,-0.88856,0.050258,-0.45601
-0.45767,-0.011041,0.88905,0.039109,0.99871,0.032536,-0.88826,0.049661,-0.45664
-0.4582,-0.010665,0.88879,0.039337,0.9987,0.032263,-0.88798,0.049745,-0.45718
-0.45865,-0.0093023,0.88857,0.040004,0.99872,0.031104,-0.88772,0.049812,-0.45769
-0.45885,-0.010162,0.88845,0.040165,0.99868,0.032167,-0.8876,0.050445,-0.45784
-0.45892,-0.011421,0.8884,0.039725,0.99865,0.033359,-0.88759,0.050601,-0.45785
-0.4587,-0.010293,0.88853,0.039874,0.99869,0.032154,-0.88769,0.050178,-0.45769
-0.45823,-0.010861,0.88877,0.039996,0.99866,0.032825,-0.88793,0.050589,-0.45718
-0.45718,-0.012605,0.88929,0.03876,0.99867,0.034082,-0.88853,0.05005,-0.45608
-0.45618,-0.013802,0.88978,0.040179,0.99854,0.036089,-0.88898,0.052213,-0.45496
-0.45443,-0.016756,0.89062,0.04131,0.99835,0.039861,-0.88982,0.054905,-0.45299
-0.45266,-0.018787,0.89148,0.041844,0.99823,0.042283,-0.8907,0.056443,-0.45108
-0.45116,-0.019649,0.89223,0.040752,0.99826,0.04259,-0.89151,0.055575,-0.44957
-0.44921,-0.017817,0.89325,0.038227,0.9985,0.039141,-0.89261,0.051729,-0.44786
-0.44698,-0.0091159,0.8945,0.042138,0.99862,0.031233,-0.89355,0.051653,-0.44598
-0.44422,-0.0056036,0.8959,0.044542,0.99861,0.028332,-0.89481,0.052491,-0.44336
-0.44143,-0.0089854,0.89725,0.046089,0.9984,0.032673,-0.89611,0.055776,-0.44031
-0.43849,-0.010205,0.89868,0.046653,0.99833,0.0341,-0.89752,0.056879,-0.43728
-0.43603,-0.012795,0.89984,0.045953,0.99828,0.036463,-0.89876,0.05725,-0.43469
-0.43396,-0.015195,0.90081,0.044735,0.99826,0.03839,-0.89982,0.056957,-0.43252
-0.43223,-0.014672,0.90164,0.045103,0.99826,0.037866,-0.90064,0.057033,-0.43082
-0.43067,-0.013198,0.90241,0.047085,0.9982,0.037071,-0.90128,0.058456,-0.42928
-0.42899,-0.01489,0.90319,0.047752,0.99809,0.039136,-0.90205,0.059918,-0.42746
-0.42764,-0.015951,0.90381,0.046035,0.99816,0.039397,-0.90278,0.058454,-0.42612
-0.42711,-0.016972,0.90404,0.043708,0.99827,0.03939,-0.90314,0.056338,-0.42562
-0.42685,-0.016757,0.90417,0.041874,0.99839,0.038271,-0.90335,0.054197,-0.42546
-0.4264,-0.017626,0.90436,0.039913,0.99847,0.038279,-0.90365,0.052418,-0.42505
-0.42607,-0.018625,0.9045,0.038988,0.99848,0.038925,-0.90385,0.05185,-0.4247
-0.42592,-0.019484,0.90455,0.038731,0.99846,0.039743,-0.90393,0.051961,-0.42451
-0.4259,-0.018978,0.90457,0.039677,0.99843,0.039628,-0.9039,0.052768,-0.42447
-0.42583,-0.01912,0.9046,0.039229,0.99845,0.03957,-0.90395,0.052337,-0.42442
-0.42587,-0.018646,0.90459,0.039317,0.99846,0.039092,-0.90393,0.052214,-0.42448
-0.42592,-0.01796,0.90458,0.039247,0.9985,0.038304,-0.90391,0.051817,-0.42458
-0.42576,-0.017982,0.90466,0.03998,0.99845,0.038662,-0.90395,0.052629,-0.42438
-0.42526,-0.018784,0.90487,0.040786,0.99837,0.039893,-0.90415,0.053871,-0.42381
-0.42463,-0.020045,0.90515,0.041647,0.99826,0.041644,-0.90441,0.05538,-0.42305
-0.42396,-0.019834,0.90547,0.041507,0.99828,0.041302,-0.90473,0.055094,-0.42241
-0.42347,-0.020345,0.90568,0.042414,0.99821,0.042255,-0.90492,0.056307,-0.42185
-0.42251,-0.021351,0.90611,0.040896,0.99826,0.042592,-0.90543,0.055052,-0.4209
-0.4218,-0.021748,0.90643,0.04103,0.99823,0.043044,-0.90576,0.055347,-0.42016
-0.42058,-0.0227,0.90697,0.041721,0.99815,0.044329,-0.9063,0.056484,-0.41885
-0.41902,-0.020551,0.90774,0.043133,0.99816,0.042509,-0.90695,0.056966,-0.41737
-0.41732,-0.017172,0.9086,0.04463,0.99823,0.039365,-0.90766,0.056978,-0.41581
-0.41572,-0.016479,0.90935,0.044332,0.99828,0.038358,-0.90841,0.056259,-0.41427
-0.41427,-0.020024,0.90994,0.04353,0.99818,0.041783,-0.90911,0.056919,-0.41264
-0.4129,-0.023328,0.91048,0.041516,0.99815,0.044402,-0.90983,0.056133,-0.41117
-0.41155,-0.024731,0.91105,0.04005,0.99818,0.045188,-0.91051,0.055085,-0.40981
-0.41014,-0.026536,0.91164,0.039341,0.99813,0.046753,-0.91118,0.05504,-0.40833
-0.40874,-0.02712,0.91225,0.039321,0.99811,0.047291,-0.9118,0.0552,-0.4069
-0.40731,-0.025655,0.91293,0.038861,0.99821,0.04539,-0.91246,0.053965,-0.40558
-0.40615,-0.026571,0.91342,0.039025,0.99816,0.046389,-0.91297,0.054487,-0.40437
-0.40521,-0.028492,0.91378,0.039561,0.99803,0.048662,-0.91337,0.055868,-0.40328
-0.40445,-0.025784,0.9142,0.039139,0.9982,0.045469,-0.91372,0.054171,-0.40271
-0.40389,-0.025184,0.91446,0.039639,0.9982,0.044997,-0.91395,0.054422,-0.40216
-0.40344,-0.023945,0.91469,0.042917,0.99806,0.045056,-0.914,0.057433,-0.40163
-0.40316,-0.022972,0.91484,0.045497,0.99795,0.045109,-0.914,0.059808,-0.40129
-0.40333,-0.02395,0.91474,0.048038,0.99772,0.047303,-0.91379,0.063021,-0.40126
-0.40369,-0.024848,0.91456,0.049168,0.9976,0.048807,-0.91358,0.06467,-0.4015
-0.40413,-0.02569,0.91434,0.048005,0.99763,0.049248,-0.91344,0.063795,-0.40194
-0.40467,-0.026028,0.91409,0.045787,0.99776,0.048681,-0.91332,0.061553,-0.40257
-0.40535,-0.026041,0.91379,0.042872,0.99795,0.047457,-0.91316,0.058412,-0.4034
-0.40609,-0.026459,0.91345,0.040848,0.99806,0.047069,-0.91292,0.056427,-0.40422
-0.40669,-0.027359,0.91315,0.039661,0.99808,0.047568,-0.9127,0.055562,-0.40483
-0.4074,-0.028679,0.9128,0.039487,0.99802,0.04898,-0.9124,0.055998,-0.40546
-0.40812,-0.029839,0.91244,0.038467,0.99802,0.049844,-0.91212,0.055441,-0.40617
-0.40912,-0.031683,0.91193,0.036822,0.99801,0.051193,-0.91174,0.054523,-0.40714
-0.41059,-0.033813,0.91119,0.03578,0.99795,0.053155,-0.91112,0.054427,-0.40854
-0.41196,-0.034666,0.91054,0.035649,0.9979,0.054121,-0.91051,0.054755,-0.40985
-0.41312,-0.03419,0.91004,0.037421,0.99781,0.054476,-0.90991,0.056559,-0.41094
-0.41421,-0.034381,0.90953,0.040244,0.99762,0.056038,-0.90929,0.059814,-0.41184
-0.41524,-0.034134,0.90907,0.043641,0.9974,0.057384,-0.90867,0.063501,-0.41267
-0.41626,-0.032367,0.90867,0.047146,0.99725,0.05712,-0.90802,0.066617,-0.41359
-0.41745,-0.029718,0.90822,0.050593,0.99715,0.055882,-0.90729,0.069277,-0.41476
-0.41854,-0.028657,0.90775,0.053467,0.99699,0.056127,-0.90662,0.072026,-0.41575
-0.41974,-0.027338,0.90723,0.056773,0.9968,0.056303,-0.90587,0.075139,-0.41685
-0.4212,-0.025305,0.90661,0.059925,0.99665,0.055658,-0.90498,0.077772,-0.41828
-0.42259,-0.02359,0.90601,0.062749,0.9965,0.055214,-0.90415,0.080184,-0.41963
-0.42451,-0.022407,0.90515,0.064979,0.99636,0.05514,-0.90309,0.082223,-0.42151
-0.42668,-0.021578,0.90415,0.067267,0.99619,0.055518,-0.9019,0.084507,-0.4236
-0.42893,-0.020722,0.9031,0.070342,0.99594,0.056261,-0.90059,0.087658,-0.42573
-0.43113,-0.019219,0.90208,0.0735,0.9957,0.056341,-0.89929,0.090593,-0.42787
-0.43345,-0.017958,0.901,0.076444,0.99547,0.056617,-0.89793,0.093416,-0.43012
-0.43679,-0.016632,0.89941,0.078028,0.99536,0.0563,-0.89617,0.094771,-0.43347
-0.44135,-0.016758,0.89718,0.078427,0.99528,0.05717,-0.8939,0.095595,-0.43795
-0.44697,-0.017212,0.89438,0.079052,0.99514,0.058658,-0.89105,0.096921,-0.44344
-0.4533,-0.017017,0.89119,0.080047,0.995,0.059714,-0.88776,0.098406,-0.44967
-0.46028,-0.0163,0.88762,0.080313,0.99497,0.059918,-0.88413,0.098867,-0.45666
-0.46857,-0.016285,0.88328,0.078858,0.99507,0.060179,-0.8799,0.097851,-0.46497
-0.47874,-0.015663,0.87782,0.0771,0.99523,0.059806,-0.87457,0.096311,-0.47524
-0.49075,-0.014918,0.87117,0.075886,0.99532,0.059792,-0.86799,0.095453,-0.48732
-0.50382,-0.0137,0.8637,0.076248,0.99527,0.060264,-0.86044,0.096217,-0.50039
-0.5175,-0.012584,0.85559,0.077618,0.99508,0.061581,-0.85216,0.098277,-0.51397
-0.5315,-0.010423,0.84699,0.080138,0.99482,0.06253,-0.84326,0.10111,-0.52791
-0.54566,-0.0092887,0.83796,0.081596,0.9946,0.064159,-0.83403,0.10338,-0.54195
-0.56053,-0.0073842,0.8281,0.083557,0.99435,0.065425,-0.82391,0.10587,-0.55675
-0.57576,-0.0066596,0.81759,0.083519,0.99426,0.066914,-0.81334,0.10681,-0.5719
-0.59133,-0.0042054,0.80642,0.083801,0.99425,0.066635,-0.80206,0.10698,-0.58758
-0.60745,-0.0016464,0.79436,0.084324,0.99421,0.066543,-0.78987,0.1074,-0.60379
-0.62414,-0.0024982,0.78131,0.08447,0.99392,0.070655,-0.77674,0.1101,-0.62013
-0.64123,-0.001351,0.76735,0.085129,0.9937,0.072887,-0.76261,0.11206,-0.63708
-0.65848,-0.00073944,0.7526,0.084625,0.99358,0.075018,-0.74783,0.11309,-0.65419
-0.67565,-0.00075246,0.73723,0.082818,0.99359,0.076914,-0.73256,0.11302,-0.67126
-0.69297,0.00098244,0.72096,0.081559,0.99369,0.077039,-0.71633,0.11219,-0.68868
-0.7105,0.0023902,0.7037,0.079833,0.99381,0.077229,-0.69916,0.11105,-0.70629
-0.72817,0.0029175,0.68539,0.078555,0.99376,0.079227,-0.68088,0.11153,-0.72385
-0.74587,0.0033603,0.66609,0.078144,0.99352,0.082491,-0.6615,0.11358,-0.7413
-0.76304,0.0025895,0.64635,0.07723,0.99319,0.087194,-0.64172,0.11645,-0.75805
-0.7799,0.0011783,0.6259,0.075062,0.99296,0.091661,-0.62139,0.11847,-0.77449
-0.79628,0.0044876,0.60491,0.075646,0.99286,0.092213,-0.60018,0.11919,-0.79094
-0.812,0.0073706,0.5836,0.074101,0.99313,0.090558,-0.57893,0.11678,-0.80697
-0.82706,0.010398,0.56202,0.073749,0.99319,0.090151,-0.55726,0.11601,-0.82219
-0.84183,0.01227,0.53961,0.07254,0.99324,0.090582,-0.53485,0.1154,-0.83703
-0.85626,0.014066,0.51635,0.071679,0.99319,0.091812,-0.51154,0.11563,-0.85144
-0.87028,0.014584,0.49234,0.070292,0.99301,0.094836,-0.48752,0.11714,-0.86522
-0.88393,0.015491,0.46736,0.068505,0.99296,0.096653,-0.46257,0.11745,-0.87877
-0.89703,0.017675,0.44162,0.06718,0.99304,0.096712,-0.43684,0.11642,-0.89197
-0.90933,0.020654,0.41557,0.066609,0.99311,0.096392,-0.41071,0.11533,-0.90444
-0.92072,0.022929,0.38954,0.06584,0.99309,0.097163,-0.38462,0.11511,-0.91587
-0.93145,0.023769,0.36309,0.064323,0.9929,0.10001,-0.35814,0.11651,-0.92637
-0.9415,0.02368,0.33618,0.061626,0.99281,0.10266,-0.33133,0.11737,-0.93619
-0.95079,0.023862,0.3089,0.058596,0.99289,0.10366,-0.30423,0.11666,-0.94543
-0.95912,0.024809,0.28191,0.056022,0.99308,0.1032,-0.2774,0.11478,-0.95387
-0.9665,0.026029,0.25536,0.054161,0.99313,0.10376,-0.2509,0.11412,-0.96126
-0.97304,0.028179,0.22892,0.053676,0.99292,0.10592,-0.22432,0.11536,-0.96766
-0.9789,0.029271,0.20221,0.051743,0.99294,0.10676,-0.19766,0.11497,-0.97351
-0.98396,0.031757,0.17554,0.051226,0.99288,0.10751,-0.17088,0.11478,-0.97858
-0.98833,0.032808,0.14876,0.049345,0.99283,0.10887,-0.14412,0.11494,-0.98286
-0.99201,0.033627,0.12163,0.047011,0.99294,0.10889,-0.11711,0.11374,-0.98658
-0.99488,0.035941,0.094466,0.046162,0.99304,0.10834,-0.089915,0.11215,-0.98962
-0.99699,0.036955,0.068189,0.044234,0.99311,0.10854,-0.063708,0.11123,-0.99175
-0.99833,0.039053,0.042472,0.043461,0.99316,0.10837,-0.037949,0.11004,-0.9932
-0.99902,0.040961,0.017064,0.042583,0.99312,0.10913,-0.012477,0.10974,-0.99388
-0.99907,0.042268,-0.008394,0.041084,0.99302,0.11052,0.013007,0.11007,-0.99384
-0.99848,0.04345,-0.033919,0.039449,0.99306,0.11084,0.038499,0.10933,-0.99326
-0.99722,0.04466,-0.05966,0.037879,0.99317,0.11032,0.06418,0.10775,-0.9921
-0.99531,0.044978,-0.085697,0.035527,0.99343,0.10878,0.090026,0.10523,-0.99036
-0.99262,0.045873,-0.11227,0.033948,0.99379,0.10592,0.11643,0.10133,-0.98802
-0.98923,0.046062,-0.13894,0.031634,0.99404,0.10432,0.14292,0.098801,-0.98479
-0.9851,0.04534,-0.16592,0.028131,0.99411,0.10464,0.16969,0.098408,-0.98057
-0.9801,0.046452,-0.19301,0.026296,0.99405,0.10571,0.19677,0.09853,-0.97549
-0.97437,0.047259,-0.21995,0.023725,0.99382,0.10843,0.22371,0.10043,-0.96947
-0.96778,0.048209,-0.24714,0.021646,0.9938,0.10909,0.25087,0.10023,-0.96282
-0.96033,0.048676,-0.27459,0.019915,0.9941,0.10658,0.27816,0.096881,-0.95564
-0.95217,0.049442,-0.30155,0.018265,0.99427,0.10535,0.30503,0.094801,-0.94761
-0.94334,0.050348,-0.32798,0.016277,0.99425,0.10581,0.33142,0.094479,-0.93874
-0.93359,0.051829,-0.35458,0.014764,0.99421,0.10645,0.35805,0.094145,-0.92895
-0.92298,0.052472,-0.38126,0.012489,0.99422,0.1066,0.38465,0.093628,-0.9183
-0.91134,0.052762,-0.40825,0.010081,0.99431,0.106,0.41153,0.092487,-0.90669
-0.89877,0.053069,-0.4352,0.008176,0.9945,0.10439,0.43834,0.090262,-0.89426
-0.8853,0.053147,-0.46198,0.0054997,0.99457,0.10388,0.46499,0.089423,-0.88079
-0.87089,0.053645,-0.48854,0.0034136,0.99466,0.10313,0.49147,0.088151,-0.86642
-0.85583,0.053428,-0.51449,0.00042226,0.99472,0.1026,0.51726,0.087587,-0.85133
-0.84005,0.054656,-0.53975,-0.0010695,0.99474,0.10239,0.54251,0.086593,-0.83557
-0.82359,0.055778,-0.56444,-0.002914,0.99472,0.10255,0.56718,0.086105,-0.81908
-0.80638,0.056332,-0.58871,-0.0051064,0.99475,0.10218,0.59138,0.085401,-0.80186
-0.7883,0.057078,-0.61264,-0.0063155,0.99488,0.10082,0.61526,0.083343,-0.7839
-0.76961,0.057156,-0.63595,-0.0085597,0.99497,0.099782,0.63845,0.082237,-0.76526
-0.75015,0.056751,-0.65883,-0.010397,0.99518,0.097561,0.66119,0.080035,-0.74594
-0.72997,0.057776,-0.68104,-0.011642,0.99523,0.096909,0.68338,0.078669,-0.72581
-0.70929,0.059056,-0.70244,-0.013639,0.99515,0.097436,0.70479,0.078691,-0.70504
-0.68758,0.059142,-0.7237,-0.015301,0.99528,0.095873,0.72595,0.076993,-0.68342
-0.66523,0.058677,-0.74433,-0.01723,0.99544,0.093872,0.74644,0.075272,-0.66119
-0.64259,0.057924,-0.76402,-0.018289,0.99569,0.090871,0.76599,0.072366,-0.63876
-0.61973,0.056954,-0.78275,-0.019687,0.99592,0.088052,0.78457,0.069978,-0.61608
-0.59669,0.057029,-0.80045,-0.021025,0.99602,0.086635,0.8022,0.068523,-0.59311
-0.57347,0.057719,-0.81719,-0.022517,0.99603,0.086151,0.81892,0.067805,-0.56989
-0.54994,0.058841,-0.83313,-0.024462,0.99595,0.086488,0.83485,0.067943,-0.54627
-0.52622,0.058556,-0.84833,-0.025765,0.99607,0.084736,0.84996,0.066447,-0.52264
-0.50253,0.057239,-0.86266,-0.027795,0.99622,0.082293,0.86411,0.065332,-0.49904
-0.47909,0.058054,-0.87584,-0.028316,0.99627,0.081526,0.87731,0.063859,-0.47566
-0.45611,0.058489,-0.888,-0.028857,0.99634,0.080447,0.88946,0.062317,-0.45275
-0.43343,0.058853,-0.89927,-0.028611,0.99646,0.079004,0.90073,0.059971,-0.43021
-0.41084,0.058151,-0.90985,-0.028259,0.99667,0.07646,0.91127,0.057124,-0.40783
-0.38862,0.05761,-0.9196,-0.029741,0.99674,0.075011,0.92092,0.0565,-0.38564
-0.36637,0.059369,-0.92857,-0.030619,0.99665,0.075803,0.92997,0.056204,-0.36333
-0.34441,0.059469,-0.93693,-0.033754,0.99656,0.075661,0.93821,0.057684,-0.34122
-0.32288,0.057811,-0.94467,-0.033256,0.99682,0.072369,0.94586,0.054783,-0.31993
-0.30252,0.0575,-0.95141,-0.034214,0.99688,0.071128,0.95253,0.054069,-0.29961
-0.28323,0.058019,-0.9573,-0.034403,0.99691,0.070599,0.95843,0.05293,-0.28036
-0.26493,0.058413,-0.9625,-0.033464,0.99701,0.069719,0.96369,0.05068,-0.26218
-0.24818,0.058897,-0.96692,-0.033054,0.99705,0.069217,0.96815,0.049139,-0.2455
-0.23269,0.057942,-0.97082,-0.031849,0.99723,0.067152,0.97203,0.046545,-0.2302
-0.21814,0.056664,-0.97427,-0.030442,0.99743,0.064827,0.97544,0.0438,-0.21586
-0.20447,0.055821,-0.97728,-0.029556,0.99757,0.063164,0.97843,0.0418,-0.20233
-0.19154,0.056127,-0.97988,-0.028615,0.99762,0.062737,0.98107,0.040056,-0.18948
-0.17936,0.055487,-0.98222,-0.028576,0.99769,0.061579,0.98337,0.039113,-0.17737
-0.16766,0.055427,-0.98429,-0.028566,0.99773,0.06105,0.98543,0.038352,-0.1657
-0.15677,0.054563,-0.98613,-0.030224,0.99774,0.06001,0.98717,0.039212,-0.15477
-0.14662,0.054798,-0.98767,-0.030659,0.99773,0.059907,0.98872,0.039065,-0.14461
-0.13829,0.056313,-0.98879,-0.030541,0.99766,0.06109,0.98992,0.038647,-0.13625
-0.13171,0.057786,-0.9896,-0.029794,0.99762,0.06222,0.99084,0.03768,-0.12968
-0.1263,0.057527,-0.99032,-0.028758,0.99769,0.061622,0.99157,0.036263,-0.12436
-0.12094,0.057975,-0.99097,-0.028878,0.99767,0.061891,0.99224,0.036103,-0.11899
-0.11548,0.058414,-0.99159,-0.029501,0.99763,0.062206,0.99287,0.036437,-0.11348
-0.1105,0.058469,-0.99215,-0.030574,0.9976,0.062194,0.99341,0.037207,-0.10845
-0.10632,0.058612,-0.9926,-0.031211,0.99757,0.062249,0.99384,0.037598,-0.10423
-0.10279,0.05935,-0.99293,-0.031782,0.99751,0.062914,0.99419,0.038024,-0.10065
-0.099778,0.059364,-0.99324,-0.031951,0.99751,0.062829,0.9945,0.038004,-0.097633
-0.097179,0.058931,-0.99352,-0.031623,0.99756,0.062264,0.99476,0.037469,-0.095078
-0.09503,0.057932,-0.99379,-0.03183,0.99762,0.061199,0.99497,0.037448,-0.09296
-0.09329,0.058231,-0.99393,-0.031299,0.99762,0.061385,0.99515,0.036836,-0.091246
-0.091788,0.058112,-0.99408,-0.031408,0.99763,0.06122,0.99528,0.036842,-0.089745
-0.090467,0.057773,-0.99422,-0.03169,0.99764,0.060856,0.9954,0.037013,-0.088423
-0.089256,0.057803,-0.99433,-0.031478,0.99765,0.060822,0.99551,0.036728,-0.087227
-0.08807,0.05923,-0.99435,-0.031297,0.99757,0.062194,0.99562,0.036598,-0.086002
-0.08711,0.059678,-0.99441,-0.031375,0.99754,0.062615,0.9957,0.036654,-0.085024
-0.085846,0.060615,-0.99446,-0.031525,0.99748,0.063521,0.99581,0.036804,-0.083719
-0.084585,0.060898,-0.99455,-0.031901,0.99745,0.063788,0.99591,0.037122,-0.082427
-0.083312,0.060087,-0.99471,-0.032377,0.99749,0.062967,0.996,0.037451,-0.081157
-0.082172,0.059282,-0.99485,-0.032616,0.99753,0.062136,0.99608,0.037554,-0.080036
-0.080995,0.060684,-0.99487,-0.032412,0.99746,0.063481,0.99619,0.037387,-0.078822
-0.079711,0.06155,-0.99492,-0.033193,0.99737,0.064362,0.99627,0.038154,-0.077459
-0.078273,0.061365,-0.99504,-0.033267,0.99739,0.064127,0.99638,0.038122,-0.076027
-0.077157,0.059087,-0.99527,-0.034619,0.99748,0.061902,0.99642,0.039231,-0.074918
-0.075572,0.057116,-0.9955,-0.034978,0.99759,0.059891,0.99653,0.039346,-0.073392
-0.074025,0.055748,-0.9957,-0.0351,0.99767,0.058469,0.99664,0.039277,-0.071896
-0.072322,0.054406,-0.9959,-0.035026,0.99776,0.057051,0.99677,0.039008,-0.070254
-0.07,0.054058,-0.99608,-0.034814,0.99779,0.056597,0.99694,0.03864,-0.067963
-0.066325,0.055266,-0.99627,-0.034532,0.99774,0.057646,0.9972,0.038226,-0.064267
-0.061385,0.056085,-0.99654,-0.035902,0.99765,0.058359,0.99747,0.03936,-0.059227
-0.054912,0.055304,-0.99696,-0.037026,0.99767,0.057382,0.9978,0.040064,-0.052736
-0.046927,0.055379,-0.99736,-0.038493,0.99762,0.057205,0.99816,0.041075,-0.044683
-0.03772,0.054546,-0.9978,-0.03957,0.99764,0.056034,0.9985,0.041597,-0.035473
-0.027292,0.054297,-0.99815,-0.039507,0.99769,0.055352,0.99885,0.040944,-0.025084
-0.015687,0.055213,-0.99835,-0.040855,0.99761,0.055814,0.99904,0.041663,-0.013393
-0.0020698,0.055613,-0.99845,-0.042608,0.99754,0.055651,0.99909,0.042657,0.00030483
0.013264,0.055602,-0.99836,-0.043864,0.99752,0.054972,0.99895,0.043063,0.01567
0.030017,0.054863,-0.99804,-0.045094,0.99755,0.05348,0.99853,0.0434,0.032417
0.048091,0.052574,-0.99746,-0.045889,0.99768,0.050373,0.99779,0.04335,0.050391
0.067684,0.050801,-0.99641,-0.046171,0.99779,0.047735,0.99664,0.042775,0.069881
0.088305,0.049055,-0.99488,-0.046352,0.99791,0.04509,0.99501,0.042133,0.090394
0.10999,0.047971,-0.99277,-0.046059,0.99801,0.043121,0.99287,0.040984,0.11198
0.13274,0.048451,-0.98997,-0.046083,0.99803,0.042666,0.99008,0.039957,0.13471
0.15737,0.047746,-0.98638,-0.045663,0.99811,0.041028,0.98648,0.038584,0.15926
0.18374,0.045792,-0.98191,-0.046324,0.99821,0.037883,0.98188,0.038525,0.18554
0.21115,0.044519,-0.97644,-0.046192,0.9983,0.035527,0.97636,0.037602,0.21284
0.23918,0.042091,-0.97006,-0.04478,0.99848,0.032282,0.96994,0.035718,0.2407
0.26737,0.038666,-0.96282,-0.041379,0.99873,0.028617,0.9627,0.032188,0.26864
0.29557,0.036721,-0.95462,-0.040093,0.99886,0.02601,0.95448,0.030586,0.2967
0.3244,0.035048,-0.94527,-0.037366,0.99901,0.024217,0.94518,0.027466,0.32538
0.35388,0.034634,-0.93465,-0.036086,0.99908,0.023358,0.93459,0.025462,0.3548
0.3842,0.034727,-0.9226,-0.035241,0.99912,0.022932,0.92258,0.023703,0.38509
0.41555,0.034383,-0.90892,-0.034767,0.99916,0.021902,0.90891,0.022499,0.41639
0.44726,0.033204,-0.89379,-0.035396,0.99918,0.019407,0.8937,0.022957,0.44807
0.47889,0.029968,-0.87736,-0.034784,0.99928,0.015146,0.87719,0.023265,0.47958
0.50985,0.026535,-0.85985,-0.033736,0.99937,0.010837,0.8596,0.023482,0.51043
0.53959,0.025732,-0.84153,-0.032477,0.99943,0.0097358,0.8413,0.022077,0.54012
0.56899,0.023688,-0.822,-0.030622,0.9995,0.007606,0.82177,0.020843,0.56944
0.59821,0.02182,-0.80104,-0.029623,0.99955,0.0051048,0.80079,0.020676,0.59859
0.62654,0.021803,-0.77908,-0.029105,0.99957,0.0045672,0.77884,0.019814,0.62691
0.65424,0.022015,-0.75597,-0.029385,0.99956,0.0036784,0.75572,0.019807,0.6546
0.68135,0.0196,-0.7317,-0.028101,0.9996,0.00060958,0.73142,0.020146,0.68163
0.70731,0.016752,-0.7067,-0.027382,0.99962,-0.0037106,0.70637,0.021976,0.7075
0.7321,0.012973,-0.68107,-0.024612,0.99967,-0.0074136,0.68075,0.02219,0.73218
0.75581,0.010031,-0.65471,-0.022092,0.9997,-0.010187,0.65441,0.022163,0.75581
0.77883,0.0068185,-0.6272,-0.01942,0.99972,-0.013246,0.62693,0.022497,0.77875
0.80066,0.0044794,-0.5991,-0.017269,0.99973,-0.015604,0.59887,0.022839,0.80052
0.82125,0.0010008,-0.57056,-0.013959,0.99973,-0.018339,0.57039,0.023026,0.82105
0.84051,-0.0021782,-0.54179,-0.011746,0.99968,-0.022242,0.54167,0.025058,0.84022
0.85818,-0.0067305,-0.51331,-0.0084904,0.99959,-0.027302,0.51328,0.027788,0.85777
0.87421,-0.0096067,-0.48546,-0.0054805,0.99955,-0.029649,0.48552,0.02858,0.87376
0.88864,-0.010706,-0.45849,-0.0024313,0.9996,-0.028054,0.45861,0.026044,0.88826
0.90207,-0.013417,-0.43137,0.0010788,0.99958,-0.028835,0.43158,0.025546,0.90171
0.91468,-0.016256,-0.40384,0.0041983,0.99952,-0.030726,0.40415,0.026409,0.91431
0.92642,-0.019824,-0.37596,0.0076058,0.99939,-0.033956,0.37641,0.028598,0.92601
0.93733,-0.024582,-0.34758,0.011828,0.99918,-0.038769,0.34824,0.032228,0.93685
0.94771,-0.024144,-0.31823,0.012328,0.99916,-0.039092,0.31891,0.033124,0.94721
0.95761,-0.022049,-0.28723,0.012402,0.9993,-0.03536,0.28781,0.030299,0.95721
0.96692,-0.017942,-0.25446,0.010023,0.99943,-0.032383,0.25489,0.028761,0.96654
0.97518,-0.019202,-0.22059,0.010672,0.99915,-0.039797,0.22116,0.036455,0.97456
0.98223,-0.020398,-0.18655,0.010675,0.99854,-0.052981,0.18735,0.050048,0.98102
0.98795,-0.019424,-0.15352,0.010774,0.99832,-0.056981,0.15437,0.05464,0.9865
0.99242,-0.020441,-0.12115,0.014194,0.99854,-0.052203,0.12204,0.050088,0.99126
0.99583,-0.022933,-0.088283,0.01896,0.99878,-0.045583,0.089221,0.04372,0.99505
0.99816,-0.026289,-0.054625,0.023906,0.99875,-0.043827,0.05571,0.042441,0.99754
0.99941,-0.027628,-0.020621,0.026646,0.99856,-0.046492,0.021876,0.045915,0.99871
0.99952,-0.027867,0.013217,0.028512,0.99827,-0.051477,-0.01176,0.051829,0.99859
0.99853,-0.027368,0.046722,0.029959,0.998,-0.055684,-0.045104,0.057003,0.99735
0.9964,-0.027004,0.080305,0.031755,0.99778,-0.058486,-0.078547,0.060826,0.99505
0.99319,-0.024326,0.11395,0.031228,0.99776,-0.059185,-0.11225,0.06234,0.99172
0.9888,-0.022776,0.14751,0.031658,0.99781,-0.058147,-0.14586,0.062166,0.98735
0.98336,-0.018914,0.18067,0.029683,0.99793,-0.057089,-0.17922,0.061502,0.98188
0.97689,-0.017194,0.21303,0.030317,0.99783,-0.058491,-0.21157,0.063598,0.97529
0.96972,-0.015475,0.24374,0.030713,0.99779,-0.058843,-0.24229,0.064547,0.96805
0.96194,-0.014442,0.27289,0.031551,0.99779,-0.058413,-0.27144,0.0648,0.96027
0.95367,-0.014991,0.30048,0.033709,0.99779,-0.057203,-0.29896,0.064681,0.95207
0.94518,-0.015652,0.32617,0.035435,0.99787,-0.0548,-0.32462,0.063354,0.94372
0.93659,-0.015624,0.35007,0.036538,0.99791,-0.05322,-0.34851,0.062637,0.93521
0.92787,-0.016344,0.37254,0.038923,0.99783,-0.053166,-0.37086,0.063832,0.92649
0.91951,-0.015748,0.39275,0.040381,0.99769,-0.054537,-0.39098,0.066007,0.91803
0.9117,-0.017958,0.41046,0.04469,0.99745,-0.055622,-0.40842,0.069054,0.91018
0.90434,-0.01923,0.42639,0.047641,0.99729,-0.056066,-0.42415,0.071016,0.9028
0.89722,-0.021946,0.44104,0.050441,0.99732,-0.052988,-0.43869,0.069788,0.89592
0.89024,-0.022408,0.45494,0.050568,0.99748,-0.049822,-0.45268,0.067359,0.88913
0.88297,-0.022954,0.46888,0.052257,0.9974,-0.049579,-0.46652,0.068279,0.88187
0.87632,-0.021693,0.48124,0.052576,0.99732,-0.050782,-0.47885,0.069803,0.87512
0.8706,-0.02327,0.49145,0.056029,0.99707,-0.052042,-0.4888,0.072843,0.86935
0.86635,-0.025216,0.49879,0.057829,0.99707,-0.050037,-0.49607,0.072195,0.86527
0.86337,-0.025368,0.50393,0.057659,0.99715,-0.048588,-0.50127,0.071006,0.86238
0.8611,-0.024289,0.50785,0.056647,0.99722,-0.048356,-0.50527,0.070407,0.86009
0.85934,-0.023173,0.51088,0.055579,0.99729,-0.048251,-0.50838,0.069858,0.85829
0.85807,-0.023545,0.51299,0.055253,0.99738,-0.046643,-0.51055,0.068367,0.85713
0.85704,-0.025206,0.51463,0.055447,0.99751,-0.043482,-0.51226,0.0658,0.85631
0.85605,-0.025516,0.51627,0.055317,0.99757,-0.042419,-0.51393,0.064871,0.85538
0.85505,-0.02541,0.51792,0.055417,0.99756,-0.04255,-0.51557,0.065084,0.85437
0.85399,-0.025252,0.51967,0.05568,0.99752,-0.04303,-0.5173,0.065683,0.85328
0.85305,-0.024899,0.52123,0.055931,0.99747,-0.043889,-0.51882,0.066592,0.85229
0.85217,-0.021914,0.5228,0.053839,0.99749,-0.045946,-0.52048,0.067301,0.85122
0.85106,-0.022178,0.52459,0.054159,0.99749,-0.045694,-0.52226,0.0673,0.85013
