0,0,0
-0.067152,0.31885,0.38506
0.12925,0.068613,0.41628
-1.2163,0.19381,0.15241
-0.19995,-0.16809,1.2726
-0.57736,0.35376,0.81243
-1.1159,-0.53555,1.8747
0.049926,0.30636,2.2621
-0.58413,0.80154,-0.61709
-0.34164,0.38023,0.74705
-0.36686,-0.024955,1.1252
-1.4671,0.16455,1.1967
-1.8241,-0.76456,0.83561
-1.297,-0.23292,1.473
-0.32,0.25281,0.51879
0.15003,0.47388,2.0816
-0.0012496,0.50838,0.98607
-0.49812,0.1908,1.8109
-1.1924,-0.69165,1.8527
-0.032839,-0.68705,2.3892
-0.97674,-0.28398,-0.6197
-0.08507,0.012835,1.7232
-0.98241,-0.38772,0.075624
-1.429,-0.23422,1.5872
-0.65373,0.17058,0.63415
0.82238,-0.55605,0.11069
-1.1635,0.41366,0.3337
-1.1467,-0.34301,1.0342
-1.2216,-0.42653,1.1853
-0.28885,-0.16602,1.503
-1.2863,0.37767,1.6043
-0.69202,-0.12445,0.68988
-0.026986,-1.4641,0.79725
-1.2322,0.42355,1.5057
-0.87691,-1.3132,0.83516
-1.777,-0.87158,2.0806
0.16461,-0.38293,-1.5918
-2.1566,-0.41233,3.2244
-1.4644,-0.014019,0.53672
-0.65679,-0.40888,0.48112
-0.03949,0.17857,0.93554
-1.3699,-0.056381,0.52838
-0.89396,0.78235,1.1423
-1.1102,-0.049247,-0.86257
-2.5191,-0.75606,1.4809
0.20667,0.50513,-0.91486
-1.0808,0.27851,1.2352
-0.18782,1.6233,0.045723
-1.3525,-0.4006,1.2795
-0.90852,-0.65012,0.3049
-1.4883,-0.27357,0.17767
-0.71207,0.24856,1.3339
-0.60343,0.073278,1.2675
-1.921,0.26501,0.34886
-1.1261,0.028578,1.2672
-1.5786,0.87113,0.85723
-1.7341,0.99462,0.21244
-0.97675,-0.75595,-0.088093
-1.3743,0.17758,0.61065
-1.7844,0.30477,1.1868
0.31661,0.35893,0.52867
-1.0496,0.18309,3.0035
-0.025877,-0.38663,1.8113
-0.083513,0.092411,0.31788
-0.81864,0.21713,1.3342
-0.29086,0.13826,0.45172
-0.17668,-0.2692,-0.73506
-0.52063,0.5767,0.037872
-0.47762,-0.41184,-0.35375
0.32882,0.033662,-0.85961
-0.047398,0.50286,-0.15771
-0.45026,0.040045,-0.92674
-1.5865,0.90955,-0.018689
-1.5555,0.34345,-0.71082
-1.7046,0.72974,-0.5627
0.27676,-0.031872,-1.0171
-0.71484,0.087886,-2.0868
1.3456,-1.1557,-0.86677
-0.16293,-0.51359,-0.17077
0.068164,-0.81257,1.5381
-1.1916,-0.02415,-0.33092
0.0036054,1.1475,0.82838
0.45742,1.0086,-0.33918
-0.18198,1.0469,-0.37548
-0.76071,-0.67082,-0.54117
-0.51944,-0.042788,-1.7378
-1.5424,-0.46543,0.25772
-0.075163,-0.17151,-1.7705
0.43337,-0.42103,0.42371
-1.7707,0.39343,-0.29901
0.0068042,-0.29313,-0.077765
-0.19061,0.0073375,-1.139
-0.9076,-0.96191,-0.8302
-1.0699,-0.30678,0.28083
0.38745,1.1126,-0.82977
-0.54833,-0.080894,-2.3866
-3.0734,-0.38995,-0.29514
-1.0445,0.037934,0.24125
-2.3421,-0.53431,-1.0954
-0.37668,0.90523,-0.39783
-2.3595,-8.8467e-05,0.1771
0.45595,0.11588,-0.50392
-0.49201,-0.73662,-1.0637
-0.43212,0.26895,-0.34645
-0.25737,-0.39126,-0.095463
-1.0918,0.60874,-1.337
-1.6374,0.95005,-0.83728
0.27093,-0.70652,0.76172
0.27832,0.57269,-0.6329
-0.51791,1.1545,-0.35826
-0.35494,0.30376,1.1498
-0.26072,0.37991,0.3361
-0.84539,0.22914,-0.043272
-1.4708,-0.017184,-1.1915
-1.2546,-0.61744,0.42852
0.77757,0.65087,-0.94456
-1.1854,0.95422,-1.2189
-1.9459,-0.99437,0.00076426
-2.2352,-0.37288,-1.6092
-1.0912,0.42046,-0.68519
-1.1147,0.32439,-1.8182
-0.54687,-0.39176,-0.67935
-0.50772,-0.19795,-0.56356
-0.90008,0.56955,-0.56068
-1.1585,0.0093123,-1.1117
-1.3489,0.75564,-1.3626
-1.7923,0.17081,-0.36813
-0.4564,0.21247,-1.1096
0.47731,-0.34527,-1.4193
-2.01,-0.23993,-0.73701
-0.41399,0.50306,-0.43847
-0.34245,0.6543,-0.61843
-0.44043,-0.72651,-1.3761
0.11497,0.32328,-0.47879
-0.13522,-0.29276,-1.169
-0.27324,-0.82479,-0.56784
0.034727,-0.23619,-0.71291
0.30812,0.54891,-1.295
-0.66091,-0.32144,-0.20083
-2.8999,-0.36796,0.58422
7.4964,0.37443,-3.3103
-3.7141,-0.1568,1.7101
-0.026371,0.15381,-0.3408
0.13167,0.23482,0.59024
1.0606,0.52933,-0.3751
1.3417,-1.3544,-1.1411
0.35158,-0.36843,-0.77475
-0.085741,0.39604,-0.9211
0.15927,0.42007,-1.8968
0.754,-0.23984,-0.3006
1.1742,-0.13814,-1.3018
0.83765,-0.48319,-1.9128
0.18561,-0.013786,-0.0049998
0.41508,0.1262,0.77416
0.52362,-0.89984,0.32417
0.92695,0.83145,0.69825
1.0078,-0.42492,0.39076
0.99004,1.0182,0.47498
0.97566,-0.34927,0.29577
1.0806,-0.12832,1.1488
1.9389,-0.81742,0.25433
0.61621,1.163,0.73354
1.8502,-0.0091403,1.7852
-0.085131,-0.50288,1.8722
0.96151,0.53372,1.1842
1.5335,0.29082,1.9604
0.99786,0.80618,0.65059
1.0294,0.26302,0.4274
2.2581,0.39161,-0.24004
1.1156,-0.84581,0.8352
0.96422,-0.019308,-0.25447
0.91883,-0.45104,0.46698
1.1484,1.3013,0.78325
0.628,0.30193,-0.30796
1.2932,1.0713,0.81616
1.0313,-0.53424,0.65681
0.92458,0.40613,0.39383
0.17277,0.2902,-0.28149
0.46965,0.17402,0.23856
1.5083,-0.59329,-0.095703
1.5159,-0.42606,0.77568
1.7158,0.076898,-0.22983
0.76488,0.5971,1.0802
1.9337,0.46485,-1.1532
2.0595,-0.044929,0.5807
1.3088,-0.0013723,-1.6127
0.15687,-0.16795,-0.45298
1.5567,0.72297,-0.028475
1.6665,0.16912,0.70055
1.5548,0.29869,0.020732
2.4066,0.29364,-1.2641
0.64175,-0.55223,1.3279
0.73313,0.8106,0.62261
0.044738,-0.58148,0.70197
1.5204,-0.39359,0.019292
1.5551,0.83641,1.4257
1.1671,0.63549,0.56193
1.2615,-0.22839,0.18418
1.0916,-1.7656,-0.031921
0.54872,0.95842,0.37565
0.035748,0.19816,2.4403
1.4322,0.33114,-0.39677
-0.0076465,0.057611,2.3697
0.40863,-0.11445,1.5176
0.66898,0.97049,1.5568
-0.12933,0.83882,0.46388
1.1137,0.11908,1.8022
0.1242,-0.20657,1.6948
-0.95396,0.81121,2.0456
0.90731,-0.051269,0.29316
0.16519,0.46214,1.1096
-0.12365,-0.036189,1.3553
0.81321,-0.46705,0.9505
0.091015,0.5801,0.5205
1.7399,-0.34151,1.6484
0.52326,0.46204,1.4271
0.6539,-0.12068,1.3846
1.0279,0.95908,1.9511
-0.41355,0.62819,1.9261
1.6869,-0.024768,-2.0758
1.3126,-0.31833,3.4986
2.5474,0.27178,1.3567
1.2011,-0.00050331,2.4807
0.74419,0.26782,1.0037
2.8729,0.46814,2.6799
2.2947,1.0414,1.4332
2.4142,0.060329,0.87864
1.3884,0.67245,2.4214
1.7378,-1.0415,1.6118
1.5495,1.1657,1.5916
2.0302,-0.02471,1.371
1.9115,0.34798,1.6437
2.0295,-0.15144,2.5424
2.9902,0.28333,1.9686
2.4149,0.36987,0.6854
1.4665,-0.055327,2.5686
2.6477,-0.46052,-0.60051
1.2863,0.58475,1.1463
1.9646,-0.079023,1.0309
3.2835,0.30164,-0.053118
1.9023,-0.13226,0.81517
2.7622,-1.1847,1.0265
2.0989,-0.42301,0.24527
1.7986,-1.198,1.0418
2.8871,-1.2222,1.2442
2.4013,-0.79226,1.1674
2.504,-0.78925,1.0635
2.3783,0.50514,0.04753
3.1549,-1.1917,1.7631
2.1528,-0.051026,0.59197
2.1033,-0.49687,-1.3292
1.0471,0.12568,0.23348
2.0225,-0.81949,-0.059616
1.2852,-0.099844,0.80793
3.3756,-0.42324,0.2151
2.6465,-0.86712,-1.5302
1.7135,-1.2376,0.38995
2.3673,-0.27799,0.26296
2.9108,-0.28309,-1.0015
2.5288,0.090574,1.5448
4.1709,0.078251,-1.371
2.975,-0.1821,1.0065
3.9119,-0.29312,-2.4618
2.9009,-0.049566,-1.6638
3.5613,-0.065376,-1.1286
3.4793,-0.99105,-2.7883
2.6418,-0.0967,-1.8096
3.47,-0.64275,-1.8784
4.5633,-0.73133,-1.1221
3.3629,-0.70617,-2.1199
3.1501,-0.0086304,-1.557
3.242,0.32514,-2.1387
2.7563,-0.056978,-2.5292
2.2368,-0.22452,-2.4419
1.801,-0.19728,0.19707
1.7379,-1.0113,-2.8057
2.8442,-1.6836,-1.9188
0.79207,0.14918,-2.4183
2.6991,-0.02614,-1.7402
0.7476,-0.11893,-3.5288
1.1679,-0.59868,-2.9713
1.3724,-0.7672,-3.2666
0.95815,0.12701,-2.6599
0.91721,0.22668,-2.9679
1.6287,0.049218,-4.1708
0.58385,0.051355,-2.3901
-0.48097,0.23704,-3.4392
0.4513,0.31066,-3.8829
0.72337,0.70159,-3.9698
-0.2828,0.44951,-4.2591
1.3658,0.40719,-3.7905
0.13341,0.046917,-2.6923
-0.65033,0.64695,-3.2308
-0.1259,-0.65039,-2.6114
-0.31462,-0.38221,-3.2272
-1.5882,-0.11435,-2.6105
-0.47895,-0.41028,-1.4804
-0.013047,-1.0781,-1.9981
-0.34087,-0.53971,-1.9349
-0.37733,0.27467,-2.4934
0.34986,0.74285,-2.125
-0.36374,0.38646,-2.7985
-0.27742,-0.55471,-2.5307
-0.6445,0.75858,-3.8979
-1.364,-0.30041,-1.9396
-1.6057,0.64436,-2.3534
-0.77525,0.032367,-2.4744
-0.35185,-0.2394,-0.93854
1.4758,0.48596,-1.0839
-5.0997,0.9541,-2.4822
0.82143,0.43262,-0.87592
-1.3336,0.22471,-1.5098
-0.73663,0.10274,-0.95239
-1.8681,-1.4343,-0.44882
-2.0317,-0.57485,-0.31475
-0.2152,0.60327,-0.2384
-0.16563,0.77667,-0.7584
-1.0509,1.01,-0.35262
-1.0437,1.4153,0.15717
-1.9874,0.11851,-0.76395
-0.80126,0.53396,-0.5378
-0.46934,-0.64547,0.12658
-0.41305,-0.114,-0.043101
-0.82652,-0.12589,-0.32848
-0.68213,-0.45584,1.4772
-0.39588,-0.01639,0.40106
0.40102,-0.28333,0.63463
0.014475,-0.44558,0.031126
-1.6669,-0.12914,-0.1858
-0.21726,1.3841,-0.13647
0.79548,-0.062785,1.1979
-0.86548,-0.75804,0.19821
-0.45499,-0.26635,0.857
-1.4093,-0.54226,0.80886
-1.4768,0.082944,0.70631
-0.82461,0.17184,0.26176
-0.83693,0.050315,0.37118
-0.17246,0.040604,0.46549
-0.88798,-0.49591,0.85619
0.23928,-0.98873,1.1281
-0.43676,-0.17855,0.37707
0.1691,0.55503,0.57655
-0.79474,0.43932,0.81715
-0.34133,0.20886,0.66689
0.4792,0.20042,0.78164
-1.0531,0.18495,0.63506
-0.36559,0.97521,0.9288
0.14786,0.66675,1.204
-0.048782,-0.090122,1.1177
0.096434,0.026097,0.73608
0.059992,0.02359,0.047
-0.25295,0.45938,-0.30658
0.73855,-0.36508,0.29623
0.4599,0.17668,0.56894
0.12908,0.54232,0.73681
1.2207,-0.56941,0.44723
0.53825,-1.174,-0.061388
0.33058,-0.24859,1.6811
0.51558,-0.73773,0.3244
-0.55739,-0.24033,-0.10143
-0.33551,0.39843,0.57425
0.12277,0.037201,0.48392
-0.44917,-1.7542,0.49918
0.85828,0.33708,0.77819
0.33959,-0.44801,0.77549
-1.2512,0.38119,0.78427
0.39747,0.098468,1.4791
0.22711,0.1121,1.4472
0.28171,0.17202,1.9497
-0.094022,0.33078,0.24073
-0.36404,0.031449,0.68593
-0.19241,-0.076021,1.5133
-1.0316,-0.01069,0.45081
-0.44226,-0.43914,0.89802
-0.52007,-0.17314,1.1263
1.009,0.32504,0.018404
-0.31695,0.86155,0.16258
-0.19076,0.51601,0.86273
-0.83078,-0.00014191,0.70141
0.14269,-0.6426,0.92229
-0.83361,0.37956,0.51598
-0.6643,-0.045808,1.0312
-0.68089,0.54303,0.57938
-0.96171,0.31806,0.16573
0.28338,0.57998,1.72
-0.96832,0.30267,2.4839
-2.724,-0.264,-0.31354
0.76306,0.38249,1.5147
-1.1766,0.11281,0.98289
-0.12342,-0.40309,0.42682
-0.55152,0.34644,-0.3368
0.28163,0.22423,1.3882
-0.9335,-0.54889,0.35522
0.30397,-0.034494,0.90137
0.16674,-0.035427,1.0429
-0.36907,0.31928,1.3719
0.67177,0.60643,0.43375
-0.71541,0.47628,0.071071
-0.077275,-0.47662,2.2446
-0.29297,0.0046035,1.2658
0.62215,0.67768,-0.71134
-0.20006,0.016484,0.88383
0.34289,-0.54206,-0.64997
0.08483,-0.59383,0.16814
1.1494,0.066821,-0.50543
-0.11199,-0.30721,-0.16553
0.25659,1.3311,0.53961
-0.70302,0.41629,0.70194
0.56864,0.27041,0.29014
-0.1258,-0.048129,0.22542
-0.056123,1.1298,-0.69199
-0.013515,-0.82123,1.3116
1.6553,0.25141,0.025915
1.0874,0.60451,0.098166
-0.13285,-0.43554,0.66311
0.065613,0.40241,0.07441
-0.60365,-0.10153,0.63872
-0.13968,0.30321,-0.58791
0.25784,0.060043,-0.22632
-0.97337,0.41166,0.33153
-0.29705,-0.089611,0.14688
-0.011978,1.0904,-0.036862
-0.73148,-0.3381,0.035499
0.26899,0.5554,0.59166
-0.76694,0.27567,-0.010433
-0.84032,0.87958,0.24309
-0.59086,0.54315,0.40051
0.45232,-0.21067,0.65341
-3.3005,-0.097353,-1.3011
0.65396,0.29779,2.3575
-1.1571,0.49034,1.0205
-0.62107,0.75758,-0.24799
0.35631,0.011659,1.9671
-1.9541,-0.30769,-0.31404
1.2201,0.77267,2.8536
-2.6553,-0.074003,-0.28909
0.3145,1.0111,2.553
-0.23464,-0.22356,0.62581
-0.39493,-0.19772,0.37894
-0.3078,-0.70605,1.3575
-0.64357,0.001463,1.669
-0.5934,-0.16976,0.29748
-0.24994,0.94663,2.1488
-1.5533,0.97553,1.7254
-0.78882,-0.13473,1.6008
-1.1229,0.32638,1.1034
-1.0195,-0.86945,0.86985
-1.255,0.42757,1.7726
0.64155,0.28209,0.46931
-1.569,-0.068621,0.73782
-0.66681,-0.56359,1.4389
-0.051219,1.1791,1.531
-0.18714,-0.2492,0.25651
-0.49527,-0.063485,1.5688
0.31115,0.24782,0.41802
-1.3888,-0.49115,0.91414
-1.074,1.3981,1.8166
-1.3715,0.44722,0.50867
-0.29177,0.41872,0.69505
-0.45874,-0.65622,0.73745
-0.81309,0.081768,0.21446
-0.27198,-0.49365,0.56215
-0.1584,-1.0121,1.0241
0.09089,-1.06,0.23198
0.25343,0.021882,0.88803
0.85107,0.65431,0.47178
-0.93386,-0.50212,0.82549
0.2039,-0.3653,0.78251
-0.53101,-0.23958,0.22252
-0.14622,-1.3943,0.86652
-0.34782,-0.35092,-0.28236
-0.39283,-0.61145,0.68631
0.77507,-0.095071,0.76163
-0.14274,-0.85157,-0.41218
-1.0452,0.034289,0.12711
-1.1964,-0.23238,1.0475
-1.2896,-0.35722,1.1608
-1.0158,-0.095,-0.044637
-1.02,0.33708,0.45458
-1.3016,-0.043346,0.11922
-1.7233,0.63864,0.51847
-0.81893,-0.23113,-1.4305
-1.4808,0.75149,0.31825
-1.5652,0.0029406,0.91787
-1.9432,-0.94594,0.32341
-2.6521,-0.55632,0.69504
-2.1093,0.042979,-0.19225
-0.93508,0.65344,0.3846
-0.40737,0.12215,0.12919
0.40694,0.18564,0.34181
0.45225,-0.15939,0.69876
0.11497,0.14607,-0.018093
-1.562,-0.57949,-0.011278
-0.91601,-1.2711,-0.35238
-0.9575,-0.64156,0.31866
-0.17283,-0.27881,1.3937
-1.4128,0.02137,-0.19902
0.45904,-0.46731,-0.23559
-1.2046,0.80997,0.41634
-1.6818,0.12502,0.81972
-0.70794,0.11788,-0.96776
-0.27661,-0.28917,-0.16141
-0.042044,-0.018091,-0.090461
0.41857,-0.074549,0.47054
-0.27867,-0.54422,-0.98585
-0.47461,-0.70179,-0.49717
0.32046,0.13527,-1.6128
0.68153,-0.20008,-1.7312
1.0375,0.055247,-2.183
0.66369,-0.051679,-1.9161
-0.17999,0.042865,-1.7329
0.034767,-0.024426,-1.2203
-0.2541,0.72885,-1.2453
-0.32194,0.4312,-0.958
-0.35802,0.14986,0.5486
-0.25315,-1.4312,0.27453
-1.2831,-0.082901,-1.5159
-1.4346,0.42667,0.4059
-0.79823,0.28541,0.20799
-2.253,0.47355,0.042709
-1.2571,0.57509,0.15504
-2.0312,0.62486,-0.88919
-1.8806,0.019883,0.69786
-2.7597,0.64285,-0.33133
-3.1965,-0.067882,-1.4952
-2.5703,0.46537,1.9382
-2.3875,0.10768,1.4781
-1.2401,-0.27418,-0.22735
-2.5363,-0.11563,1.5641
-3.4757,-1.3368,-1.4569
-2.628,-0.20061,1.3555
-1.875,-0.44528,0.065683
-3.7996,-0.75311,-1.0759
-0.55074,0.37848,1.4336
-1.9402,0.22258,1.8885
-0.52999,-0.87262,0.37486
0.050272,0.11315,-0.23607
0.0095942,1.073,0.39078
0.90623,-0.02477,1.1892
0.096347,-0.18225,0.44624
0.49654,0.4051,0.47907
0.46495,-0.23815,1.1032
0.52992,-0.56737,0.28963
0.057173,-0.040357,1.8372
-0.11931,-0.70269,0.49642
-0.15365,-0.85001,0.98752
-0.88259,-0.34929,1.2264
-0.73285,-0.64153,1.1107
-0.60701,0.27145,1.1132
-0.46373,0.55439,0.59311
-0.11454,0.067049,0.87088
0.18826,-0.28364,0.28334
-0.3228,-0.50287,0.11981
-0.27438,0.29429,-0.18212
-0.67881,0.37207,0.82608
-1.1183,-0.47669,-0.071957
-0.81132,0.30217,-0.18729
-1.2919,-1.0686,0.048276
-0.45583,0.54372,0.53812
-0.60606,0.16053,0.32562
-2.0079,0.20858,-0.045683
-0.71454,-0.42178,-0.26621
-0.67132,-0.77573,0.12569
-0.062037,0.081101,-0.83879
-0.64991,0.13147,-0.46623
-1.3666,0.3243,-0.74925
-0.66979,-1.2248,-0.72219
-1.2002,-0.54925,0.59197
-0.66918,-0.40799,-1.3953
-0.57367,0.18236,0.18492
-1.287,-0.41158,-0.085929
-0.75075,-0.32921,-0.85336
-0.84395,0.62685,0.79354
-0.65885,0.57996,0.052862
-1.2932,-1.3137,-0.38909
-0.19806,1.8407,-0.30492
-1.0429,0.97312,-0.43969
-0.75861,-0.91531,0.34497
-0.064657,0.19566,0.59299
-0.24511,-0.024522,-0.0094373
1.0381,0.30076,-0.1159
0.45842,-0.046285,0.76253
0.034094,0.9141,0.43479
-0.41635,0.47803,0.58402
-0.76158,-0.084262,0.21942
0.27238,0.09712,-0.18084
-1.183,0.5464,0.26323
-0.56893,-0.03669,0.33279
0.49374,1.0686,-0.36873
0.71144,0.13868,0.60959
0.3931,0.47969,-0.8477
0.97351,0.2859,-0.073655
1.1179,0.4149,0.47136
0.079374,-0.11002,0.21804
-0.13671,-0.84884,-0.30937
0.53099,-0.27628,-0.38483
0.55264,0.26505,0.9597
0.7011,0.85207,-0.25933
0.95222,-0.76834,0.32928
0.92759,0.12134,-0.90915
0.35853,0.55857,-0.27506
-0.01724,-0.14683,-0.1488
0.94606,0.021536,-0.49746
0.004068,0.13864,-0.91671
-0.016982,0.027541,-1.2713
0.80787,-0.12877,-1.1726
-1.2214,-0.16266,0.33821
0.66718,-0.16393,-0.23478
0.088431,-0.13592,-0.94343
0.63858,-0.051391,-0.67559
0.30341,0.40411,-0.26998
-0.096596,0.0080124,-0.35205
0.47564,-0.22776,-0.40984
-1.222,-0.083374,-0.81509
0.91377,-0.26032,-0.50808
-0.17847,0.36382,0.11087
0.021055,0.63096,-0.29354
-0.39599,-0.76215,-0.17966
-0.085726,-0.4783,-0.39267
0.01872,0.060728,-0.64648
0.23209,0.54409,-0.43351
0.54753,0.042175,0.7027
0.038077,-0.19238,-0.81326
-0.50478,1.0626,-0.59637
0.92698,-0.33852,0.0025581
-0.093877,-0.31058,0.075346
-0.35612,0.43181,-0.29297
0.7365,0.99504,0.096049
0.97998,0.53814,-0.36073
-0.1149,-0.50049,-1.105
0.8286,-1.1653,0.72665
-0.069362,0.35596,-0.6539
-0.45671,0.23369,-0.29817
0.03634,0.64734,-0.2296
0.067196,-0.6314,-0.25859
0.48161,-0.59385,-1.1037
1.3345,-0.071329,-1.4399
0.26289,0.91416,-0.9307
0.11554,0.031115,0.0076663
1.7142,0.14267,-1.0112
1.1378,0.29396,-1.3955
0.14128,-0.68379,-1.4002
0.27954,-0.24377,-0.447
-0.19006,-0.60785,0.090386
0.62483,-0.98882,-1.0062
-0.22731,0.43325,-0.28296
-0.30556,0.79373,-0.32655
0.25248,-0.010546,-0.83879
0.66475,0.13701,0.23835
-0.059188,-0.06282,0.57848
0.041186,1.0821,0.023329
0.83342,1.7822,0.67618
1.2306,1.855,1.5759
1.3234,0.020057,-1.8723
2.4792,0.42381,1.1427
1.2616,0.20654,-0.016357
1.5782,0.10666,-0.12249
1.9472,0.46747,1.1167
0.90148,-0.04255,-2.2246
1.7806,-0.069847,1.2753
2.2427,0.16111,0.93953
1.6155,-0.76439,-1.7399
1.9847,0.051272,1.8985
2.2129,-0.13473,0.64712
1.6707,-0.82213,-0.59095
2.57,0.2401,1.2055
1.7519,-0.36121,-1.5347
2.7221,-0.23516,1.7322
2.7764,-0.043825,1.0766
1.9474,-0.15041,-1.0645
1.9949,0.32484,0.69885
1.3372,0.71711,-2.3182
0.52552,-0.61986,1.7735
0.69404,0.59753,-0.38991
1.0349,-0.076706,-1.2319
0.84774,-0.28833,1.3902
1.7341,0.1174,0.030025
1.5984,-0.059653,-2.0983
2.7027,-0.38035,0.92639
2.1254,0.61168,-0.9599
1.1427,0.085956,0.38805
0.81944,0.62797,-0.059354
1.8136,0.8259,-1.8091
1.5482,0.41691,-0.222
0.49115,-0.10393,0.090516
-0.094863,-0.33115,-1.2789
1.8294,1.0132,-0.62874
1.8125,0.14856,-0.90309
1.2095,-0.10498,-0.5747
1.1361,0.15429,0.36688
1.8176,-0.51117,-2.8744
2.4826,0.24779,0.44226
2.4299,0.33842,-0.96472
1.4025,0.19589,-3.18
0.79133,0.42338,0.16318
1.4911,-0.16808,-1.7712
0.468,0.69547,-3.6207
2.2013,-0.93027,-0.10861
1.0987,-0.41777,-2.2101
1.9153,-0.016762,0.36314
0.78089,-0.82835,-0.16503
0.74142,-0.52321,-1.5757
0.015044,1.0682,0.28897
1.0525,-0.0042994,-1.4583
0.61347,0.15628,-1.897
1.0359,0.7881,0.24171
0.52088,0.46629,-3.3058
1.7378,0.57691,-0.31555
2.1347,0.77306,-2.0094
1.448,-0.66202,-3.514
1.0055,0.26765,-0.36107
1.329,-0.85369,-1.5156
0.3472,0.59571,-2.5664
2.2272,0.47992,-0.64413
1.5942,0.074452,-3.5594
0.81754,0.74415,-0.1167
1.5891,0.18836,-2.0632
1.8065,-0.4628,-3.3221
2.4654,-1.3847,-0.57897
1.9249,-0.69357,-2.3742
0.56831,-0.63512,-3.2408
2.2656,-0.16204,-0.14414
0.22734,1.1512,-4.4564
0.39523,-0.58476,-0.77052
0.36281,-0.32117,-2.1394
0.18923,-0.27837,-3.8668
1.4751,0.84091,-0.071492
0.76826,-0.30761,-2.1293
0.78612,-1.2944,-3.5851
0.95659,-0.72668,-0.94643
0.15725,0.37435,-2.4888
0.94364,0.7237,-3.4839
0.91276,-0.15942,-0.83356
-1.0229,0.61015,-4.0512
0.31404,0.51588,-1.7038
-0.84539,-0.18277,-3.6671
0.50888,-0.47051,-3.6049
-0.49332,0.71685,-0.90148
-0.2,0.67967,-1.8284
0.72404,1.0586,-2.5062
0.054877,-0.41224,-0.90901
0.083036,-0.23656,-3.3509
-0.09396,-0.0045521,-0.055007
0.22562,-0.38928,-2.4334
-0.2573,0.4129,-3.1882
0.3377,-0.5851,-0.72019
-0.84561,0.71642,-1.955
-1.25,0.5257,-2.4991
-0.4338,-0.98323,-1.3537
-0.21908,-1.0771,-2.2598
0.55914,-0.76071,-1.839
0.12474,0.14629,-0.44214
-0.32479,0.091861,-0.14336
0.74063,0.13132,-0.65724
0.90904,0.60286,-0.50093
0.3793,0.47585,-0.013093
0.95369,0.035246,0.01004
-0.76717,0.39089,-0.45116
0.67474,0.56121,-0.7867
-0.89735,-0.27917,-0.55606
0.60036,0.066695,-0.49879
5.454,-0.11478,-3.156
-10.79,-0.75996,5.415
6.565,0.73077,-2.2647
-0.052076,0.70217,-0.44124
-0.46976,-0.043572,-0.44316
0.54138,1.0372,-0.22934
0.83168,1.133,-0.57191
0.13002,-0.080367,-0.96287
-0.28099,-0.032264,-0.48294
-0.55268,0.12431,-1.1754
-0.26563,0.56322,-0.43351
1.7587,-0.65017,0.23522
1.1033,0.10907,-0.05256
0.17397,-0.44551,0.5351
0.32197,1.1484,-0.7522
0.74245,-0.85739,0.18789
0.67727,0.6693,-0.41006
1.7353,0.32,-0.53732
0.43435,0.10816,-0.05439
-0.58093,-0.020029,0.60038
0.35979,-0.4654,-0.6434
1.322,-0.30351,0.022801
0.76689,-0.36461,-0.96721
1.1739,0.29863,-0.58258
-0.075505,-0.20263,0.32451
0.42081,-1.4666,-0.58978
0.76666,0.50657,-0.61225
0.70262,0.32172,-0.51124
0.35142,-0.24719,0.91062
0.32346,0.60199,0.22398
0.1304,0.16036,0.83439
0.80947,-0.52457,-0.24501
0.11448,-0.70703,-0.35061
0.53184,0.97329,-1.2188
0.20778,-0.06573,0.57243
0.29608,-0.67463,-0.34771
-0.37699,-0.18997,0.75971
0.54214,-0.15241,0.275
0.019128,-0.32452,-0.13844
-0.61276,0.66631,0.3817
-0.24642,0.032508,0.46297
-0.30766,0.035913,-0.30083
0.69416,-0.39083,0.45273
-0.14741,0.84311,-0.22344
-0.15636,0.0015859,0.15931
0.6921,-0.33716,0.7868
0.44528,0.28964,0.50126
-0.62319,-0.51398,0.51579
-0.3787,-0.67454,0.7534
-0.73908,-1.3385,0.11999
-1.1093,-0.74719,1.1673
-0.055658,-0.75039,0.89625
0.62778,0.12307,-0.28208
-0.35327,0.28734,0.08886
-0.32612,0.21097,0.38623
0.006528,0.37382,-0.13439
-0.82657,0.66382,-0.29993
-0.3702,-0.15291,-1.2134
-0.36943,0.21965,-0.087897
-0.56001,0.2066,-0.066693
-0.98082,-0.21173,0.10846
-0.18119,0.56735,0.73107
-0.21726,1.0076,-0.30479
-1.1633,-0.21851,-0.52385
-0.43818,-0.52277,-0.75803
-0.042776,-0.20023,-0.50266
-0.56129,-0.51823,-0.39327
-0.83364,0.44594,-0.85311
-0.97202,-0.4714,0.089016
-0.67429,0.37062,0.24862
-1.8648,-0.28736,1.1656
-0.95855,-0.035437,-0.46732
-2.2983,-0.14445,0.28234
-2.1086,0.27057,1.4919
-1.3336,-0.20808,1.1521
-1.7776,0.32649,1.5263
-0.9789,0.05377,0.34222
-1.6206,-0.97155,1.1529
-2.542,-0.48303,1.2916
-2.0603,0.8363,2.2601
-1.2651,0.29138,0.95808
-1.0834,0.39622,1.1586
-0.58413,-0.055134,2.1052
-0.44015,0.63143,0.72941
-0.44318,-0.36251,1.6285
-0.95226,0.0070096,1.2605
0.13516,0.68559,3.2415
-0.08816,-1.3483,2.5682
-0.08447,0.041006,0.41457
0.67818,0.12598,3.854
0.7047,0.6825,1.1447
0.11063,0.21157,0.34042
1.9852,-0.25357,3.1094
-0.19484,0.23733,0.5494
0.38142,0.3478,2.0642
0.74037,1.518,1.964
-0.90723,0.19394,1.2845
0.67494,-0.25697,2.9715
0.2403,-0.17863,2.8618
0.08682,-0.52687,-0.17312
2.1395,0.23377,2.9562
-1.2753,0.077228,0.82891
0.9499,-0.82487,3.4715
0.32963,-0.18623,2.6466
-0.82435,-0.56677,0.39532
1.8643,0.73971,5.3308
-0.2592,-0.045467,2.3843
-0.8949,-0.72042,1.854
1.3977,0.79038,4.9108
0.16315,0.23309,2.9769
-1.553,0.91892,1.4691
1.3015,0.1947,4.7973
-0.88286,-0.26484,0.17481
0.18072,-0.58249,5.2817
-0.35733,0.10534,3.072
-0.21447,0.083355,0.42108
-0.47748,1.4648,4.2299
-0.67857,-0.015925,2.4273
-2.0915,0.79779,0.59233
0.19859,0.24968,3.3043
-0.38677,-0.68239,1.5195
-0.4099,-0.065355,4.3065
-0.56922,1.4632,3.064
-1.314,0.20636,1.0443
0.28649,-0.035826,3.8625
-1.2651,0.46484,1.0275
-0.95943,-0.27053,1.6693
-0.019308,0.37329,3.4674
-1.9347,0.78145,1.9437
-0.24813,0.25137,2.5903
-1.0687,-0.03406,0.72634
-0.52176,0.589,0.15077
0.64443,-0.21113,1.4361
-0.55608,0.39532,0.71285
-0.81318,0.42012,2.2176
-0.26118,-0.45075,2.257
-0.62201,0.47563,0.61088
-0.22242,-0.2654,1.0785
-0.57578,1.1627,0.15409
0.058321,-0.15178,0.40847
-1.7625,0.15441,0.26585
-0.16455,0.80531,0.18876
-1.0235,-0.57385,-0.28535
-0.5573,0.010174,0.010574
-0.029663,-1.4146,1.0959
-0.95576,-0.653,0.13478
-0.37104,-0.39792,0.61004
-0.47463,-0.44226,-0.82706
-1.1093,-0.66739,-0.2732
0.26564,0.36214,-1.7963
0.73848,-0.34251,-0.9282
-2.3195,0.1389,-0.24973
-0.65944,-1.5575,-1.9284
-0.46391,0.37691,-1.4072
-1.2434,-0.37717,-1.8598
0.90949,-0.60651,-2.0067
-0.38154,-0.78094,-1.5643
-1.2715,-0.55925,-3.9331
-0.6304,-0.017512,-2.1578
-0.90322,0.76349,-2.2327
-0.82754,-0.22283,-2.5689
-1.2914,-0.22516,-1.8561
-1.8599,-0.89844,-3.3271
0.14829,0.22269,-1.3358
-0.8975,-0.40972,-2.5164
0.69697,-0.14198,-1.039
0.24073,-1.2665,-1.3633
-1.0471,0.67074,-4.044
1.2073,-0.36387,-1.4902
-2.123,0.1269,-5.9905
0.78135,-0.89188,-0.886
0.96954,0.14303,-2.075
-2.4557,0.1427,-7.6036
2.9546,0.20318,1.0832
-1.9864,-0.16682,-6.1894
3.5659,-0.19467,0.44372
1.234,-0.14505,-2.9883
-4.0353,0.54371,-5.2414
2.4582,-0.37899,1.9061
-2.7256,0.15141,-7.5377
1.811,1.0596,0.65206
-0.52076,-1.0112,-1.5927
-2.6252,-1.647,-6.366
1.5749,0.0027876,-0.60578
-2.7145,-0.26716,-3.9078
1.2207,-0.52112,0.87546
-0.75661,-0.15769,-2.2064
-2.2138,0.80295,-3.3809
-0.9361,-0.51186,-0.31102
-0.4988,-0.29438,-0.45897
-0.62816,-0.096312,-0.77282
-0.30423,0.80617,0.15061
-1.1015,-0.98478,-2.2123
-0.70423,-0.11334,-0.8749
-0.10117,-0.58458,-0.75768
-1.5843,-0.56271,-3.3022
0.44634,0.11745,-0.12024
-3.1865,-0.36831,-3.8496
0.72679,0.36798,1.321
-0.27013,0.014416,-2.2604
-3.738,-0.80933,-6.5009
0.24314,0.033536,0.96093
-3.9031,-0.42018,-5.3323
1.6913,0.1918,2.3869
-3.1944,-0.11878,-1.1586
-4.6605,0.66393,-4.1074
-0.39288,0.29604,3.0015
-5.3584,0.26163,-4.4553
-0.12569,-0.38846,1.967
-2.7586,-0.30371,-0.54822
-3.3203,-0.75726,-3.0661
-0.20379,0.40784,0.83273
-1.7288,-0.85702,-0.99014
-1.467,-1.0141,-2.5177
0.45746,1.0411,0.54818
-3.1525,0.19688,-2.3987
-0.60127,0.74337,0.68838
-1.6656,0.32465,-0.015336
-3.8807,0.053688,-3.5732
-1.3633,-0.40958,1.3418
-1.4427,-0.34648,-0.92565
-3.0667,0.55009,-2.5568
-1.1008,0.928,2.1533
-4.0678,-0.76004,-4.7306
-0.48321,-0.85528,2.1339
-1.5871,1.3138,-0.29187
-4.008,0.46246,-2.1556
-1.512,-0.2297,1.4754
-2.4364,0.68146,-1.4279
-3.8634,0.088887,-2.8253
-2.0307,-0.70175,1.7726
-3.3642,0.78422,-2.2893
-0.73706,0.41015,1.1158
-2.1254,0.93731,-0.78763
-2.0221,-0.24646,-1.1138
-1.056,-0.92675,-0.58074
-1.7048,-1.1704,-0.97523
-0.87749,-0.025749,-1.5365
-1.1802,0.62197,-0.3425
-1.1309,-0.68865,-0.53317
-0.8534,0.7236,-1.1152
-1.478,1.3392,-0.42727
-0.9448,0.013484,-1.8051
-0.21997,0.33364,-0.55215
0.00080871,0.17546,-1.2569
-0.85536,-0.13388,-1.9565
-0.3971,-0.72098,-0.96206
-0.85549,-0.46555,-1.1019
0.41305,-0.10033,0.26839
-0.34226,-0.33903,-0.34795
-0.041187,0.67513,-0.70721
0.45993,-0.48437,-1.042
-2.0413,-0.45576,-0.99579
-0.96788,-0.98126,0.82551
-1.0763,0.14218,-0.98656
-0.24365,-0.6772,-0.22255
0.087507,0.89024,-0.40132
0.45814,0.64025,-1.0712
0.60456,-1.1956,-0.59308
-0.7538,-0.6188,0.04502
-0.88627,-0.15423,0.48446
0.35266,-0.33203,-0.32438
0.58186,0.88022,-0.070965
-0.51807,-0.94832,0.49852
-0.34889,-0.089314,1.6704
-0.077975,-0.0054807,-0.43245
-0.11504,-0.20761,0.26921
0.85038,0.63105,-0.029072
0.21122,-0.5495,-0.34752
0.52569,1.5095,0.37401
0.74604,0.1728,-0.73676
0.019013,0.20501,0.34088
1.2397,-0.45157,0.21424
0.050171,-0.46422,1.0477
1.0945,-0.6212,0.064956
0.51379,-0.62006,-0.22947
1.3001,-0.79695,-0.65117
0.55682,0.11816,-0.14598
1.1339,-0.75433,-0.47266
-0.25717,-0.20988,0.16481
1.1474,-1.1901,0.31537
1.5834,0.81759,-0.080875
1.277,0.18356,0.19449
1.6303,0.79115,-0.35228
0.67573,-0.91434,-0.51412
-0.79011,0.20741,-0.2759
1.3251,0.58537,0.35462
1.8248,-0.22602,0.32841
0.63477,0.34575,-0.68057
1.9626,-0.38598,0.55408
1.3879,0.36928,-0.87151
1.2968,-0.15513,0.057356
1.1965,1.3101,0.13882
1.1968,0.013211,-0.89197
1.3721,-0.21056,0.65547
1.2289,0.0066653,-0.53706
1.1932,1.2598,1.0914
1.6311,-0.4409,-0.2696
0.62454,-0.62107,1.1097
0.59111,0.20805,0.12427
1.6104,0.53326,0.15546
-0.14435,0.9698,0.29423
1.5725,0.37245,0.34497
1.0628,-0.0028056,-0.43287
1.5004,-0.27218,-0.50502
0.42852,0.20961,1.1191
0.92527,0.48836,0.66104
1.5556,0.34145,-0.70479
0.97252,0.53942,1.0761
0.70788,-0.031564,1.3538
0.76911,-0.51241,0.22836
1.6233,-0.79631,0.21439
-0.40042,0.69243,-0.25185
0.14459,0.52686,0.26192
0.75294,-0.035281,-0.49313
1.9843,-0.51498,1.0483
-0.16839,0.5249,0.35655
0.90232,-0.051762,0.62491
0.22136,-0.80296,0.20098
0.16668,0.34592,0.72654
0.15783,0.27071,-0.23465
-0.30856,-0.93786,3.8919
0.66024,0.2684,-0.67133
1.3116,-0.69943,1.4976
0.17803,0.48716,1.1937
0.96391,-1.225,1.1748
0.96354,0.11395,1.9639
0.15604,-0.46864,2.126
0.92558,-0.66044,3.328
-0.63589,0.38433,2.8496
0.58408,-0.0058762,1.6043
-0.3598,-0.97717,1.9932
-0.28608,-1.5188,2.283
-0.277,-0.13828,1.2646
-0.48437,0.5833,1.4964
-1.2698,0.61177,0.14166
-0.65028,0.49577,-0.22132
-1.2672,-0.029199,0.43877
-0.18747,-0.75858,0.3236
-1.3004,1.9712,-0.020411
-0.85784,-0.55959,0.41448
-1.9366,0.67408,0.49907
-1.2759,-0.67276,0.12324
-2.0517,0.10301,-0.91671
-1.1264,-0.94564,2.2033
-5.31,0.30026,-2.0456
-0.36591,1.2379,2.5476
-5.4202,1.3463,-2.6492
-0.1353,-0.17831,3.3684
-2.2391,-0.7234,0.1258
-5.077,1.0932,-3.2769
1.1335,0.52188,3.4668
-5.4392,0.51467,-2.8119
0.36986,0.72664,3.0279
-3.0074,1.0031,0.6177
-4.9804,0.77443,-1.7576
-0.46799,0.55955,4.3115
-5.4565,0.25458,-3.6115
-0.34796,-1.0264,3.2906
-1.8729,0.085624,2.0141
-4.6217,0.61137,-2.8595
0.35963,-0.66613,2.9304
-4.2765,0.40382,-0.80717
-1.1576,1.2826,2.1988
-2.4394,0.15519,0.023179
-3.0293,-1.0211,-0.88682
-0.30727,0.43771,1.0267
-2.0727,-0.21855,-0.18106
-0.68419,-0.39768,-0.68344
-1.6904,0.20089,-0.32635
-2.41,0.47709,-0.97362
-0.6937,-0.19432,0.21648
-2.1509,0.23652,0.13311
-0.65298,0.58189,-0.3654
-1.1667,-1.092,-1.5641
-1.0591,0.67081,-2.5169
-0.5508,-0.00045718,-1.7417
-0.53831,-0.026818,-1.2116
-1.4866,1.2874,-0.44653
-1.5638,0.69167,0.36334
-0.77101,0.27375,-0.66095
-0.16941,0.20822,-1.05
-1.5271,-0.12026,-0.23223
-0.044596,0.038074,-1.2205
-0.83665,-0.6598,-1.317
-0.23994,-1.6601,-1.0218
0.17872,-0.65543,-0.33814
-0.40809,0.085688,-0.32602
-0.23657,0.057741,-0.62081
-0.35978,-0.31401,-0.34615
-0.072514,0.58896,-0.83054
0.033871,-0.89265,0.28345
-0.55913,-0.18211,-2.1943
0.80595,-0.65781,0.26078
0.15481,0.4744,-0.7142
-0.10367,0.0087603,-0.64023
0.24761,0.52114,-1.1669
0.10498,0.083844,-0.91457
0.47974,-0.3616,-0.61444
-1.002,0.55941,-0.23364
0.96944,-0.45588,-0.92761
1.4224,-0.41205,-0.48551
1.7873,-1.4487,-0.47675
-0.39345,0.29178,-2.1469
3.2839,-1.5717,-1.4752
1.0413,0.5165,-1.4496
0.90254,1.0143,-0.82973
2.0374,-0.47498,0.20906
1.5399,-0.753,-1.0925
1.2404,0.107,-0.40886
1.412,-0.25842,-0.73792
0.83946,1.0223,-1.2705
0.98069,-0.94864,-1.3973
0.92377,-0.33369,-1.8386
0.62044,0.90513,-1.3203
1.415,0.81665,-0.82766
0.068334,1.0491,-1.0074
0.89223,0.39311,-1.1873
0.23977,0.16353,-0.86855
-0.22447,0.13425,-0.63216
0.091529,0.63678,-1.1865
-0.50935,0.17171,-0.9024
0.4333,-0.44803,0.78227
-0.42308,-0.018799,-0.47817
-0.51419,-0.92228,-0.2981
-0.092357,-0.52361,-0.58369
-0.66088,-0.29488,-1.0336
-0.59311,0.31712,-0.26515
-1.3222,0.63451,-1.4447
0.41022,-0.30081,0.33725
0.54607,1.2659,-1.1507
0.13935,-0.89562,-0.7156
0.032535,0.21168,-0.92118
-0.35013,0.22858,-1.1181
-1.4236,1.1265,-0.80575
-0.78179,1.1679,0.059329
0.04767,-1.3259,0.2601
-1.0819,0.53192,0.54131
0.22734,-1.1974,-0.93333
-0.70359,0.041839,-1.4165
0.56736,1.3299,0.75615
-0.10689,0.21475,-0.47214
-0.8932,-0.62801,-0.073486
-0.82768,0.54394,-0.5112
-1.5606,-0.24938,0.50005
-0.67495,-0.92485,0.7464
-2.0204,-0.30316,0.33541
-1.0577,0.41983,-0.65979
-1.0802,0.098515,0.46455
-1.1319,-0.9066,-0.38449
-1.7078,0.53951,-0.17848
-1.0698,-1.6014,0.15587
-0.21644,-0.77182,-0.47348
-1.6246,1.2703,-0.60365
-0.94773,0.15458,-0.068931
-0.76814,0.44197,1.2442
-0.77189,0.016542,-0.052767
-0.7597,-0.39217,1.36
-0.039494,0.32122,-0.94424
0.94778,-0.92556,-0.10148
-1.4348,0.23878,-0.13457
-0.65104,1.8133,-0.3789
-1.1491,-0.60096,0.58557
0.61013,0.75813,0.40707
-0.13191,-0.15533,0.12653
0.091664,-0.36663,0.19478
0.10283,-0.36937,-0.073493
-0.1255,0.031405,-0.88605
-0.33494,-0.33713,-0.37409
-0.27532,-0.12615,-0.31328
-0.99513,0.75031,0.01231
-0.90849,0.9831,-0.55477
0.24035,-0.34914,0.51358
0.16926,-0.049484,-0.61763
0.16329,-0.89372,-1.236
-0.5662,-1.145,0.85493
-0.75722,-0.14499,-1.3272
-0.62802,-0.65293,-0.19615
0.81352,-0.72742,-0.88556
-0.48484,0.12043,-0.6494
0.11678,0.024348,-0.52687
-1.5066,0.77132,-0.92251
-0.92152,-0.93089,0.99064
-0.0058584,0.23936,-0.020213
-0.53708,0.69686,-0.91919
-1.2462,0.75479,-1.0982
0.39961,0.51595,-0.35182
-0.71811,0.57677,-1.0047
0.043525,0.91269,0.65629
-0.90691,1.5071,1.1747
-0.60259,-0.2307,-0.17597
-0.40386,-1.5437,0.28468
-0.022878,-0.27999,1.1316
0.1921,1.0474,-0.64866
-0.38793,0.98059,0.13715
0.48614,-1.1444,0.1245
-0.5442,-0.10034,-0.79772
-0.48394,-0.027855,0.86957
-0.65488,-0.17652,-0.81756
1.4134,0.18021,1.5114
-0.65147,1.1246,-0.36893
-0.4108,-0.52734,-0.66979
-0.42292,-1.2646,-0.7664
-0.023116,-0.81926,0.80961
0.76247,-0.007858,0.62697
-0.70684,1.3639,-0.71891
0.4873,0.13892,0.83005
-0.67309,1.2204,-0.5351
-0.43335,0.45145,-0.14789
0.65341,-0.54415,-0.064395
-0.25576,-0.36483,-1.672
0.35901,-0.79678,-0.058905
1.0684,0.35427,1.237
0.079871,-0.60145,-1.0965
0.46509,-0.18813,-0.72783
-0.093125,1.0115,0.20551
0.28708,0.60323,-0.070034
0.84319,0.47622,0.5534
0.066698,-0.72723,-0.007287
0.71153,0.77449,-0.89002
0.62568,-0.39162,0.37178
-0.070749,1.1928,0.2583
0.36695,-0.032316,-0.13442
0.12493,0.15015,0.42936
0.2437,0.054692,-0.030236
0.72788,-0.07522,-0.17135
1.7449,1.3456,-0.57096
-0.49464,1.0714,-0.98068
1.6404,-0.30035,0.072594
0.96069,0.082303,-0.26966
0.59263,0.57521,-1.9646
0.68314,-1.7485,-1.0729
0.91721,0.19173,-0.086305
0.56615,-0.54824,-0.52878
0.23465,-0.32814,-0.78125
1.6595,-0.52844,0.44591
0.3789,0.14222,-0.99396
0.10339,-0.20544,-0.68799
0.65498,-0.022382,0.071319
0.45223,-0.20943,-0.43754
1.5273,-0.8868,1.1145
0.011944,-0.59959,-0.20249
0.24725,-0.059133,-1.5759
0.60171,0.24952,-1.8518
1.0432,-0.16019,-0.66705
-0.083786,0.43144,0.37066
1.7029,-0.30839,-0.067804
-0.9377,0.4348,-0.71504
1.6201,0.20303,0.23187
-0.16877,-0.20031,-1.332
-0.32043,1.4105,0.016838
0.7916,-0.085383,-1.0152
0.69314,-0.43743,0.22393
-0.19376,-0.97539,-0.14368
-0.25277,0.58002,-0.65838
-0.59869,0.70114,-0.20498
-0.32022,-0.34271,-0.38564
-0.16505,-0.19857,0.097704
0.321,0.70641,0.20991
0.26416,0.39259,0.01844
0.59384,-0.17741,0.016609
-0.12693,0.091498,0.37273
-0.33842,0.91534,0.42292
0.16053,1.317,-0.8922
0.69305,-0.5805,-0.49594
-0.10991,-0.28111,-0.274
1.0793,-0.67631,-0.20636
-1.0584,1.1565,-0.98324
-0.078157,0.10105,-0.20195
-0.082536,0.074018,-1.7683
0.56445,0.72243,-0.5761
-0.5889,-0.14753,0.33021
-1.3819,-0.21632,-0.32956
0.011458,-0.40383,0.91616
-0.61949,-1.7783,0.75482
-0.22517,0.47568,0.72756
0.15569,0.87962,0.55438
0.25973,-0.97058,2.0009
0.2303,0.71716,0.65833
-0.66249,0.17009,1.1473
-2.0492,0.87922,0.049764
-0.3181,-0.76451,0.79995
-1.4719,0.81925,-0.78289
-1.005,1.7094,1.1952
-0.78887,-0.21194,0.79331
-1.8282,0.40935,0.55923
-1.866,0.44616,0.50289
-0.90154,-0.067014,1.1113
-0.80557,-0.64513,0.1662
-1.4054,0.34864,0.82999
-0.63363,0.48131,-0.30946
-1.1001,0.076936,2.1623
-1.9234,0.54367,-0.22122
-1.6547,-0.88972,1.5325
-1.3857,0.083988,1.5972
-0.11792,-0.51387,0.90777
-1.2388,-0.8927,0.52482
-1.703,-0.064198,1.1752
-0.5654,-0.72971,-0.47256
-0.42731,0.095812,1.6081
0.079473,-0.86559,0.98314
-0.045162,-0.18334,0.35929
-2.0593,0.16559,0.72526
-0.11659,0.44333,0.024926
-0.51099,-0.46661,0.9165
0.066889,-0.95356,0.55162
0.23878,0.041147,0.088759
-1.5504,0.51092,0.89489
-1.1134,-0.010168,-0.34015
-1.0375,0.72965,0.74778
-1.1161,-1.0929,0.070668
-0.68297,-0.33131,0.19078
0.31109,-1.2232,1.4334
-0.551,0.24614,-0.14883
-0.78342,-0.21934,0.38454
-0.23625,0.5173,-0.81212
-0.80238,-0.20337,-0.47741
-1.2267,1.5885,0.29016
0.4447,-0.1858,1.0839
-0.24683,-0.69205,-0.87855
-0.2457,-0.23181,-0.82005
0.36462,0.053202,0.25195
0.0068398,-0.64787,0.088507
-0.45011,0.015819,-0.62048
-0.48743,-0.71428,1.1911
-1.5991,-0.60472,0.66818
-0.458,0.76501,-0.46852
-0.37669,-0.55748,0.91316
0.53719,0.11418,0.62341
-0.59345,1.1778,-0.18675
-0.80734,-0.20707,-1.0132
0.07952,-0.68086,0.29888
0.16723,-0.33318,-0.70008
-0.27847,1.2153,-0.08977
-0.079359,0.10456,0.097547
-0.055704,-0.15043,-0.42642
0.015802,-0.23721,0.077498
-1.2672,0.67135,-0.76072
-1.2852,-0.40272,0.4023
-0.24659,-0.20007,0.43873
-1.0799,0.0040229,-0.48608
-0.75837,0.81085,0.22059
-0.48011,0.27948,0.096121
-0.65832,0.68212,-0.32703
-0.74415,-0.10976,-0.89251
0.83356,-1.0503,0.60084
0.83745,1.089,0.4231
0.64081,0.097095,-0.25715
-1.1956,-0.46042,-0.45623
-0.64731,-0.1084,-1.3731
-1.0119,1.5976,2.1661
0.51687,0.089192,0.76256
0.63183,-0.30079,-0.10664
-0.42581,-1.2172,-1.7487
-0.60186,0.09862,-0.66573
-0.23175,0.50864,0.48021
-0.40607,0.14143,0.40979
0.05377,0.23271,0.16743
-0.91849,0.282,-0.67381
-0.0085165,0.59767,0.16866
-0.58576,-0.049536,0.10379
1.121,-0.84363,0.93979
-0.56793,-0.54025,0.034432
0.83488,-1.0768,0.66805
0.34072,1.2567,-0.68551
-0.62374,0.29677,-0.92086
-0.61879,-0.35836,-0.99752
-0.67162,-0.42157,-1.5635
0.074176,0.31673,0.73802
-1.0887,0.49965,0.9011
0.28756,-1.1744,-0.26622
0.80127,0.15066,-0.25602
0.37953,-0.24775,0.55661
0.50408,0.55141,-0.1126
-0.28416,-1.2424,-0.50038
-0.39161,0.61387,0.25127
1.003,-0.020023,-0.53129
0.45073,-0.48958,1.1989
-0.5556,-1.2851,-0.5706
-0.32268,0.21804,0.42427
0.042774,0.14145,0.4983
0.65503,0.17218,0.76418
-1.7327,1.3277,0.13436
1.7742,-1.3314,-1.1663
-0.34245,1.0856,0.13519
0.90857,-0.21802,0.6613
-2.2755,0.2463,-0.35482
0.93811,-0.57663,-0.17722
-1.5711,0.22511,0.10061
1.8148,-0.31442,-0.033117
0.34258,0.24917,-0.017672
0.80646,-0.82049,-0.65141
0.578,-0.56778,1.2998
-0.48867,-0.40317,0.1016
0.15747,1.0614,-0.7255
-0.17264,0.58881,0.13981
-0.06547,-1.8194,-0.43511
-0.79816,0.10999,-0.026574
0.41094,-0.30072,-0.053794
0.68946,-1.4464,-0.051853
0.57612,-0.092509,0.64953
0.05822,0.71891,-0.75113
0.62328,-0.99416,0.4209
0.61898,-0.89866,-0.27954
0.057232,-0.52551,-0.88874
0.39492,-0.59865,-0.068978
-0.89,0.81291,-2.3468
0.087467,1.7747,2.037
1.2474,0.22775,0.0074539
1.9532,-1.97,2.0999
0.40398,-0.45982,0.97054
0.38714,-1.4739,1.0507
1.7047,0.3891,-0.14039
2.5856,-0.050306,0.84453
2.2813,-0.24486,-0.98961
1.1672,-0.070689,0.42737
1.7147,0.50313,1.0326
1.7376,1.0664,1.6336
0.59057,0.020583,1.8422
1.2016,-0.0072099,0.62388
1.7855,0.26422,0.44821
4.1067,1.4428,1.8465
0.58909,-0.21708,1.4549
0.87844,0.1185,1.3027
0.67925,0.40915,2.3759
1.8737,-1.2893,2.9642
3.3608,-0.17761,2.2842
2.5285,0.25427,1.5282
2.3058,-1.9288,1.8469
0.72851,0.1465,2.809
3.0596,-0.30455,4.1038
1.6743,1.0904,3.7584
0.60157,1.5709,3.1224
0.08873,1.2091,2.6064
1.3432,0.46564,3.3868
0.10469,0.54623,4.4875
0.61331,-1.2942,4.1154
0.53135,0.54849,3.8525
-0.58978,0.32569,4.8105
-0.19006,-1.1843,4.0624
-0.05239,0.066039,3.93
0.34608,-1.301,4.1223
1.1723,-0.73844,4.1123
-0.044074,-0.084315,4.2105
-0.93173,1.4665,2.5806
0.40898,0.33306,3.396
0.48048,-0.57258,2.6515
-0.060323,-0.028989,3.1333
-0.58548,0.97228,4.0438
1.4114,-0.77758,3.4982
0.91404,-0.5589,2.6745
0.68548,1.7659,1.8631
0.4218,0.5271,2.0241
2.5939,-0.9238,3.7665
-0.10259,1.408,2.1322
0.8576,0.97034,3.658
1.2312,-0.98996,2.5863
0.29925,0.93682,2.1233
1.4959,-0.55663,2.288
1.2056,0.060022,3.3868
-0.1586,0.036178,4.3727
1.2516,-0.059008,1.3939
0.36538,-0.64534,2.6973
1.6414,-0.47882,1.9333
1.292,0.51153,2.6866
1.2921,-0.20269,1.7659
1.9833,0.77216,1.8936
2.0661,-0.28067,2.3236
1.8997,-0.91387,2.5141
3.0156,-0.49032,1.6909
0.92803,0.34665,2.1767
2.1217,0.45287,2.5471
2.5657,0.18568,1.7368
1.3175,0.55841,1.391
0.98623,-0.77473,1.6478
2.5049,-0.80535,2.4704
1.4932,-1.1574,0.22086
1.7239,-1.5321,0.74253
0.52373,0.16703,1.6872
0.81151,-1.463,1.0956
2.4262,-0.12785,2.4278
-0.14584,0.026524,1.6753
0.56297,0.32549,1.2661
-0.62858,0.59485,-0.14287
0.75557,-0.28071,1.1603
-0.80277,0.70847,0.64582
-0.67143,-1.4553,0.3125
-0.3727,0.82572,0.81055
0.090714,-0.30948,1.4423
0.32542,0.98407,1.4692
0.41869,-0.22615,0.62121
-1.1123,0.03497,1.4589
0.10944,0.37349,1.055
0.33772,0.28445,1.9145
-0.8685,-0.023628,0.81056
-0.75415,-0.58944,0.82216
0.093728,-0.07734,0.96515
0.60068,-1.3928,1.1344
0.2627,-0.71378,-0.69165
1.4029,0.098105,-0.51629
0.23015,0.35259,-1.0162
-0.18699,-0.16535,0.53553
1.1224,0.53943,-1.8119
0.16136,0.18712,-1.3611
-0.50087,1.927,-1.1347
0.063442,0.83069,-1.1516
-0.45458,0.027271,-0.67652
-1.6362,0.40675,-0.52955
-1.4025,0.95753,-1.3005
1.4843,-0.7885,-0.33766
0.091628,-0.14229,-0.50826
0.067033,-0.063974,-0.92533
-0.16591,0.030084,-1.6351
-0.33039,1.6342,-1.2475
-0.29159,0.54691,0.43854
0.72628,-0.14601,-0.91536
0.039915,-0.21237,-0.97637
-0.83718,0.61649,-0.05454
-1.4417,1.658,-0.69305
-0.94106,-0.21075,-1.2595
0.10196,0.14219,1.1308
-1.0499,-0.57542,-0.00032465
0.18638,-0.062069,0.63065
-1.3039,0.64709,-0.64784
0.017046,0.9335,0.11033
-1.9149,0.43667,-0.20895
-0.11551,-1.0179,-0.14339
-0.29953,-0.56184,0.62836
-0.96032,0.86655,0.55029
