0.021389,-0.0084564,0.28807
0.017402,-0.0066814,0.29266
0.01539,-0.0049433,0.2985
0.01097,-0.0046603,0.30598
0.0053815,-0.0040901,0.31565
-0.00076398,-0.0055707,0.32347
-0.011909,-0.0089293,0.33766
-0.022921,-0.010708,0.35479
-0.031523,-0.0090097,0.35874
-0.034278,-0.0078042,0.37164
-0.04044,-0.006576,0.38356
-0.051827,-0.0077492,0.39119
-0.069994,-0.0096249,0.39646
-0.0783,-0.0095515,0.40996
-0.084138,-0.0093995,0.42041
-0.085472,-0.0093015,0.43437
-0.086635,-0.0085639,0.44473
-0.094718,-0.008272,0.45912
-0.10463,-0.0096581,0.47059
-0.10779,-0.010876,0.49085
-0.10715,-0.012555,0.49321
-0.11091,-0.01407,0.51339
-0.12522,-0.014555,0.521
-0.13986,-0.017834,0.53163
-0.14356,-0.023999,0.54137
-0.13941,-0.030217,0.55073
-0.14511,-0.028052,0.56178
-0.15687,-0.026219,0.56777
-0.17032,-0.028756,0.5818
-0.17411,-0.029611,0.5902
-0.18361,-0.028628,0.60227
-0.18999,-0.027109,0.61339
-0.19844,-0.036106,0.62463
-0.20536,-0.04088,0.63554
-0.2126,-0.05112,0.64747
-0.23426,-0.060677,0.67033
-0.23203,-0.066036,0.64665
-0.24741,-0.072154,0.6724
-0.2552,-0.075367,0.6871
-0.26041,-0.079028,0.69645
-0.26404,-0.083919,0.71008
-0.27165,-0.083732,0.71668
-0.28299,-0.083837,0.73088
-0.29028,-0.085166,0.73449
-0.32014,-0.093066,0.75155
-0.31928,-0.085841,0.73737
-0.33818,-0.087535,0.75127
-0.34048,-0.080472,0.75511
-0.35249,-0.078863,0.76224
-0.36017,-0.076136,0.76721
-0.37586,-0.077894,0.77436
-0.38008,-0.075901,0.78039
-0.39481,-0.074473,0.7923
-0.40734,-0.06998,0.79829
-0.41629,-0.069802,0.8045
-0.42642,-0.066436,0.81075
-0.43714,-0.061812,0.8171
-0.45078,-0.061216,0.82494
-0.45903,-0.0616,0.83506
-0.47087,-0.062775,0.84491
-0.47731,-0.061472,0.84747
-0.49026,-0.065552,0.8776
-0.49575,-0.067212,0.89416
-0.49626,-0.069247,0.90044
-0.50502,-0.067804,0.91044
-0.51843,-0.066617,0.91601
-0.52668,-0.067378,0.92214
-0.53275,-0.067448,0.92517
-0.53808,-0.067034,0.92416
-0.53974,-0.065281,0.92051
-0.54727,-0.064169,0.91466
-0.55424,-0.062568,0.90722
-0.57263,-0.062908,0.90914
-0.59293,-0.057962,0.89623
-0.61053,-0.053735,0.88836
-0.61102,-0.055031,0.88268
-0.62312,-0.051867,0.86346
-0.61811,-0.057587,0.86133
-0.62353,-0.060307,0.85364
-0.62669,-0.061582,0.8621
-0.63481,-0.064945,0.86028
-0.64121,-0.060956,0.86272
-0.6444,-0.053184,0.85986
-0.64907,-0.045733,0.85667
-0.65354,-0.050141,0.8569
-0.66067,-0.047723,0.84483
-0.67354,-0.05132,0.8495
-0.67717,-0.055473,0.83113
-0.68528,-0.061203,0.83534
-0.69621,-0.060963,0.82979
-0.70381,-0.06013,0.83121
-0.71282,-0.060747,0.82565
-0.72048,-0.062554,0.82272
-0.73906,-0.063701,0.82907
-0.74329,-0.062848,0.82037
-0.74171,-0.063551,0.80401
-0.77134,-0.069042,0.80052
-0.77892,-0.068638,0.79655
-0.79796,-0.075517,0.79098
-0.804,-0.071248,0.79099
-0.8206,-0.075145,0.78901
-0.81737,-0.07648,0.79057
-0.82631,-0.07947,0.7864
-0.83271,-0.076845,0.78416
-0.84127,-0.078186,0.78258
-0.85429,-0.077138,0.77892
-0.86738,-0.07447,0.77331
-0.86933,-0.083079,0.77771
-0.87447,-0.07527,0.7741
-0.87999,-0.074808,0.76805
-0.89399,-0.074676,0.77348
-0.90175,-0.073035,0.77355
-0.90496,-0.073589,0.77138
-0.9132,-0.0801,0.76507
-0.92378,-0.085836,0.76793
-0.92564,-0.089039,0.76139
-0.9392,-0.087078,0.75609
-0.95488,-0.086345,0.74991
-0.97078,-0.085191,0.73827
-0.98219,-0.08393,0.72702
-0.99291,-0.081929,0.7154
-1.003,-0.08284,0.70759
-1.0146,-0.08701,0.69886
-1.0217,-0.089612,0.69256
-1.0356,-0.091017,0.6828
-1.0476,-0.086728,0.66812
-1.0577,-0.087901,0.65662
-1.0735,-0.08982,0.64508
-1.0759,-0.091112,0.63058
-1.0968,-0.090896,0.62563
-1.1051,-0.090863,0.61582
-1.1134,-0.089515,0.60844
-1.1198,-0.088402,0.59888
-1.1222,-0.087729,0.59048
-1.1296,-0.088731,0.58462
-1.1333,-0.094099,0.57474
-1.139,-0.097763,0.57018
-1.1319,-0.098183,0.55983
-1.1402,-0.099427,0.55635
-1.1774,-0.098489,0.57063
-1.096,-0.088721,0.52458
-1.131,-0.090248,0.53584
-1.1282,-0.087937,0.53118
-1.1277,-0.087071,0.52626
-1.1171,-0.079456,0.52375
-1.0999,-0.086557,0.506
-1.0907,-0.086609,0.5
-1.0911,-0.081922,0.4909
-1.0849,-0.076156,0.4792
-1.0735,-0.076826,0.4763
-1.0624,-0.078087,0.4675
-1.0575,-0.07829,0.4516
-1.0461,-0.077689,0.4462
-1.0365,-0.079039,0.4527
-1.0275,-0.077802,0.4573
-1.0202,-0.068893,0.4713
-1.0118,-0.070976,0.4777
-1.0038,-0.068788,0.483
-0.99536,-0.069833,0.4932
-0.98683,-0.067852,0.5015
-0.9745,-0.071326,0.5078
-0.96293,-0.068663,0.5209
-0.94887,-0.06685,0.5392
-0.9448,-0.06206,0.554
-0.9365,-0.06099,0.5672
-0.9244,-0.05971,0.5795
-0.9146,-0.04916,0.5849
-0.9034,-0.05182,0.5946
-0.8808,-0.04999,0.5965
-0.8652,-0.05651,0.6042
-0.8516,-0.05502,0.6124
-0.8396,-0.06082,0.615
-0.825,-0.05578,0.6233
-0.8073,-0.05903,0.6224
-0.7948,-0.05518,0.6272
-0.7789,-0.05778,0.6302
-0.7633,-0.05695,0.6352
-0.7571,-0.05632,0.633
-0.7434,-0.0562,0.636
-0.7296,-0.05382,0.6381
-0.7155,-0.0536,0.6402
-0.7038,-0.05125,0.6407
-0.6891,-0.04825,0.6432
-0.6671,-0.03877,0.6317
-0.6552,-0.04247,0.6353
-0.6332,-0.04106,0.6245
-0.6227,-0.04163,0.6292
-0.6035,-0.03802,0.6335
-0.5905,-0.03667,0.6461
-0.5773,-0.03526,0.6488
-0.5499,-0.03323,0.6376
-0.5412,-0.03209,0.6504
-0.527,-0.03265,0.656
-0.5197,-0.03256,0.6655
-0.5045,-0.03159,0.6693
-0.4938,-0.03034,0.6798
-0.4792,-0.03275,0.6903
-0.4687,-0.03268,0.694
-0.4534,-0.04213,0.7008
-0.4453,-0.03039,0.7097
-0.4451,-0.02984,0.7271
-0.4252,-0.02686,0.7078
-0.4248,-0.0285,0.7299
-0.4155,-0.02458,0.7386
-0.4083,-0.0202,0.7526
-0.4051,-0.01207,0.7546
-0.4107,-0.01465,0.7689
-0.4089,-0.01136,0.7827
-0.416,-0.0135,0.7953
-0.4095,-0.00974,0.8
-0.4102,-0.00826,0.8136
-0.4077,-0.00471,0.8319
-0.4076,-0.00458,0.8456
-0.4037,-0.00235,0.8601
-0.4024,-0.00179,0.8735
-0.3976,-0.00162,0.8873
-0.3903,-0.00047,0.903
-0.388,-0.00182,0.9164
-0.3889,-0.00419,0.9485
-0.3683,-0.0079,0.9298
-0.3547,-0.01353,0.9708
-0.3419,-0.01035,0.9878
-0.3209,-0.00954,1.0104
-0.3047,-0.00487,1.017
-0.2766,-0.01035,1.0423
-0.2587,-0.00747,1.0619
-0.2356,-0.00585,1.0733
-0.2199,0.00108,1.0957
-0.1917,0.00262,1.1139
-0.1726,0.00674,1.125
-0.1478,0.00852,1.1432
-0.1215,0.01488,1.1571
-0.1026,0.01375,1.176
-0.0776,0.01515,1.1963
-0.054,0.01903,1.2026
-0.0313,0.01784,1.2285
-0.0103,0.01431,1.2234
0.0143,0.01275,1.2403
0.0373,0.01162,1.2459
0.0671,0.00905,1.2524
0.0898,0.00987,1.2706
0.1157,0.00478,1.2788
0.1453,-0.00597,1.2796
0.1663,-0.00723,1.288
0.1958,-0.01468,1.2982
0.2156,-0.01879,1.3058
0.2425,-0.02768,1.3164
0.2648,-0.03114,1.3175
0.2956,-0.03998,1.3345
0.3224,-0.04075,1.3391
0.3488,-0.04521,1.3326
0.3695,-0.04671,1.3365
0.3907,-0.05183,1.3435
0.4127,-0.04861,1.3455
0.4407,-0.04809,1.351
0.4724,-0.05199,1.3436
0.5004,-0.05778,1.348
0.5277,-0.06565,1.348
0.5553,-0.07362,1.3333
0.5865,-0.08191,1.3466
0.6225,-0.08841,1.3266
0.6565,-0.09261,1.3317
0.6948,-0.09727,1.311
0.7358,-0.10473,1.2911
0.778,-0.10479,1.2827
0.8156,-0.11212,1.2555
0.8518,-0.11875,1.2376
0.8856,-0.12389,1.2147
0.9251,-0.13298,1.1921
0.9533,-0.13904,1.1751
0.9864,-0.14382,1.1585
1.0175,-0.14554,1.1296
1.0392,-0.14769,1.1094
1.0683,-0.15089,1.0853
1.0928,-0.15737,1.0721
1.1137,-0.16332,1.0473
1.141,-0.17181,1.0276
1.1562,-0.17025,1.0042
1.1739,-0.16933,0.9826
1.1863,-0.16941,0.9466
1.194,-0.16714,0.9168
1.2045,-0.16664,0.8764
1.2072,-0.16614,0.8429
1.2275,-0.16814,0.8167
1.2359,-0.16604,0.7736
1.2415,-0.16195,0.7429
1.2467,-0.15934,0.7036
1.2527,-0.155,0.6615
1.2594,-0.15228,0.6296
1.2563,-0.14975,0.5903
1.2655,-0.15047,0.5518
1.2615,-0.14897,0.5188
1.2618,-0.14521,0.4826
1.2605,-0.14614,0.4574
1.2536,-0.14701,0.4256
1.2376,-0.15371,0.3883
1.234,-0.15778,0.3654
1.2331,-0.16467,0.3398
1.2296,-0.16848,0.3107
1.2211,-0.16543,0.2851
1.2179,-0.16514,0.2557
1.2149,-0.16359,0.2292
1.2107,-0.16088,0.2054
1.2031,-0.16033,0.1739
1.1926,-0.16081,0.1589
1.1853,-0.1578,0.1337
1.1788,-0.15946,0.1086
1.1749,-0.16031,0.086
1.181,-0.15584,0.0687
1.1289,-0.14726,0.0505
1.1309,-0.14451,0.0388
1.1157,-0.14342,0.0291
1.1074,-0.14093,0.0228
1.0908,-0.1456,0.0162
1.0723,-0.15015,0.0082
1.0696,-0.14571,0.0045
1.0707,-0.14693,-0.002
1.0664,-0.13851,-0.007
1.0491,-0.12914,-0.0076
1.0365,-0.12633,-0.0051
1.0276,-0.12683,-0.004
1.0188,-0.12951,-0.0001
1.0165,-0.13049,0.0032
1.0078,-0.12758,0.0048
1.003,-0.12884,0.0124
0.99557,-0.12953,0.0162
0.99965,-0.13001,0.0204
0.99701,-0.12991,0.0243
0.98035,-0.1286,0.0289
0.98134,-0.1258,0.0382
0.98176,-0.12718,0.0453
0.98003,-0.12795,0.0542
0.97768,-0.12572,0.06
0.97433,-0.1234,0.0666
0.96508,-0.12488,0.0736
0.96241,-0.11979,0.0795
0.96125,-0.12054,0.0846
0.95932,-0.12354,0.0942
0.95468,-0.1239,0.1014
0.95437,-0.12374,0.1064
0.95158,-0.12514,0.1141
0.95218,-0.1212,0.1202
0.94694,-0.11888,0.1265
0.94291,-0.11584,0.1307
0.94019,-0.11674,0.1364
0.93537,-0.11839,0.1434
0.93057,-0.11662,0.1525
0.92411,-0.11336,0.1614
0.91999,-0.11486,0.1702
0.92063,-0.11439,0.1783
0.92406,-0.11376,0.1821
0.92734,-0.11145,0.1831
0.93328,-0.11255,0.1849
0.93911,-0.11391,0.1883
0.94407,-0.11655,0.1893
0.9471,-0.11892,0.194
0.95092,-0.12217,0.1965
0.95209,-0.12581,0.2058
0.9574,-0.12381,0.2075
0.95631,-0.1286,0.2089
0.9578,-0.12355,0.2142
0.95868,-0.11919,0.2164
0.95933,-0.12299,0.2228
0.96199,-0.1224,0.2341
0.96353,-0.12085,0.2415
0.94273,-0.12103,0.2476
0.94686,-0.12105,0.2611
0.94569,-0.11922,0.2704
0.9417,-0.12157,0.2886
0.93494,-0.11997,0.2966
0.93445,-0.11931,0.3088
0.92877,-0.11865,0.321
0.9223,-0.12065,0.3272
0.92129,-0.12274,0.3401
0.91637,-0.12118,0.3462
0.91544,-0.11953,0.3554
0.91018,-0.11897,0.3641
0.90513,-0.11753,0.3725
0.8986,-0.11559,0.3771
0.89433,-0.11663,0.385
0.88824,-0.11341,0.3891
0.87918,-0.115,0.398
0.87279,-0.11258,0.4039
0.86302,-0.10986,0.4073
0.86258,-0.10776,0.4157
0.85903,-0.10464,0.4285
0.8341,-0.10025,0.4291
0.83618,-0.09904,0.4377
0.82732,-0.09542,0.4448
0.82702,-0.09775,0.4548
0.81389,-0.09368,0.4572
0.81173,-0.09064,0.4627
0.80097,-0.09001,0.4701
0.79996,-0.08953,0.4784
0.7976,-0.08864,0.4856
0.79548,-0.08746,0.4955
0.79241,-0.08477,0.4995
0.79334,-0.08254,0.5061
0.78438,-0.08986,0.5319
0.78183,-0.09357,0.5475
0.78466,-0.08654,0.5369
0.78207,-0.08704,0.5409
0.78579,-0.08261,0.5334
0.78675,-0.08543,0.5367
0.79711,-0.08349,0.5342
0.79576,-0.08487,0.5333
0.79926,-0.08051,0.5335
0.79804,-0.07575,0.5369
0.80284,-0.07207,0.5407
0.80357,-0.07077,0.5423
0.79824,-0.06728,0.5363
0.8062,-0.06768,0.5426
0.81195,-0.06957,0.5431
0.81966,-0.0659,0.5442
0.81987,-0.06367,0.5462
0.81973,-0.06106,0.5446
0.81926,-0.06106,0.5457
0.81762,-0.0574,0.5449
0.81872,-0.0587,0.5461
0.81539,-0.05621,0.5478
0.8102,-0.05438,0.548
0.80869,-0.05196,0.5502
0.8075,-0.04842,0.5507
0.81158,-0.04732,0.5561
0.80209,-0.04662,0.5567
0.79678,-0.04156,0.5644
0.78559,-0.0424,0.5706
0.79347,-0.03953,0.5847
0.7708,-0.03448,0.5739
0.78123,-0.03535,0.5897
0.77218,-0.03351,0.5949
0.7666,-0.02865,0.5982
0.76815,-0.02603,0.6193
0.74882,-0.02681,0.6165
0.76204,-0.02639,0.6476
0.73379,-0.02474,0.6377
0.74171,-0.02248,0.6616
0.73638,-0.02071,0.6721
0.73546,-0.01655,0.6871
0.73019,-0.01549,0.6983
0.7281,-0.01046,0.7129
0.72024,-0.00766,0.7171
0.71722,-0.00093,0.7346
0.71099,-0.00086,0.7488
0.69966,0.00119,0.7591
0.69163,0.00216,0.7773
0.68271,0.00727,0.7886
0.67472,0.01117,0.8041
0.66907,0.01236,0.8138
0.65718,0.01252,0.8305
0.64764,0.01182,0.8381
0.63901,0.01673,0.8545
0.63096,0.01582,0.8635
0.62465,0.0173,0.8738
0.62158,0.01531,0.8821
0.61604,0.01722,0.8911
0.60923,0.02005,0.906
0.60043,0.02299,0.9118
0.59754,0.02619,0.9208
0.59262,0.02811,0.928
0.59121,0.02618,0.934
0.5901,0.02624,0.9353
0.58735,0.02359,0.9385
0.59118,0.01894,0.9431
0.59264,0.01693,0.9519
0.60035,0.01584,0.9557
0.59725,0.01788,0.9555
0.60153,0.01559,0.9586
0.60108,0.01732,0.9612
0.60163,0.01349,0.9645
0.60421,0.01213,0.9664
0.6033,0.01173,0.9721
0.59882,0.01163,0.976
0.58929,0.01289,0.9774
0.58298,0.01081,0.9819
0.57383,0.01186,0.9861
0.56048,0.01239,0.9976
0.54449,0.01261,0.9998
0.52923,0.01472,1.0054
0.51505,0.01523,1.0105
0.49972,0.01698,1.0161
0.48655,0.01963,1.015
0.47064,0.02045,1.0212
0.45489,0.02053,1.0287
0.4359,0.02131,1.03
0.41846,0.02155,1.0353
0.40287,0.02305,1.0387
0.39225,0.02292,1.041
0.38542,0.02377,1.0417
0.38474,0.02502,1.0403
0.38303,0.02376,1.0409
0.37988,0.02328,1.0407
0.37414,0.02236,1.0411
0.36672,0.02109,1.0408
0.35936,0.01972,1.0399
0.35295,0.01809,1.0458
0.3424,0.01838,1.0454
0.33924,0.01601,1.0481
0.32817,0.01941,1.0523
0.31816,0.02055,1.0511
0.31222,0.02194,1.0439
0.30915,0.01798,1.0423
0.30717,0.01783,1.0378
0.30285,0.01957,1.0383
0.29449,0.01655,1.0292
0.29039,0.01428,1.0204
0.2977,0.01509,1.0025
0.3072,0.01453,0.9853
0.31541,0.01357,0.9634
0.3247,0.01423,0.9502
0.3276,0.01378,0.9293
0.32628,0.0133,0.9114
0.32357,0.0142,0.8987
0.3239,0.01244,0.8919
0.31769,0.01375,0.8946
0.31137,0.01282,0.894
0.29975,0.01543,0.8912
0.28779,0.01748,0.8955
0.27187,0.01652,0.8964
0.25555,0.01607,0.8961
0.23963,0.01599,0.8992
0.21674,0.01572,0.8931
0.1932,0.01672,0.9056
0.16513,0.01696,0.9067
0.14244,0.01412,0.8971
0.11291,0.01749,0.9134
0.08518,0.01804,0.9201
0.05692,0.01623,0.909
0.03368,0.01666,0.9245
0.00121,0.01534,0.9094
-0.02515,0.01235,0.9252
-0.05018,0.01287,0.9262
-0.08133,0.00988,0.9144
-0.09714,0.01104,0.9278
-0.11705,0.01742,0.9358
-0.13034,0.01546,0.9382
-0.12962,0.01767,0.9405
-0.13285,0.02189,0.9407
-0.13149,0.01958,0.9535
-0.13102,0.01309,0.9651
-0.12691,0.00909,0.9771
-0.12034,0.00885,0.9841
-0.11581,0.00771,0.9911
-0.11447,0.00605,1.002
-0.11364,0.00482,1.0133
-0.11404,0.00201,1.0259
-0.11706,0.00042,1.0432
-0.12128,-0.00053,1.0538
-0.12216,0.00102,1.0647
-0.12335,0.00276,1.074
-0.12697,0.00247,1.0829
-0.12768,0.00247,1.0889
-0.12877,-0.0001,1.0948
-0.12767,-0.00778,1.104
-0.12844,-0.00913,1.108
-0.13194,-0.01187,1.1149
-0.13865,-0.01193,1.1156
-0.15008,-0.01235,1.1113
-0.15935,-0.01435,1.1119
-0.17337,-0.01442,1.108
-0.18524,-0.01559,1.1051
-0.19692,-0.01597,1.1057
-0.20745,-0.0159,1.1047
-0.21708,-0.01552,1.099
-0.2274,-0.01701,1.0929
-0.23879,-0.01669,1.0851
-0.24496,-0.01853,1.078
-0.25121,-0.02273,1.0774
-0.25459,-0.02579,1.0713
-0.25949,-0.02462,1.0655
-0.26279,-0.02377,1.0646
-0.26825,-0.02855,1.0588
-0.27619,-0.02632,1.0581
-0.28514,-0.02526,1.0597
-0.29503,-0.03052,1.0607
-0.29886,-0.02452,1.0601
-0.30572,-0.0246,1.0596
-0.30895,-0.02991,1.0615
-0.30986,-0.02501,1.0638
-0.31375,-0.02044,1.0659
-0.31094,-0.0174,1.0637
-0.31008,-0.01588,1.0638
-0.31117,-0.01424,1.0708
-0.31422,-0.01422,1.0712
-0.31738,-0.01411,1.0722
-0.32029,-0.01544,1.0716
-0.3238,-0.01478,1.0747
-0.3289,-0.01527,1.0758
-0.32934,-0.01297,1.0729
-0.32968,-0.0114,1.0711
-0.33138,-0.00925,1.0685
-0.32885,-0.00741,1.0644
-0.3244,-0.00412,1.0651
-0.32203,-0.00258,1.0669
-0.3159,-0.00495,1.0639
-0.31488,-0.00406,1.0622
-0.3168,-0.00097,1.0629
-0.31349,-0.00064,1.0599
-0.30712,-0.00135,1.0554
-0.30089,-0.00254,1.0501
-0.2999,0.0011,1.0456
-0.29654,0.0005,1.0509
-0.29363,0.00488,1.0424
-0.29223,0.00772,1.0389
-0.29109,0.00937,1.0308
-0.28343,0.01005,1.0244
-0.28745,0.01142,1.0263
-0.27902,0.01115,1.0179
-0.27898,0.00967,1.0105
-0.2781,0.00885,1.0074
-0.27638,0.01047,1.0043
-0.2783,0.01061,0.9983
-0.27567,0.01181,0.9894
-0.27548,0.01335,0.982
-0.27206,0.01262,0.9741
-0.27363,0.01568,0.9748
-0.27133,0.0193,0.9696
-0.2699,0.01802,0.9616
-0.27113,0.02053,0.9542
-0.27386,0.02815,0.9492
-0.27411,0.02769,0.9475
-0.27164,0.02954,0.9432
-0.26852,0.02754,0.9372
-0.27719,0.03082,0.9307
-0.27094,0.03033,0.9248
-0.27252,0.03398,0.9253
-0.27155,0.03793,0.9196
-0.27199,0.03862,0.9206
-0.27171,0.04308,0.9133
-0.2688,0.04284,0.9024
-0.26993,0.03947,0.905
-0.27161,0.04034,0.8978
-0.26953,0.03947,0.8931
-0.26843,0.04259,0.885
-0.26874,0.03898,0.8741
-0.26336,0.03997,0.8688
-0.25291,0.04125,0.8603
-0.25207,0.04164,0.8487
-0.25186,0.03878,0.8396
-0.24646,0.03893,0.8227
-0.24367,0.039,0.8095
-0.23844,0.03851,0.7953
-0.23672,0.03728,0.7836
-0.23424,0.03684,0.7764
-0.22996,0.03536,0.7719
-0.22679,0.03617,0.768
-0.22441,0.03516,0.7653
-0.22315,0.03347,0.7634
-0.2142,0.03327,0.7637
-0.20921,0.03135,0.7674
-0.20247,0.03393,0.7671
-0.19525,0.03437,0.7672
-0.18187,0.0395,0.7792
-0.16677,0.03908,0.7659
-0.14781,0.04225,0.7762
-0.13495,0.04757,0.7802
-0.11597,0.0484,0.7687
-0.09015,0.04896,0.7866
-0.06761,0.04801,0.7699
-0.04321,0.05203,0.793
-0.02333,0.04864,0.7909
-0.00685,0.04906,0.775
0.01535,0.04812,0.795
0.03947,0.04799,0.7946
0.05829,0.05038,0.7822
0.08287,0.05269,0.798
0.0982,0.05252,0.7831
0.12343,0.05334,0.7989
0.14493,0.05351,0.801
0.16216,0.05199,0.7865
0.1828,0.05359,0.8
0.19882,0.05455,0.7844
0.21486,0.05602,0.7996
0.23089,0.05367,0.8024
0.2425,0.05348,0.79
0.25976,0.05527,0.7991
0.27794,0.05487,0.7977
0.29223,0.05274,0.7882
0.31113,0.05304,0.7951
0.33039,0.05591,0.785
0.34829,0.05257,0.7894
0.35762,0.0512,0.7859
0.37387,0.05374,0.7705
0.39004,0.05496,0.7737
0.40144,0.05355,0.7735
0.41077,0.04918,0.7579
0.43424,0.05243,0.7629
0.4559,0.04991,0.7515
0.47681,0.04793,0.7355
0.49429,0.05108,0.7341
0.51161,0.0504,0.704
0.5328,0.05184,0.702
0.55261,0.05105,0.6876
0.56787,0.05161,0.6501
0.58412,0.05163,0.6489
0.5994,0.05031,0.6297
0.60753,0.05037,0.5962
0.62615,0.04732,0.5994
0.63589,0.0507,0.5747
0.65358,0.05203,0.5757
0.66279,0.05368,0.569
0.67152,0.05055,0.5496
0.68339,0.05595,0.5461
0.70022,0.05962,0.5345
0.71519,0.05958,0.5167
0.72999,0.05902,0.5186
0.73799,0.0622,0.4889
0.75597,0.06415,0.4851
0.7695,0.06658,0.468
0.77981,0.06794,0.4342
0.7977,0.06774,0.433
0.8143,0.06451,0.4113
0.8249,0.0684,0.3777
0.84244,0.06838,0.3777
0.85332,0.06798,0.3441
0.86953,0.06861,0.3406
0.88171,0.06781,0.3214
0.89506,0.06468,0.2841
0.90915,0.06552,0.2786
0.92393,0.06518,0.2552
0.9303,0.06586,0.2132
0.94759,0.06605,0.2056
0.95556,0.06894,0.1598
0.96835,0.06936,0.1542
0.97821,0.07282,0.1299
0.97879,0.07143,0.0904
0.99361,0.07132,0.0829
1.0012,0.06926,0.0591
1.0087,0.07074,0.0203
1.0205,0.0708,0.0109
1.0212,0.07425,-0.0147
1.0247,0.0726,-0.051
1.0318,0.07283,-0.0617
1.0299,0.07228,-0.1027
1.0395,0.07107,-0.1175
1.036,0.07137,-0.1458
1.0446,0.07267,-0.1821
1.043,0.07177,-0.1974
1.0406,0.07034,-0.2174
1.0407,0.07004,-0.2489
1.0465,0.06679,-0.2623
1.0483,0.06348,-0.296
1.0413,0.06408,-0.3068
1.0419,0.06048,-0.3301
1.0377,0.05973,-0.3649
1.0385,0.05659,-0.3785
1.0349,0.06095,-0.4026
1.0302,0.0639,-0.4304
1.0266,0.06437,-0.4451
1.0229,0.06394,-0.4599
1.0235,0.06441,-0.4758
1.0246,0.06464,-0.4878
1.0261,0.06448,-0.4977
1.0291,0.06647,-0.5018
1.0354,0.06968,-0.505
1.043,0.0702,-0.506
1.0517,0.07326,-0.5077
1.0543,0.07633,-0.5089
1.0662,0.07952,-0.5157
1.0533,0.07974,-0.5174
1.0636,0.08101,-0.5217
1.1261,0.08444,-0.5575
1.0164,0.07388,-0.5038
1.0791,0.07626,-0.5358
1.0877,0.077,-0.54
1.0947,0.08092,-0.5449
1.0982,0.08487,-0.5467
1.1008,0.08762,-0.55
1.1044,0.08915,-0.5565
1.1101,0.09013,-0.5593
1.1117,0.08945,-0.5641
1.1149,0.08972,-0.5678
1.1271,0.08878,-0.5691
1.1371,0.09024,-0.5723
1.1398,0.08867,-0.5683
1.1449,0.09197,-0.5731
1.151,0.08659,-0.5775
1.1564,0.08496,-0.5813
1.1702,0.08555,-0.5873
1.1829,0.08537,-0.5941
1.1815,0.09105,-0.5934
1.1868,0.09224,-0.5949
1.1945,0.09072,-0.5991
1.2009,0.09062,-0.603
1.2095,0.09259,-0.6078
1.2121,0.09282,-0.6127
1.2184,0.09204,-0.6154
1.2247,0.09201,-0.6185
1.229,0.0948,-0.622
1.238,0.0972,-0.6227
1.2429,0.097,-0.6245
1.2482,0.09877,-0.6206
1.2523,0.09621,-0.6232
1.253,0.09663,-0.6231
1.2562,0.09831,-0.634
1.2518,0.09712,-0.6364
1.2544,0.09479,-0.6414
1.2528,0.09391,-0.6394
1.2558,0.09661,-0.6391
1.2569,0.09538,-0.6378
1.2554,0.09496,-0.6387
1.2559,0.09631,-0.635
1.2515,0.09313,-0.6392
1.2542,0.09492,-0.6401
1.2557,0.09451,-0.6379
1.2531,0.09155,-0.6339
1.2628,0.0932,-0.6261
1.2666,0.09841,-0.6265
1.2578,0.10333,-0.6209
1.2528,0.10342,-0.6215
1.249,0.09451,-0.6208
1.2468,0.09018,-0.617
1.2457,0.08827,-0.6116
1.2504,0.09086,-0.6126
1.2482,0.09299,-0.6115
1.2439,0.09584,-0.6107
1.2437,0.09736,-0.6066
1.2372,0.09548,-0.6089
1.2401,0.09168,-0.6137
1.23,0.08899,-0.6115
1.2287,0.08747,-0.6128
1.2213,0.08985,-0.6126
1.2185,0.09184,-0.6119
1.2138,0.09321,-0.6191
1.2028,0.09484,-0.6173
1.196,0.09156,-0.6233
1.1926,0.08901,-0.6225
1.1897,0.08538,-0.6224
1.1809,0.08743,-0.6259
1.175,0.08705,-0.6241
1.1625,0.08748,-0.6227
1.1427,0.08514,-0.617
1.13,0.08493,-0.6139
1.1118,0.08397,-0.6085
1.0914,0.082,-0.5983
1.0724,0.08127,-0.5894
1.0551,0.07971,-0.5786
1.0416,0.07843,-0.574
1.0205,0.07529,-0.5623
1.0031,0.07405,-0.5518
0.9837,0.07256,-0.5367
0.9677,0.07221,-0.5241
0.9572,0.07158,-0.5068
0.9482,0.07015,-0.489
0.9459,0.07081,-0.4779
0.945,0.06986,-0.4529
0.9384,0.07009,-0.4413
0.9476,0.06965,-0.4061
0.9425,0.0656,-0.3833
0.9381,0.0652,-0.3784
0.9436,0.06356,-0.3451
0.9533,0.06609,-0.3288
0.9549,0.06403,-0.3222
0.9694,0.07074,-0.2891
0.9674,0.06812,-0.2802
0.978,0.07361,-0.2515
0.984,0.07687,-0.2266
0.9753,0.07889,-0.2153
0.9813,0.07883,-0.1802
0.9884,0.0794,-0.1543
0.9896,0.07866,-0.1535
1.0018,0.07882,-0.1163
0.9935,0.07771,-0.1134
1.0068,0.07505,-0.0678
1.0193,0.07227,-0.037
1.0156,0.069,-0.0267
1.0313,0.07099,0.0235
1.0387,0.07087,0.0531
1.0344,0.06994,0.0666
1.0464,0.07567,0.1222
1.0468,0.07507,0.1538
1.0308,0.08218,0.1649
1.0407,0.08178,0.2161
1.0301,0.08045,0.2224
1.0372,0.07777,0.2799
1.0334,0.07714,0.3112
1.0312,0.07571,0.3191
1.033,0.08218,0.3688
1.0269,0.08003,0.3964
1.0064,0.08139,0.4123
1.0071,0.08493,0.4519
0.9964,0.0808,0.4709
0.9959,0.08235,0.5158
0.9882,0.08988,0.5425
0.97,0.09299,0.5496
0.9709,0.09914,0.5919
0.9541,0.10269,0.6128
0.9399,0.10327,0.6233
0.9317,0.10563,0.6582
0.9115,0.10986,0.6731
0.916,0.11056,0.699
0.9046,0.11199,0.714
0.8941,0.11564,0.7213
0.8945,0.11332,0.7393
0.8858,0.11325,0.7462
0.8817,0.11034,0.764
0.8776,0.10753,0.7738
0.8757,0.10264,0.785
0.8765,0.09531,0.7907
0.8633,0.09938,0.791
0.8595,0.10234,0.7937
0.8534,0.103,0.7936
0.8523,0.10607,0.7968
0.8477,0.1064,0.7965
0.8409,0.10715,0.7966
0.8418,0.10479,0.7932
0.8324,0.10041,0.794
0.8258,0.09948,0.7948
0.8172,0.09507,0.7809
0.8106,0.0962,0.7742
0.805,0.09552,0.7611
0.803,0.09565,0.751
0.7906,0.09835,0.7292
0.7833,0.09212,0.7074
0.7821,0.08893,0.69
0.769,0.09009,0.6687
0.7753,0.0814,0.6465
0.7695,0.07706,0.6246
0.7604,0.07442,0.5942
0.7605,0.06851,0.5799
0.7532,0.06691,0.5516
0.7438,0.059964,0.5226
0.735,0.055757,0.4981
0.7117,0.045175,0.4635
0.7083,0.039039,0.4575
0.6939,0.038133,0.4282
0.7039,0.031719,0.4131
0.7061,0.018611,0.3981
0.6919,0.020747,0.3504
0.7096,0.020606,0.3388
0.6928,0.019663,0.2774
0.7055,0.019431,0.2672
0.7194,0.014317,0.2403
0.6973,0.008696,0.1677
0.7305,0.009054,0.1881
0.7062,0.003284,0.1166
0.7485,4e-05,0.1272
0.7545,-0.003574,0.0957
0.7262,0.002246,0.0306
0.7447,0.005238,0.041
0.7115,0.00935,-0.0469
0.7308,0.018648,-0.0446
0.724,0.010796,-0.0678
0.7001,0.006275,-0.1369
0.7199,0.006196,-0.1377
0.6957,0.010433,-0.1838
0.7102,0.005791,-0.1709
0.7073,0.00757,-0.1923
0.693,0.013565,-0.2252
0.6967,0.012859,-0.2297
0.6961,0.017061,-0.242
0.6911,0.02059,-0.263
0.6918,0.019673,-0.2722
0.6911,0.015505,-0.2893
0.6884,0.018039,-0.296
0.6866,0.015234,-0.3054
0.6697,0.011575,-0.3396
0.6718,0.003332,-0.3402
0.6396,0.007935,-0.3855
0.6436,0.014548,-0.3844
0.635,0.010484,-0.4034
0.5921,0.008852,-0.4715
0.5985,0.007499,-0.4597
0.5473,0.007791,-0.5215
0.5549,0.010512,-0.4962
0.5218,0.013867,-0.5187
0.4679,0.014451,-0.58
0.461,0.020497,-0.5565
0.4072,0.017331,-0.6068
0.3967,0.017534,-0.5774
0.3709,0.014042,-0.5821
0.3325,0.006655,-0.6127
0.3333,0.008335,-0.5972
0.3223,0.00408,-0.606
0.2995,-0.000863,-0.6301
0.2976,-0.000988,-0.6231
0.2641,-0.000609,-0.6505
0.2568,0.008328,-0.6443
0.2439,0.010075,-0.6462
0.2044,0.013345,-0.6799
0.1916,0.009196,-0.6689
0.1713,0.006937,-0.6707
0.1353,0.008344,-0.7009
0.1269,0.016898,-0.679
0.0834,0.014704,-0.7241
0.0777,0.007353,-0.7029
0.0638,0.010812,-0.7023
0.0182,0.014166,-0.732
0.0084,0.019314,-0.7108
-0.0189,0.023801,-0.7224
-0.0579,0.02387,-0.7518
-0.0665,0.018861,-0.7337
-0.0961,0.020673,-0.7557
-0.1001,0.022783,-0.7454
-0.126,0.027187,-0.7514
-0.1484,0.02714,-0.7656
-0.1566,0.022889,-0.7672
-0.1701,0.018099,-0.7758
-0.1842,0.014824,-0.7852
-0.1905,0.01544,-0.7897
-0.2062,0.008295,-0.8015
-0.22,0.015012,-0.8084
-0.2319,0.022041,-0.8138
-0.2402,0.017915,-0.8234
-0.242,0.020891,-0.8302
-0.2451,0.025888,-0.8342
-0.2549,0.02703,-0.853
-0.2556,0.024021,-0.8613
-0.2549,0.025756,-0.8702
-0.2574,0.025095,-0.8772
-0.2615,0.027736,-0.8843
-0.269,0.036966,-0.8949
-0.2704,0.036672,-0.9044
-0.274,0.039535,-0.9162
-0.2783,0.028732,-0.9165
-0.2825,0.027232,-0.9292
-0.2851,0.024261,-0.9372
-0.2889,0.023737,-0.9423
-0.2957,0.030744,-0.9492
-0.2971,0.024323,-0.957
-0.2991,0.020848,-0.9569
-0.2991,0.02082,-0.9607
-0.299,0.018894,-0.9632
-0.3034,0.027018,-0.9664
-0.3046,0.030877,-0.9657
-0.313,0.02802,-0.9646
-0.3165,0.029366,-0.9714
-0.3199,0.025429,-0.9713
-0.3123,0.023039,-0.968
-0.3081,0.021974,-0.9697
-0.303,0.021122,-0.9734
-0.296,0.020446,-0.9762
-0.2961,0.023417,-0.9763
-0.2891,0.018145,-0.9777
-0.2818,0.011954,-0.976
-0.2783,0.006587,-0.9801
-0.2667,0.003175,-0.9798
-0.2571,-0.000245,-0.988
-0.2517,-0.001197,-0.9852
-0.2387,-0.004335,-0.987
-0.2335,0.003556,-0.994
-0.2173,-0.000637,-0.9869
-0.2026,0.005085,-0.9863
-0.1899,0.002721,-0.9906
-0.1724,0.013917,-0.9922
-0.1562,0.003654,-0.9942
-0.149,0.001681,-0.9996
-0.1349,0.002528,-0.9985
-0.1175,-0.001059,-0.9953
-0.1077,0.006526,-1.0033
-0.085,0.004805,-0.9991
-0.0744,0.006138,-1.0063
-0.0593,0.006877,-1.0021
-0.0493,0.011835,-0.999
-0.0364,0.007284,-1.005
-0.0171,0.01518,-1.0003
-0.013,0.018026,-1.0063
0.0022,0.027399,-1.0054
0.0189,0.027147,-1.0127
0.0278,0.021477,-0.9953
0.038,0.017312,-0.9994
0.052,0.019532,-0.9987
0.0574,0.023847,-1.0011
0.0727,0.023562,-0.9988
0.083,0.023477,-1.0028
0.0944,0.023939,-1.0027
0.1079,0.020202,-0.9979
0.1145,0.018325,-0.9953
0.1257,0.014735,-0.9938
0.1357,0.012392,-0.9927
0.1421,0.012547,-0.9879
0.152,0.013467,-0.9826
0.1662,0.008415,-0.9788
0.1685,0.011624,-0.9752
0.1724,0.011356,-0.9712
0.1808,0.013633,-0.9679
0.1935,0.010744,-0.9627
0.1985,0.013617,-0.9547
0.2014,0.015172,-0.9574
0.2066,0.017019,-0.9522
0.215,0.01635,-0.9441
0.2187,0.023859,-0.9534
0.2133,0.025199,-0.9063
0.217,0.028733,-0.9177
0.2218,0.02131,-0.9034
0.2261,0.022011,-0.8919
0.2302,0.013814,-0.8742
0.232,0.00899,-0.8527
0.2376,-0.000395,-0.831
0.2406,-0.008558,-0.7982
0.2333,-0.003766,-0.773
0.229,-0.002245,-0.7579
0.2236,-0.008942,-0.7295
0.2228,-0.022757,-0.7044
0.2159,-0.026136,-0.684
0.2094,-0.029305,-0.6674
0.1964,-0.023597,-0.6661
0.1897,-0.020465,-0.6704
0.1797,-0.019896,-0.6702
0.1746,-0.025589,-0.6604
0.1612,-0.015518,-0.6534
0.1514,-0.016184,-0.6528
0.1322,-0.008792,-0.6491
0.12,-0.017287,-0.6445
0.0932,-0.013477,-0.6589
0.0844,-0.016168,-0.634
0.0351,-0.011756,-0.6539
0.0304,-0.010301,-0.6251
-0.0291,1.6e-05,-0.6572
-0.0299,0.000948,-0.6224
-0.0538,-0.001997,-0.6143
-0.114,0.008966,-0.6475
-0.1043,0.012326,-0.6089
-0.1737,0.020253,-0.6426
-0.1744,0.018707,-0.608
-0.2069,0.021334,-0.6057
-0.2567,0.027794,-0.6336
-0.2603,0.031576,-0.5904
-0.3176,0.029315,-0.6154
-0.3225,0.033055,-0.574
-0.3442,0.032097,-0.5589
-0.3937,0.030028,-0.5802
-0.39,0.024244,-0.5459
-0.4314,0.027929,-0.559
-0.4426,0.037942,-0.5347
-0.4655,0.037376,-0.532
-0.4999,0.031618,-0.5429
-0.5047,0.025877,-0.5356
-0.5235,0.027888,-0.5432
-0.5362,0.023119,-0.5511
-0.5504,0.022913,-0.5485
-0.5769,0.031117,-0.5621
-0.5856,0.029345,-0.5545
-0.6075,0.024856,-0.564
-0.6201,0.025508,-0.5704
-0.6328,0.028178,-0.5834
-0.6385,0.032075,-0.5998
-0.6436,0.036411,-0.6177
-0.6528,0.03852,-0.6327
-0.6611,0.043713,-0.6408
-0.6724,0.040334,-0.6502
-0.6768,0.039152,-0.6529
-0.6861,0.040448,-0.6681
-0.6977,0.043858,-0.6726
-0.6979,0.0354,-0.6819
-0.7081,0.035253,-0.6946
-0.7096,0.025698,-0.7015
-0.7137,0.023726,-0.7091
-0.7204,0.025624,-0.7196
-0.724,0.026102,-0.7301
-0.7258,0.020727,-0.7341
-0.7281,0.018884,-0.7446
-0.7252,0.009776,-0.7455
-0.7307,0.010366,-0.7563
-0.726,0.00758,-0.7562
-0.7257,0.0122,-0.7633
-0.7215,0.010218,-0.77
-0.7202,0.010334,-0.7797
-0.7142,0.012765,-0.783
-0.7088,0.014193,-0.7879
-0.7103,0.014975,-0.7961
-0.7048,0.015293,-0.8045
-0.6923,0.018639,-0.8138
-0.6768,0.013013,-0.8204
-0.6704,0.009092,-0.8374
-0.6415,-0.001528,-0.8425
-0.6334,0.005111,-0.86
-0.6223,0.007055,-0.8739
-0.6039,0.00023,-0.8808
-0.5946,-0.001959,-0.8915
-0.5778,-0.004929,-0.8981
-0.5664,-0.001131,-0.9006
-0.5647,0.002244,-0.9147
-0.5512,-0.003036,-0.9223
-0.5425,-0.007062,-0.9324
-0.5375,-0.000962,-0.9445
-0.5251,-0.004162,-0.9504
-0.5226,0.000999,-0.9628
-0.5143,0.006097,-0.9699
-0.5104,0.003555,-0.984
-0.504,0.003694,-0.9905
-0.4991,0.006095,-0.9973
-0.493,0.001994,-1.0041
-0.4926,-0.001432,-1.0071
-0.496,0.009217,-1.0091
-0.4981,0.006404,-1.0161
-0.4991,0.005083,-1.0208
-0.5019,0.00677,-1.0254
-0.501,0.008793,-1.031
-0.5067,0.008056,-1.0431
-0.5027,0.009692,-1.0418
-0.5028,0.01366,-1.0493
-0.5002,0.006276,-1.0558
-0.5041,0.005132,-1.0655
-0.5074,0.012142,-1.0723
-0.5168,0.022429,-1.0764
-0.5255,0.028288,-1.0801
-0.5253,0.029686,-1.0787
-0.5317,0.027449,-1.088
-0.5308,0.016205,-1.095
-0.5312,0.01535,-1.1054
-0.5301,0.020094,-1.1073
-0.5339,0.021836,-1.1135
-0.5435,0.023695,-1.1207
-0.5534,0.032199,-1.1268
-0.5637,0.026806,-1.1222
-0.5727,0.025672,-1.1199
-0.5825,0.021624,-1.1189
-0.597,0.021996,-1.12
-0.6118,0.023103,-1.1165
-0.629,0.032731,-1.1151
-0.6433,0.030303,-1.1135
-0.6496,0.022506,-1.1061
-0.6517,0.013965,-1.1118
-0.667,0.020804,-1.1141
-0.6742,0.028077,-1.1177
-0.6869,0.034921,-1.1075
-0.6964,0.034691,-1.1033
-0.6938,0.027981,-1.0928
-0.6979,0.027952,-1.0964
-0.6895,0.017104,-1.1061
-0.6989,0.02619,-1.1081
-0.7025,0.040083,-1.1171
-0.7127,0.035618,-1.1134
-0.7173,0.036696,-1.1178
-0.7259,0.032526,-1.1152
-0.7191,0.027593,-1.1167
-0.7208,0.030753,-1.1203
-0.7237,0.039757,-1.1338
-0.7257,0.03986,-1.1369
-0.7359,0.042684,-1.1389
-0.7436,0.050054,-1.1393
-0.7497,0.050987,-1.1401
-0.7506,0.048318,-1.137
-0.7496,0.044418,-1.142
-0.7477,0.038689,-1.1458
-0.7468,0.035268,-1.1437
-0.7506,0.039302,-1.1516
-0.7511,0.037815,-1.1506
-0.7515,0.028656,-1.1575
-0.7521,0.024762,-1.1565
-0.7513,0.024175,-1.1594
-0.7603,0.033258,-1.1719
-0.765,0.030847,-1.1674
-0.7716,0.027961,-1.1708
-0.7745,0.031938,-1.1751
-0.782,0.037164,-1.183
-0.7833,0.039217,-1.189
-0.7943,0.051496,-1.1947
-0.7904,0.047158,-1.1957
-0.7973,0.061745,-1.1963
-0.8016,0.060282,-1.201
-0.8061,0.056305,-1.1991
-0.804,0.048762,-1.1991
-0.8078,0.052116,-1.2081
-0.8101,0.059265,-1.2107
-0.8123,0.051524,-1.2151
-0.8248,0.055836,-1.22
-0.83,0.053194,-1.2122
-0.8397,0.05725,-1.2174
-0.8273,0.050101,-1.208
-0.8342,0.051768,-1.2166
-0.8339,0.046289,-1.2143
-0.8406,0.046392,-1.2148
-0.8426,0.041191,-1.2143
-0.8409,0.042807,-1.2062
-0.8462,0.046415,-1.2114
-0.8414,0.044787,-1.2081
-0.8455,0.046375,-1.2129
-0.8442,0.048843,-1.2119
-0.843,0.04794,-1.2072
-0.8462,0.041512,-1.2173
-0.8371,0.029081,-1.2123
-0.8329,0.033373,-1.207
-0.8327,0.032761,-1.2108
-0.829,0.036061,-1.2097
-0.8318,0.039477,-1.2131
-0.8267,0.043855,-1.2144
-0.8179,0.037149,-1.211
-0.816,0.028747,-1.2152
-0.8114,0.034848,-1.2201
-0.8091,0.03511,-1.2241
-0.8106,0.047039,-1.2248
-0.8033,0.048812,-1.2259
-0.8026,0.047209,-1.228
-0.7944,0.048083,-1.2296
-0.7885,0.042837,-1.2292
-0.7822,0.047205,-1.2272
-0.7787,0.042282,-1.2357
-0.7697,0.039999,-1.2357
-0.7597,0.043808,-1.2405
-0.747,0.040505,-1.2488
-0.7434,0.030046,-1.2542
-0.7362,0.03248,-1.258
-0.7271,0.031075,-1.2611
-0.7244,0.035553,-1.2693
-0.7039,0.030788,-1.2646
-0.701,0.03359,-1.2679
-0.701,0.035639,-1.2763
-0.6961,0.03679,-1.2799
-0.6919,0.037689,-1.2814
-0.6779,0.029683,-1.2707
-0.675,0.028964,-1.2738
-0.6676,0.022898,-1.2778
-0.6641,0.021834,-1.285
-0.6499,0.021451,-1.2885
-0.6491,0.02302,-1.2927
-0.6383,0.016908,-1.2924
-0.6416,0.022349,-1.2935
-0.6314,0.014333,-1.2903
-0.6342,0.018879,-1.2968
-0.6381,0.028134,-1.2984
-0.6352,0.030371,-1.3026
-0.6281,0.026748,-1.3049
-0.6188,0.019274,-1.3096
-0.6193,0.029457,-1.3168
-0.6181,0.037579,-1.3138
-0.6214,0.036685,-1.3144
-0.6205,0.0338,-1.3143
-0.6234,0.035755,-1.315
-0.6186,0.032892,-1.3145
-0.6193,0.032545,-1.3121
-0.6165,0.03022,-1.3168
-0.6132,0.028779,-1.3123
-0.6185,0.03186,-1.3212
-0.6095,0.029194,-1.3148
-0.6071,0.025392,-1.3142
-0.5979,0.019719,-1.3137
-0.6013,0.024119,-1.3183
-0.595,0.020886,-1.3187
-0.598,0.018901,-1.32
-0.6041,0.025586,-1.3279
-0.6041,0.025613,-1.3241
-0.6104,0.021898,-1.3268
-0.606,0.01647,-1.3148
-0.6067,0.00137,-1.3082
-0.6108,0.005368,-1.3043
-0.6199,0.01318,-1.3034
-0.629,0.004995,-1.2956
-0.6393,0.013271,-1.2861
-0.6471,0.009992,-1.2759
-0.6618,0.022501,-1.271
-0.6693,0.016667,-1.26
-0.6865,0.027219,-1.2595
-0.7004,0.038072,-1.2453
-0.7146,0.039763,-1.233
-0.7298,0.048063,-1.2272
-0.7463,0.04894,-1.2184
-0.7614,0.05002,-1.2086
-0.7728,0.044487,-1.1955
-0.7906,0.048641,-1.1896
-0.8043,0.054222,-1.1874
-0.815,0.056044,-1.1738
-0.831,0.065031,-1.1656
-0.8422,0.057972,-1.1521
-0.853,0.052822,-1.1399
-0.8571,0.04463,-1.1309
-0.8661,0.041789,-1.122
-0.876,0.041977,-1.1129
-0.8789,0.039866,-1.1187
-0.8874,0.045145,-1.1067
-0.8912,0.039794,-1.1027
-0.898,0.034571,-1.106
-0.9135,0.044196,-1.0965
-0.9221,0.04498,-1.0955
-0.927,0.046919,-1.0921
-0.9286,0.036459,-1.0887
-0.9317,0.036586,-1.0825
-0.9423,0.036112,-1.0799
-0.9504,0.039457,-1.0794
-0.9614,0.039569,-1.063
-0.9673,0.042676,-1.0564
-0.9763,0.04064,-1.0535
-0.977,0.032046,-1.0412
-0.9877,0.03495,-1.0431
-0.9948,0.03594,-1.0376
-0.994,0.04035,-1.0397
-1.0002,0.044256,-1.0442
-0.9995,0.050289,-1.0429
-0.9989,0.04477,-1.0429
-1.0006,0.044602,-1.05
-1.0044,0.055234,-1.0536
-1.0009,0.055934,-1.0622
-1.003,0.053164,-1.0554
-1.0079,0.04966,-1.0575
-1.0048,0.045191,-1.055
-1.0152,0.042882,-1.0563
-1.0117,0.045715,-1.0611
-1.0098,0.044518,-1.0572
-1.0073,0.046806,-1.0546
-1.012,0.044806,-1.0538
-1.0137,0.044567,-1.0619
-1.0155,0.045354,-1.0595
-1.0184,0.047489,-1.0629
-1.0185,0.048352,-1.0618
-1.0183,0.049012,-1.0565
-1.023,0.045592,-1.061
-1.0261,0.04409,-1.0572
-1.0319,0.045885,-1.0566
-1.0349,0.047052,-1.0552
-1.0337,0.047741,-1.0532
-1.0393,0.046181,-1.0555
-1.0484,0.050752,-1.0581
-1.0546,0.054314,-1.0553
-1.0619,0.056163,-1.0546
-1.0694,0.061668,-1.0595
-1.0628,0.049647,-1.0552
-1.0581,0.054742,-1.0531
-1.0552,0.046891,-1.0586
-1.0593,0.047307,-1.0673
-1.0674,0.048115,-1.0746
-1.0727,0.06378,-1.0563
-1.0602,0.056775,-1.0449
-1.0531,0.05145,-1.0427
-1.0552,0.042208,-1.0555
-1.0597,0.046527,-1.0623
-1.0585,0.050682,-1.0544
-1.0605,0.054699,-1.0513
-1.057,0.051719,-1.0496
-1.0669,0.05221,-1.0546
-1.0724,0.057394,-1.0588
-1.0718,0.063672,-1.06
-1.0632,0.056998,-1.0572
-1.0593,0.054527,-1.0584
-1.049,0.045409,-1.0561
-1.05,0.055731,-1.0562
-1.0493,0.058881,-1.0583
-1.0528,0.064726,-1.0587
-1.052,0.067373,-1.0571
-1.0487,0.069358,-1.0512
-1.0551,0.073363,-1.0548
-1.0465,0.06312,-1.0538
-1.0456,0.060635,-1.0551
-1.0444,0.057194,-1.0575
-1.0445,0.059507,-1.0559
-1.0408,0.056629,-1.0595
-1.0455,0.060845,-1.056
-1.0357,0.055739,-1.0624
-1.0346,0.056911,-1.0563
-1.0318,0.052505,-1.0644
-1.0367,0.053088,-1.067
-1.0382,0.05605,-1.0601
-1.0354,0.054697,-1.0574
-1.0579,0.067202,-1.057
-1.0419,0.054806,-1.0679
-1.0502,0.062368,-1.0689
-1.0421,0.058452,-1.0638
-1.0647,0.067773,-1.0662
-1.0519,0.056652,-1.0606
-1.0627,0.059901,-1.067
-1.0464,0.054968,-1.0663
-1.0484,0.057316,-1.0653
-1.0375,0.055327,-1.0682
-1.0363,0.050427,-1.0644
-1.0344,0.049274,-1.0668
-1.0389,0.056568,-1.0745
-1.0397,0.061492,-1.0779
-1.0356,0.053999,-1.0709
-1.0359,0.054492,-1.0708
-1.0271,0.044027,-1.0697
-1.0208,0.039386,-1.07
-1.0208,0.03524,-1.0665
-1.0206,0.034193,-1.0689
-1.0111,0.028145,-1.0613
-1.0084,0.023493,-1.063
-1.0049,0.016698,-1.0651
-1.0074,0.011426,-1.0706
-1.0163,0.023805,-1.0819
-1.0164,0.037309,-1.0601
-1.0094,0.039261,-1.0535
-0.99338,0.02653,-1.0344
-0.98896,0.019824,-1.0232
-0.98132,0.009344,-1.0195
-0.97076,0.011083,-1.0135
-0.9485,0.008418,-1.0065
-0.92055,0.003534,-1.0037
-0.90411,7e-06,-1.0007
-0.88976,0.003008,-0.9919
-0.87691,0.009994,-0.98163
-0.86428,0.001593,-0.95873
-0.84955,-0.002875,-0.95265
-0.8381,0.000443,-0.95428
-0.79382,0.00112,-0.94017
-0.78293,-0.003702,-0.92636
-0.77846,-0.00235,-0.91921
-0.76867,-0.005362,-0.89708
-0.74856,-0.012354,-0.86846
-0.71161,-0.011848,-0.84423
-0.68837,-0.012895,-0.82985
-0.66646,-0.027202,-0.81371
-0.65703,-0.023577,-0.7848
-0.63502,-0.025929,-0.74892
-0.62059,-0.028212,-0.71466
-0.60883,-0.014604,-0.6744
-0.60433,-0.005253,-0.64494
-0.59373,-0.005373,-0.60363
-0.58725,-0.008534,-0.56719
-0.58114,-0.009922,-0.53426
-0.57526,-0.009839,-0.49756
-0.58131,-0.000437,-0.44888
-0.58016,-0.007542,-0.40531
-0.56898,-0.012383,-0.36554
-0.55941,-0.02104,-0.32731
-0.54995,-0.022983,-0.28758
-0.55094,-0.020249,-0.24264
-0.55796,-0.015755,-0.21657
-0.55898,-0.018879,-0.18147
-0.56048,-0.025588,-0.15567
-0.5577,-0.0236,-0.11689
-0.55954,-0.015291,-0.08022
-0.54595,-0.025246,-0.03655
-0.54204,-0.019952,0.00157
-0.53394,-0.006632,0.02417
-0.52348,-0.002884,0.04998
-0.49967,-0.018716,0.08327
-0.49692,-0.00202,0.10534
-0.48832,-0.000598,0.14291
-0.47672,-0.010394,0.16356
-0.47186,0.002699,0.18931
-0.46047,-0.004092,0.20811
-0.45029,-2.3e-05,0.23333
-0.44292,0.000792,0.27259
-0.42858,-0.003093,0.29468
-0.42052,0.001707,0.32404
-0.40924,-0.003423,0.34855
-0.39398,0.003132,0.37608
-0.3855,0.005601,0.39697
-0.37069,0.016985,0.41814
-0.35035,0.01098,0.44286
-0.33158,0.002441,0.47326
-0.30999,-0.003999,0.49441
-0.29273,-0.007242,0.51614
-0.2759,-0.007262,0.54252
-0.25519,-0.00886,0.55792
-0.23696,-0.007578,0.58178
-0.21882,-0.014437,0.59489
-0.19875,-0.022314,0.62316
-0.18287,-0.028588,0.6339
-0.16704,-0.041983,0.65051
-0.16211,-0.037368,0.66017
-0.15039,-0.053086,0.67632
-0.13055,-0.05609,0.692
-0.12502,-0.053874,0.70464
-0.12143,-0.048999,0.71723
-0.12159,-0.046441,0.72349
-0.11693,-0.044619,0.73841
-0.11952,-0.042477,0.74647
-0.11985,-0.054617,0.757
-0.12655,-0.044307,0.75979
-0.12029,-0.04377,0.77304
-0.11418,-0.039577,0.78461
-0.11193,-0.049289,0.79532
-0.12188,-0.045527,0.8041
-0.12049,-0.040909,0.8129
-0.1155,-0.040689,0.82217
-0.11884,-0.038558,0.83582
-0.11779,-0.039226,0.84495
-0.11915,-0.034492,0.84991
-0.11229,-0.048835,0.85598
-0.11208,-0.046919,0.84965
-0.10189,-0.054553,0.8439
-0.10483,-0.044631,0.83435
-0.10393,-0.044496,0.83098
-0.10436,-0.037745,0.82158
-0.10293,-0.037629,0.81433
-0.10774,-0.026347,0.80334
-0.10504,-0.023942,0.7928
-0.11131,-0.017976,0.78234
-0.1252,-0.015408,0.76838
-0.13949,-0.006197,0.75686
-0.13014,-0.012265,0.75453
-0.13037,-0.013672,0.75152
-0.13076,-0.016149,0.74108
-0.13554,-0.020745,0.72543
-0.13998,-0.009642,0.71391
-0.14492,-0.005333,0.71066
-0.13659,-0.007289,0.70932
-0.13718,-0.013016,0.70088
-0.14788,-0.011721,0.69418
-0.15713,0.003318,0.6823
-0.1713,0.011334,0.67853
-0.17567,0.000853,0.68401
-0.18805,-0.003371,0.6876
-0.19001,-0.007219,0.69237
-0.20817,-0.010202,0.6914
-0.21222,-0.005113,0.68796
-0.22393,0.002533,0.68578
-0.22284,-0.003345,0.68464
-0.22562,-0.013124,0.68694
-0.23128,-0.012442,0.69418
