0.021389,-0.0084564,0.28807
0.013956,-0.00706,0.29284
0.009818,-0.0054339,0.29873
0.004605,-0.0047507,0.30614
-0.00064858,-0.0035592,0.3157
-0.004875,-0.004583,0.32345
-0.01218,-0.0070384,0.33769
-0.017514,-0.0085969,0.35515
-0.019134,-0.0070296,0.35966
-0.014131,-0.0054081,0.37299
-0.011901,-0.003896,0.38554
-0.014445,-0.0052027,0.39438
-0.023984,-0.00729,0.40193
-0.023086,-0.0073759,0.41677
-0.020667,-0.0076807,0.42828
-0.013729,-0.0074967,0.44252
-0.0075634,-0.0064468,0.45306
-0.0082309,-0.0049974,0.46876
-0.011964,-0.0052541,0.482
-0.0073923,-0.0054999,0.50258
-0.0020855,-0.0058265,0.50483
0.0026019,-0.0062904,0.52538
-0.0054432,-0.0056061,0.53598
-0.012471,-0.0079175,0.54981
-0.008856,-0.011298,0.56041
0.0025728,-0.015406,0.56869
0.004823,-0.012073,0.58075
0.00026782,-0.0085752,0.58956
-0.003942,-0.0090483,0.60682
-0.00018482,-0.0075823,0.61601
-0.00071663,-0.0029247,0.63028
0.00037739,0.0038332,0.6427
-0.0014715,0.00087503,0.65639
-0.0019492,0.0024813,0.66914
-0.0021395,-0.00071306,0.68339
-0.012444,-0.0031844,0.71256
-0.013889,-0.0061052,0.69002
-0.01646,-0.0054398,0.71989
-0.015104,-0.0033081,0.73667
-0.012861,-0.0034483,0.74761
-0.0075616,-0.0058681,0.76216
-0.0074822,-0.005348,0.77094
-0.0079838,-0.0049969,0.78817
-0.0077274,-0.0073115,0.79428
-0.022075,-0.01521,0.82174
-0.019301,-0.01391,0.80775
-0.023997,-0.018602,0.82796
-0.016975,-0.014343,0.83192
-0.017155,-0.013404,0.84321
-0.013835,-0.01063,0.85078
-0.017,-0.012381,0.86402
-0.010179,-0.011262,0.87121
-0.010743,-0.010524,0.88822
-0.011569,-0.0088117,0.89882
-0.0092335,-0.013055,0.90837
-0.0078512,-0.013069,0.91833
-0.0070052,-0.0096824,0.92867
-0.0088958,-0.0092063,0.94197
-0.0049479,-0.010476,0.95483
-0.004668,-0.012518,0.9692
-0.00376,-0.011091,0.97451
0.004083,-0.012637,1.0073
0.010392,-0.012624,1.0245
0.014025,-0.015436,1.0303
0.011521,-0.015027,1.0432
0.0030224,-0.014176,1.0545
0.00025244,-0.014086,1.064
-0.0012338,-0.013183,1.0696
-0.0029978,-0.014526,1.0714
-0.0018904,-0.017437,1.0689
-0.0054897,-0.020809,1.0676
-0.0072258,-0.021944,1.0647
-0.011219,-0.01939,1.0761
-0.023005,-0.010938,1.0759
-0.029791,-0.0069639,1.0788
-0.021749,-0.013919,1.0746
-0.03239,-0.017138,1.0655
-0.021295,-0.021642,1.0613
-0.023363,-0.01905,1.0584
-0.015601,-0.012204,1.0674
-0.01694,-0.015124,1.0709
-0.01444,-0.013609,1.0765
-0.012947,-0.012443,1.0757
-0.013144,-0.0083111,1.0757
-0.010829,-0.01214,1.0787
-0.017477,-0.0082566,1.0734
-0.017601,-0.008755,1.0852
-0.023823,-0.012881,1.0732
-0.019603,-0.019433,1.0818
-0.022964,-0.020107,1.0845
-0.018688,-0.01771,1.0905
-0.019687,-0.017138,1.0922
-0.017753,-0.018079,1.0951
-0.018018,-0.017481,1.1122
-0.016461,-0.015111,1.1086
-0.015751,-0.016919,1.0955
-0.029636,-0.023282,1.1132
-0.027258,-0.023941,1.1156
-0.034324,-0.029682,1.1252
-0.028041,-0.023227,1.1295
-0.031252,-0.026758,1.1401
-0.018898,-0.029242,1.1392
-0.019945,-0.032203,1.1428
-0.018174,-0.028299,1.1459
-0.016821,-0.02645,1.1512
-0.020346,-0.022059,1.1583
-0.025296,-0.017986,1.164
-0.01528,-0.028157,1.1689
-0.013415,-0.02162,1.17
-0.013608,-0.020873,1.1702
-0.011186,-0.019883,1.1843
-0.0092195,-0.017815,1.1902
-0.0068732,-0.018635,1.1912
-0.010829,-0.024729,1.1937
-0.0089035,-0.026269,1.204
-0.0075029,-0.026741,1.2015
-0.010547,-0.024001,1.2086
-0.012444,-0.022653,1.2169
-0.017447,-0.022435,1.2223
-0.019537,-0.024596,1.2245
-0.021209,-0.023277,1.2261
-0.018745,-0.020739,1.2299
-0.017419,-0.023061,1.2347
-0.011694,-0.023705,1.2373
-0.012404,-0.026122,1.2434
-0.015626,-0.023339,1.2452
-0.015267,-0.024662,1.2477
-0.018048,-0.024382,1.2553
-0.016607,-0.024117,1.2501
-0.016775,-0.021467,1.2657
-0.014986,-0.021117,1.2681
-0.01244,-0.022073,1.2717
-0.012113,-0.024457,1.2727
-0.0096106,-0.023846,1.2709
-0.0073428,-0.021485,1.2748
-0.0079064,-0.024084,1.2739
-0.0058087,-0.024379,1.2772
-0.0042029,-0.021731,1.2664
-0.0044397,-0.022966,1.2724
-0.0018955,-0.024398,1.3119
-0.0026413,-0.024665,1.218
-0.0031916,-0.026199,1.2545
-0.0022304,-0.024616,1.2498
-0.0030556,-0.026313,1.2472
0.0024718,-0.021604,1.2361
-0.0038763,-0.029648,1.2135
-0.0021903,-0.031024,1.2026
-0.0073623,-0.029069,1.1989
-0.012583,-0.025377,1.1882
-0.0082977,-0.026911,1.1766
-0.010174,-0.027484,1.163
-0.021873,-0.026221,1.152
-0.022445,-0.024985,1.1394
-0.014982,-0.026111,1.1334
-0.01212,-0.02417,1.1271
-0.0022463,-0.014514,1.1258
-0.00010283,-0.016439,1.1211
-0.00032094,-0.015403,1.116
0.0025533,-0.017893,1.1129
0.0029001,-0.016362,1.1089
0.0022898,-0.020468,1.101
0.0072659,-0.017049,1.0968
0.017181,-0.012581,1.0932
0.018117,-0.0056104,1.0968
0.018434,-0.0050216,1.0964
0.018985,-0.0063384,1.0925
0.012956,0.0018255,1.0867
0.011791,-0.0016577,1.0827
0.010944,4.388e-05,1.0649
0.011591,-0.0059829,1.0567
0.011793,-0.0041967,1.0503
0.0068162,-0.010194,1.0424
0.008363,-0.0076526,1.0354
0.0052287,-0.015117,1.021
0.003914,-0.012595,1.0139
0.0030359,-0.014731,1.0035
0.0044693,-0.012969,0.99457
-0.0052822,-0.012412,0.98837
-0.0061067,-0.014898,0.97982
-0.0068453,-0.015049,0.97062
-0.0067186,-0.016308,0.96144
-0.0085409,-0.013851,0.95299
-0.0064651,-0.011822,0.94378
-0.0089528,-0.0052688,0.91949
-0.0081839,-0.011961,0.9135
-0.0098227,-0.012557,0.89015
-0.0090964,-0.013129,0.88607
-0.0025457,-0.010902,0.8757
0.0039283,-0.012357,0.87596
0.0032774,-0.013964,0.86905
0.0030106,-0.012988,0.84253
0.0050921,-0.011039,0.84664
0.0065092,-0.010536,0.84201
0.0046712,-0.0095889,0.84494
0.0050119,-0.010677,0.83865
0.0055526,-0.011683,0.84067
0.0095154,-0.01599,0.84076
0.0067382,-0.018247,0.83786
0.010759,-0.029314,0.83516
0.011281,-0.018855,0.8381
0.010128,-0.018383,0.85278
0.0059095,-0.015842,0.82596
0.0069356,-0.017845,0.84478
0.0087313,-0.014367,0.84764
0.011614,-0.009729,0.85633
0.0061977,-0.00080358,0.85652
-5.0886e-05,-0.0025077,0.87183
0.0014735,0.00047366,0.88315
-0.0052563,-0.0043887,0.8976
-0.0035736,-0.0046826,0.89875
-0.0047817,-0.0058311,0.91116
-0.0012046,-0.0038794,0.92644
-0.0022067,-0.0059044,0.9387
0.00022529,-0.0062987,0.95011
-0.000719,-0.0079197,0.9617
0.0010265,-0.0086751,0.97227
0.0051897,-0.0075229,0.9837
0.0029746,-0.0084111,0.99512
0.0039856,-0.0098324,1.0251
0.0037844,-0.011289,1
0.017305,-0.015689,1.0334
0.017156,-0.013873,1.0451
0.023723,-0.016466,1.0598
0.018606,-0.013321,1.0614
0.029082,-0.019995,1.0778
0.027145,-0.018597,1.0925
0.027537,-0.019468,1.0984
0.022519,-0.016884,1.1172
0.02806,-0.019964,1.1298
0.022469,-0.020188,1.1378
0.02378,-0.018761,1.1523
0.025556,-0.0099284,1.1632
0.021452,-0.0099469,1.1803
0.023559,-0.011033,1.1986
0.023023,-0.0098383,1.2037
0.022203,-0.012852,1.2288
0.017599,-0.017119,1.2233
0.01672,-0.020216,1.2402
0.013955,-0.020214,1.2463
0.01813,-0.02164,1.2539
0.014754,-0.018089,1.2736
0.01536,-0.020275,1.2838
0.019889,-0.028705,1.2874
0.014787,-0.02624,1.2984
0.017967,-0.026835,1.3126
0.012095,-0.022779,1.3234
0.012987,-0.024262,1.3386
0.010485,-0.022652,1.344
0.012755,-0.026695,1.3671
0.013164,-0.027683,1.3776
0.015826,-0.032059,1.3778
0.010518,-0.026472,1.3871
0.0052592,-0.024721,1.3999
0.0013327,-0.021324,1.408
0.0007115,-0.020166,1.4217
0.006753,-0.019021,1.425
0.0055151,-0.019411,1.4389
0.0050508,-0.023071,1.4489
0.0092847,-0.025069,1.4459
0.003743,-0.023104,1.4709
0.011157,-0.023783,1.4678
0.0019424,-0.025865,1.4874
0.0044131,-0.026476,1.4867
0.0083688,-0.029044,1.4894
0.0071501,-0.023063,1.5037
0.012066,-0.027114,1.5011
0.010958,-0.030665,1.5067
0.010404,-0.028408,1.5081
0.015432,-0.028737,1.5144
0.0092508,-0.029142,1.5192
0.007347,-0.029038,1.528
0.013451,-0.027985,1.5269
0.0086564,-0.027764,1.527
0.013492,-0.026457,1.53
0.0081699,-0.027363,1.5387
0.0091535,-0.027053,1.5372
0.010795,-0.030213,1.5448
0.0068313,-0.027857,1.5406
0.0021556,-0.02714,1.54
0.0044736,-0.030766,1.5268
-0.00078902,-0.032316,1.5143
0.0053918,-0.034851,1.4985
0.0024075,-0.032226,1.4813
0.0038878,-0.030281,1.4836
0.011555,-0.030618,1.4671
0.0057069,-0.030624,1.4555
0.0070387,-0.033349,1.44
0.012239,-0.032701,1.4247
0.0094803,-0.032751,1.4158
0.010291,-0.032072,1.3957
0.017216,-0.033244,1.3883
0.014312,-0.031329,1.3717
0.017092,-0.0276,1.3583
0.0099576,-0.031562,1.3484
0.0083006,-0.034999,1.3315
0.011228,-0.037636,1.3056
0.0060881,-0.030577,1.2962
0.0052204,-0.02779,1.2893
0.0068619,-0.029062,1.279
0.0039521,-0.027003,1.2645
0.0069126,-0.028015,1.2551
0.0078959,-0.02757,1.2468
0.0065795,-0.026608,1.2382
0.013128,-0.027479,1.2258
0.0038195,-0.028136,1.2135
0.0049632,-0.022663,1.203
0.0064018,-0.022734,1.1943
0.0082234,-0.026767,1.1885
0.0072402,-0.026398,1.1929
0.0056658,-0.027738,1.1392
0.0029324,-0.028321,1.1404
7.3939e-05,-0.028844,1.1249
-0.0035052,-0.023783,1.1163
-0.0042618,-0.028412,1.1002
-0.0026145,-0.031091,1.0823
-0.0048197,-0.017571,1.0794
-0.0032563,-0.01362,1.0807
-0.0024676,-0.014763,1.0753
-0.0047019,-0.019057,1.0568
-0.0085586,-0.021178,1.044
-0.0095079,-0.02091,1.0351
-0.012726,-0.020994,1.0267
-0.014146,-0.019952,1.0246
-0.013432,-0.017452,1.0156
-0.017565,-0.017846,1.011
-0.017439,-0.018719,1.0038
-0.016732,-0.016433,1.008
-0.014384,-0.017437,1.0055
-0.012622,-0.021036,0.98887
-0.014896,-0.018357,0.98983
-0.014784,-0.018903,0.99071
-0.016766,-0.020297,0.98948
-0.015949,-0.019853,0.98723
-0.016071,-0.019546,0.98404
-0.01682,-0.024821,0.97544
-0.016276,-0.018918,0.97277
-0.014705,-0.018145,0.97218
-0.017702,-0.019541,0.97146
-0.018602,-0.019661,0.96763
-0.017114,-0.018342,0.9679
-0.018177,-0.020845,0.96614
-0.018088,-0.019162,0.967
-0.018767,-0.019577,0.96234
-0.017133,-0.017455,0.95864
-0.016431,-0.017885,0.95687
-0.017182,-0.019249,0.95333
-0.018598,-0.016177,0.94985
-0.019448,-0.01142,0.94465
-0.019497,-0.012461,0.94234
-0.019603,-0.012971,0.9444
-0.017429,-0.013786,0.94842
-0.01396,-0.011777,0.95162
-0.011966,-0.0097784,0.95793
-0.011451,-0.009227,0.96444
-0.0085326,-0.010956,0.96979
-0.0095463,-0.013767,0.97391
-0.0076661,-0.015207,0.97852
-0.012938,-0.018327,0.98191
-0.0099525,-0.017029,0.98722
-0.0079513,-0.025658,0.98691
-0.0088749,-0.02191,0.98892
-0.0056956,-0.015169,0.98987
-0.0051861,-0.01709,0.99235
-0.0094029,-0.01637,0.99742
-0.0090496,-0.01581,1.0005
-0.011279,-0.019008,0.98194
-0.014049,-0.018133,0.98937
-0.012588,-0.014071,0.99061
-0.019746,-0.017201,0.99206
-0.017913,-0.018836,0.98783
-0.018695,-0.01927,0.99099
-0.020516,-0.017859,0.98944
-0.017417,-0.018399,0.9857
-0.018685,-0.019686,0.98933
-0.015423,-0.019822,0.98673
-0.015014,-0.019464,0.98895
-0.016596,-0.021014,0.98713
-0.01799,-0.020983,0.98542
-0.016302,-0.02139,0.98098
-0.016745,-0.022959,0.98022
-0.014643,-0.019028,0.97604
-0.017682,-0.019774,0.97154
-0.017187,-0.018917,0.96794
-0.015404,-0.018645,0.9603
-0.014034,-0.017636,0.96331
-0.018383,-0.018626,0.9653
-0.020664,-0.019733,0.94292
-0.018225,-0.018851,0.94863
-0.01981,-0.015108,0.94382
-0.019926,-0.019993,0.94846
-0.01945,-0.018281,0.93783
-0.016521,-0.015084,0.93846
-0.019297,-0.015281,0.93276
-0.018039,-0.014244,0.93611
-0.016702,-0.014227,0.93773
-0.017881,-0.014875,0.94097
-0.016011,-0.01511,0.94027
-0.015556,-0.014991,0.94439
-0.037355,-0.026089,0.95088
-0.047993,-0.03389,0.95725
-0.035189,-0.028796,0.95361
-0.037784,-0.031602,0.9536
-0.027918,-0.026064,0.95255
-0.028264,-0.026582,0.95541
-0.018807,-0.022198,0.96275
-0.01675,-0.025212,0.96121
-0.013825,-0.022699,0.96396
-0.016083,-0.020142,0.96447
-0.015655,-0.01968,0.97029
-0.015249,-0.021866,0.97165
-0.012776,-0.019726,0.96373
-0.012809,-0.019018,0.97387
-0.0093655,-0.02153,0.97903
-0.0058108,-0.01962,0.98586
-0.0068064,-0.019652,0.98699
-0.0050305,-0.020086,0.98582
-0.0051796,-0.021769,0.986
-0.0042829,-0.019192,0.98404
-0.0032783,-0.022341,0.98563
-0.0048755,-0.022929,0.98364
-0.005711,-0.022965,0.97935
-0.005612,-0.02134,0.97924
-0.0039836,-0.019556,0.9784
-0.0026,-0.021118,0.98473
-0.0033689,-0.024564,0.97715
-0.0058448,-0.02175,0.97705
-0.010384,-0.022939,0.97155
-0.009981,-0.019288,0.98618
-0.0078485,-0.015802,0.96144
-0.0062694,-0.018704,0.97925
-0.0077772,-0.021535,0.97507
-0.0049737,-0.017592,0.97263
-0.010736,-0.013829,0.98689
-0.0090521,-0.015797,0.97015
-0.01339,-0.015717,1.0002
-0.01212,-0.015166,0.97229
-0.013721,-0.01595,0.99394
-0.013234,-0.017168,0.99696
-0.012993,-0.01429,1.0064
-0.012462,-0.016022,1.0103
-0.012748,-0.016075,1.0188
-0.0091667,-0.019253,1.0162
-0.011429,-0.015933,1.0265
-0.012147,-0.016286,1.0324
-0.012832,-0.014675,1.0322
-0.016387,-0.016855,1.0402
-0.016114,-0.015721,1.0428
-0.017934,-0.014436,1.0495
-0.01348,-0.015336,1.0534
-0.0185,-0.017864,1.0588
-0.015647,-0.020153,1.0589
-0.019203,-0.015996,1.0668
-0.018841,-0.017905,1.0693
-0.019535,-0.018499,1.0739
-0.01648,-0.019844,1.0789
-0.015766,-0.016865,1.0832
-0.0198,-0.016147,1.0917
-0.02053,-0.019344,1.0916
-0.019067,-0.018257,1.0977
-0.018603,-0.017922,1.1011
-0.015634,-0.02257,1.1054
-0.011268,-0.023976,1.1059
-0.011139,-0.022018,1.1071
-0.0075452,-0.020167,1.113
-0.0092367,-0.017787,1.1213
-0.0032031,-0.018732,1.1286
-0.0049199,-0.017964,1.1268
-0.0017604,-0.022064,1.1316
-0.0027114,-0.019939,1.1336
-0.0026831,-0.022793,1.1366
0.00015061,-0.022554,1.1396
-0.0014105,-0.022169,1.1439
-0.0041254,-0.023285,1.1449
-0.0079914,-0.023659,1.1411
-0.0082334,-0.026563,1.1416
-0.0080524,-0.025073,1.1407
-0.013168,-0.026136,1.144
-0.014236,-0.02801,1.1381
-0.01548,-0.025192,1.1359
-0.015341,-0.024808,1.1339
-0.016774,-0.026361,1.132
-0.013385,-0.02635,1.1254
-0.015166,-0.026151,1.1242
-0.017104,-0.026503,1.1245
-0.019668,-0.02702,1.1181
-0.022617,-0.027416,1.1163
-0.023465,-0.024933,1.1138
-0.020952,-0.024812,1.1122
-0.017071,-0.024366,1.1106
-0.0088654,-0.023611,1.1092
-0.0038938,-0.02396,1.1091
-0.0016811,-0.024521,1.1078
-0.0017857,-0.024638,1.1062
-0.0028348,-0.025864,1.1034
-0.0034401,-0.025637,1.1001
-0.0055964,-0.025718,1.1036
-0.0092002,-0.024064,1.0999
-0.006092,-0.025274,1.1014
-0.009934,-0.023552,1.1022
-0.011068,-0.026996,1.098
-0.0074436,-0.028652,1.0894
-0.0033068,-0.030389,1.0869
0.00092357,-0.027272,1.0821
0.00086806,-0.022527,1.0815
-0.0018539,-0.027432,1.0703
-0.0034703,-0.029168,1.0606
0.0032172,-0.028416,1.0455
0.0069149,-0.028984,1.0318
0.0088268,-0.028772,1.0134
0.0098114,-0.027646,1.0038
0.0092262,-0.027799,0.98501
0.0058642,-0.02817,0.96771
0.0018834,-0.025931,0.95493
0.0012651,-0.02532,0.94864
-0.0057976,-0.022151,0.94916
-0.0087117,-0.022461,0.94645
-0.012546,-0.019686,0.9401
-0.016599,-0.017437,0.94046
-0.020815,-0.01803,0.93646
-0.022882,-0.018625,0.9315
-0.023198,-0.019638,0.93022
-0.025074,-0.019658,0.91861
-0.031061,-0.0183,0.92543
-0.037069,-0.017424,0.92086
-0.034376,-0.019061,0.9076
-0.042145,-0.015305,0.91943
-0.045252,-0.012515,0.92302
-0.045106,-0.013125,0.90971
-0.042178,-0.013164,0.92421
-0.045144,-0.015269,0.90828
-0.043413,-0.017992,0.92443
-0.040123,-0.016513,0.92663
-0.044532,-0.018391,0.9168
-0.035513,-0.015456,0.93213
-0.03464,-0.0091234,0.94257
-0.031098,-0.014696,0.94671
-0.019326,-0.018587,0.94918
-0.016909,-0.014301,0.95003
-0.011053,-0.01022,0.96261
-0.008349,-0.011911,0.97393
-0.0042649,-0.014251,0.98524
2.9492e-05,-0.014754,0.99136
0.002545,-0.016366,0.99774
0.0024922,-0.016398,1.0084
0.0021481,-0.012882,1.0196
0.0010888,-0.01076,1.0322
-0.0018751,-0.0097685,1.0497
-0.0063444,-0.012408,1.0607
-0.0070955,-0.013571,1.0716
-0.0078258,-0.01337,1.081
-0.010556,-0.014187,1.0902
-0.010135,-0.013921,1.0962
-0.0096357,-0.016073,1.1022
-0.0060858,-0.02178,1.1112
-0.0046351,-0.019392,1.1153
-0.0039078,-0.019893,1.1226
-0.0053066,-0.020687,1.124
-0.009365,-0.022896,1.1212
-0.0080662,-0.02506,1.123
-0.011293,-0.023844,1.1213
-0.012445,-0.023272,1.1203
-0.013147,-0.022458,1.1229
-0.013103,-0.022695,1.1238
-0.012852,-0.023518,1.12
-0.013734,-0.025237,1.1161
-0.016424,-0.023473,1.1108
-0.014168,-0.023129,1.1053
-0.010963,-0.025924,1.1062
-0.0070043,-0.028832,1.101
-0.0054719,-0.027308,1.0966
-0.0021455,-0.025155,1.0965
-0.0024971,-0.027859,1.0923
-0.0042313,-0.021941,1.0936
-0.0061967,-0.014756,1.0976
-0.0086759,-0.018962,1.1012
-0.0071454,-0.016524,1.1015
-0.0083659,-0.016139,1.1029
-0.0070319,-0.022045,1.1057
-0.0037551,-0.016475,1.1082
-0.0041999,-0.015128,1.1112
-3.3874e-05,-0.018282,1.1082
0.001757,-0.01751,1.108
0.0038996,-0.015839,1.1151
0.0020121,-0.016151,1.1163
0.0004771,-0.015969,1.1182
-0.0015149,-0.016814,1.1184
-0.0026478,-0.016079,1.1224
-0.0057786,-0.017462,1.1249
-0.0054979,-0.017286,1.1222
-0.004981,-0.018504,1.1206
-0.006454,-0.018822,1.1186
-0.0046189,-0.019649,1.1139
-0.00048755,-0.01826,1.1133
0.00092838,-0.01812,1.1143
0.0038709,-0.022547,1.1096
0.0024954,-0.02401,1.1076
-0.00075529,-0.023513,1.1089
-0.00020643,-0.025832,1.105
0.0028163,-0.028464,1.0988
0.0057454,-0.029555,1.0919
0.0038457,-0.025066,1.0875
0.0072779,-0.027126,1.0916
0.0065975,-0.026271,1.0826
0.0056965,-0.026775,1.0789
0.0033817,-0.026492,1.0708
0.0076976,-0.026336,1.0626
0.0032671,-0.024313,1.0656
0.0083456,-0.02576,1.0552
0.0065594,-0.026669,1.048
0.0067982,-0.026041,1.0448
0.0072962,-0.024655,1.0414
0.0042667,-0.027266,1.0361
0.0048911,-0.027458,1.0268
0.003507,-0.027032,1.0196
0.0050388,-0.026896,1.0111
0.004124,-0.023031,1.0123
0.0052565,-0.019912,1.0068
0.0049894,-0.02307,0.99864
0.0025309,-0.021307,0.99195
-0.00064297,-0.013503,0.98823
-0.0010321,-0.01374,0.98665
0.00023152,-0.012657,0.9819
0.0013946,-0.016086,0.97516
-0.0088428,-0.014263,0.97144
-0.0045869,-0.016611,0.964
-0.0057806,-0.015262,0.96506
-0.0058268,-0.014706,0.95947
-0.0045596,-0.017981,0.96054
-0.0043707,-0.016417,0.95368
-0.0027846,-0.018204,0.94238
-0.0015573,-0.023162,0.94494
-0.0034796,-0.023019,0.93856
-0.0011147,-0.024546,0.9334
-0.0010032,-0.021109,0.92555
-0.004324,-0.024615,0.91497
-0.0012895,-0.023591,0.90841
0.0053754,-0.022011,0.89737
0.0021613,-0.020563,0.88608
-0.00085624,-0.023904,0.87709
-0.0011482,-0.023157,0.85939
-0.0023789,-0.021011,0.84601
-0.0021009,-0.018674,0.83095
-0.0044769,-0.017492,0.81922
-0.0048627,-0.016937,0.81161
-0.002817,-0.017492,0.80601
-0.0014662,-0.01592,0.80144
-0.00085198,-0.015867,0.79814
-0.0017283,-0.01689,0.79587
0.0042111,-0.017005,0.79367
0.0058701,-0.018126,0.7958
0.0067678,-0.014901,0.79393
0.0058411,-0.015339,0.79223
0.012389,-0.014006,0.8009
0.012635,-0.018712,0.7845
0.020486,-0.020407,0.79075
0.019015,-0.016083,0.79282
0.018926,-0.015855,0.77851
0.028997,-0.018044,0.79253
0.02947,-0.020062,0.77353
0.035689,-0.017965,0.79488
0.033581,-0.02054,0.79176
0.028128,-0.016986,0.77589
0.02986,-0.019034,0.79582
0.032568,-0.019745,0.79612
0.030709,-0.017369,0.78519
0.033755,-0.018146,0.80311
0.030066,-0.018178,0.7902
0.033392,-0.019547,0.80921
0.033633,-0.020137,0.81482
0.032459,-0.02074,0.8038
0.030208,-0.019767,0.82157
0.029887,-0.016869,0.81032
0.024597,-0.015546,0.82935
0.022483,-0.018198,0.83618
0.020848,-0.017416,0.82766
0.019258,-0.01595,0.8417
0.021723,-0.016594,0.84607
0.022666,-0.017929,0.84179
0.022388,-0.018688,0.85496
0.027807,-0.015964,0.85292
0.026512,-0.021975,0.86373
0.020712,-0.024855,0.86435
0.026193,-0.021509,0.85743
0.023984,-0.019937,0.86764
0.019249,-0.017943,0.87271
0.018644,-0.021283,0.863
0.020081,-0.016364,0.87901
0.025975,-0.018911,0.8798
0.032828,-0.02312,0.87692
0.028429,-0.023222,0.88571
0.037668,-0.02353,0.87059
0.033174,-0.023216,0.88189
0.033321,-0.024192,0.88266
0.044085,-0.021928,0.86333
0.033907,-0.022768,0.87365
0.034648,-0.024218,0.8698
0.040619,-0.023774,0.85139
0.030333,-0.028567,0.86709
0.034647,-0.023393,0.85759
0.028037,-0.022403,0.87179
0.022218,-0.022499,0.8746
0.025705,-0.027812,0.8684
0.01925,-0.023452,0.87605
0.022232,-0.017921,0.88246
0.028468,-0.017198,0.8837
0.018313,-0.022065,0.89694
0.028914,-0.023637,0.88664
0.022848,-0.025141,0.89987
0.023944,-0.022919,0.90249
0.036666,-0.019791,0.89415
0.025275,-0.020659,0.90958
0.029942,-0.024456,0.91374
0.041853,-0.020363,0.90864
0.026476,-0.022516,0.92511
0.037921,-0.022898,0.92153
0.023717,-0.024208,0.93576
0.021725,-0.024247,0.94035
0.036767,-0.025196,0.94024
0.021403,-0.024355,0.95258
0.022841,-0.024756,0.96015
0.039004,-0.023488,0.9556
0.024655,-0.025253,0.97124
0.044461,-0.02177,0.97002
0.026187,-0.022013,0.98241
0.025346,-0.019454,0.98896
0.03886,-0.021251,0.98455
0.022837,-0.021289,0.99912
0.021934,-0.022176,1.0049
0.035583,-0.021085,1.0105
0.020125,-0.024273,1.0225
0.020606,-0.023732,1.0235
0.03218,-0.0266,1.0277
0.017147,-0.026285,1.0357
0.032166,-0.024644,1.0367
0.019616,-0.025566,1.0481
0.021964,-0.02345,1.0481
0.031112,-0.023539,1.0621
0.021325,-0.02615,1.0634
0.01747,-0.027157,1.0649
0.025888,-0.024066,1.0717
0.015264,-0.026531,1.0805
0.025199,-0.030726,1.0904
0.014178,-0.028115,1.087
0.012971,-0.027444,1.0942
0.024289,-0.025108,1.1011
0.013482,-0.028844,1.1063
0.014023,-0.025969,1.1117
0.018849,-0.023219,1.1179
0.013193,-0.023301,1.1205
0.010723,-0.02585,1.123
0.011318,-0.025419,1.1302
0.010944,-0.022861,1.1363
0.011459,-0.022921,1.142
0.0079953,-0.023338,1.1466
0.0040514,-0.022703,1.1539
-0.00076742,-0.024883,1.1611
-0.004716,-0.024711,1.1699
-0.0062055,-0.024211,1.1729
-0.0067838,-0.026117,1.1867
-0.0014198,-0.029057,1.1759
-0.0035825,-0.029539,1.1871
-0.00036293,-0.029783,1.259
-0.00077169,-0.027078,1.1365
-0.0010837,-0.030145,1.2068
-0.0026789,-0.029743,1.2164
-0.003038,-0.028135,1.2252
-0.0044413,-0.02837,1.2294
-0.0044513,-0.029018,1.2333
-0.0018868,-0.029722,1.2395
-0.0033295,-0.030113,1.2459
-0.00086294,-0.031262,1.2494
-4.5141e-05,-0.029413,1.254
-0.0048868,-0.02813,1.2654
-0.0063907,-0.029023,1.2758
-0.010516,-0.034403,1.2762
-0.0085715,-0.03079,1.2832
-0.0076328,-0.03259,1.2902
-0.005732,-0.029342,1.2967
-0.0065401,-0.025982,1.3118
-0.0064574,-0.031698,1.3261
-0.0071488,-0.030023,1.3249
-0.0085784,-0.030314,1.3304
-0.0086776,-0.030694,1.339
-0.0086322,-0.031308,1.3464
-0.0087074,-0.03178,1.3564
-0.0060321,-0.032607,1.3609
-0.0067832,-0.032822,1.3677
-0.0073876,-0.032402,1.3747
-0.0070441,-0.029342,1.3804
-0.010979,-0.029954,1.3888
-0.012081,-0.032619,1.3939
-0.018679,-0.029921,1.397
-0.018925,-0.029856,1.4017
-0.020435,-0.029589,1.4023
-0.012895,-0.02979,1.4102
-0.0089884,-0.029352,1.4073
-0.0050594,-0.031515,1.4117
-0.0053707,-0.032053,1.4093
-0.0061954,-0.030692,1.412
-0.0076358,-0.034955,1.4122
-0.0059925,-0.037105,1.4112
-0.0093646,-0.03595,1.4101
-0.0031562,-0.03928,1.4078
-0.0040296,-0.034351,1.4109
-0.0061941,-0.033746,1.4112
-0.0069418,-0.034672,1.4068
-0.016431,-0.030491,1.4121
-0.016612,-0.032501,1.416
-0.016408,-0.035827,1.406
-0.010908,-0.033291,1.4019
-0.0066795,-0.037267,1.3975
-0.0052407,-0.039235,1.3935
-0.0071082,-0.037448,1.39
-0.0067318,-0.033272,1.3949
-0.0060464,-0.033595,1.3926
-0.003896,-0.034122,1.3886
-0.007286,-0.031592,1.3868
-0.003066,-0.031586,1.3819
-0.0020352,-0.033303,1.3863
-0.001851,-0.031505,1.3761
-0.0027482,-0.032614,1.3754
-0.0032338,-0.03091,1.3689
-0.0070318,-0.031284,1.3662
-0.0031829,-0.032574,1.3654
-0.0045893,-0.031667,1.3549
7.1075e-06,-0.032953,1.3514
-0.0031428,-0.031991,1.3478
-0.0060709,-0.032217,1.345
-0.0034957,-0.029657,1.339
-0.0063614,-0.03166,1.3329
-0.0057822,-0.032702,1.3213
-0.0054729,-0.034727,1.3009
-0.0055924,-0.03418,1.2883
-0.0045171,-0.03484,1.2697
-0.005985,-0.037802,1.2467
-0.0069131,-0.036396,1.2258
-0.010356,-0.035242,1.2054
-0.00954,-0.033807,1.1914
-0.010026,-0.034744,1.167
-0.010438,-0.034997,1.1467
-0.012316,-0.034234,1.1223
-0.011981,-0.032216,1.1023
-0.016435,-0.031004,1.0849
-0.019361,-0.031372,1.0685
-0.017078,-0.030063,1.0616
-0.024779,-0.030404,1.0495
-0.016004,-0.028122,1.0388
-0.034151,-0.02696,1.0324
-0.03437,-0.028624,1.0186
-0.018797,-0.025975,1.0131
-0.033087,-0.024738,1.0059
-0.031962,-0.020385,1.0099
-0.018358,-0.022806,1.0094
-0.033468,-0.017725,1.0134
-0.02071,-0.022422,1.009
-0.030585,-0.021108,1.0118
-0.035246,-0.022115,1.0118
-0.023387,-0.020233,1.0014
-0.038712,-0.022006,0.99983
-0.044912,-0.021875,1.0023
-0.02498,-0.022392,1.004
-0.041509,-0.024962,1.0104
-0.018988,-0.023418,1.0025
-0.040162,-0.023991,1.0108
-0.044745,-0.024113,1.0213
-0.026731,-0.02459,1.0176
-0.048749,-0.02493,1.0326
-0.048964,-0.02659,1.041
-0.032342,-0.027497,1.038
-0.056173,-0.025418,1.0544
-0.055805,-0.029697,1.0588
-0.037446,-0.023021,1.0462
-0.055276,-0.025882,1.0643
-0.032675,-0.022954,1.0561
-0.057085,-0.02807,1.0752
-0.057649,-0.027485,1.0801
-0.034872,-0.027093,1.0812
-0.051047,-0.025555,1.0985
-0.04733,-0.032439,1.1022
-0.037723,-0.031758,1.0895
-0.042306,-0.027729,1.1059
-0.03282,-0.027993,1.1042
-0.043286,-0.029534,1.1233
-0.041561,-0.026126,1.1298
-0.027285,-0.027086,1.1181
-0.035426,-0.02957,1.1405
-0.033845,-0.028331,1.1377
-0.023098,-0.027665,1.1319
-0.031149,-0.027633,1.1449
-0.031447,-0.02272,1.1377
-0.02901,-0.024669,1.1569
-0.028612,-0.023577,1.1573
-0.023426,-0.020068,1.1542
-0.021451,-0.025131,1.1655
-0.01716,-0.024777,1.1633
-0.018913,-0.027167,1.1714
-0.014852,-0.026663,1.1746
-0.011602,-0.029217,1.1801
-0.0049308,-0.037085,1.1837
-0.007474,-0.033452,1.1746
-0.0067768,-0.032045,1.1739
-0.0067669,-0.033732,1.1694
-0.0061089,-0.032094,1.1711
-0.00601,-0.032484,1.1676
-0.0074129,-0.031098,1.1628
-0.0014711,-0.030528,1.161
-0.0063205,-0.031484,1.1543
-0.0097098,-0.029645,1.15
-0.0049783,-0.031865,1.1339
-0.005721,-0.030585,1.1246
-0.0028086,-0.031822,1.1115
-0.0017237,-0.032596,1.1031
-0.00078657,-0.02915,1.0796
0.0030134,-0.033484,1.0589
0.0070965,-0.034103,1.0462
0.0042598,-0.026549,1.0227
0.013857,-0.030889,1.0122
0.01383,-0.030929,0.9935
0.018527,-0.028078,0.96731
0.016423,-0.030955,0.95818
0.020833,-0.027763,0.93533
0.024678,-0.031141,0.91015
0.025634,-0.028494,0.8888
0.026561,-0.028866,0.84962
0.015957,-0.023416,0.84363
0.017817,-0.011381,0.816
0.019967,-0.0089711,0.81649
0.016746,-0.019437,0.8104
0.031228,-0.016467,0.77504
0.028503,-0.018386,0.78587
0.052825,-0.017699,0.74445
0.042885,-0.021579,0.75313
0.045061,-0.024346,0.75688
0.076042,-0.021475,0.71287
0.037558,-0.016608,0.75326
0.069342,-0.013475,0.71227
0.038218,-0.013381,0.75815
0.038774,-0.016115,0.75939
0.067875,-0.011154,0.72359
0.02875,-0.014043,0.74516
0.08229,-0.010428,0.70826
0.048282,-0.0021831,0.7308
0.039887,-0.010397,0.72608
0.079467,-0.010927,0.70886
0.048562,-0.0098633,0.7313
0.07104,-0.0028315,0.71613
0.03204,-0.0065102,0.72976
0.031712,-0.0058219,0.7323
0.048117,-0.0021519,0.72721
0.035478,-0.0034715,0.73284
0.03349,0.00022693,0.7364
0.041806,0.0032313,0.73855
0.03664,0.0017014,0.74278
0.039689,-0.0034626,0.74831
0.032991,-0.0017191,0.74883
0.027425,-0.0047156,0.7511
0.048274,-0.0085735,0.74937
0.028613,-0.016931,0.7523
0.062958,-0.011018,0.74409
0.037883,-0.0029166,0.74883
0.033152,-0.0052502,0.75162
0.086324,-0.0087898,0.75196
0.043172,-0.012408,0.75337
0.092514,-0.015228,0.75018
0.036835,-0.010995,0.74348
0.044074,-0.0073278,0.73452
0.094467,-0.0074614,0.7393
0.05178,-0.0011631,0.72108
0.094407,-0.0066856,0.72482
0.053244,-0.0070186,0.6987
0.048095,-0.011504,0.68859
0.070573,-0.019584,0.69328
0.036967,-0.015423,0.68279
0.028334,-0.017635,0.68558
0.038967,-0.021959,0.69622
0.017419,-0.021041,0.68998
0.039534,-0.022939,0.70058
0.023872,-0.014356,0.69308
0.016808,-0.013917,0.69043
0.045611,-0.013633,0.70849
0.032332,-0.019087,0.69485
0.030767,-0.021788,0.69124
0.051467,-0.020435,0.71174
0.031302,-0.0080674,0.69021
0.059663,-0.012323,0.72649
0.037186,-0.021168,0.70592
0.027078,-0.022832,0.70438
0.051495,-0.02376,0.73016
0.035133,-0.016591,0.71005
0.039287,-0.011302,0.72188
0.053906,-0.012346,0.75237
0.038703,-0.016722,0.73574
0.044654,-0.015705,0.76059
0.027673,-0.012444,0.75182
0.032753,-0.0085269,0.76162
0.034693,-0.0089713,0.7795
0.025746,-0.012863,0.78282
0.022682,-0.015955,0.79395
0.021109,-0.017997,0.80618
0.013972,-0.016586,0.81221
0.014577,-0.02517,0.82713
0.015314,-0.019939,0.83756
0.016561,-0.01509,0.84619
0.014932,-0.02024,0.85754
0.010525,-0.01873,0.86474
0.0099607,-0.012322,0.8697
0.012159,-0.0078311,0.89056
0.0087719,-0.0093122,0.89866
0.0039747,-0.0090295,0.90708
0.002987,-0.013777,0.91442
0.0035584,-0.014318,0.92245
0.006972,-0.0055545,0.93514
0.0040853,-0.0047622,0.94465
0.0026311,-0.0014073,0.95711
0.0044831,-0.011551,0.95817
0.0032301,-0.012839,0.97149
0.0017294,-0.016941,0.97976
0.0020095,-0.018641,0.9857
0.0049886,-0.011404,0.99459
0.0021308,-0.017993,1.0022
0.0021069,-0.023029,1.0025
-0.00061729,-0.023254,1.0061
-0.0033117,-0.025741,1.0084
-0.0014313,-0.019475,1.0131
-0.0016554,-0.017539,1.0129
0.0045922,-0.020334,1.0143
0.0044226,-0.014423,1.022
0.006134,-0.020817,1.0227
-0.00092358,-0.024876,1.0171
-0.0045301,-0.026483,1.0174
-0.0083652,-0.025775,1.0193
-0.012821,-0.024505,1.0199
-0.0091102,-0.020153,1.0202
-0.012207,-0.022767,1.0194
-0.013697,-0.025753,1.0155
-0.012941,-0.026799,1.0184
-0.017854,-0.025971,1.015
-0.022693,-0.027674,1.0203
-0.019866,-0.030364,1.0162
-0.024275,-0.034887,1.0146
-0.020187,-0.030836,1.0204
-0.021387,-0.037792,1.0096
-0.020191,-0.033629,1.0061
-0.017746,-0.034717,1.0079
-0.019746,-0.019476,1.0068
-0.021106,-0.02545,1.0059
-0.015376,-0.026498,1.0102
-0.01536,-0.025725,1.0071
-0.018447,-0.030233,1.0016
-0.014867,-0.025755,1.0086
-0.022882,-0.02674,1.0021
-0.020389,-0.026044,1.0085
-0.021902,-0.028184,1.0032
-0.01874,-0.025769,0.99978
-0.019417,-0.031677,1.005
-0.025198,-0.022776,0.99998
-0.016441,-0.020334,1.0062
-0.018436,-0.011207,1.0055
-0.022368,-0.013999,1.0129
-0.01856,-0.022329,0.9955
-0.016177,-0.027905,0.99975
-0.017704,-0.025279,0.99977
-0.010789,-0.018932,1.0028
-0.014227,-0.016225,1.0015
-0.012093,-0.014575,1.0063
-0.011601,-0.014301,1.0073
-0.014642,-0.017852,1.0037
-0.011523,-0.017662,1.0018
-0.01327,-0.01904,1.0016
-0.01368,-0.020111,1.0017
-0.011335,-0.019911,0.99788
-0.013145,-0.019144,0.99411
-0.019455,-0.026363,0.99231
-0.013863,-0.026049,0.98928
-0.010035,-0.026182,0.98605
-0.010539,-0.022898,0.98441
-0.016388,-0.026057,0.98153
-0.015496,-0.024746,0.97478
-0.010798,-0.024168,0.97811
-0.010048,-0.023482,0.97417
-0.013216,-0.026465,0.96796
-0.0079028,-0.020158,0.97821
-0.0063695,-0.015395,0.93125
-0.00085401,-0.0090717,0.9434
-0.0023636,-0.013164,0.93038
-0.0029895,-0.0096556,0.92032
-0.0048825,-0.015918,0.90395
-0.005505,-0.01826,0.88354
-0.0098411,-0.02429,0.8639
-0.014808,-0.027174,0.83314
-0.008868,-0.014335,0.80727
-0.003853,-0.0042122,0.79172
-0.0025304,-0.0039493,0.76304
-0.0055328,-0.013288,0.73901
-0.0022941,-0.012793,0.71762
0.00095734,-0.011039,0.70001
0.013889,-4.2784e-05,0.69471
0.021781,0.0061254,0.69666
0.030738,0.0052133,0.69346
0.030065,-0.00446,0.68289
0.03619,0.0037323,0.67219
0.038384,0.0041514,0.66921
0.046027,0.012053,0.66077
0.043373,0.0022265,0.65436
0.056263,0.00070594,0.66321
0.039989,-0.0080428,0.6385
0.070301,-0.0091007,0.6511
0.047094,-0.010576,0.62406
0.084112,-0.0045704,0.65243
0.056123,-0.0060877,0.62056
0.053465,-0.012026,0.61421
0.085445,-0.0046752,0.65193
0.049768,-0.0015502,0.61588
0.085661,0.0031341,0.66043
0.062483,0.00050213,0.6297
0.066243,-0.0021092,0.63698
0.077689,-0.00097791,0.67976
0.062908,0.0032721,0.64293
0.07767,-0.0017601,0.68877
0.067508,0.0039716,0.65575
0.064054,0.0020639,0.65404
0.069521,-0.0033362,0.69835
0.055191,-0.0086739,0.66901
0.057205,-0.0078741,0.7043
0.055611,0.0028082,0.69292
0.053079,0.0024221,0.7059
0.052837,-0.0032098,0.73678
0.042609,-0.007783,0.73511
0.036272,-0.0058557,0.75402
0.026551,-0.010955,0.76872
0.025857,-0.011238,0.77687
0.02402,-0.0036124,0.8057
0.023917,-0.0053985,0.80663
0.021585,-0.0098531,0.82898
0.017667,-0.009487,0.84269
0.012162,-0.0077067,0.86103
0.0041028,-0.004389,0.8766
-0.0014953,-0.0017375,0.8928
-0.0015196,-0.001517,0.90991
0.0016834,0.0033108,0.92172
0.004416,-0.00017043,0.93621
0.0065935,-0.00084368,0.94118
0.0033031,-0.00055809,0.9585
0.0097528,0.0018028,0.97005
0.0043505,-0.0053841,0.97635
0.0043028,-0.0051334,0.99251
0.0014466,-0.014892,0.99803
0.00072056,-0.01585,1.0062
0.00013656,-0.011638,1.0185
-0.0025991,-0.0081961,1.0285
-0.0019532,-0.011346,1.0325
-0.0052931,-0.0099322,1.0415
-0.0061312,-0.0175,1.0399
-0.0072245,-0.018056,1.0515
-0.0075533,-0.023744,1.048
-0.009087,-0.021049,1.053
-0.011686,-0.02353,1.0549
-0.013295,-0.026032,1.0611
-0.013317,-0.026704,1.0595
-0.013791,-0.025105,1.0595
-0.010279,-0.022676,1.0667
-0.010409,-0.021316,1.0694
-0.014036,-0.016921,1.0684
-0.01608,-0.020378,1.0633
-0.016131,-0.022122,1.0724
-0.025327,-0.030254,1.0582
-0.024637,-0.02279,1.0676
-0.024153,-0.020881,1.0724
-0.026241,-0.024909,1.0673
-0.025018,-0.026909,1.071
-0.028803,-0.033667,1.067
-0.025868,-0.034146,1.063
-0.020138,-0.028892,1.0744
-0.02176,-0.032593,1.0737
-0.020911,-0.035373,1.078
-0.017322,-0.027946,1.0862
-0.017068,-0.028354,1.0853
-0.011521,-0.021609,1.0952
-0.0093708,-0.014911,1.0977
-0.0085609,-0.019391,1.1083
-0.0078358,-0.022472,1.1111
-0.0075587,-0.019767,1.115
-0.010483,-0.023375,1.1183
-0.0085791,-0.028513,1.1207
-0.0041762,-0.018927,1.1243
-0.003938,-0.02005,1.1315
-0.0036175,-0.019834,1.1361
-0.00042604,-0.017892,1.1415
4.7719e-06,-0.015691,1.1462
0.0038688,-0.019445,1.1595
0.0048412,-0.02073,1.1566
0.0054833,-0.014445,1.1635
0.0030305,-0.016026,1.1682
0.0038571,-0.015296,1.1786
0.0052341,-0.011955,1.1863
0.01296,-0.008554,1.1941
0.019772,-0.0076583,1.2013
0.020146,-0.007825,1.2
0.021442,-0.0079603,1.2111
0.016101,-0.01566,1.2168
0.010625,-0.017258,1.2263
0.0070998,-0.014108,1.2277
0.0048847,-0.013974,1.235
0.0057579,-0.012593,1.2457
0.0055861,-0.0067767,1.2557
0.0088635,-0.014365,1.256
0.0091062,-0.013814,1.258
0.0087928,-0.014627,1.2615
0.010757,-0.012983,1.2693
0.014982,-0.01616,1.2732
0.020513,-0.011345,1.2805
0.022444,-0.015289,1.286
0.019937,-0.02117,1.2826
0.0077155,-0.023586,1.2886
0.011184,-0.014555,1.2985
0.0057321,-0.012791,1.3055
0.011996,-0.013293,1.3036
0.013431,-0.01989,1.3049
0.0098426,-0.030606,1.2943
0.0078143,-0.024203,1.2997
-0.0082184,-0.028325,1.3032
-0.0034257,-0.021011,1.3102
-0.0070481,-0.0079456,1.3202
0.0017314,-0.013349,1.3224
0.0010615,-0.013888,1.3286
0.0088366,-0.022235,1.3308
0.0016431,-0.028662,1.3282
0.0013985,-0.025121,1.3323
-0.0028175,-0.01539,1.3456
-0.0028475,-0.015953,1.3493
0.0039787,-0.014007,1.3566
0.0079826,-0.0092885,1.3614
0.0095811,-0.011884,1.3654
0.0096754,-0.014938,1.3632
0.003974,-0.016156,1.3667
-0.0019217,-0.021462,1.3686
-0.0029291,-0.025371,1.3661
-0.0043064,-0.022818,1.375
-0.0026712,-0.025357,1.3743
-0.0057548,-0.03391,1.3799
-0.0040726,-0.036039,1.3793
-0.0056819,-0.035322,1.3813
-0.0037605,-0.027618,1.397
0.0027232,-0.031789,1.3957
0.0066893,-0.035566,1.402
0.0074799,-0.0312,1.4074
0.010019,-0.024909,1.4183
0.0081139,-0.021422,1.4242
0.015184,-0.010202,1.4355
0.011368,-0.015565,1.434
0.017642,-0.0030312,1.4389
0.018095,-0.0051813,1.4451
0.022144,-0.0090982,1.4458
0.019126,-0.014539,1.4443
0.016967,-0.0074061,1.4541
0.016122,-0.0012302,1.4578
0.012557,-0.012009,1.4624
0.016537,-0.0069377,1.4736
0.020604,-0.01254,1.4699
0.021634,-0.013925,1.4798
0.013176,-0.019299,1.4648
0.010998,-0.013198,1.4759
0.0093322,-0.01671,1.4737
0.012346,-0.016619,1.4779
0.012238,-0.024158,1.4783
0.013818,-0.027655,1.4707
0.014582,-0.025795,1.4781
0.011363,-0.026786,1.4726
0.011008,-0.026284,1.479
0.0096493,-0.026388,1.4775
0.011126,-0.029403,1.4729
0.0078699,-0.034257,1.4827
0.003016,-0.044088,1.4729
0.0039756,-0.038862,1.4663
0.0034182,-0.040147,1.4693
0.0031104,-0.037545,1.4665
0.0059822,-0.035679,1.471
0.0041086,-0.032741,1.4694
0.001022,-0.038379,1.4613
-0.00035295,-0.040213,1.4635
-0.0032517,-0.027856,1.4654
-0.0038753,-0.027779,1.4675
0.0012413,-0.020972,1.4693
-0.0017288,-0.020908,1.4663
0.00024196,-0.025071,1.4676
-0.0032475,-0.02316,1.4645
-0.0032654,-0.029519,1.4607
-0.0021651,-0.027415,1.4558
-0.0040719,-0.030873,1.4609
-0.0037328,-0.031373,1.456
-0.0046947,-0.027675,1.455
-0.0095974,-0.026052,1.4555
-0.0059142,-0.032787,1.4579
-0.0039672,-0.033218,1.4576
-0.0030993,-0.034046,1.4556
0.0013658,-0.031208,1.4616
-0.004634,-0.038917,1.4471
0.00095906,-0.032711,1.4488
0.0065819,-0.024045,1.4564
0.0085071,-0.024493,1.4572
0.010353,-0.025106,1.4565
0.0081323,-0.0335,1.4401
0.0080142,-0.036903,1.4414
0.0025868,-0.039641,1.4413
-0.00015901,-0.036578,1.4462
-0.010582,-0.034808,1.4428
-0.0091993,-0.035079,1.4462
-0.015103,-0.042276,1.4408
-0.0083562,-0.038397,1.4435
-0.012403,-0.045654,1.4358
-0.0085327,-0.040115,1.4431
-0.001323,-0.031677,1.4467
-0.0015328,-0.029666,1.4492
-0.0055602,-0.032063,1.4481
-0.013562,-0.035568,1.4481
-0.012919,-0.025496,1.4552
-0.010296,-0.024057,1.4522
-0.0062008,-0.027394,1.4541
-0.0054625,-0.02994,1.4535
-0.0019768,-0.028476,1.4554
-0.0048234,-0.032324,1.4528
-0.0017597,-0.031859,1.4509
-0.0049769,-0.029836,1.454
-0.0048157,-0.028519,1.4485
-0.0021406,-0.02528,1.4589
-0.0062057,-0.028038,1.4492
-0.0063344,-0.032316,1.4475
-0.012175,-0.036505,1.443
-0.007972,-0.033293,1.4488
-0.011888,-0.036214,1.4464
-0.0076286,-0.036818,1.4488
-0.0031925,-0.027763,1.4588
-0.001135,-0.027078,1.4554
0.0021684,-0.031399,1.4603
-0.000463,-0.036015,1.4474
-0.0032368,-0.051545,1.4411
-0.0044767,-0.050668,1.4393
-0.0036979,-0.045786,1.4426
-0.0023756,-0.057985,1.4391
0.00057033,-0.05331,1.4353
-0.0010012,-0.058362,1.4295
0.001109,-0.043913,1.4325
-0.0018452,-0.046069,1.4261
-0.0011817,-0.035908,1.4342
0.0029977,-0.026087,1.429
0.006172,-0.024741,1.4254
0.0073054,-0.016869,1.4285
0.0104,-0.017389,1.4295
0.01258,-0.016674,1.4292
0.012245,-0.021843,1.424
0.012983,-0.016745,1.429
0.0080933,-0.012694,1.4351
0.0073924,-0.014128,1.43
0.0079663,-0.0089698,1.4329
0.0078593,-0.016052,1.4282
0.0082349,-0.019643,1.4245
0.0030225,-0.02322,1.4195
0.0040466,-0.025547,1.4178
0.0076834,-0.024071,1.4167
-0.0033742,-0.026272,1.423
0.0022046,-0.023784,1.4191
-0.0020699,-0.026706,1.4181
-0.0077969,-0.030741,1.4247
0.0034945,-0.02146,1.4277
0.002714,-0.021831,1.4325
0.0018906,-0.022546,1.433
-0.0019962,-0.038468,1.4308
-0.00021252,-0.036378,1.4282
0.0037095,-0.034757,1.4332
0.0039542,-0.034046,1.4383
0.014665,-0.040508,1.4332
0.013234,-0.035817,1.4325
0.0098042,-0.036203,1.4364
0.0053569,-0.041935,1.4275
0.00051425,-0.0378,1.4365
0.0018933,-0.037385,1.4374
-0.0051843,-0.034298,1.4385
-0.0079851,-0.033282,1.4462
-0.01046,-0.029151,1.4451
-0.011732,-0.035107,1.4443
-0.013317,-0.037365,1.4505
-0.0093396,-0.028462,1.4564
-0.014808,-0.027448,1.4602
-0.0057898,-0.025762,1.4567
-0.0019914,-0.019503,1.4616
-0.0013998,-0.021301,1.4575
0.0063242,-0.02676,1.4655
0.0023545,-0.026308,1.4666
0.0041332,-0.030794,1.4623
0.0039505,-0.027666,1.4588
0.0071907,-0.02754,1.4614
0.0016476,-0.025414,1.4685
0.0031696,-0.025485,1.4681
0.0011639,-0.025549,1.4726
0.0002602,-0.02761,1.4718
0.0018302,-0.029216,1.4678
-0.0014648,-0.031771,1.4742
-0.0011522,-0.030794,1.4736
-0.00093256,-0.028869,1.4773
-0.0017389,-0.030868,1.4784
-0.0051292,-0.031683,1.4761
-0.0066841,-0.033502,1.4816
-0.0053389,-0.0324,1.4901
-0.0018326,-0.032462,1.4925
0.001116,-0.029825,1.4973
0.0011711,-0.021101,1.5065
-0.0029339,-0.031868,1.4982
-0.0055841,-0.029599,1.4935
-0.012874,-0.038897,1.4949
-0.016741,-0.039581,1.5039
-0.017381,-0.039858,1.5148
-0.000599,-0.026739,1.5066
-0.0021326,-0.035992,1.4893
-0.0042196,-0.03305,1.4825
-0.01064,-0.028616,1.4927
-0.011756,-0.025245,1.5009
-0.0066257,-0.028898,1.4946
-0.0020221,-0.026907,1.494
-0.0025418,-0.029518,1.4902
0.0014863,-0.029338,1.5008
0.0026357,-0.024387,1.5079
0.0018231,-0.018907,1.5087
-0.0024273,-0.02352,1.5003
-0.0045897,-0.024119,1.4982
-0.0097218,-0.034957,1.4888
-0.0073927,-0.026598,1.4901
-0.008289,-0.021819,1.4913
-0.005065,-0.018097,1.4943
-0.0036437,-0.017795,1.4928
-0.0004109,-0.015367,1.4864
0.0033133,-0.0098795,1.4937
-0.0012141,-0.016773,1.4864
-0.0017299,-0.017542,1.4866
-0.0032689,-0.01903,1.4872
-0.0010382,-0.018521,1.4863
-0.0054087,-0.022849,1.4861
0.0017606,-0.020179,1.4872
-0.0097684,-0.026135,1.4845
-0.0051694,-0.024574,1.4795
-0.013351,-0.024247,1.4831
-0.010802,-0.021035,1.4884
-0.0044816,-0.023062,1.4846
-0.0043808,-0.029729,1.4806
0.014089,-0.014916,1.4968
-0.0043656,-0.022445,1.4928
0.00095691,-0.018976,1.4996
-0.0016094,-0.023172,1.4901
0.013759,-0.012329,1.5081
0.0088299,-0.021048,1.4947
0.013349,-0.01653,1.5069
0.0024482,-0.022521,1.4948
0.0062724,-0.022563,1.4956
-0.0027528,-0.023355,1.4899
0.00011034,-0.028034,1.4861
-0.0024647,-0.025195,1.4865
-0.0037583,-0.016301,1.4956
-0.0052671,-0.010472,1.4988
-0.0029123,-0.015705,1.4907
-0.0024121,-0.015787,1.4908
-0.0071023,-0.023521,1.4834
-0.011312,-0.023893,1.4791
-0.0086409,-0.025744,1.4765
-0.010156,-0.025976,1.478
-0.011638,-0.030538,1.4657
-0.01474,-0.028729,1.465
-0.019562,-0.029598,1.464
-0.022265,-0.031554,1.4696
-0.023939,-0.021019,1.4842
-0.008285,-0.0099086,1.469
-0.0071654,-0.010663,1.4595
-0.0028689,-0.024389,1.4342
0.0052555,-0.022723,1.423
0.005625,-0.02318,1.4149
0.0058841,-0.021601,1.4033
-0.001116,-0.027938,1.3828
-0.014185,-0.034861,1.3614
-0.01842,-0.040504,1.3479
-0.018568,-0.039439,1.3318
-0.016649,-0.029917,1.3159
-0.0061336,-0.032139,1.2904
-0.0088295,-0.02976,1.2761
-0.014825,-0.023022,1.2698
-0.035345,-0.022921,1.2298
-0.032047,-0.025554,1.2122
-0.028684,-0.021834,1.204
-0.020078,-0.027142,1.1809
-0.014098,-0.039084,1.1459
-0.023975,-0.038693,1.1033
-0.030636,-0.032662,1.0773
-0.036762,-0.043493,1.0506
-0.027229,-0.042521,1.0225
-0.025272,-0.048029,0.98074
-0.020295,-0.050861,0.94534
-0.012217,-0.034361,0.90795
-0.0077766,-0.021517,0.88355
-5.9509e-05,-0.018416,0.84651
0.0063798,-0.018598,0.81624
0.0088813,-0.016618,0.78924
0.011786,-0.014436,0.76042
0.027898,-0.0018704,0.73392
0.036801,-0.0071608,0.70676
0.037157,-0.010665,0.67529
0.038675,-0.017246,0.64709
0.040965,-0.015795,0.61947
0.054156,-0.0095859,0.59983
0.054886,-0.004168,0.59619
0.061774,-0.0076122,0.5847
0.059711,-0.016251,0.57896
0.066244,-0.016311,0.56621
0.070483,-0.010975,0.56095
0.078362,-0.02327,0.54162
0.082528,-0.020306,0.53571
0.071693,-0.0097803,0.52961
0.065741,-0.0070112,0.5217
0.070274,-0.021639,0.50155
0.062376,-0.0045859,0.5041
0.071723,-0.001206,0.50372
0.065979,-0.010038,0.49967
0.062641,0.0043554,0.50453
0.055861,-0.00071945,0.50223
0.054065,0.0063128,0.50422
0.064225,0.010528,0.516
0.061665,0.0075403,0.5164
0.061367,0.012554,0.52718
0.058561,0.0065794,0.53433
0.059599,0.012256,0.54126
0.051302,0.013666,0.55083
0.04612,0.025843,0.55655
0.048848,0.022374,0.56223
0.0544,0.016541,0.57506
0.05558,0.011947,0.58079
0.053505,0.010167,0.59091
0.052952,0.011754,0.60627
0.049585,0.010607,0.61148
0.048656,0.012508,0.62622
0.043932,0.0056808,0.63247
0.04808,-0.0003195,0.6527
0.043039,-0.0050731,0.65895
0.042414,-0.015972,0.6714
0.030131,-0.0093767,0.68008
0.028292,-0.022387,0.69393
0.035691,-0.022589,0.70517
0.029724,-0.019507,0.71679
0.023924,-0.014459,0.72855
0.015507,-0.0131,0.73482
0.015977,-0.011863,0.74868
0.010127,-0.010963,0.75702
0.0081568,-0.025319,0.76791
-0.00012515,-0.016709,0.77135
0.0069831,-0.016373,0.78336
0.013895,-0.010677,0.79367
0.016682,-0.020397,0.80424
0.0066091,-0.017374,0.81434
0.0078234,-0.014107,0.82264
0.013039,-0.014312,0.83101
0.010668,-0.011731,0.84496
0.011834,-0.013111,0.85384
0.0094652,-0.010027,0.8588
0.015662,-0.026757,0.86414
0.013476,-0.027253,0.85775
0.021226,-0.036363,0.85074
0.015737,-0.026313,0.84153
0.014687,-0.027033,0.83807
0.011712,-0.023538,0.82862
0.011017,-0.027359,0.82114
0.0046849,-0.018998,0.81073
0.0061796,-0.017558,0.79987
-0.00027237,-0.010661,0.79036
-0.014152,-0.0058944,0.77852
-0.028059,0.0058126,0.7691
-0.017149,0.0007835,0.76558
-0.015582,-0.0024494,0.7627
-0.015062,-0.010159,0.75248
-0.019988,-0.019217,0.73775
-0.023298,-0.0082541,0.72715
-0.025356,-0.0020176,0.72486
-0.013725,-0.0042865,0.72224
-0.011926,-0.013743,0.71406
-0.018924,-0.016359,0.70941
-0.025035,-0.002923,0.69971
-0.033359,0.0091988,0.69905
-0.028931,0.003333,0.70561
-0.032676,0.00092445,0.71211
-0.024946,-0.0029454,0.71756
-0.034453,-0.0078194,0.72127
-0.031176,-0.005053,0.71927
-0.034562,0.0019146,0.72059
-0.025779,-0.0031275,0.71953
-0.019948,-0.0094324,0.72282
-0.015326,-0.005091,0.73162
