0.019691,-0.0086511,0.28819
0.012942,-0.0071179,0.29288
0.009497,-0.0052518,0.29874
0.0048609,-0.0044753,0.30614
0.00036808,-0.0033783,0.3157
-0.0029289,-0.0042447,0.32348
-0.0094648,-0.0070462,0.33778
-0.014103,-0.0087152,0.35531
-0.01561,-0.0068716,0.35984
-0.010389,-0.0053198,0.37312
-0.0078651,-0.0040164,0.38565
-0.01049,-0.0053853,0.39451
-0.020319,-0.0074246,0.40213
-0.019769,-0.007636,0.41694
-0.017676,-0.0076651,0.42842
-0.010981,-0.0073622,0.4426
-0.0052579,-0.0059385,0.4531
-0.006338,-0.0045169,0.4688
-0.010152,-0.0048751,0.48205
-0.0052922,-0.0048353,0.50261
-8.1473e-05,-0.0054484,0.50484
0.0046957,-0.0058784,0.52537
-0.0030465,-0.0053331,0.536
-0.010017,-0.0066529,0.54988
-0.0063039,-0.010335,0.56047
0.0050182,-0.014997,0.56868
0.0074037,-0.011417,0.58074
0.0027053,-0.0078594,0.58957
-0.0014268,-0.008057,0.60685
0.0023336,-0.0060501,0.61603
0.0012268,-0.0006113,0.63029
0.0018009,0.0064671,0.64268
-7.5585e-05,0.0036562,0.65638
-0.00046662,0.0054955,0.66913
-0.0006151,0.0017151,0.68339
-0.010493,-0.00093429,0.7126
-0.012093,-0.0040433,0.69007
-0.01453,-0.0035592,0.71994
-0.013123,-0.0020732,0.73671
-0.01086,-0.0029668,0.74765
-0.0050744,-0.0060798,0.76218
-0.0048983,-0.0059035,0.77096
-0.0051109,-0.0057048,0.78819
-0.0042196,-0.0082873,0.7943
-0.018336,-0.017482,0.82179
-0.015588,-0.016058,0.80779
-0.020047,-0.02016,0.82803
-0.012944,-0.014966,0.83199
-0.012949,-0.013577,0.84329
-0.009809,-0.01091,0.85084
-0.012917,-0.013061,0.86408
-0.0063689,-0.012065,0.87123
-0.0067661,-0.012115,0.88824
-0.0077863,-0.011222,0.89884
-0.005397,-0.014921,0.90838
-0.0040636,-0.013861,0.91834
-0.0037589,-0.0099642,0.92868
-0.005704,-0.009951,0.94199
-0.0020049,-0.011187,0.95483
-0.0020007,-0.012522,0.96921
-0.0016296,-0.010738,0.97452
0.0055286,-0.012311,1.0073
0.010851,-0.013205,1.0245
0.014142,-0.016236,1.0302
0.011746,-0.015344,1.0432
0.0036948,-0.013928,1.0545
0.0013894,-0.013693,1.064
0.00045011,-0.014041,1.0696
-0.00078749,-0.016765,1.0714
0.0010515,-0.019551,1.0689
-0.0014398,-0.022022,1.0676
-0.001894,-0.020588,1.0648
-0.005047,-0.017432,1.0761
-0.016839,-0.010973,1.076
-0.024012,-0.0096786,1.079
-0.016651,-0.016749,1.0747
-0.028368,-0.016487,1.0656
-0.01794,-0.018826,1.0614
-0.020633,-0.015225,1.0585
-0.012478,-0.011965,1.0675
-0.013759,-0.016439,1.0709
-0.011468,-0.016847,1.0764
-0.010129,-0.014033,1.0757
-0.01032,-0.0080311,1.0757
-0.0076438,-0.01114,1.0788
-0.013893,-0.0068452,1.0734
-0.013697,-0.0083268,1.0852
-0.019899,-0.013413,1.0732
-0.015282,-0.019795,1.0819
-0.018321,-0.019381,1.0846
-0.013954,-0.017023,1.0906
-0.014871,-0.016672,1.0922
-0.012929,-0.01745,1.0952
-0.012773,-0.016543,1.1123
-0.011251,-0.015277,1.1086
-0.010624,-0.017479,1.0955
-0.024316,-0.023778,1.1133
-0.022027,-0.023402,1.1157
-0.028976,-0.028637,1.1254
-0.02307,-0.023141,1.1296
-0.026783,-0.027342,1.1402
-0.014829,-0.029205,1.1392
-0.015997,-0.031563,1.1429
-0.013978,-0.026744,1.146
-0.012769,-0.024821,1.1513
-0.016277,-0.021355,1.1583
-0.021337,-0.018897,1.1641
-0.011202,-0.028754,1.169
-0.0094127,-0.021396,1.1701
-0.0097938,-0.02072,1.1702
-0.0076624,-0.019759,1.1843
-0.0061809,-0.017939,1.1902
-0.0038239,-0.018404,1.1912
-0.007578,-0.022851,1.1938
-0.0051096,-0.024807,1.2041
-0.0026762,-0.026517,1.2016
-0.004182,-0.023923,1.2086
-0.0054654,-0.023308,1.217
-0.010562,-0.02425,1.2223
-0.012517,-0.025024,1.2246
-0.013849,-0.021677,1.2263
-0.011154,-0.019971,1.2301
-0.0099277,-0.022173,1.2348
-0.0041223,-0.024433,1.2373
-0.0046074,-0.027016,1.2435
-0.0078756,-0.023553,1.2453
-0.0075904,-0.023847,1.2478
-0.010481,-0.023524,1.2554
-0.0092679,-0.023383,1.2502
-0.0095725,-0.021415,1.2658
-0.0084743,-0.022395,1.2681
-0.0065482,-0.02388,1.2717
-0.0065856,-0.024468,1.2727
-0.0041751,-0.022296,1.2709
-0.0023553,-0.020124,1.2748
-0.0035143,-0.022528,1.274
-0.0019432,-0.022555,1.2773
-0.00092333,-0.021958,1.2664
-0.0014903,-0.0253,1.2724
0.00078728,-0.027017,1.3118
-0.00045867,-0.025656,1.218
-0.0012472,-0.02648,1.2545
-0.00051459,-0.025892,1.2498
-0.0015067,-0.027477,1.2472
0.0038771,-0.021677,1.2361
-0.0022279,-0.030083,1.2135
-0.00062961,-0.032461,1.2025
-0.0060248,-0.030031,1.1989
-0.011438,-0.025524,1.1882
-0.0074713,-0.026342,1.1766
-0.0097701,-0.026764,1.163
-0.022023,-0.025622,1.152
-0.023624,-0.024544,1.1394
-0.01751,-0.025468,1.1333
-0.015221,-0.0235,1.127
-0.0058127,-0.014162,1.1258
-0.0043633,-0.01676,1.1211
-0.0053109,-0.015853,1.116
-0.002924,-0.017854,1.1129
-0.0029775,-0.016325,1.1089
-0.003753,-0.019746,1.101
0.00080576,-0.015321,1.0968
0.010145,-0.011392,1.0933
0.010474,-0.0056507,1.0969
0.010309,-0.006035,1.0965
0.010984,-0.0072917,1.0926
0.0052971,0.001658,1.0867
0.0043268,-0.001152,1.0828
0.0037682,0.0006541,1.065
0.0044175,-0.0055119,1.0568
0.0048143,-0.00399,1.0504
-0.00014739,-0.0111,1.0425
0.001835,-0.009329,1.0355
-0.0012082,-0.015504,1.021
-0.0026421,-0.01201,1.0139
-0.0031398,-0.013938,1.0035
-0.0015698,-0.012846,0.99458
-0.01131,-0.013436,0.98831
-0.011857,-0.015888,0.97975
-0.012294,-0.015513,0.97057
-0.011806,-0.016018,0.9614
-0.013483,-0.014062,0.95294
-0.011281,-0.012792,0.94372
-0.014,-0.0065836,0.91942
-0.013014,-0.012538,0.91344
-0.014859,-0.012423,0.89009
-0.014287,-0.013569,0.886
-0.0083651,-0.012222,0.87566
-0.0022178,-0.013732,0.87596
-0.0035292,-0.014128,0.86906
-0.0034016,-0.012597,0.84254
-0.0014685,-0.010412,0.84667
-0.00021872,-0.010118,0.84205
-0.0023547,-0.010508,0.84495
-0.0021417,-0.011799,0.83866
-0.0014528,-0.012596,0.84068
0.0027525,-0.017103,0.84079
0.00052193,-0.018991,0.83788
0.005163,-0.029938,0.8352
0.005986,-0.018959,0.83816
0.0045479,-0.018398,0.85284
0.00061661,-0.016109,0.82598
0.0016242,-0.018055,0.84481
0.0035995,-0.01426,0.84768
0.0069971,-0.0093224,0.85638
0.0021829,-0.00046655,0.85655
-0.0033018,-0.0027121,0.87183
-0.0016175,-0.00096225,0.88315
-0.0083856,-0.0064006,0.89757
-0.0068964,-0.0060054,0.89872
-0.0081338,-0.0066327,0.91114
-0.004711,-0.004949,0.92642
-0.0058368,-0.0071972,0.93868
-0.0036359,-0.0073534,0.9501
-0.0048636,-0.0083416,0.96169
-0.0033879,-0.0086262,0.97227
0.00039611,-0.0072446,0.98372
-0.0022454,-0.0078285,0.99513
-0.0021903,-0.0087167,1.0251
-0.0031493,-0.010587,1.0001
0.0083059,-0.016341,1.0335
0.0068453,-0.015561,1.0452
0.012459,-0.017267,1.06
0.006773,-0.013971,1.0616
0.016933,-0.020758,1.0781
0.014773,-0.019921,1.0927
0.014977,-0.021592,1.0986
0.0097019,-0.019252,1.1174
0.014935,-0.022181,1.13
0.0095253,-0.020403,1.138
0.010798,-0.017635,1.1526
0.013105,-0.0093713,1.1635
0.0092056,-0.011197,1.1805
0.011346,-0.012507,1.1988
0.010699,-0.010634,1.2039
0.0094322,-0.013481,1.2289
0.0048287,-0.017898,1.2234
0.0038822,-0.019815,1.2403
0.0012537,-0.019893,1.2464
0.0056597,-0.020318,1.2541
0.0024048,-0.016863,1.2737
0.0027952,-0.019479,1.2839
0.0073883,-0.027031,1.2876
0.0023596,-0.023132,1.2985
0.0057821,-0.022996,1.3128
7.9531e-05,-0.019458,1.3235
0.00084677,-0.022078,1.3387
-0.001812,-0.020797,1.3441
0.00041849,-0.027264,1.3672
0.00083716,-0.028079,1.3777
0.003666,-0.028873,1.3779
-0.0014006,-0.02343,1.3872
-0.0068716,-0.025023,1.3999
-0.011416,-0.021548,1.408
-0.012512,-0.018256,1.4217
-0.0063373,-0.016948,1.4251
-0.0075688,-0.017905,1.4389
-0.0085179,-0.02057,1.4489
-0.0052735,-0.020828,1.4461
-0.013185,-0.020834,1.4709
-0.0076294,-0.02367,1.4679
-0.018666,-0.024684,1.4873
-0.016489,-0.025053,1.4867
-0.012453,-0.02729,1.4895
-0.0137,-0.022362,1.5037
-0.0086088,-0.026602,1.5011
-0.0098127,-0.027856,1.5068
-0.0097954,-0.025132,1.5082
-0.0040718,-0.026691,1.5146
-0.0097645,-0.027683,1.5193
-0.010842,-0.028342,1.5281
-0.0037968,-0.02728,1.527
-0.0077976,-0.0262,1.527
-0.0025533,-0.024393,1.5302
-0.0075963,-0.024561,1.5388
-0.0065887,-0.025101,1.5373
-0.0049798,-0.029927,1.5448
-0.0094563,-0.02824,1.5406
-0.01462,-0.028742,1.5399
-0.01231,-0.032491,1.5267
-0.017107,-0.033707,1.5142
-0.010607,-0.033443,1.4985
-0.013403,-0.030876,1.4813
-0.012698,-0.031408,1.4836
-0.0059049,-0.032626,1.4671
-0.011959,-0.033231,1.4554
-0.010259,-0.035214,1.44
-0.0048404,-0.034232,1.4247
-0.0071551,-0.033378,1.4158
-0.0057,-0.03256,1.3958
0.001348,-0.032716,1.3884
-0.0011416,-0.031167,1.3718
0.0019261,-0.028931,1.3585
-0.0047915,-0.032403,1.3485
-0.0056094,-0.032084,1.3316
-0.0018296,-0.031787,1.3058
-0.0066254,-0.025597,1.2963
-0.0076703,-0.026267,1.2893
-0.0060495,-0.029062,1.2791
-0.0086122,-0.02755,1.2645
-0.0052945,-0.028519,1.2551
-0.0040947,-0.028349,1.2468
-0.0051351,-0.027119,1.2382
0.0017288,-0.027087,1.2259
-0.0076675,-0.026713,1.2135
-0.0065322,-0.021768,1.2031
-0.0038159,-0.024379,1.1943
-0.0010111,-0.029355,1.1885
-0.0013133,-0.028797,1.1929
-0.0015385,-0.029645,1.1392
-0.0031573,-0.028466,1.1404
-0.0047721,-0.027197,1.1249
-0.0071894,-0.022978,1.1163
-0.007492,-0.026582,1.1003
-0.0055085,-0.02643,1.0824
-0.0072983,-0.015154,1.0794
-0.0052643,-0.018201,1.0806
-0.0038817,-0.020676,1.0752
-0.0054456,-0.020847,1.0568
-0.0085648,-0.020321,1.044
-0.0092755,-0.0191,1.0351
-0.011817,-0.019816,1.0267
-0.012998,-0.019645,1.0246
-0.011743,-0.016634,1.0156
-0.015637,-0.017461,1.011
-0.014993,-0.017493,1.0038
-0.013601,-0.016763,1.008
-0.011082,-0.018887,1.0055
-0.0090725,-0.020984,0.98891
-0.011323,-0.017854,0.98988
-0.011315,-0.018984,0.99075
-0.013375,-0.020964,0.98952
-0.012594,-0.020566,0.98726
-0.012731,-0.02085,0.98407
-0.01343,-0.024166,0.97552
-0.012923,-0.018019,0.97284
-0.011404,-0.017108,0.97225
-0.014385,-0.019057,0.97153
-0.015353,-0.018987,0.96771
-0.013714,-0.018622,0.96795
-0.015047,-0.021897,0.96617
-0.014967,-0.020138,0.96704
-0.01557,-0.019743,0.96239
-0.013811,-0.016988,0.9587
-0.013064,-0.017384,0.95693
-0.013023,-0.018209,0.95342
-0.014086,-0.014945,0.94995
-0.014839,-0.010859,0.94475
-0.015602,-0.012891,0.94241
-0.016923,-0.013837,0.94444
-0.015433,-0.014101,0.94845
-0.012628,-0.010548,0.95165
-0.010592,-0.0091201,0.95795
-0.010014,-0.0090555,0.96446
-0.0070661,-0.011303,0.9698
-0.0078125,-0.013067,0.97393
-0.005936,-0.014928,0.97853
-0.01109,-0.018958,0.98192
-0.0082544,-0.018888,0.98721
-0.0058705,-0.026326,0.9869
-0.006217,-0.020735,0.98897
-0.0024625,-0.014232,0.9899
-0.002075,-0.017098,0.99236
-0.0057755,-0.0169,0.99744
-0.0047297,-0.01614,1.0005
-0.006641,-0.018734,0.98199
-0.0086512,-0.016926,0.98945
-0.0069066,-0.01424,0.99067
-0.014018,-0.018445,0.99214
-0.012391,-0.01935,0.98791
-0.012924,-0.018578,0.9911
-0.015047,-0.016775,0.98956
-0.01183,-0.017938,0.9858
-0.013329,-0.020248,0.98941
-0.010707,-0.020391,0.98679
-0.010801,-0.02021,0.98899
-0.012439,-0.021421,0.98719
-0.013771,-0.021791,0.98548
-0.012089,-0.021405,0.98105
-0.012564,-0.022254,0.9803
-0.010342,-0.018092,0.97611
-0.0134,-0.020183,0.9716
-0.012693,-0.019599,0.968
-0.010763,-0.01914,0.96036
-0.0095903,-0.019465,0.96333
-0.013756,-0.020123,0.96535
-0.016019,-0.019964,0.943
-0.013766,-0.018306,0.94872
-0.015426,-0.016329,0.94388
-0.015457,-0.020506,0.94853
-0.014972,-0.01806,0.93792
-0.012061,-0.01493,0.93854
-0.0148,-0.014915,0.93285
-0.013642,-0.01453,0.93618
-0.012465,-0.014991,0.93779
-0.014367,-0.016166,0.94101
-0.013147,-0.016166,0.9403
-0.01336,-0.016313,0.9444
-0.035496,-0.027904,0.9509
-0.046617,-0.035056,0.95727
-0.034122,-0.029805,0.95362
-0.036875,-0.031265,0.95365
-0.02704,-0.024932,0.9526
-0.027303,-0.025823,0.95546
-0.017836,-0.022967,0.96275
-0.016022,-0.026269,0.9612
-0.013066,-0.02372,0.96394
-0.015471,-0.021897,0.96444
-0.014943,-0.021433,0.97027
-0.014986,-0.0224,0.97165
-0.012327,-0.019404,0.96374
-0.012494,-0.019534,0.97387
-0.0091232,-0.022664,0.97901
-0.0054673,-0.020734,0.98584
-0.0064773,-0.021185,0.98696
-0.0045167,-0.0209,0.98581
-0.0045165,-0.022265,0.986
-0.0036165,-0.020136,0.98402
-0.0023855,-0.023758,0.9856
-0.0037284,-0.023711,0.98363
-0.0042649,-0.023289,0.97935
-0.0041653,-0.022175,0.97923
-0.0021734,-0.020914,0.97838
-3.9143e-05,-0.022956,0.9847
0.00018979,-0.025451,0.97714
-0.0023785,-0.021598,0.97707
-0.0066903,-0.022538,0.97159
-0.0064787,-0.019709,0.98621
-0.0038477,-0.016815,0.96145
-0.0021821,-0.020781,0.97923
-0.0032559,-0.021834,0.9751
8.7036e-06,-0.016758,0.97266
-0.004941,-0.014108,0.98694
-0.0034322,-0.015809,0.97019
-0.0073855,-0.015901,1.0002
-0.0064383,-0.016504,0.97233
-0.0077499,-0.017215,0.99399
-0.0071743,-0.01758,0.99702
-0.0068171,-0.015445,1.0065
-0.0065048,-0.018298,1.0103
-0.0066562,-0.018912,1.0189
-0.0029334,-0.020625,1.0162
-0.0046079,-0.015876,1.0265
-0.0048104,-0.016296,1.0324
-0.0054871,-0.015948,1.0322
-0.0091016,-0.018645,1.0403
-0.0088858,-0.01677,1.0429
-0.01041,-0.015317,1.0496
-0.006098,-0.016417,1.0535
-0.010983,-0.018547,1.0589
-0.008944,-0.02025,1.059
-0.013108,-0.016338,1.0669
-0.01357,-0.018734,1.0693
-0.014353,-0.018004,1.074
-0.01123,-0.019109,1.079
-0.010687,-0.01757,1.0833
-0.014853,-0.019042,1.0917
-0.01603,-0.020144,1.0917
-0.014762,-0.018814,1.0977
-0.01494,-0.019092,1.1012
-0.012633,-0.023255,1.1054
-0.0092539,-0.021547,1.106
-0.0098503,-0.018692,1.1072
-0.0067137,-0.01775,1.1131
-0.0084947,-0.017738,1.1213
-0.0027454,-0.01932,1.1286
-0.0043932,-0.018849,1.1268
-0.0013061,-0.021781,1.1316
-0.0021641,-0.019369,1.1336
-0.0018947,-0.021982,1.1366
0.0012471,-0.021995,1.1396
0.00015622,-0.022509,1.1439
-0.0016018,-0.023936,1.1449
-0.0043055,-0.02387,1.1411
-0.0031166,-0.026115,1.1417
-0.0019521,-0.025414,1.1407
-0.0061924,-0.02694,1.144
-0.006777,-0.027325,1.1382
-0.0079452,-0.024948,1.136
-0.0079253,-0.026116,1.134
-0.0093612,-0.027551,1.1321
-0.0057509,-0.026298,1.1254
-0.0074207,-0.025976,1.1243
-0.0094336,-0.02689,1.1246
-0.012087,-0.026958,1.1183
-0.015156,-0.026594,1.1165
-0.01686,-0.024564,1.1139
-0.015681,-0.024864,1.1123
-0.012859,-0.024645,1.1106
-0.005514,-0.023102,1.1092
-0.0013594,-0.023941,1.1091
0.0010033,-0.023992,1.1079
0.0010961,-0.024482,1.1062
0.000148,-0.024954,1.1034
-0.00057956,-0.024585,1.1001
-0.0024606,-0.024846,1.1036
-0.0057899,-0.023355,1.0999
-0.002018,-0.025779,1.1014
-0.0058796,-0.025678,1.1021
-0.0074305,-0.028616,1.098
-0.0042469,-0.027529,1.0895
-0.00088235,-0.028839,1.0869
0.0030782,-0.025673,1.0821
0.0021912,-0.023564,1.0815
-0.0019648,-0.027326,1.0703
-0.0061188,-0.029837,1.0606
-0.0019823,-0.029126,1.0455
0.00063415,-0.02924,1.0318
0.0028754,-0.029159,1.0134
0.0047691,-0.028204,1.0038
0.0051999,-0.028265,0.98503
0.0030444,-0.027823,0.96773
0.00021576,-0.02495,0.95496
0.0011435,-0.024191,0.94867
-0.0044098,-0.021737,0.94918
-0.005549,-0.022237,0.94648
-0.0081781,-0.019277,0.94016
-0.01103,-0.016987,0.94056
-0.014118,-0.017875,0.9366
-0.014973,-0.018809,0.93167
-0.013899,-0.01939,0.93043
-0.015131,-0.018982,0.91886
-0.020252,-0.017696,0.92576
-0.025566,-0.016798,0.92129
-0.022304,-0.018272,0.90802
-0.029502,-0.013792,0.91997
-0.031788,-0.011794,0.92362
-0.031433,-0.012836,0.91033
-0.027854,-0.013444,0.92478
-0.030993,-0.014573,0.90892
-0.029261,-0.017195,0.92504
-0.02657,-0.015748,0.92717
-0.03257,-0.017125,0.91735
-0.025428,-0.015085,0.93249
-0.026427,-0.010674,0.94283
-0.025667,-0.017736,0.94683
-0.016439,-0.018475,0.94923
-0.01551,-0.010986,0.9501
-0.01082,-0.0077265,0.96263
-0.0091918,-0.011089,0.97393
-0.0058061,-0.014497,0.98523
-0.0014032,-0.015047,0.99136
0.0011807,-0.015497,0.99775
0.0012365,-0.013978,1.0084
0.001051,-0.010363,1.0196
0.00012338,-0.0093627,1.0322
-0.0026081,-0.010489,1.0497
-0.0068341,-0.013697,1.0606
-0.0073268,-0.014266,1.0716
-0.0078758,-0.013501,1.081
-0.010315,-0.014009,1.0902
-0.0097295,-0.013661,1.0962
-0.0091104,-0.015092,1.1022
-0.0052349,-0.019885,1.1112
-0.002995,-0.018181,1.1153
-0.0013216,-0.020101,1.1226
-0.0014087,-0.021349,1.124
-0.004202,-0.0228,1.1212
-0.0024676,-0.024187,1.1231
-0.0058026,-0.022791,1.1213
-0.0070918,-0.022503,1.1204
-0.007854,-0.022463,1.123
-0.0077208,-0.023168,1.1239
-0.0076657,-0.0235,1.1201
-0.0087168,-0.024366,1.1161
-0.011565,-0.022292,1.1109
-0.0095077,-0.022342,1.1054
-0.006695,-0.025792,1.1062
-0.0031692,-0.028577,1.1011
-0.0020889,-0.026611,1.0966
0.0009758,-0.024038,1.0965
0.00058919,-0.025935,1.0923
-0.0010876,-0.01883,1.0937
-0.0028237,-0.014189,1.0976
-0.0059486,-0.020721,1.1012
-0.0043861,-0.016265,1.1016
-0.0064281,-0.016436,1.103
-0.0052467,-0.021719,1.1057
-0.0023789,-0.018078,1.1081
-0.003143,-0.018234,1.1112
0.00043891,-0.018658,1.1082
0.002362,-0.017488,1.108
0.0043619,-0.016011,1.1151
0.0026166,-0.016126,1.1163
0.00096911,-0.015744,1.1182
-0.00084856,-0.016791,1.1184
-0.0019254,-0.016558,1.1224
-0.005026,-0.018538,1.1249
-0.0048267,-0.018691,1.1222
-0.0045394,-0.019761,1.1206
-0.006159,-0.020176,1.1185
-0.0047967,-0.020586,1.1139
-0.0011797,-0.018944,1.1133
-9.6702e-05,-0.019171,1.1143
0.0029353,-0.023739,1.1096
0.0016816,-0.025298,1.1076
-0.0016441,-0.024876,1.1088
-0.0011171,-0.026865,1.105
0.0020351,-0.028496,1.0988
0.0049453,-0.029185,1.092
0.0032126,-0.025737,1.0875
0.0067076,-0.029016,1.0915
0.0059481,-0.028001,1.0826
0.0050966,-0.027599,1.0789
0.0027279,-0.026867,1.0708
0.0071472,-0.025984,1.0626
0.0028943,-0.025039,1.0656
0.0084546,-0.025618,1.0552
0.0066862,-0.025999,1.048
0.006622,-0.026206,1.0448
0.0075201,-0.026169,1.0413
0.0045124,-0.028137,1.036
0.0050986,-0.028179,1.0268
0.0037177,-0.026751,1.0196
0.0052012,-0.026488,1.0111
0.0042497,-0.023379,1.0123
0.0055509,-0.021028,1.0068
0.0053347,-0.023629,0.99863
0.0028379,-0.021352,0.99195
-0.00047648,-0.013434,0.98823
-0.0010169,-0.01421,0.98664
0.00016587,-0.013505,0.98189
0.0012997,-0.017021,0.97515
-0.0088989,-0.015324,0.97143
-0.0045341,-0.017751,0.96398
-0.0055263,-0.017121,0.96503
-0.0051282,-0.016657,0.95945
-0.0036333,-0.019667,0.96051
-0.0034359,-0.01756,0.95367
-0.0019491,-0.018914,0.94237
-0.00070165,-0.023796,0.94492
-0.0026068,-0.023514,0.93855
-0.00046997,-0.024681,0.93339
-0.00088663,-0.021479,0.92554
-0.0046366,-0.02477,0.91496
-0.0017652,-0.023706,0.90841
0.0050124,-0.021927,0.89737
0.0019034,-0.02117,0.88607
-0.0011942,-0.024239,0.87708
-0.0012306,-0.022618,0.85941
-0.0027288,-0.020098,0.84604
-0.002439,-0.017896,0.83097
-0.0048378,-0.017241,0.81923
-0.0052328,-0.016603,0.81162
-0.0031334,-0.017222,0.80601
-0.0019043,-0.015462,0.80145
-0.0015962,-0.015591,0.79814
-0.0030961,-0.016736,0.79587
0.002184,-0.016417,0.7937
0.0030544,-0.017728,0.79582
0.0027923,-0.015254,0.79395
0.0010905,-0.016667,0.79223
0.0066767,-0.016553,0.80093
0.0061627,-0.020573,0.78454
0.012978,-0.020634,0.79091
0.0106,-0.016751,0.79298
0.009862,-0.016315,0.77869
0.019101,-0.019206,0.79282
0.019271,-0.019854,0.77388
0.024833,-0.017528,0.79532
0.022972,-0.01953,0.79219
0.017737,-0.016523,0.77623
0.019158,-0.019125,0.79617
0.021993,-0.020086,0.79649
0.020444,-0.017942,0.78554
0.023627,-0.018521,0.80348
0.020084,-0.018223,0.79053
0.023015,-0.019499,0.8096
0.023382,-0.020008,0.8152
0.022455,-0.020123,0.80418
0.020566,-0.019132,0.82191
0.021192,-0.01603,0.81062
0.016164,-0.015262,0.82957
0.014404,-0.017941,0.83638
0.013088,-0.016869,0.82785
0.011628,-0.015741,0.84186
0.013918,-0.016241,0.84626
0.014818,-0.017791,0.84198
0.014276,-0.018691,0.85514
0.019729,-0.016719,0.85315
0.018649,-0.022629,0.86393
0.012869,-0.024606,0.86452
0.018448,-0.020813,0.85766
0.01647,-0.017963,0.86786
0.011256,-0.017724,0.87287
0.010215,-0.019761,0.86319
0.010802,-0.0163,0.87919
0.016329,-0.020115,0.88003
0.022853,-0.024389,0.87722
0.017519,-0.023695,0.88601
0.026176,-0.023656,0.87103
0.021005,-0.023323,0.88229
0.021114,-0.024226,0.88306
0.032371,-0.021972,0.86388
0.022205,-0.023027,0.87405
0.023272,-0.024844,0.87018
0.02993,-0.023983,0.85185
0.02026,-0.028095,0.86742
0.025651,-0.022976,0.85793
0.019554,-0.023158,0.87201
0.013782,-0.023847,0.87476
0.017327,-0.028005,0.86862
0.010951,-0.022267,0.87623
0.013731,-0.017504,0.88266
0.019747,-0.018769,0.88392
0.0091968,-0.024994,0.89702
0.019266,-0.024763,0.88689
0.012553,-0.025215,0.90009
0.013207,-0.022594,0.90274
0.025965,-0.019444,0.89456
0.014099,-0.020832,0.90984
0.018544,-0.024703,0.91406
0.030352,-0.020675,0.90912
0.014651,-0.022717,0.92539
0.026062,-0.023206,0.92196
0.011562,-0.02365,0.93603
0.0094314,-0.023264,0.9406
0.024263,-0.024679,0.94068
0.0087819,-0.024187,0.95281
0.009834,-0.024974,0.96039
0.026088,-0.023848,0.95606
0.011358,-0.025386,0.97152
0.031399,-0.021632,0.97056
0.013014,-0.022348,0.98269
0.012483,-0.020119,0.98923
0.026331,-0.02063,0.98501
0.010204,-0.020597,0.99937
0.0091912,-0.02237,1.0051
0.022975,-0.022243,1.0109
0.0075908,-0.02588,1.0226
0.0082656,-0.024434,1.0237
0.019472,-0.026289,1.028
0.004137,-0.025579,1.0359
0.018959,-0.024152,1.0371
0.0065357,-0.025006,1.0483
0.0091977,-0.02392,1.0483
0.018538,-0.024533,1.0624
0.0093428,-0.026094,1.0636
0.0062743,-0.02548,1.0651
0.014687,-0.023425,1.072
0.004099,-0.026901,1.0806
0.013558,-0.030032,1.0907
0.0024666,-0.025981,1.0872
0.0014316,-0.026145,1.0943
0.01255,-0.025409,1.1013
0.0019159,-0.029795,1.1064
0.0027098,-0.026337,1.1118
0.008559,-0.023685,1.1181
0.0044329,-0.024543,1.1205
0.0039075,-0.025841,1.1231
0.0059195,-0.024192,1.1303
0.0070415,-0.022712,1.1364
0.0085465,-0.023976,1.142
0.0059785,-0.024342,1.1466
0.0028546,-0.023739,1.1538
-0.001582,-0.025949,1.1611
-0.0054083,-0.025867,1.1698
-0.0069084,-0.026152,1.1729
-0.007707,-0.028257,1.1867
-0.0021424,-0.029407,1.1759
-0.0041504,-0.028147,1.1871
-0.00093038,-0.028596,1.2591
-0.001298,-0.026703,1.1365
-0.0018389,-0.029893,1.2068
-0.0034613,-0.030523,1.2164
-0.0037351,-0.030038,1.2251
-0.0053177,-0.029895,1.2293
-0.005249,-0.029867,1.2333
-0.0025639,-0.030099,1.2395
-0.0038795,-0.0302,1.2459
-0.0013773,-0.030268,1.2495
-0.00028378,-0.027757,1.2541
-0.0047909,-0.028811,1.2654
-0.0060664,-0.03088,1.2758
-0.010508,-0.03393,1.2762
-0.0087153,-0.028676,1.2833
-0.0071656,-0.029872,1.2903
-0.0056879,-0.027313,1.2968
-0.0066564,-0.028117,1.3118
-0.0067797,-0.03376,1.326
-0.0073251,-0.030507,1.3249
-0.008762,-0.029351,1.3304
-0.0089413,-0.030617,1.339
-0.0088433,-0.032077,1.3464
-0.0089601,-0.03212,1.3564
-0.0061832,-0.032012,1.3609
-0.007033,-0.032279,1.3677
-0.007779,-0.032024,1.3747
-0.0072593,-0.030444,1.3803
-0.011215,-0.030943,1.3888
-0.012423,-0.031976,1.3939
-0.019044,-0.0284,1.397
-0.019471,-0.0299,1.4016
-0.020757,-0.030284,1.4022
-0.01303,-0.029161,1.4102
-0.0086817,-0.029107,1.4073
-0.0046998,-0.031439,1.4117
-0.0049428,-0.03259,1.4093
-0.0060938,-0.032182,1.412
-0.0075602,-0.035875,1.4122
-0.0059081,-0.037231,1.4112
-0.0091595,-0.036176,1.4101
-0.0033654,-0.037575,1.4079
-0.0037939,-0.033813,1.4109
-0.0053932,-0.032909,1.4112
-0.0060045,-0.03314,1.4069
-0.015813,-0.033918,1.4121
-0.015969,-0.037117,1.4159
-0.015049,-0.034837,1.406
-0.0094145,-0.031028,1.4019
-0.0047905,-0.036243,1.3975
-0.0040181,-0.037503,1.3935
-0.0063011,-0.036432,1.3901
-0.0063611,-0.034605,1.3949
-0.0055324,-0.035486,1.3926
-0.0037808,-0.033669,1.3886
-0.0076644,-0.030929,1.3868
-0.0040986,-0.030372,1.3819
-0.0032338,-0.031528,1.3863
-0.0031848,-0.031344,1.3761
-0.0045454,-0.033268,1.3754
-0.0054387,-0.03222,1.3689
-0.0093713,-0.032723,1.3662
-0.0055954,-0.033454,1.3653
-0.0065456,-0.030891,1.3549
-0.0020192,-0.031361,1.3514
-0.0052598,-0.030417,1.3479
-0.0083825,-0.032269,1.345
-0.0055323,-0.030746,1.339
-0.008422,-0.032963,1.3329
-0.0078762,-0.033517,1.3212
-0.0072226,-0.034966,1.3009
-0.0070851,-0.034942,1.2883
-0.0057421,-0.036443,1.2697
-0.007176,-0.037754,1.2467
-0.0081494,-0.035997,1.2258
-0.011252,-0.034583,1.2054
-0.0098796,-0.033847,1.1913
-0.009917,-0.035204,1.167
-0.0095284,-0.034959,1.1467
-0.010512,-0.03394,1.1224
-0.0091459,-0.031936,1.1024
-0.012209,-0.031041,1.0849
-0.013825,-0.031229,1.0686
-0.010001,-0.029954,1.0617
-0.016619,-0.029769,1.0497
-0.0071979,-0.027044,1.039
-0.024956,-0.026086,1.0327
-0.025191,-0.027326,1.0189
-0.0095086,-0.024221,1.0133
-0.023142,-0.023314,1.0062
-0.021828,-0.020468,1.0101
-0.007802,-0.022746,1.0096
-0.02319,-0.018819,1.0136
-0.010292,-0.023758,1.0091
-0.020056,-0.022718,1.0121
-0.024806,-0.022533,1.0121
-0.013289,-0.020306,1.0016
-0.028424,-0.021442,1.0002
-0.034471,-0.0217,1.0027
-0.013957,-0.022421,1.0042
-0.029375,-0.024024,1.0109
-0.0062969,-0.020906,1.0028
-0.026691,-0.021559,1.0113
-0.030754,-0.022728,1.0218
-0.012454,-0.024259,1.018
-0.034093,-0.024891,1.0332
-0.033854,-0.026557,1.0416
-0.016833,-0.027742,1.0384
-0.040307,-0.026589,1.0552
-0.04,-0.030404,1.0595
-0.02187,-0.022415,1.0467
-0.03994,-0.024055,1.0651
-0.017626,-0.022055,1.0566
-0.041754,-0.026577,1.076
-0.042204,-0.026403,1.0809
-0.019359,-0.02764,1.0816
-0.035216,-0.027116,1.0991
-0.031477,-0.032978,1.1028
-0.021749,-0.029899,1.09
-0.026814,-0.025451,1.1065
-0.017644,-0.027787,1.1046
-0.028628,-0.030742,1.1238
-0.026923,-0.028515,1.1302
-0.013115,-0.029454,1.1183
-0.021291,-0.030423,1.1408
-0.020221,-0.02835,1.1381
-0.010318,-0.027489,1.1322
-0.019331,-0.027318,1.1452
-0.021089,-0.022601,1.138
-0.01937,-0.02445,1.1571
-0.019836,-0.023593,1.1575
-0.015609,-0.020456,1.1543
-0.013883,-0.024809,1.1657
-0.0099923,-0.023675,1.1635
-0.011905,-0.02511,1.1715
-0.0085142,-0.024972,1.1747
-0.0065745,-0.029189,1.1801
-0.0015647,-0.037637,1.1837
-0.0047841,-0.034177,1.1746
-0.0047238,-0.033395,1.1739
-0.0048285,-0.03429,1.1694
-0.0045905,-0.032602,1.1711
-0.0043291,-0.032353,1.1676
-0.0060352,-0.029808,1.1629
-0.00046326,-0.029042,1.161
-0.0054704,-0.030238,1.1543
-0.0094901,-0.029527,1.15
-0.0054801,-0.032321,1.1338
-0.0071067,-0.031722,1.1246
-0.0052586,-0.032879,1.1114
-0.0049642,-0.033783,1.1031
-0.0045964,-0.029668,1.0796
-0.0010725,-0.03323,1.0589
0.0020752,-0.032443,1.0463
-0.0016093,-0.025488,1.0227
0.0072329,-0.030097,1.0123
0.0072487,-0.030033,0.99361
0.011718,-0.02731,0.96745
0.0096333,-0.030148,0.95831
0.013825,-0.027634,0.93547
0.017739,-0.029041,0.91039
0.018424,-0.025384,0.88909
0.019628,-0.023369,0.84999
0.0085252,-0.018089,0.84389
0.0097306,-0.0072931,0.8162
0.011113,-0.0080556,0.81668
0.0067012,-0.020623,0.81054
0.020627,-0.017497,0.7754
0.01674,-0.019735,0.78621
0.04062,-0.019625,0.7452
0.028822,-0.020924,0.75386
0.030004,-0.022152,0.75774
0.061612,-0.018463,0.7144
0.021982,-0.013563,0.754
0.054337,-0.011384,0.71367
0.02243,-0.013351,0.75884
0.023073,-0.01765,0.76005
0.052674,-0.013721,0.72486
0.012532,-0.016004,0.74563
0.066498,-0.010681,0.70998
0.032306,-0.0026831,0.73174
0.024242,-0.0093108,0.72684
0.064845,-0.010136,0.71041
0.035147,-0.0088677,0.73212
0.059258,-0.0022478,0.71723
0.021126,-0.007081,0.73018
0.022227,-0.0071164,0.73266
0.040125,-0.0024151,0.7277
0.028502,-0.0036872,0.73315
0.026881,9.9276e-06,0.73668
0.034982,0.0029836,0.73891
0.030012,0.0013162,0.74309
0.032719,-0.0038328,0.74866
0.025527,-0.0017461,0.74913
0.01882,-0.0046851,0.75138
0.038639,-0.0086003,0.74995
0.018343,-0.016257,0.75266
0.051831,-0.010257,0.74499
0.025155,-0.0019733,0.74941
0.019502,-0.0060489,0.75214
0.071448,-0.0099859,0.75355
0.027782,-0.013693,0.75412
0.076902,-0.014797,0.752
0.021057,-0.010737,0.74415
0.028505,-0.0071161,0.73535
0.078726,-0.0077615,0.74119
0.036332,-0.0016671,0.72207
0.078972,-0.0075744,0.72671
0.038953,-0.0074706,0.69969
0.034955,-0.011215,0.68943
0.058233,-0.018682,0.69449
0.025747,-0.01419,0.68336
0.017955,-0.016713,0.68598
0.028939,-0.02157,0.69675
0.007481,-0.021357,0.69017
0.029462,-0.023185,0.70109
0.01398,-0.014844,0.69337
0.0067853,-0.0142,0.69061
0.034752,-0.014415,0.70912
0.02163,-0.01901,0.69529
0.019808,-0.020596,0.6917
0.039616,-0.018863,0.71257
0.019834,-0.0074103,0.69067
0.047501,-0.013455,0.7274
0.025211,-0.023472,0.70642
0.01514,-0.023309,0.70476
0.038961,-0.023096,0.731
0.023333,-0.015366,0.7106
0.027213,-0.010398,0.72249
0.041769,-0.01226,0.75318
0.027649,-0.015986,0.73628
0.033628,-0.01525,0.7612
0.017652,-0.011921,0.75216
0.02371,-0.007884,0.76198
0.026418,-0.0085519,0.77984
0.018502,-0.011528,0.78306
0.016029,-0.014842,0.79414
0.014948,-0.017376,0.80633
0.0081598,-0.016754,0.81229
0.0089799,-0.025475,0.82721
0.010748,-0.020654,0.83762
0.013096,-0.015249,0.84625
0.012715,-0.020815,0.85756
0.0091893,-0.017878,0.86477
0.0089048,-0.010154,0.86974
0.011341,-0.0069557,0.89058
0.0079056,-0.0099517,0.89866
0.0032756,-0.010906,0.90706
0.0022426,-0.015139,0.9144
0.0029441,-0.014162,0.92246
0.0062135,-0.0048385,0.93515
0.0032503,-0.0042476,0.94465
0.0017972,-0.00096135,0.95711
0.0037174,-0.011164,0.95818
0.0024706,-0.013228,0.97148
0.00081176,-0.017349,0.97975
0.0010914,-0.018226,0.98571
0.0042056,-0.011354,0.99459
0.0012396,-0.018717,1.0022
0.0013126,-0.023077,1.0025
-0.0014935,-0.023506,1.0061
-0.0041846,-0.026481,1.0084
-0.002313,-0.020407,1.0131
-0.0026304,-0.017288,1.0129
0.0038519,-0.017861,1.0143
0.0037394,-0.015558,1.022
0.0057651,-0.021936,1.0227
-0.00044395,-0.02525,1.0171
-0.0034368,-0.0258,1.0174
-0.0068216,-0.02496,1.0194
-0.011057,-0.02381,1.02
-0.0070052,-0.018985,1.0203
-0.0095943,-0.021361,1.0194
-0.010966,-0.023625,1.0156
-0.0098197,-0.024906,1.0185
-0.014492,-0.025197,1.015
-0.019043,-0.028656,1.0203
-0.015534,-0.031198,1.0163
-0.018907,-0.036767,1.0146
-0.013718,-0.032533,1.0205
-0.013742,-0.038773,1.0097
-0.01229,-0.033095,1.0063
-0.010122,-0.032901,1.0081
-0.012183,-0.017503,1.0069
-0.014235,-0.024999,1.006
-0.0084871,-0.026694,1.0103
-0.0084683,-0.02642,1.0072
-0.011383,-0.031779,1.0017
-0.007801,-0.02572,1.0087
-0.016034,-0.027065,1.0022
-0.013798,-0.027689,1.0086
-0.015466,-0.029583,1.0033
-0.012451,-0.026412,0.99987
-0.012798,-0.031357,1.0051
-0.018693,-0.022883,1.0001
-0.0098835,-0.020533,1.0063
-0.012038,-0.012399,1.0056
-0.015918,-0.015749,1.013
-0.0123,-0.022975,0.99559
-0.0099443,-0.027769,0.99984
-0.011631,-0.024232,0.99989
-0.0048035,-0.017557,1.0029
-0.0081632,-0.015332,1.0016
-0.0061651,-0.014723,1.0064
-0.0061578,-0.014355,1.0073
-0.0096571,-0.016891,1.0037
-0.0067304,-0.016619,1.0019
-0.0084348,-0.018451,1.0016
-0.0090215,-0.020183,1.0018
-0.0069725,-0.020093,0.99792
-0.0089785,-0.020314,0.99413
-0.015251,-0.027881,0.99234
-0.0096962,-0.026055,0.98933
-0.0058702,-0.025731,0.9861
-0.0067442,-0.023109,0.98444
-0.012736,-0.026978,0.98156
-0.011988,-0.025171,0.97482
-0.0073508,-0.02483,0.97813
-0.0066797,-0.024771,0.97417
-0.0097495,-0.02684,0.96799
-0.0045281,-0.019468,0.97825
-0.0031146,-0.013759,0.9313
0.0024007,-0.0076351,0.94341
0.0008054,-0.011925,0.9304
0.00024808,-0.008946,0.92033
-0.0015707,-0.014984,0.90398
-0.0021083,-0.016853,0.88358
-0.0064271,-0.021996,0.864
-0.011831,-0.023324,0.83331
-0.0062679,-0.010055,0.80737
-0.0016782,-0.00063052,0.79175
-0.00078438,-0.0015269,0.76305
-0.004188,-0.011154,0.73905
-0.0012924,-0.010107,0.71767
0.0014535,-0.0083714,0.70004
0.014006,0.0014011,0.69471
0.021524,0.0054141,0.69667
0.029426,0.0033867,0.69353
0.027725,-0.005232,0.68299
0.032671,0.0043439,0.67237
0.033431,0.0045919,0.66948
0.039398,0.011537,0.66122
0.035131,-0.00034219,0.65488
0.046259,-0.0021184,0.66401
0.029183,-0.010291,0.63908
0.058149,-0.01054,0.65231
0.034508,-0.01195,0.6249
0.070461,-0.005968,0.65408
0.042903,-0.0073177,0.62164
0.039982,-0.012656,0.61528
0.070687,-0.0052714,0.65374
0.035538,-0.0018942,0.61692
0.070657,0.0022199,0.66227
0.048259,-0.0016295,0.631
0.051675,-0.0034856,0.63838
0.061812,-0.0014034,0.68145
0.048018,0.0031834,0.64427
0.062087,-0.0013876,0.69041
0.052745,0.0036084,0.65716
0.050164,0.0016736,0.6553
0.055227,-0.0037195,0.69967
0.042394,-0.008973,0.66998
0.044724,-0.0075739,0.70524
0.044404,0.0034454,0.69376
0.043025,0.0034706,0.7066
0.043654,-0.0025432,0.7374
0.034845,-0.0072541,0.73554
0.029485,-0.0056325,0.75433
0.020155,-0.010554,0.76893
0.01998,-0.010711,0.77706
0.018253,-0.0033388,0.80586
0.018618,-0.0047332,0.80678
0.01757,-0.0096232,0.82908
0.015207,-0.0095773,0.84274
0.012024,-0.0078936,0.86103
0.0058967,-0.0051495,0.87659
0.00064919,-0.0024261,0.8928
-2.8326e-05,-0.0014426,0.90991
0.0025628,0.0035978,0.92172
0.0049646,0.00021554,0.93621
0.0071041,-0.0010796,0.94118
0.0040021,-0.00072372,0.95849
0.010489,0.0024203,0.97004
0.0052688,-0.0049004,0.97635
0.0050075,-0.0052083,0.9925
0.0023778,-0.014279,0.99804
0.0017372,-0.014529,1.0063
0.0011932,-0.010096,1.0185
-0.0013902,-0.0070566,1.0285
-0.00071163,-0.0097144,1.0325
-0.0041803,-0.0092412,1.0415
-0.0048747,-0.017988,1.0399
-0.0056876,-0.019625,1.0515
-0.0058388,-0.02473,1.048
-0.0065157,-0.021423,1.0531
-0.0086879,-0.024884,1.0549
-0.010038,-0.027743,1.0611
-0.0099381,-0.026758,1.0595
-0.0098452,-0.024239,1.0596
-0.0055049,-0.022302,1.0668
-0.0045349,-0.021136,1.0695
-0.0069027,-0.016272,1.0685
-0.008141,-0.019527,1.0634
-0.0076088,-0.021713,1.0725
-0.0166,-0.030135,1.0584
-0.015846,-0.02316,1.0677
-0.015576,-0.019984,1.0726
-0.01871,-0.025075,1.0675
-0.01806,-0.029225,1.0711
-0.021974,-0.036086,1.0671
-0.018542,-0.033219,1.0632
-0.01311,-0.028429,1.0745
-0.014921,-0.032172,1.0739
-0.014012,-0.034813,1.0781
-0.010291,-0.026835,1.0864
-0.010298,-0.027624,1.0854
-0.0052189,-0.021008,1.0953
-0.0038944,-0.015989,1.0977
-0.0038689,-0.021166,1.1083
-0.0040329,-0.02245,1.1111
-0.0046742,-0.019691,1.1151
-0.0086053,-0.024243,1.1183
-0.0076928,-0.028948,1.1207
-0.0033847,-0.018026,1.1243
-0.0031588,-0.019256,1.1315
-0.0023023,-0.019637,1.1361
0.0013721,-0.017824,1.1415
0.0020142,-0.017044,1.1462
0.0058386,-0.021016,1.1595
0.0066121,-0.019569,1.1566
0.0070167,-0.011645,1.1635
0.0037709,-0.015017,1.1682
0.0042954,-0.017045,1.1786
0.0054279,-0.015103,1.1862
0.013044,-0.010739,1.1941
0.01971,-0.0084461,1.2013
0.019949,-0.0065572,1.2
0.021071,-0.0062688,1.2111
0.015424,-0.01606,1.2168
0.0095908,-0.018096,1.2263
0.00555,-0.014777,1.2277
0.0025033,-0.013882,1.235
0.0023256,-0.013598,1.2457
0.0017224,-0.0075923,1.2558
0.0044792,-0.013286,1.256
0.0044499,-0.011955,1.258
0.0036034,-0.013641,1.2616
0.0055014,-0.01477,1.2693
0.0096566,-0.018098,1.2732
0.014909,-0.011693,1.2806
0.016844,-0.014155,1.2861
0.014597,-0.018072,1.2827
0.0032437,-0.02199,1.2886
0.0060767,-0.017065,1.2985
0.00059418,-0.016003,1.3055
0.0075908,-0.016123,1.3036
0.010194,-0.022023,1.3049
0.0080528,-0.027231,1.2944
0.0063375,-0.021269,1.2998
-0.0095631,-0.028831,1.3032
-0.0048075,-0.02129,1.3102
-0.0078011,-0.0080446,1.3202
0.00061951,-0.013992,1.3224
0.00076479,-0.015668,1.3286
0.0086515,-0.023243,1.3308
0.0016829,-0.0284,1.3282
0.0014471,-0.024627,1.3323
-0.0028376,-0.015646,1.3456
-0.0032524,-0.01603,1.3493
0.0026569,-0.015052,1.3566
0.006421,-0.01083,1.3614
0.0084823,-0.012059,1.3654
0.0087223,-0.013626,1.3632
0.003023,-0.016009,1.3667
-0.0025321,-0.021749,1.3686
-0.0031427,-0.025941,1.3661
-0.0039303,-0.023332,1.375
-0.0022246,-0.02503,1.3743
-0.0053242,-0.033014,1.3799
-0.0037327,-0.035411,1.3793
-0.0053237,-0.035643,1.3813
-0.0036445,-0.028348,1.397
0.0029581,-0.031991,1.3957
0.0069351,-0.035249,1.402
0.0076214,-0.030372,1.4074
0.010102,-0.024131,1.4183
0.0082505,-0.021531,1.4242
0.015307,-0.010861,1.4355
0.011345,-0.016312,1.434
0.0174,-0.0032048,1.4389
0.017848,-0.0049847,1.4451
0.021762,-0.0081424,1.4458
0.018803,-0.012512,1.4443
0.01605,-0.0077937,1.4541
0.014891,-0.0026754,1.4579
0.010561,-0.01114,1.4624
0.014331,-0.008233,1.4736
0.018423,-0.014867,1.4699
0.020131,-0.013548,1.4798
0.011593,-0.016813,1.4648
0.0098103,-0.012234,1.476
0.0082145,-0.016469,1.4737
0.011487,-0.017721,1.4779
0.011392,-0.026794,1.4783
0.013373,-0.028301,1.4707
0.014067,-0.02568,1.4781
0.010806,-0.027151,1.4726
0.010492,-0.027623,1.4789
0.0095809,-0.027504,1.4775
0.011284,-0.028487,1.4729
0.0082269,-0.033386,1.4827
0.0035666,-0.043795,1.4729
0.0048736,-0.039208,1.4663
0.0043612,-0.040651,1.4693
0.0042308,-0.038189,1.4664
0.0073657,-0.036605,1.4709
0.0054745,-0.032599,1.4694
0.0025667,-0.03518,1.4614
0.0012852,-0.037245,1.4636
-0.0015084,-0.028025,1.4654
-0.002074,-0.030271,1.4674
0.0030541,-0.022076,1.4693
0.00016666,-0.022203,1.4663
0.0023388,-0.02484,1.4676
-0.00073883,-0.023948,1.4645
-0.00073815,-0.030899,1.4607
0.000785,-0.026788,1.4558
-2.8483e-05,-0.030343,1.4609
0.0011649,-0.031808,1.456
0.00052767,-0.0257,1.4551
-0.0045055,-0.024331,1.4555
-0.00095452,-0.034468,1.4579
0.0012119,-0.033245,1.4576
0.0022105,-0.034909,1.4556
0.0062714,-0.033467,1.4615
0.00015071,-0.037294,1.4472
0.0057162,-0.029362,1.4489
0.010517,-0.024999,1.4563
0.011606,-0.02539,1.4571
0.013175,-0.025883,1.4565
0.010097,-0.034936,1.4401
0.009691,-0.035514,1.4414
0.0044512,-0.03769,1.4414
0.0017408,-0.036026,1.4462
-0.0086303,-0.03574,1.4428
-0.0072261,-0.036029,1.4462
-0.013118,-0.042923,1.4408
-0.0063014,-0.038417,1.4435
-0.010414,-0.045017,1.4358
-0.0066144,-0.040354,1.4431
0.00072028,-0.03188,1.4466
0.00026264,-0.02933,1.4492
-0.0041132,-0.030435,1.4481
-0.012223,-0.035567,1.4481
-0.011956,-0.028892,1.4551
-0.0095809,-0.025162,1.4522
-0.0053714,-0.027259,1.4541
-0.004928,-0.03008,1.4535
-0.0012651,-0.029141,1.4554
-0.0041118,-0.031914,1.4528
-0.0010356,-0.029753,1.451
-0.0043264,-0.028597,1.454
-0.0040605,-0.028208,1.4485
-0.0013939,-0.025667,1.4589
-0.0052125,-0.028362,1.4492
-0.0050445,-0.031884,1.4475
-0.010765,-0.036952,1.443
-0.0069022,-0.033347,1.4488
-0.010792,-0.035417,1.4464
-0.0067272,-0.035381,1.4488
-0.0029552,-0.027449,1.4588
-0.0016675,-0.027156,1.4554
0.00049386,-0.0312,1.4603
-0.0031313,-0.036253,1.4474
-0.0066484,-0.052988,1.4411
-0.0085798,-0.051838,1.4393
-0.0086297,-0.047581,1.4426
-0.0078184,-0.059546,1.439
-0.0059229,-0.054066,1.4353
-0.0078579,-0.056989,1.4295
-0.0061408,-0.041971,1.4325
-0.0093709,-0.04579,1.4261
-0.0088102,-0.036203,1.4342
-0.00466,-0.026017,1.429
-0.0014253,-0.024602,1.4255
-0.00049357,-0.017203,1.4285
0.0024775,-0.017244,1.4295
0.0042044,-0.016288,1.4292
0.0034721,-0.020891,1.4241
0.0041195,-0.017099,1.4291
-0.00055421,-0.014061,1.4351
-0.0014334,-0.015526,1.43
-0.00038514,-0.0086611,1.433
0.0002268,-0.014935,1.4282
0.0015165,-0.017217,1.4246
-0.0026546,-0.022647,1.4195
-0.00083147,-0.024533,1.4178
0.0028912,-0.024033,1.4167
-0.0078177,-0.027278,1.4229
-0.0024726,-0.022408,1.4191
-0.0063183,-0.025851,1.4181
-0.011442,-0.030242,1.4247
-0.0005218,-0.021682,1.4277
-0.00074013,-0.022941,1.4324
-0.0014129,-0.025223,1.433
-0.0042876,-0.037344,1.4309
-0.0030894,-0.034897,1.4283
0.00052949,-0.035741,1.4332
-0.00022939,-0.036889,1.4382
0.0094557,-0.039465,1.4332
0.0072949,-0.034623,1.4325
0.0034088,-0.03473,1.4365
-0.00037097,-0.040892,1.4276
-0.0032913,-0.037776,1.4365
-0.00078833,-0.038081,1.4374
-0.0073622,-0.03549,1.4385
-0.0096008,-0.034249,1.4462
-0.010708,-0.029404,1.4451
-0.010665,-0.036089,1.4443
-0.011739,-0.038054,1.4505
-0.0078595,-0.028448,1.4564
-0.013338,-0.025146,1.4603
-0.0048453,-0.020709,1.4568
-0.0013057,-0.018279,1.4616
-0.00075005,-0.022488,1.4574
0.0071504,-0.028105,1.4654
0.0026138,-0.028017,1.4665
0.003977,-0.030462,1.4623
0.0036677,-0.026412,1.4588
0.0066143,-0.02633,1.4615
0.00091709,-0.025761,1.4685
0.0022289,-0.026478,1.4681
0.00025149,-0.027003,1.4726
-0.00074386,-0.028741,1.4718
0.00019619,-0.028611,1.4679
-0.0037024,-0.030402,1.4743
-0.0033924,-0.030498,1.4736
-0.0029094,-0.030328,1.4773
-0.0037361,-0.031663,1.4784
-0.0070229,-0.031595,1.4761
-0.0084254,-0.034867,1.4816
-0.0068811,-0.033956,1.49
-0.0032246,-0.031768,1.4926
8.9941e-05,-0.027913,1.4974
0.00028588,-0.020752,1.5065
-0.0035296,-0.033463,1.4981
-0.0060063,-0.03046,1.4935
-0.013176,-0.039275,1.4949
-0.017291,-0.03979,1.5039
-0.017786,-0.04094,1.5148
-0.00086282,-0.02842,1.5066
-0.0013322,-0.032157,1.4893
-0.0033551,-0.026206,1.4827
-0.010463,-0.02894,1.4927
-0.011704,-0.029184,1.5009
-0.0062099,-0.029825,1.4945
-0.0015893,-0.026863,1.494
-0.0022601,-0.029281,1.4902
0.0014822,-0.029234,1.5008
0.002659,-0.024804,1.5079
0.0019413,-0.018245,1.5087
-0.0016452,-0.022763,1.5003
-0.0040446,-0.02543,1.4982
-0.0091936,-0.035879,1.4888
-0.0069741,-0.025813,1.4901
-0.007928,-0.02273,1.4913
-0.0046994,-0.019297,1.4943
-0.0030026,-0.017702,1.4928
0.00030301,-0.014359,1.4864
0.0040675,-0.0085665,1.4937
-0.00061835,-0.015958,1.4864
-0.0011652,-0.016621,1.4866
-0.0028041,-0.019923,1.4872
-0.00055516,-0.019396,1.4863
-0.0048323,-0.023435,1.4861
0.0018665,-0.021008,1.4872
-0.0092665,-0.025987,1.4845
-0.0052794,-0.022312,1.4795
-0.012921,-0.022763,1.4831
-0.010687,-0.023505,1.4884
-0.0043327,-0.025833,1.4846
-0.0035412,-0.027784,1.4807
0.014647,-0.013032,1.4968
-0.0044958,-0.024192,1.4928
0.00085053,-0.019423,1.4996
-0.0013308,-0.021638,1.4901
0.014169,-0.011588,1.5081
0.0093732,-0.020032,1.4947
0.013622,-0.017637,1.5069
0.0032006,-0.023644,1.4948
0.0067198,-0.022345,1.4956
-0.0021108,-0.023305,1.4899
0.00035544,-0.026093,1.4862
-0.0021797,-0.024215,1.4865
-0.0037031,-0.015804,1.4956
-0.0049162,-0.0095008,1.4989
-0.0028236,-0.015985,1.4907
-0.0017992,-0.01468,1.4908
-0.0067641,-0.02156,1.4834
-0.011098,-0.022759,1.4791
-0.0084992,-0.025336,1.4765
-0.010034,-0.025506,1.478
-0.011551,-0.027369,1.4658
-0.015064,-0.025834,1.465
-0.019862,-0.027878,1.4641
-0.022465,-0.032265,1.4695
-0.023804,-0.022359,1.4842
-0.0075234,-0.011428,1.469
-0.0058007,-0.011595,1.4595
-0.0010369,-0.020339,1.4343
0.0069907,-0.01783,1.4231
0.0075043,-0.023434,1.4148
0.0081273,-0.023888,1.4032
0.0016816,-0.029601,1.3827
-0.011262,-0.036305,1.3614
-0.016246,-0.041809,1.3479
-0.016446,-0.038457,1.3318
-0.014296,-0.027068,1.316
-0.0039839,-0.028991,1.2905
-0.0070925,-0.02829,1.2761
-0.013311,-0.024129,1.2698
-0.034158,-0.021981,1.2298
-0.03108,-0.024427,1.2123
-0.028045,-0.023156,1.204
-0.019025,-0.030021,1.1808
-0.01318,-0.039646,1.1459
-0.023321,-0.035352,1.1034
-0.030952,-0.031061,1.0774
-0.037986,-0.045264,1.0505
-0.030074,-0.044699,1.0224
-0.02903,-0.049027,0.98059
-0.025202,-0.050372,0.94525
-0.018177,-0.033419,0.90789
-0.014601,-0.02106,0.88349
-0.0076886,-0.018075,0.84649
-0.0023075,-0.017965,0.81629
-0.0013522,-0.01686,0.78931
-0.00013391,-0.015164,0.76053
0.015216,-0.0029432,0.73432
0.023931,-0.0079826,0.70735
0.024239,-0.011137,0.67591
0.025262,-0.017112,0.6478
0.027899,-0.016151,0.62024
0.041599,-0.010476,0.60086
0.042016,-0.0058685,0.59727
0.048213,-0.0096971,0.586
0.045184,-0.018834,0.58026
0.050883,-0.019353,0.56778
0.054135,-0.013954,0.56278
0.062187,-0.025988,0.54368
0.066783,-0.022604,0.53789
0.056179,-0.011302,0.53152
0.05052,-0.0078721,0.52345
0.055906,-0.022277,0.50339
0.047978,-0.0050736,0.50574
0.05728,-0.0016093,0.50564
0.051784,-0.010326,0.5014
0.048354,0.004406,0.50617
0.041584,-0.00026681,0.50368
0.039865,0.0064749,0.5056
0.049748,0.0099826,0.51767
0.047104,0.0064922,0.51801
0.04653,0.011107,0.5288
0.043817,0.0049772,0.53582
0.044895,0.010916,0.54278
0.036418,0.013114,0.55209
0.031434,0.02589,0.55764
0.034371,0.022371,0.56336
0.039816,0.016358,0.57632
0.0412,0.011692,0.58206
0.039156,0.0099072,0.5921
0.038463,0.011183,0.60743
0.035695,0.010008,0.61251
0.035196,0.011908,0.62718
0.031279,0.005645,0.63327
0.036151,-5.7196e-05,0.65351
0.032391,-0.0044442,0.65959
0.032639,-0.015277,0.67198
0.021245,-0.0085562,0.68044
0.02048,-0.021584,0.69425
0.028689,-0.022531,0.70551
0.023881,-0.019763,0.71701
0.019239,-0.01521,0.72868
0.012145,-0.013755,0.73488
0.013656,-0.012654,0.74871
0.0083866,-0.012282,0.75703
0.0071267,-0.026214,0.76789
-0.00072897,-0.017054,0.77134
0.0065086,-0.01584,0.78338
0.0133,-0.010877,0.79368
0.015867,-0.020932,0.80424
0.0058568,-0.018191,0.81433
0.0072471,-0.014464,0.82264
0.012464,-0.014308,0.83102
0.010039,-0.012222,0.84496
0.010942,-0.014009,0.85384
0.0087648,-0.011264,0.8588
0.014922,-0.027894,0.86412
0.012768,-0.027867,0.85775
0.020553,-0.036229,0.85076
0.015009,-0.026701,0.84154
0.014008,-0.028597,0.83803
0.011163,-0.025455,0.82858
0.010868,-0.028843,0.82109
0.0048053,-0.019422,0.81072
0.0067183,-0.017145,0.79987
0.00062438,-0.009697,0.79037
-0.013308,-0.0047623,0.77854
-0.026993,0.0064465,0.76913
-0.016015,-0.00011513,0.7656
-0.014303,-0.005044,0.76272
-0.013892,-0.012442,0.75247
-0.018613,-0.01933,0.73779
-0.021649,-0.0073214,0.72721
-0.023523,-0.0021371,0.72492
-0.011767,-0.0061654,0.72227
-0.0095604,-0.015778,0.71406
-0.016391,-0.017265,0.70945
-0.021925,-0.00095504,0.69982
-0.029518,0.011478,0.69919
-0.025133,0.0041488,0.70576
-0.028379,0.0008945,0.7123
-0.020751,-0.0040275,0.7177
-0.030463,-0.0090169,0.72144
-0.026997,-0.0054836,0.71944
-0.030496,0.0023348,0.72077
-0.021796,-0.0014124,0.71967
-0.016012,-0.0076663,0.72295
-0.011656,-0.0039391,0.7317
