-0.001128,0.011696,0.0030859
-0.00029879,0.0068738,0.002071
0.0013124,0.0020971,0.0028689
0.0018222,-0.001694,0.0014894
0.0011436,-0.0064674,0.0024138
0.0020631,-0.012064,0.0022059
-2.505e-05,-0.016065,-0.00062434
-0.00045547,-0.019098,-0.0045677
0.0010631,-0.019519,-0.0037031
0.00049871,-0.020053,-0.00072237
-0.00066574,-0.02095,0.0015035
-0.00097515,-0.020079,0.0014902
-0.00061286,-0.018216,-0.0010008
-0.0011753,-0.01589,-0.0013769
0.00011911,-0.01395,-0.0010029
0.00057778,-0.012436,0.0010426
0.0021958,-0.010221,0.0032052
0.0020607,-0.0080692,-0.00065707
0.0016026,-0.0075018,-0.0012798
0.0026433,-0.008358,9.1993e-05
0.0014886,-0.0079778,0.0033929
0.0016075,-0.008044,0.0062448
0.0010127,-0.00895,0.00066711
0.0047125,-0.0088563,-0.0053144
0.0034934,-0.0090293,-0.0039995
0.0014496,-0.0086474,0.0017583
0.0022858,-0.0089422,0.0026855
0.0024264,-0.008253,-0.0011144
0.0032782,-0.0082595,-0.0021075
0.004974,-0.0081706,-0.0005097
0.0073409,-0.0061647,-0.00064485
0.0081937,-0.0044447,-0.0020148
0.0084781,-0.0042605,-0.0025824
0.0090169,-0.0044496,-0.0035289
0.0071125,-0.0044617,-0.0026661
0.0063902,-0.0054589,-0.0045168
0.0060348,-0.0051801,-0.0030349
0.0053161,-0.005334,-0.0041631
0.0034303,-0.0053626,-0.0039666
0.0013224,-0.0053426,-0.0020978
-0.00055609,-0.0065272,6.3068e-05
-0.0014419,-0.0067037,7.7749e-05
-0.0018026,-0.0072946,0.00069057
-0.0024598,-0.0088358,0.00032885
-0.0055321,-0.0091047,0.00018235
-0.0052819,-0.0091623,-0.0016838
-0.0036948,-0.0094832,-0.0025425
-0.0014825,-0.0096772,-0.00071159
-0.00041968,-0.0099818,0.00045941
-0.0006629,-0.0094677,0.00026455
-0.0015609,-0.0094399,-0.00075192
-0.0018647,-0.0087745,0.0020465
-0.0035969,-0.0089697,0.0012587
-0.0053645,-0.0084183,0.00011867
-0.0041258,-0.0084744,0.001829
-0.0017366,-0.008273,0.0016607
-0.00061692,-0.0070075,0.0015528
-0.0015822,-0.0067781,0.00013027
-0.0014976,-0.0061857,0.0019033
-1.3086e-05,-0.0055233,0.0014802
0.00072282,-0.0043804,0.00072829
0.00064484,-0.0028637,-0.0005388
-0.00113,-0.00090112,0.00040409
-0.0015489,-0.00023264,0.00036166
-0.00058882,-0.00045423,0.001601
0.00047777,-0.0013001,0.0018616
0.00074068,-0.0021709,0.002571
-0.0016053,-0.0031686,0.0015838
-0.0041834,-0.0041439,0.0012499
-0.0039574,-0.0055513,0.0027612
-0.0022768,-0.0076096,0.001131
0.0025335,-0.010067,0.0025355
0.003617,-0.011514,0.0024807
-7.7842e-05,-0.011469,0.00065881
-0.0050114,-0.010708,-0.00081807
-0.005213,-0.0094472,-0.002893
0.0012534,-0.0075323,-0.0010772
0.0053102,-0.0063181,-0.00016172
0.0072803,-0.0051151,-0.0025225
0.00044363,-0.005855,0.00032404
-0.0024668,-0.0059536,0.00083373
-0.0060196,-0.0055252,0.00019744
-0.0029574,-0.0052394,2.7259e-05
0.00053001,-0.0052448,-0.00083581
0.0018529,-0.0059067,9.7211e-05
0.0026106,-0.0066875,0.0012607
0.00077161,-0.0072045,0.0011652
-0.0010028,-0.007318,0.00054924
-0.00066662,-0.007986,-6.7187e-05
0.0013278,-0.0085735,0.00059383
0.001243,-0.0086968,0.0010249
0.00084165,-0.0088287,0.00062394
0.0011352,-0.0088242,0.00084862
0.0016689,-0.0094495,0.0012286
-0.00031588,-0.0094146,0.0011963
-0.0010412,-0.0093829,0.0013701
-0.00091063,-0.0095735,0.00078502
0.00092665,-0.0094166,0.0017882
0.0018409,-0.0095189,0.00051806
0.00017795,-0.0087805,-0.001066
-0.0010204,-0.0078357,-0.0001917
7.7853e-05,-0.0071219,-0.00086131
0.0011141,-0.0069196,0.00038005
0.0027179,-0.007315,-0.00035645
0.0028209,-0.0070543,0.00067185
0.0012169,-0.0070255,-7.2284e-05
-0.0015741,-0.0068083,0.00044403
-0.0010318,-0.0069961,0.000764
0.00036973,-0.0068659,0.0013759
0.00024907,-0.0065381,0.0011084
0.00019887,-0.0059734,0.0014008
-0.00021587,-0.0051232,0.0011435
0.00037441,-0.0051632,0.0027937
0.0031165,-0.0055206,0.0036531
0.0023992,-0.0064012,0.0046416
0.00034487,-0.0081596,0.0056533
9.3968e-05,-0.010635,0.0051383
-0.0011087,-0.011543,0.0039766
-0.0029818,-0.011283,0.00094281
-0.0007017,-0.011468,0.00018196
0.0026133,-0.012001,-0.00023961
0.0012304,-0.012366,0.0013317
0.0014283,-0.012149,0.00087983
-0.0012005,-0.012302,0.003217
-0.0014549,-0.012585,0.0021228
-0.00035274,-0.012465,0.00089565
0.0013036,-0.012309,0.00021637
0.0013763,-0.012042,-0.00069396
0.0011828,-0.011728,-0.00069728
8.5104e-05,-0.011377,-0.00024554
-0.0020128,-0.010263,-0.00040786
-0.0028497,-0.0092808,0.00080425
-2.2815e-05,-0.0087001,0.0007151
0.0024235,-0.0085968,0.0023411
0.0021221,-0.007876,0.0031039
0.0024356,-0.0069217,0.0014216
0.0028485,-0.0060931,0.0021595
-0.00036542,-0.0052306,0.0029801
-0.0036723,-0.0046658,0.001598
-0.0039947,-0.0041584,0.0035487
-0.0016301,-0.0036225,0.0018782
-0.00045197,-0.0031376,0.0018061
-0.0020444,-0.0027854,0.0019785
-0.001869,-0.0025171,0.0015655
-0.0001116,-0.0023221,0.0027576
-0.00072321,-0.0027713,0.0022162
-0.0023953,-0.0026839,0.0033713
-0.0016161,-0.0022778,0.0019022
-0.00027135,-0.0019774,0.0023706
0.00095918,-0.0014354,0.0013544
0.0012361,-0.00069889,0.00016073
0.0010589,0.00028374,-0.0010487
0.00082005,0.0021193,-0.0022823
0.0011694,0.0045212,-0.0025699
0.001211,0.0055446,-0.001943
0.00062917,0.0063484,-0.00098872
-0.00057231,0.0076215,-0.0014051
-0.00080182,0.0089707,-0.0020267
6.8708e-05,0.0098569,-0.00084796
6.6087e-05,0.010618,-0.0011693
0.0013103,0.011006,-0.0015948
0.0031411,0.011815,-0.0023146
0.0021428,0.012899,-0.0024716
-0.00011291,0.01395,-0.0027706
-0.0018828,0.014832,-0.0023917
-0.0017689,0.014656,-0.001596
-0.00031099,0.014095,-0.00028152
0.00093037,0.013788,-0.00042786
0.0011439,0.013476,-0.00026026
0.00090116,0.013571,0.0011207
0.0003968,0.013287,0.00037373
-0.0017469,0.013378,-0.001771
-0.0032399,0.012612,-0.00031414
-0.00076296,0.012638,-0.0019011
0.001149,0.012963,-0.0024905
0.0015797,0.01234,-0.0022119
0.00024599,0.012154,-0.00076158
-0.0020681,0.012206,-0.00067377
-0.002015,0.011749,-0.00072137
-0.0009572,0.011225,0.00016213
0.00061606,0.010608,-0.0014825
-0.00043097,0.010389,-0.0011135
-0.002048,0.010219,-0.0010072
-0.0028436,0.010987,-0.0013998
-0.0012434,0.010598,-0.0018434
0.00030974,0.011325,-0.00056157
-0.00095703,0.01176,-0.0030035
-0.0030065,0.01331,-0.0015068
-0.0031453,0.014063,-0.0021097
-0.00037924,0.015696,-0.0019842
0.00092646,0.015249,-0.001834
0.0014795,0.015504,-0.00047588
0.00099142,0.015981,-6.2876e-05
-0.0021799,0.016646,-0.0013525
-0.0026785,0.017069,-0.00073933
-0.002172,0.016665,5.8561e-05
-0.0026439,0.016078,0.00049524
-0.0017744,0.014834,0.0001802
-0.0014802,0.013354,0.0013357
-0.00024125,0.012626,0.00043967
-4.5349e-05,0.013109,-0.001065
-0.00065442,0.012844,-0.0014523
-0.00050479,0.0126,-0.0012212
0.00025816,0.012098,0.00059831
0.00096282,0.01077,0.0011071
0.00078992,0.0093741,0.00051824
-0.00046807,0.0074595,-0.0006078
-0.0032519,0.0069998,-0.00012602
-0.004467,0.0069853,-0.0022416
-0.0029332,0.0074058,-0.0019984
-0.0017488,0.0073688,-0.0016551
-0.0023058,0.0075754,-0.0012371
-0.0027537,0.007736,-0.0002337
-0.0022215,0.0081208,0.0010315
-0.00087886,0.0086134,0.00071117
0.00010026,0.0090753,0.00057831
0.00057568,0.0097257,0.0026825
0.0011723,0.010481,0.0011707
0.0021775,0.012045,0.0004423
0.0014009,0.013885,-0.0016877
-0.0013107,0.01747,-0.0035217
-0.0032723,0.019776,-0.0032305
-0.0015596,0.021296,-0.0026286
-0.0012447,0.022314,-0.0014957
-0.0014358,0.022558,-0.00088263
-0.0024207,0.022644,0.00016825
-0.0038965,0.022893,-0.0013773
-0.0042523,0.022958,-0.00085901
-0.0039506,0.023257,-0.0013013
-0.00040551,0.02278,-0.0016695
0.0019655,0.02252,0.00061501
0.00095922,0.021405,8.1923e-05
-0.0020951,0.020735,0.0015822
-0.0024658,0.020381,-0.00038986
-0.0013266,0.020477,-0.00024824
-0.0010395,0.020797,-0.0010789
-0.0012787,0.020884,-0.00042605
0.00062524,0.020736,-0.0020778
0.00050452,0.020402,-0.0012872
0.0021096,0.019886,0.00016638
0.0019089,0.01942,-0.0020215
0.0012408,0.019573,5.2749e-05
0.0026003,0.019418,6.2472e-05
0.0047829,0.019153,-0.00053348
0.005843,0.018576,-0.00057743
0.0050116,0.01818,-0.001293
0.0032523,0.018168,-0.0016054
0.0027512,0.01833,-0.0018724
-0.00083143,0.018043,0.00019523
-0.00057064,0.017882,0.00069581
0.0046401,0.017612,0.0017447
0.0043871,0.017175,0.0004603
-0.00043392,0.017377,-0.002589
-0.0003134,0.018144,-0.0023677
0.0026953,0.018644,-0.0030768
0.0029093,0.01837,8.2842e-05
0.0020938,0.01819,-0.00036378
0.0034521,0.018716,0.00083731
0.0058639,0.02014,-0.00027897
0.0030892,0.023051,-0.0022513
0.0001427,0.025652,-0.0033671
0.0016036,0.027792,-0.0046964
0.0019205,0.028177,-0.0033851
0.0023533,0.028017,-0.0030646
0.00093243,0.027747,-0.0010631
0.0006789,0.027568,-0.0012136
0.0037291,0.027563,0.00028384
0.0043447,0.026781,0.00037083
0.0027005,0.025761,-0.00027698
0.0019191,0.02504,-0.0003985
0.00091183,0.023799,0.00035827
0.00092279,0.022591,-1.178e-05
0.0020494,0.021535,0.00088681
0.0027029,0.020961,0.00072437
0.003644,0.020474,0.0010554
0.0025385,0.02049,-0.00051448
0.00036778,0.020436,-0.00068779
-0.00049915,0.021186,-0.0022736
-0.002072,0.02186,-0.0040639
-0.0022572,0.02208,-0.004601
-0.0018168,0.021654,-0.0047284
0.0018785,0.021407,-0.0023721
0.0018299,0.021429,-0.0038755
-0.0015165,0.022414,-0.0026766
-0.0027466,0.023856,-0.0025861
-0.0035831,0.02433,-0.0025456
-0.0025925,0.024077,-0.0021939
-0.0021555,0.024006,-0.0012801
-0.00088826,0.023523,-0.0010306
-0.00069666,0.022901,0.00057538
0.00076603,0.022846,0.00057569
0.00024948,0.022484,0.0020276
-0.0019562,0.022319,0.00046376
-0.0012526,0.0219,-0.0010485
0.0043753,0.02093,-0.0014779
0.0089453,0.020075,-0.0027101
0.0076788,0.019699,-0.0037156
0.0023582,0.020097,-0.0047785
-9.4402e-06,0.020299,-0.0048364
-0.00086548,0.019993,-0.005635
-0.00081066,0.019542,-0.0039971
-0.001255,0.019276,-0.0018441
-0.00082989,0.018961,-0.0018385
0.00063472,0.01861,-0.00053802
0.0023449,0.019053,-0.0052798
0.0014848,0.01916,-0.0026628
-0.002759,0.017152,-0.0020885
-0.0043512,0.015521,0.00078891
-0.0040241,0.014356,-0.00068026
-0.0033459,0.012629,0.0007543
-0.00025575,0.010687,-0.00027189
0.0029301,0.0086364,-0.00080681
0.0014503,0.0066383,-0.0017993
0.0033322,0.0059053,-0.001326
0.0086112,0.0053443,0.00011447
0.0044854,0.0046176,-0.0016067
-0.0084784,0.0037216,-0.00037252
-0.011001,0.0026178,0.00080051
-0.0033919,0.0013882,0.0010353
0.0016473,2.4815e-05,-0.00065171
0.0034933,-0.00046,0.00055153
0.0023176,-0.0017341,-0.0018316
0.00062978,-0.0021974,-0.0022457
0.0016176,-0.0033168,-0.00045716
0.00079955,-0.0037751,-0.0022204
0.0024572,-0.0048575,-0.00086702
-0.00064153,-0.0061972,-0.00092305
-0.0029055,-0.0065957,0.0015919
7.1337e-05,-0.0072397,0.0029055
0.00099018,-0.0072517,0.0018003
-0.00017129,-0.0070132,0.00049251
-0.001337,-0.0068419,-0.00063314
-0.0014413,-0.0067916,-0.00027324
-0.0026583,-0.0067967,0.0004676
0.0013298,-0.006973,0.00091872
0.0018369,-0.0069065,0.00065327
0.0021195,-0.0068088,0.0009932
0.0010194,-0.0067996,-0.0014179
0.001413,-0.0066928,-0.001144
-0.00057593,-0.0070235,-0.00012908
-0.002174,-0.0064738,-0.00026706
-0.0020162,-0.0064536,-9.257e-05
-0.0003651,-0.006665,0.0010583
0.00096635,-0.0069394,0.00045968
0.0010039,-0.0070868,0.0026866
0.0021407,-0.0087732,0.0024451
0.002577,-0.0095162,0.00099825
0.0011719,-0.0097666,0.00077899
-0.0008864,-0.0082494,-0.0013202
-0.0018125,-0.0056605,-0.0010841
-0.00062364,-0.0041761,-0.0022171
0.0025874,-0.0027971,-0.00024069
0.0013656,-0.0028757,0.00072548
0.00034317,-0.0029909,0.0011002
-0.00073221,-0.0030477,0.0020449
0.0014261,-0.0035771,0.0011943
0.00056635,-0.0035441,0.00052063
-0.0012945,-0.0037758,0.00061415
-0.0037935,-0.0034891,0.0027375
-0.0013593,-0.0042417,0.00094718
0.0023634,-0.0054089,0.0015534
0.0018834,-0.0065654,0.0022056
-2.0651e-05,-0.0062859,0.00091666
-0.0010743,-0.0072963,0.0013723
-0.00067327,-0.0086633,0.0017479
0.00052722,-0.0095071,0.0031416
0.0023884,-0.010984,0.0040079
-0.00036696,-0.011506,0.0024314
-0.0025097,-0.01155,0.00010846
-0.0010551,-0.011196,0.00086214
0.0014244,-0.011614,-0.0016664
0.0021956,-0.01105,-0.00017581
0.000953,-0.011316,-0.00108
-0.001111,-0.010799,-0.0013631
-0.0011447,-0.0095441,-0.00069052
-0.0015136,-0.0085254,0.00031517
-0.00083097,-0.0084303,0.00042095
-0.0016319,-0.0085516,-0.00049945
-1.8153e-05,-0.0085722,-0.00077639
0.0014371,-0.0085353,0.00020463
0.0019189,-0.0088129,4.1804e-05
-0.00083837,-0.0088082,-0.00024558
-0.001435,-0.0093145,0.0015171
-0.0010342,-0.0096707,0.00018492
-0.0038145,-0.0092524,0.0013847
-0.0031035,-0.0095874,5.2324e-05
-0.00045782,-0.0098181,-0.0016031
0.0011526,-0.0093974,-0.0002172
-0.0025741,-0.0092785,-0.00067047
-0.0010675,-0.0094064,-0.00070903
0.00046711,-0.0095564,0.00027846
0.00031796,-0.0095141,0.0006631
0.00077328,-0.0096532,0.00066449
-0.00061309,-0.0093972,0.00012229
-0.0016409,-0.0090498,0.00077739
-0.0027426,-0.0074684,-4.0836e-05
-0.0022526,-0.0060992,0.00039414
-0.0027799,-0.0046307,-0.0012716
-0.0038007,-0.003897,-0.00044301
-0.0024525,-0.0028853,0.00032201
-0.0021277,-0.0022461,0.00026918
0.0007317,-0.001887,-0.00062946
0.0023716,-0.0018479,0.00016316
0.0015516,-0.0020477,0.001326
-0.0015985,-0.0020167,-2.1801e-05
-0.0022524,-0.0015998,0.0031587
-0.0021422,-0.0016146,0.0016669
-0.0036414,-0.0012698,0.00010459
-0.003613,-0.0014661,-2.2607e-05
-0.0011072,-0.00055083,0.00048499
0.00067119,-0.00092893,-0.00016193
-0.0010425,-0.00062027,-0.0013069
-0.0023162,-0.00049523,1.0051e-05
-0.0022639,-0.00071223,0.00076021
-0.0031063,-0.00066522,-7.503e-05
-0.0016537,-0.0010568,0.00070217
-0.0010055,-0.0013466,7.8639e-05
-0.0019222,-0.0013688,0.00072696
-0.0028775,-0.0018164,0.00020619
-0.0015942,-0.0023504,0.00076894
-0.00066023,-0.0029511,-8.45e-05
-0.001708,-0.0029621,0.00033269
-0.0027796,-0.0037169,0.00080788
-0.0037362,-0.0052463,0.0020461
-0.0018177,-0.0073079,0.00094424
0.00029175,-0.0071782,0.0037331
0.00084402,-0.0075558,-0.0020223
-0.00084779,-0.0070906,-0.00061184
-0.0021071,-0.0083249,0.00013995
-0.0042466,-0.0083697,0.0010981
-0.0006232,-0.009307,0.0015035
0.0017074,-0.010281,0.0020017
-0.00058524,-0.011775,0.0022144
-3.4808e-05,-0.011604,0.0011506
-0.00038049,-0.012024,0.0010823
-0.0027595,-0.011697,0.00061046
-0.0025284,-0.01199,-0.0014548
-0.00083672,-0.012172,0.0010023
-0.0022962,-0.012272,-1.5635e-05
-0.0045103,-0.011801,0.00050243
-0.0055886,-0.01199,0.0019622
-0.0027244,-0.012334,0.003415
7.4362e-05,-0.013356,0.0042509
-5.0126e-05,-0.014265,0.0033459
-0.0024819,-0.014253,0.0014856
-0.0034534,-0.014023,0.00096607
-0.0020337,-0.013887,0.0016039
-0.0016669,-0.014329,-0.0007367
-0.002093,-0.014073,0.0038152
-0.0012707,-0.014176,-0.0013067
-0.00017194,-0.012641,-0.00098471
-0.00060382,-0.011392,-0.0023011
-0.0014885,-0.0097926,-0.0039219
0.00095493,-0.0096167,-0.0019874
0.0013972,-0.0096851,-0.0025436
-0.0012719,-0.0093418,-0.0023301
-0.005233,-0.0089991,-0.0041586
-0.0013879,-0.0081649,-0.0044409
-0.00095141,-0.0077775,-0.0039986
-0.002052,-0.0065765,-0.0046276
-0.0011911,-0.0053569,-0.0035624
0.0044138,-0.0035982,-0.0021051
0.0060396,-0.0022676,-0.0032294
0.0043603,-0.0014524,-0.0024042
0.00010269,-0.0012921,-0.0019871
-0.0010453,-0.00082474,0.00081261
-0.0015683,-0.00092844,-0.00040219
0.00049718,-0.00083051,0.00142
0.0010028,-0.00098459,0.0011
0.0014247,-0.0014004,0.00066569
0.0009823,-0.0019611,0.0018697
-0.0005957,-0.0027722,0.0016957
-0.0011412,-0.004438,0.0014421
-0.00037173,-0.0064679,0.00037225
0.00077559,-0.0090003,0.0015722
-0.00060905,-0.010739,0.0019369
-0.0013951,-0.012169,-0.0010959
0.0012038,-0.013107,2.3897e-05
0.00043776,-0.013252,-0.00070306
-0.0022893,-0.013046,-0.0015275
-0.0021046,-0.013101,0.00019856
8.4859e-05,-0.013585,0.00078313
0.00030567,-0.013792,0.00055599
-0.00067047,-0.013608,-0.0014192
0.00015844,-0.013485,-0.0030957
0.001536,-0.013279,-0.0035408
0.00074446,-0.011764,-0.0042634
2.4122e-06,-0.0093535,-0.0056112
-0.00046501,-0.0075283,-0.0025852
0.00091619,-0.0060463,0.00015838
3.1543e-05,-0.0045947,0.0011354
0.00095232,-0.0048929,0.002128
0.00027955,-0.0052457,0.0016045
0.0016469,-0.0054492,0.0018468
0.0019112,-0.005221,0.00089745
0.0015838,-0.0056662,-0.00073079
0.0012979,-0.0061786,-0.0010323
-0.00091631,-0.0073904,-0.00030595
-0.003843,-0.007315,-0.0019162
-0.0029376,-0.006587,-0.0015215
0.0020588,-0.0058806,0.00045789
0.0028482,-0.0045227,0.0022383
0.0029611,-0.0040833,0.0040929
-0.001917,-0.0024486,8.7173e-05
0.00020083,0.00022514,-0.00069839
-0.0012427,0.005122,-0.0046053
-0.0013648,0.010078,-0.0047871
-0.00051032,0.012257,-0.0029278
-0.00076788,0.011768,-0.00079243
-0.0010964,0.0099913,0.0019768
-0.0009243,0.0080986,0.0026887
0.00072296,0.0057916,0.0012519
0.0020579,0.0034408,0.0019361
0.0023818,0.00020931,0.0017895
0.00085915,-0.002984,0.0025777
0.00045354,-0.0067399,0.0023981
0.00082832,-0.0093666,0.0035548
0.00090674,-0.0119,0.0031166
0.00029168,-0.014341,0.0020115
-0.0004547,-0.017036,0.002752
0.00044304,-0.020079,0.0041858
0.0013924,-0.021716,0.0034272
0.0013003,-0.023361,0.00020647
0.001371,-0.024972,-0.00032139
0.001718,-0.026611,0.0006415
0.003315,-0.027487,-0.00055968
0.0016662,-0.029136,-0.0023524
0.00065754,-0.030047,-0.00049591
-0.00063305,-0.031002,0.00071914
0.0016002,-0.031126,-0.0015523
0.0017274,-0.030606,-0.00012577
0.0016676,-0.02924,-0.0003995
0.0029151,-0.02602,-0.0034932
0.00088401,-0.021592,-0.0025852
-0.0031211,-0.017374,-0.0050201
-0.0061961,-0.01135,-0.0073062
0.0002961,-0.0060216,-0.0031354
0.0070379,-0.0028969,-0.0034111
0.0052014,-0.00046439,-0.0018777
0.001709,0.001761,-0.0025357
-0.00049585,0.003137,-0.00056977
-0.00059055,0.0028771,0.00088363
0.0017466,0.002698,0.0022776
0.0048035,0.002462,0.0018389
0.0049461,0.0021267,0.0021384
0.0027092,0.0018584,0.001231
-0.0013728,0.0013955,0.00012053
-0.0024164,0.00095157,-0.0023297
-0.0012877,0.00045089,-0.0014918
-0.00022845,0.00011728,-0.002003
0.00035221,-0.00040808,-0.0026746
0.00048276,-0.00072971,-0.00083461
0.0017885,-0.00093907,-0.00097838
0.0034061,-0.0015484,0.00088544
0.0021626,-0.0029828,0.0024439
-0.00038111,-0.004676,0.0038435
-0.0011976,-0.0070368,0.0054475
0.00014427,-0.0092939,0.0041199
0.0015326,-0.010058,0.0039788
0.001864,-0.0098303,0.0018043
0.0013577,-0.0095884,0.0015384
-1.7631e-05,-0.0094444,0.00087781
-0.0008487,-0.0095936,0.00071793
2.1678e-05,-0.0092809,0.00097739
0.0015657,-0.0089809,-0.00040885
0.0021449,-0.0087209,-0.0013555
0.0014197,-0.0084411,0.00040334
0.00024155,-0.0077074,-0.00038771
0.00046605,-0.0069581,-0.00031987
0.0012672,-0.006206,0.0014531
0.0020341,-0.005781,0.0038945
0.0035204,-0.0056932,0.0016919
0.0056737,-0.0058571,0.0056517
0.0010188,-0.0061867,0.0030532
-0.0031941,-0.0049522,-6.7978e-05
0.00044993,-0.0050625,0.0035425
-0.0005364,-0.0035107,-0.00021111
0.00060244,-0.0031859,-0.002173
-0.0028967,-0.0025008,0.0011099
-0.0055963,-0.0019332,0.0021182
-0.00067822,-0.00090142,0.0029002
4.994e-05,-0.0011795,0.0055322
-0.00029067,-0.00090268,0.0051501
5.2176e-05,-0.0011359,0.0036553
0.00040405,-0.00092111,0.0028903
3.8543e-05,-0.0012176,0.0017347
-0.0008562,-0.0013082,0.0014489
-0.0019103,-0.0013258,-0.00076489
-0.002495,-0.0011641,-0.0020303
-0.0022387,-0.00077173,-0.00097623
-0.0024046,-0.00047793,-0.0028748
-0.0016771,0.00034262,-0.0013103
-0.0012274,0.0012635,-0.0012068
-0.0018856,0.0018485,-0.0005212
-0.0021466,0.0016723,0.00068162
-0.002328,0.0014918,-0.0010114
-0.0024572,0.0016355,-0.001498
-0.0018671,0.0017084,-0.0025348
-5.7575e-05,0.0014177,0.00015928
0.00067737,0.0014611,0.00016243
-0.0012295,0.0011309,0.0014369
-0.0034508,0.001002,0.0016928
-0.0031823,0.0011362,0.0025598
-0.0015173,0.0010623,0.0019877
-0.00069724,0.0011981,0.00092305
0.00069019,0.00093869,0.0039392
-0.0013592,0.00067701,0.00098617
0.00031538,-0.00035348,0.006031
0.001287,-0.00027509,0.0013173
-0.00030602,0.00030131,0.0014452
-0.0029022,-0.00044423,0.00059069
-0.0016764,-0.00050004,0.00096609
-0.0014068,-0.00039114,-0.00048349
0.00055156,-0.00041682,0.00013231
0.0008095,-0.00033548,0.00054127
-0.00068344,-0.00026165,0.00058157
-0.0022153,-0.00059579,0.00054509
-0.0011147,-0.00071224,0.00089421
-8.8877e-05,-0.00062788,0.00041375
0.00013974,-0.00032945,-0.000551
-0.00095218,-8.6662e-07,-0.0021259
-0.001728,0.00015295,-0.0014583
-0.0019166,0.00020418,-0.00056581
-0.0021751,0.00012945,-0.00092007
-0.0023632,-0.00010462,-0.00027786
-0.0038551,-0.00053508,0.00049641
-0.0040747,-0.0014765,0.0012741
-0.0035119,-0.0019347,0.00031409
-0.0024042,-0.0019934,0.0018678
-0.0015103,-0.0018068,0.0017211
-0.0013447,-0.0018562,0.0018248
-0.0010543,-0.00186,2.6916e-06
-0.00028946,-0.0014175,0.0013687
-0.00080204,-0.00028146,0.0012843
-0.00033346,0.00071795,-0.0012915
-0.00025562,0.0010173,0.00116
0.00021647,0.00068515,0.0050578
-0.0013658,0.00053974,0.0018069
-0.00076263,0.0007791,-0.00030463
0.0012529,0.00015821,0.0012478
0.0021572,0.00082326,0.00016038
0.0018706,0.00080477,0.00040309
0.00062034,0.0009103,-0.0013707
0.00082718,0.00092418,-0.00058073
0.00066705,0.00076115,0.0011069
0.0011372,0.0010491,0.002243
0.00069263,0.0018487,0.00082372
0.00039092,0.0034627,-0.0012075
0.0014895,0.0050705,0.00178
0.00099903,0.0070848,-0.00037545
-0.00090416,0.01006,-0.0024016
-0.0033682,0.012052,-0.0029701
-0.0063775,0.014287,-0.0012466
-0.0047432,0.016501,1.6523e-05
-0.00056537,0.018978,0.00034246
-0.0017345,0.021276,-0.0023924
-0.0012052,0.023307,-0.0011212
-0.0029282,0.024967,0.00013851
0.00057823,0.026335,0.0011427
0.0011772,0.027268,0.0018921
0.002596,0.026764,0.001184
0.0012493,0.026744,0.0017359
-0.00016908,0.026849,0.0017574
-0.0007738,0.026507,0.0022394
-0.0013399,0.026066,0.0034378
-0.00080908,0.025143,0.003308
-5.5106e-05,0.02522,0.001766
0.00023194,0.02557,0.0030549
0.00040514,0.025099,0.0023777
0.0015935,0.024848,0.001598
0.0016299,0.023409,0.0025409
0.0021526,0.02141,0.0024136
0.00075305,0.020286,0.0025664
0.00062488,0.019314,0.00036732
0.0013235,0.01875,3.0768e-05
0.00050102,0.018126,0.00026092
0.00087221,0.018416,0.0016864
0.00035071,0.018624,0.00091721
7.5742e-06,0.018961,0.00055774
-0.0016687,0.018875,0.0034804
-0.0014776,0.018172,0.0013163
0.00056033,0.018169,-0.0007204
0.0016656,0.018023,0.0015955
0.0045987,0.017273,0.0019956
0.00046652,0.018354,-0.0018444
0.0034583,0.019624,-0.0038
0.00010962,0.021146,-0.0018182
-0.00271,0.021903,0.0010243
-0.0028673,0.022726,0.00078243
-0.0010606,0.024627,0.00025001
-0.00024129,0.026364,0.0012285
-0.00017976,0.027542,0.0019448
-3.1844e-06,0.027592,0.0022537
2.8589e-05,0.027061,0.0028131
-0.00045554,0.026679,0.0039918
-0.0013376,0.026072,0.0029008
-0.00036855,0.025025,0.0027966
0.0011362,0.023181,0.0015681
0.0010744,0.020903,0.0027761
-0.0016444,0.019383,0.0030088
-0.0030699,0.019276,0.00057287
-0.00044148,0.01929,0.00011268
0.002698,0.018958,-0.00043973
0.0010086,0.019206,0.0029006
-0.0035209,0.019711,0.0011943
-0.0065494,0.020353,-0.00099987
-0.0025493,0.021767,-0.00028899
-0.00014252,0.022851,0.00095491
0.00077762,0.023729,0.0024791
0.00089123,0.023863,0.0031127
-0.0003044,0.024498,0.0032018
-0.00039844,0.024812,0.0049899
-0.00048004,0.025199,0.0049329
-0.00037193,0.0255,0.0025473
-0.00059864,0.025686,0.0018667
0.0012121,0.025953,0.00088496
0.0021002,0.02613,0.00052898
0.0010601,0.026624,-0.001135
0.00034693,0.026503,-0.00029089
-0.00044905,0.027082,0.00029902
-0.00070833,0.026997,0.0012308
-0.00021612,0.027307,0.0027338
0.00047982,0.026821,0.0047027
-0.00062588,0.026757,0.002521
-0.0012764,0.025945,0.0032268
0.001362,0.025386,0.0028792
0.001419,0.025245,0.0018558
-0.00035351,0.025319,0.0018461
-0.0022643,0.024933,0.00084163
-0.0031194,0.024479,0.0015632
-0.0013594,0.024094,0.0007892
0.00060314,0.024731,-9.5793e-05
0.0013582,0.025129,-0.00033185
0.00096789,0.025458,0.00072303
0.0010922,0.024919,0.001648
-0.00084615,0.02429,0.0030741
-0.0018215,0.023632,0.0019439
0.00018357,0.022416,0.0048527
0.0031809,0.020965,0.0023576
0.0012052,0.020892,0.00041554
-0.00068206,0.020659,0.00024912
0.0012592,0.021369,-0.00063862
0.0039319,0.021533,0.0005736
0.0023553,0.021147,-0.0022658
-0.00056483,0.021345,-0.00096932
-0.0017286,0.020935,-0.00098595
-0.00065992,0.020346,0.00025456
-0.00083339,0.018407,8.1542e-05
-0.0021949,0.015585,0.0023799
3.6765e-05,0.012074,0.0027732
0.002209,0.0094529,0.0045434
0.00031342,0.006747,0.0060104
-0.001802,0.0049992,0.0049735
-0.0017197,0.0034182,0.0048256
-0.0017865,0.0020126,0.0030888
-0.0018365,0.0013887,0.00066575
-0.0019728,0.0012022,-0.00086292
-0.0032983,0.0012381,-0.0018654
-0.0036033,0.0015722,-0.00072329
-0.00059634,0.0012126,0.0006664
0.002345,0.00095122,0.00022875
0.0018859,0.00084526,0.0024049
0.00065953,0.00089357,0.0013747
0.00041712,0.0012283,0.00093248
-0.0012822,0.0012898,-0.00013679
-0.0031051,0.0011545,-0.00070776
-0.0024786,0.0014413,-0.00065859
-0.0013748,0.0012982,-0.000196
-0.00060918,0.0010805,0.00050293
-0.00013926,0.00088438,-6.1609e-05
0.0015894,0.0007689,0.0022019
0.0026413,0.00030392,0.0033313
-0.001073,-0.00012576,-0.0011499
-0.0029109,-0.00050523,-0.00013289
0.00076419,6.3376e-05,-0.0028258
0.0032945,0.00022504,-4.0977e-05
0.0042121,-0.00072454,1.2526e-05
0.0031225,-0.00010056,0.0014759
-0.0032623,0.00015123,0.0012809
-0.0031073,0.00049791,-0.00048796
-0.00073287,0.00025773,0.00036778
0.0014548,0.00030483,-0.0012799
0.00012473,0.00042842,-0.0015056
-0.001138,0.00032933,-0.0006701
-0.00050204,0.00036882,0.00016263
0.0008678,0.00018815,0.001421
0.00079226,0.00035646,0.00037212
0.00054726,0.00056154,0.00033274
-0.0015995,0.00029933,0.00058324
-0.001417,0.00035982,-0.00088651
0.00094234,0.00054114,-0.0021691
0.0022434,0.0006277,-0.0049661
-9.9055e-07,0.00087566,-0.0045507
-0.00093097,0.00054753,-0.0041117
0.00088932,0.0001869,0.0002504
0.00032936,-0.00049506,0.0028489
9.0169e-05,-0.00061616,0.0047834
-0.00077443,-0.00069016,0.0036206
-0.0021187,-0.00018823,0.0020106
-0.0012977,-8.0395e-05,-0.0010684
-0.00017646,-0.00010984,-0.00037056
-0.00030762,-0.00024199,-0.0019147
0.0024169,0.00023213,0.0023678
0.00075413,-0.00040222,0.0028155
0.0011737,-0.0012072,0.0030445
0.0021692,-0.0013753,0.0017616
-0.0047912,-0.00075464,-0.005419
-0.0064834,-0.00083309,-0.0031196
0.0014597,-0.001818,-0.0045968
0.0032172,-0.0021653,0.0014723
0.0014693,-0.002677,-0.0010052
0.0024861,-0.0017538,-3.093e-05
0.0014678,-0.0011328,-0.0010635
-0.0019058,-0.00050254,-0.0012001
-0.0027141,-0.00072576,-0.00050934
0.00065067,-0.00017893,0.00053106
0.0009643,0.00057571,-0.0013214
0.0017548,0.0014711,0.0010411
0.0025572,0.0016907,0.0016351
0.00022986,0.0018806,0.002531
-0.00095549,0.0025743,0.0016342
-0.0019183,0.0031911,0.001324
-0.0020975,0.0034606,-0.001541
-0.0012928,0.0035016,0.0013388
0.0011413,0.0028649,0.00098458
0.0023534,0.002909,0.0037473
0.0023317,0.0031168,0.0010522
-7.088e-05,0.0034718,-0.0014382
-0.0016222,0.003071,-0.0012963
-0.0019402,0.0031607,-0.0028552
-0.0012219,0.0032284,-0.0023494
-0.00036381,0.0027177,-0.0010397
-0.0011799,0.0023356,-0.00069113
-0.002526,0.00193,-1.567e-05
8.4483e-05,0.0019551,-0.0014713
0.00066261,0.0020757,-0.001982
0.0011238,0.0015831,-0.0033447
-4.8949e-05,0.00063731,-0.0023663
-0.00077333,-0.00013465,-0.0017189
7.8599e-05,-0.0015398,-0.0015399
0.00053397,-0.0031865,-0.00095311
0.00051972,-0.0051087,-0.001186
-5.8056e-05,-0.0077708,-0.00069589
0.00027269,-0.010354,-0.00029867
0.00021127,-0.013321,-0.00043269
0.0012146,-0.015544,-0.00021111
0.0020817,-0.016938,-0.00055241
0.0018681,-0.017662,-0.0058109
0.0027054,-0.017882,-0.0050795
0.0034615,-0.018334,-3.2391e-05
0.0029527,-0.019672,-0.0040954
-0.00013813,-0.02005,-0.00088609
0.00014787,-0.02087,-0.0019276
-0.0021134,-0.020255,-0.0014915
-0.0025729,-0.020547,-0.0044599
-0.0031135,-0.020756,-0.0025187
-0.00065062,-0.02051,-0.0056151
-4.1831e-05,-0.02006,-0.0051942
0.0013008,-0.02047,-0.0048958
0.00050634,-0.020749,-0.0037997
-4.8312e-05,-0.021946,-0.00049865
0.0018763,-0.023998,-0.00058532
0.0049608,-0.025389,0.0032838
0.0047146,-0.026712,0.0027117
0.0026327,-0.02744,0.0019893
0.00064561,-0.028061,0.00022567
0.00014562,-0.02834,-0.0016616
0.00013658,-0.02898,-0.0017531
-0.00039034,-0.029794,-0.0030821
-0.0019326,-0.029939,-0.005971
-0.0011093,-0.029713,-0.0047269
0.0014038,-0.029596,-0.0079888
0.0036787,-0.028687,-0.005233
0.0018185,-0.028398,-0.0044456
0.0029915,-0.028395,-0.0044542
0.0022128,-0.028483,-0.0043136
-0.00094655,-0.028631,-0.0024196
-0.0027424,-0.028761,-0.0024002
-0.00097333,-0.028757,-0.0001372
0.00356,-0.029177,-0.004948
0.0040194,-0.028083,0.0029411
0.00044872,-0.027409,-0.0029729
-0.001997,-0.025974,-0.0044794
-0.0041552,-0.025854,-0.0022612
-0.0042564,-0.025369,0.0010161
-0.0014627,-0.024754,-0.0012217
4.863e-05,-0.023866,-0.0032247
0.00032387,-0.022558,-0.00081435
0.00060257,-0.02059,-0.0022127
0.00037528,-0.018071,-0.0067237
0.00046024,-0.016587,-0.0036505
7.5099e-05,-0.015073,-0.0045964
-0.00062462,-0.013499,-0.00265
0.00059052,-0.012936,-0.0022587
0.0018936,-0.012326,0.00018844
0.0035212,-0.011952,-0.00059631
0.0028725,-0.010804,0.00057219
5.3166e-05,-0.0085018,-0.00074492
-0.00093115,-0.0056812,-0.00019661
-0.001225,-0.0045369,-0.001506
-0.0023001,-0.0035047,0.00025429
-0.00095093,-0.0032973,-0.00061998
-0.00086941,-0.0025998,0.00024294
0.0002281,-0.0028604,-0.00068062
0.0022284,-0.0023271,-0.0016152
0.0025564,-0.0017915,0.0021422
0.0021502,-0.00152,0.0017454
0.00019353,-0.0004208,0.0015024
-0.00080439,0.00087703,0.00028637
-0.0020187,0.0024777,-0.00048335
-0.0018978,0.0044541,-0.0015721
-0.0021477,0.0059307,-0.0018541
-0.00095716,0.0070842,-0.00097582
0.00047819,0.0077417,-0.00078091
0.0031673,0.0096373,-0.0011872
0.0020707,0.01152,-0.0016525
0.0016083,0.012972,0.0038165
0.0018285,0.013178,0.0022406
0.0016603,0.013956,0.0042341
0.0017282,0.014079,0.0029073
0.00036635,0.014849,0.0045458
0.0047575,0.015051,0.0058445
0.0071657,0.016023,0.0064175
0.013052,0.016191,0.0040282
0.012565,0.017715,-0.0038374
0.010001,0.01983,-0.00096012
0.002286,0.021663,0.0020923
-0.0030184,0.024922,-0.0055259
-0.0026558,0.027348,8.4198e-05
-0.0033707,0.029884,0.0019507
-0.0048937,0.032673,0.0042682
0.002024,0.037174,0.0056261
0.0061795,0.039543,0.0072846
0.0091557,0.04025,0.0071403
0.0081129,0.041326,0.00073723
0.0059721,0.042083,0.0011549
0.00020827,0.041581,0.0029599
-0.0039552,0.041296,0.0019207
-0.0071242,0.041994,-0.00037279
-0.0052655,0.043522,-0.00011595
0.00010397,0.044443,0.0075343
-0.0011503,0.04369,0.0036998
0.0029979,0.043074,0.00015539
0.0026385,0.041167,0.0038625
0.0032357,0.036563,0.008529
0.002152,0.032866,0.0055798
-0.0015781,0.029907,-0.00036325
-0.0035006,0.025892,0.00087705
-0.00056035,0.021966,0.0026154
-0.00040792,0.019016,0.0039958
-0.00053841,0.017949,0.0011975
-0.00050544,0.018491,0.0030867
-0.00096205,0.017847,0.0016181
-0.00081174,0.018609,0.0035573
-2.4145e-05,0.019927,0.0011789
2.8372e-05,0.022919,-0.001617
-0.00014773,0.025724,-0.0012676
0.0017663,0.027314,-0.00075187
0.0022354,0.029862,0.0023721
0.002523,0.033985,9.4262e-05
-0.0021634,0.036318,-0.001017
-0.0029207,0.039505,0.0023872
-0.0031668,0.040757,0.0048335
0.00174,0.041484,0.0050867
0.00074024,0.042413,0.0010949
0.00065076,0.042361,0.0014096
-0.00028077,0.042501,0.0043983
-0.0012078,0.042821,0.0029262
-0.0019355,0.04251,0.0041849
-0.0010411,0.040847,0.0036356
0.00099412,0.038106,0.0024534
0.0028827,0.035497,0.0029503
0.0037833,0.032777,0.003555
0.0028016,0.030194,0.0031228
0.0012462,0.028717,0.0025401
-0.00090568,0.028787,0.00051143
-0.00058671,0.028669,0.0022528
-0.0012856,0.028454,0.0041656
-0.00079498,0.029003,0.0013137
-0.0020279,0.030584,0.0030175
0.00028528,0.030756,0.0015716
0.0035449,0.031624,0.0024978
0.0045208,0.033243,0.0016024
0.0020361,0.033185,0.0033292
-0.0028559,0.033408,0.0033788
-0.006385,0.033824,0.0030528
-0.0014207,0.033956,-0.0020027
0.0019088,0.034271,0.0013854
0.0034538,0.033226,0.00011641
0.0025677,0.033421,0.0013278
0.00029501,0.032234,0.0010159
0.0021854,0.029954,0.0038903
0.0013696,0.028916,0.0032431
0.0014249,0.026636,0.0010449
0.0017924,0.023711,0.0026767
0.0011162,0.021216,0.00098335
0.0033789,0.01852,-0.0010919
0.0028002,0.016762,-0.00012927
0.0015499,0.015274,0.0004164
-0.00045527,0.014371,-0.0029124
-0.00075805,0.013576,-0.0013616
-0.0017076,0.010902,1.5348e-06
-0.00033252,0.0081475,0.002327
-0.0012997,0.0051127,0.002485
0.0019824,0.0030701,0.00090795
0.004994,0.0024182,0.0007477
0.0019753,0.0018317,0.00070033
-0.0013972,0.0018986,0.0027679
-0.0041358,0.0015367,0.00044014
-0.0029778,0.001626,0.00013347
0.00034291,0.0013111,0.0013438
0.0015439,0.0016124,0.0017576
0.0010834,0.0017752,-0.0015095
0.0009281,0.0017446,-0.0015398
0.00081404,0.0015833,0.0012431
-0.00079742,0.0015539,0.00073512
-0.00083259,0.0018759,-0.00015473
0.00084398,0.0018346,0.0015047
0.00010452,0.0015674,0.00060407
-0.0014441,0.0017661,0.00068897
-9.6248e-05,0.0015748,0.00042912
-0.00049857,0.001771,-0.0012623
-0.0014636,0.0017468,-0.00060575
-0.0018355,0.0017761,-0.0018231
0.0005011,0.001972,-0.0027123
0.0048904,0.0014043,0.0028813
-0.002224,0.0013475,-0.00071675
-0.0021747,0.00067682,0.0021514
-0.00073547,-0.00093398,-0.00037345
0.0013476,-0.0021123,-0.0014331
0.0016208,-0.0029596,-0.0027637
0.0014156,-0.0033524,-0.0044808
0.0022926,-0.0041173,-0.00046873
0.0028007,-0.0050429,-0.0037941
0.0042328,-0.0052939,-0.0033843
0.0037465,-0.0060666,-0.0024809
0.001608,-0.0064971,-0.0050499
-0.0017912,-0.0069815,-0.0063244
-0.0015814,-0.008428,-0.0032518
-0.003662,-0.010514,-0.001933
-0.0033373,-0.0127,0.00066538
-0.0019801,-0.015217,0.0019267
0.0010486,-0.015727,0.00070618
0.0036061,-0.015121,-0.00020345
0.0039685,-0.014967,-0.0029345
0.00094172,-0.0136,-0.0024596
-0.00038916,-0.013641,6.0076e-05
-0.0014014,-0.013728,0.0016278
-0.0031004,-0.014129,0.00079888
6.7324e-05,-0.014016,0.00025423
-0.00058247,-0.013579,-0.0032647
-0.0031852,-0.012955,-0.00433
-0.0027107,-0.012715,-0.0040141
-0.0012664,-0.012549,-0.0012153
0.00067033,-0.013108,-0.0020402
-0.00017499,-0.012972,-0.0016652
-0.00040148,-0.013041,0.0003562
-0.0023723,-0.012726,0.00011896
-0.0034073,-0.012702,-0.0023287
-0.0012953,-0.012575,-6.5964e-05
0.00024274,-0.012526,0.0020624
0.0020773,-0.012177,0.0010918
0.0027381,-0.011946,0.00045117
0.0017772,-0.012115,0.00039464
-0.00027689,-0.011755,-0.0017798
-9.7581e-05,-0.010791,-0.0011145
0.0019294,-0.0099151,-0.0010752
0.0020906,-0.0095551,-0.00075017
0.0011879,-0.0096379,-0.000965
-0.00012545,-0.0092714,-0.0014698
-0.00036292,-0.0087364,-0.00034284
-0.0023464,-0.0083682,-0.00075407
-0.0030027,-0.0083869,-0.0031646
-3.2631e-06,-0.0084049,-0.00074978
0.0009163,-0.008442,-0.00022611
-0.0004109,-0.007668,-0.0017989
-0.0018356,-0.0073695,-0.0026489
-0.00085449,-0.0071691,-0.0010842
-0.0013435,-0.0070247,-0.0009567
-0.0026409,-0.0069024,-0.00052135
-0.0007619,-0.0071352,-0.00098656
0.0014129,-0.0068949,-0.00023955
0.0035151,-0.0069839,-0.00040597
0.0030454,-0.0068877,-0.0013397
0.0026653,-0.0068108,-0.00010081
0.0015412,-0.0070403,0.00045899
0.002065,-0.0073274,3.9549e-06
0.0031767,-0.0077275,0.0019277
0.0053136,-0.0078927,-0.00039307
0.0092688,-0.0070973,-0.0015729
0.010622,-0.0064093,-0.0020108
0.0090596,-0.0054821,-0.0030305
0.0063567,-0.0045645,-0.0028904
0.00578,-0.0036285,-0.00063143
0.0074882,-0.0027875,-0.00025902
0.00762,-0.0014101,-0.00051392
0.0041863,-0.00033732,0.00147
-0.001935,0.00076507,0.0034292
-0.0050635,0.0038131,0.0046794
-0.0020961,0.0068255,0.0038406
0.0018719,0.010475,0.0010064
0.0013483,0.014804,0.00058226
-0.001413,0.0201,0.0022342
-0.0075531,0.025194,0.0047619
-0.0082912,0.030155,0.0027869
-0.0068452,0.03379,0.0034054
-0.0042442,0.037279,0.0017201
-0.0043244,0.040295,0.0011312
-0.0040353,0.041794,0.0020134
-0.0036742,0.042544,0.0034512
-0.0018577,0.04383,0.0023867
-0.00195,0.045239,-0.00099432
-0.0013412,0.046189,-0.0030743
-0.0026,0.045399,0.0013599
-0.0065314,0.045142,0.0025501
-0.0042866,0.045703,0.00032702
-0.0015689,0.046676,-0.0029885
-0.00046942,0.046275,-0.0021496
0.0012566,0.045206,0.0016709
-0.00071827,0.045015,0.004077
-0.00076868,0.04246,0.0046698
-0.00067266,0.040886,0.0045815
-0.00058361,0.038184,0.0040761
0.0010675,0.035393,0.0028589
0.0022364,0.032357,0.0053167
0.0033407,0.028495,0.0052698
0.0022432,0.024893,0.0064317
0.0017147,0.021065,0.0050728
0.00070478,0.017983,0.0025006
0.0011045,0.016612,0.001895
0.0013898,0.015112,0.0011398
0.00070151,0.014309,0.00081068
0.0016939,0.013129,0.001616
0.00061862,0.0096554,0.0026208
-0.00017163,0.0058139,0.0021303
-0.00038603,0.00029032,0.0034317
-0.0017265,-0.0041015,0.0016215
-0.0015403,-0.0047985,-0.0025044
0.0001675,-0.0032723,-0.0033426
0.00061459,-0.0019226,-0.0038681
0.00082056,-0.001172,-0.00081146
-0.00050892,-0.0010838,-0.0010572
-0.00034906,-0.0014578,-0.00093862
0.0012808,-0.0015157,0.0007557
0.00098885,-0.0018788,-0.00042436
-0.00015867,-0.0014113,-0.0017044
0.001228,-0.0018664,2.1222e-05
0.0026254,-0.0020333,0.0008242
0.003028,-0.0020632,-0.0010729
0.0022189,-0.0023404,-0.001377
0.00316,-0.0024048,-2.3322e-05
0.001338,-0.0021151,-0.0023335
-0.00093569,-0.0024101,-0.00036827
-0.0029787,-0.0029107,-0.00071379
-0.0018893,-0.0033004,0.0012409
-0.00070616,-0.0048721,-0.00057362
-0.0025607,-0.005669,-0.00069296
-0.0032076,-0.0060997,-0.0015238
-9.3736e-05,-0.0063603,-0.00073544
0.0016408,-0.0074362,-0.00049049
0.00068344,-0.0089967,0.0021755
0.00032363,-0.01102,0.0017581
0.0012019,-0.013371,0.0011659
0.0015551,-0.015,0.0035662
0.00075846,-0.0159,0.00031189
0.00023147,-0.016485,-0.00029029
-0.00065737,-0.01643,-0.0017891
0.0017399,-0.015931,-0.0033701
-0.00026472,-0.014061,-0.0020737
-0.004272,-0.012927,-0.0025303
-0.0044728,-0.012719,-0.0025143
0.0017429,-0.013782,4.1915e-05
0.00083702,-0.013121,0.0014719
0.00081594,-0.012686,-0.0017277
0.0010494,-0.01278,-0.00060686
0.002047,-0.012942,-6.8233e-05
0.0013235,-0.012516,0.0015855
0.0010908,-0.01152,0.00062793
-0.0019779,-0.010005,0.0019777
-0.0032149,-0.0085015,0.001912
3.1822e-05,-0.0068696,0.0012103
0.00013335,-0.0051832,0.00053312
-0.0015316,-0.0033085,-0.0023823
-0.00076473,-0.0015411,-0.0015826
0.0016065,-0.0013902,-0.0010783
0.0014049,-0.0013648,-0.00071752
0.00034674,-0.0023125,-0.00014902
0.00011986,-0.0031729,0.0014357
-0.0023597,-0.0035285,0.0015785
-0.0026952,-0.0034599,0.0036175
0.0020296,-0.0031398,0.0044128
0.0048165,-0.002646,0.00087404
0.0017323,-0.0012895,0.0016169
-0.00297,-0.0007408,-0.00021879
-0.0053112,-0.00031507,-0.0010588
-0.0036143,-0.00017293,0.0041343
-0.0012291,7.1447e-05,0.0050162
0.0021948,0.00029913,0.0048808
0.0028573,0.00059096,0.0036371
-0.00064236,0.0010967,0.0011833
-0.0013795,0.0017101,-0.001601
-0.0011148,0.0025792,-0.0046594
0.00012608,0.0039315,-0.0066327
-0.0016342,0.0055689,-0.0056075
-0.0013243,0.0061952,-0.0074213
0.0016989,0.0070169,-0.0031924
0.0029361,0.0074368,-0.0032546
0.0015551,0.0082431,-0.0014132
-0.0028054,0.0082657,0.0014295
-0.0030026,0.0083111,0.0041037
-0.00047129,0.0087075,0.0049725
0.0018655,0.008635,0.0063508
0.0049085,0.0082388,0.0055805
0.0024793,0.0069366,0.00022413
-0.0038577,0.0078528,0.0011424
-0.0049219,0.0078755,-0.00040803
-0.0043121,0.0067178,0.0037532
-0.0032135,0.0048672,0.0059024
0.0052418,0.0026764,0.0039073
0.0045343,0.0022101,0.0034867
-0.00073214,0.0022054,-0.0064824
-0.00041976,0.0021404,-0.0019336
-0.00011685,0.001177,-0.0059906
-0.00097268,0.0016802,0.00013682
-0.0026794,0.00045987,-0.0012135
-0.0015086,0.00026437,0.00080749
0.00039304,-4.8863e-05,-0.00051417
0.00074041,-5.8462e-05,-0.00078088
-0.00037656,5.4497e-05,-0.0021385
-0.00010684,0.00063543,-0.0029809
-0.0015403,0.0019473,0.0001367
-0.0022653,0.0022941,1.0778e-05
-0.00024611,0.001596,0.0015389
0.0019321,0.0013875,0.001014
0.00021252,0.0014057,-0.0011903
-0.00041718,0.00091556,-0.0014993
-0.00083201,0.00033133,-0.00099851
-0.00075147,-0.0005652,0.0010909
0.00047249,-0.00069398,0.0023943
0.0012968,-0.00064269,0.00076234
0.0009118,-0.00049123,-6.6032e-05
-0.00046153,-0.00048979,-0.0011297
-0.0010422,-0.00014222,-0.0011947
-0.00028911,-0.000331,-0.00024952
0.00045295,-0.00035275,8.2951e-05
0.0011829,-0.00022622,0.001148
0.0010974,-0.00011672,2.3498e-05
-0.00014961,-0.00020063,0.00058914
-0.00090569,-0.00018041,0.0011326
-0.0010316,1.7625e-05,0.0013012
-0.00021666,0.000332,0.0020256
0.00029198,0.0003358,0.0015971
0.0013656,0.00051059,0.0028493
0.0028481,0.00041733,0.0032187
-0.00053784,0.0012633,-0.00041819
-0.0020056,0.0016911,-0.0021302
0.0011744,0.0027439,-0.0018015
-0.0017998,0.0030146,-0.0038953
-0.0031592,0.0029635,0.00043801
0.00051193,0.0020295,0.00015428
0.0034001,0.0021533,0.00069453
0.0012971,0.0016206,-0.0013293
0.0003259,0.0015206,-0.0003261
-0.0014846,0.001153,0.00082728
-0.0035534,0.0011189,0.0015039
-0.00085869,0.00056382,0.002212
0.00017893,0.00065371,0.0024914
-0.00048474,0.00072933,0.0015105
-0.0017945,0.0006574,0.0022003
-0.0015034,7.343e-05,0.0010574
0.0012609,-0.00025949,0.0022635
0.0011779,-0.00049049,0.00039376
0.00039317,-0.00068329,-0.0021531
-0.00047558,-0.0011919,-0.0012413
-0.00068897,-0.0012451,-0.0014035
-0.00088144,-0.0014932,-0.0013539
-0.001265,-0.0018504,-0.0012562
0.00019028,-0.0018405,-0.00084081
0.0043763,-0.002063,-0.0020032
0.0040549,-0.0021223,-0.0043417
-0.00022465,-0.0023178,-0.0032261
-0.0033882,-0.0023847,-0.0036087
-0.0015046,-0.0024456,-0.0015089
-0.0017655,-0.0025903,0.00033646
0.00031619,-0.002887,0.0017319
-0.0010798,-0.0034736,0.002978
-0.0018918,-0.003481,0.0010037
0.00085954,-0.0040984,0.0024313
0.00072367,-0.0055609,0.0012031
-0.00060006,-0.0067567,0.0013429
0.0027162,-0.0071687,-0.00051604
0.0023861,-0.006928,-0.003935
-0.0022961,-0.0067279,-0.0033243
-3.391e-05,-0.0070644,-0.0018466
-0.001183,-0.0072449,-0.0021446
-0.003088,-0.0067403,0.0012547
0.0022466,-0.0065659,-0.0017671
0.0046261,-0.0066126,0.0020978
-0.0013096,-0.0054052,9.3202e-05
-0.0012271,-0.0042658,0.00071454
-0.0010492,-0.0039158,0.0023685
-0.0019855,-0.0027636,0.0015049
0.0019333,-0.0023517,0.00099464
0.0027093,-0.0026072,0.00074519
0.00076298,-0.0026101,-0.0006835
-0.001277,-0.0026508,-0.0022402
-0.0013087,-0.0027061,-0.00092526
-0.00088993,-0.0027308,-0.00082627
-2.5762e-05,-0.0028348,-0.00045505
0.00087924,-0.0028013,0.00097528
-0.00034417,-0.0027262,0.0024253
-0.00028261,-0.0028696,0.0020413
0.00046315,-0.0025131,0.0017339
0.0022534,-0.0019728,-0.0011844
3.6667e-05,-0.0017525,-0.0039258
-0.0046197,-0.0012218,-0.0054984
-0.0015034,-0.00093918,-0.0027305
0.00019314,-0.0011047,-0.0019221
-0.00019341,-0.00074349,0.00038533
-0.00091568,-0.0010035,0.0012988
0.00056249,-0.00099234,0.00057433
0.0029024,-0.0010252,0.0012602
0.0017062,-0.000877,-0.0008804
0.00043534,-0.0010122,-0.001553
-0.00053055,-0.0010214,-0.00012636
-0.00043975,-0.0013343,-0.001871
0.00058996,-0.001817,0.0015585
-0.00061366,-0.0019363,-0.00075103
-8.3213e-05,-0.0015133,0.0015881
0.0010932,-0.0015435,0.001124
0.0019754,-0.0012818,0.0014963
0.00042598,-0.00036704,0.0022021
-0.00010694,0.00073711,-0.0002881
0.00027214,0.002305,-0.00054232
-0.00032689,0.003739,-0.0020847
-0.0019948,0.0048343,-0.0027598
-0.001615,0.005791,-0.0025265
-0.0024826,0.0068953,-0.0017995
-0.0021665,0.0076123,-0.001172
-0.0010516,0.0090988,-0.0013631
0.0019257,0.0096827,-0.0022058
0.0027128,0.010181,-0.0019671
0.00040021,0.010638,-0.0025778
-0.00040575,0.010696,-0.0023204
9.7441e-05,0.010702,0.00084876
0.00019884,0.010637,0.0013047
-0.00046216,0.010901,0.0015165
0.00020861,0.01107,0.0011299
0.00055805,0.01169,0.0027044
0.0013505,0.012292,0.0019935
-0.00046423,0.012352,0.0045015
-0.0018931,0.012022,0.0031418
-0.001944,0.012307,0.003544
0.0004422,0.011637,0.0031464
0.0015712,0.010666,0.0019964
0.0034184,0.0093916,0.0030621
0.00080852,0.0079942,0.00028165
0.0014345,0.0068307,0.0028456
9.6767e-05,0.0065942,0.010074
-0.0014089,0.0062749,-0.0015688
0.0019423,0.0065215,0.0042861
0.0012064,0.0059911,2.837e-05
0.00073507,0.0052315,-0.0053407
-0.00030674,0.0055794,0.003111
-0.0015521,0.0048509,-0.0018275
-0.003736,0.0045985,0.00073098
0.0015737,0.0032369,-0.0012811
0.0020746,0.0040654,-0.0014665
-0.0013771,0.0044734,-0.0014665
-0.0039554,0.005845,-0.0011269
0.0014786,0.0071996,0.0024931
0.0016679,0.0082887,0.00013064
0.0020502,0.0089053,-2.6744e-05
0.001467,0.0079546,0.0024037
3.3837e-05,0.0052803,0.00069354
-0.00096793,0.0036968,0.0013156
-0.0016491,0.0030717,-0.0018074
-0.0013316,0.002257,-0.00097529
-0.00034502,0.00035534,-0.00061574
-0.001361,-0.0014812,0.00013751
-0.00093388,-0.0021292,-0.0018146
2.4776e-05,-0.0020147,-0.0009116
0.0031888,-0.0019472,-0.0036421
0.006933,-0.0013154,0.0011298
0.0016753,-0.00094279,0.00034362
-0.0016315,-0.00092802,0.0024497
-0.0018194,-0.0011957,0.0036687
-0.0023269,-0.00039145,0.0020606
0.00045388,0.00021379,-9.1157e-06
0.0017162,0.00040229,-0.00078058
0.0016508,0.00081151,-0.001218
-0.00047458,0.0010193,-0.0014003
-0.0013543,0.0012953,-0.00078422
-0.0019745,0.0012435,-0.00024277
-0.001536,0.0013825,-0.00095377
0.00082415,0.0022257,3.8714e-05
0.0018571,0.0030396,-0.0001922
0.00040128,0.0030444,-0.00019139
-0.0019764,0.0026619,0.00072572
-0.0010739,0.0027186,-0.00079841
0.00012122,0.002583,-0.00080796
-0.0018361,0.0023786,-0.0012221
-0.0020887,0.0020715,-6.4989e-05
0.0009286,0.0018299,0.0016372
0.0025544,0.0013478,0.0011627
0.00046325,0.0011564,0.0013545
-0.0021292,0.00079601,-3.5838e-05
-0.0011489,0.00058782,-0.0011225
-0.00047876,0.00048845,-0.0032327
-0.00024545,0.00080761,-0.0029155
-0.0014191,0.00055441,-0.00074584
-0.002233,0.00027901,0.0039294
0.0051462,-0.0011522,0.003311
0.0092296,-0.001186,0.00095181
-0.00041471,-0.00018227,-0.0027919
-0.0052272,-1.9681e-05,-0.0028016
-0.0012426,-0.00056499,0.00043524
5.4483e-05,-0.00064756,0.003793
0.00031518,-0.00041413,0.0018319
0.00014123,-4.5992e-05,0.0026314
-0.00054907,-6.9108e-05,0.0023499
0.00088081,-0.00017813,0.0017338
0.001009,-0.0010512,0.00055069
-0.0017476,-0.00071747,-0.0006168
-0.0012224,-0.00065059,-0.0024893
0.0010669,-0.00051709,-0.0025307
-0.0012044,-0.00043628,-0.0032222
-0.0016031,-0.00047691,-0.0010052
0.00012396,-0.00086425,0.00045262
0.0013558,-0.00097014,0.00094397
0.0017572,-0.0010074,-0.00036933
0.0010975,-0.00079379,-0.00070728
0.0012403,-0.00073921,-0.0017637
-0.0011982,-0.0006136,-0.00088595
-0.0011781,-0.00064402,-0.00047338
-0.0007825,-0.00074778,-0.0018039
-0.001112,-0.00018264,0.0029225
0.00023369,-0.00058295,-0.0053096
0.0030629,0.00017185,-0.0014392
0.0020539,-0.0004852,-0.0059681
-0.0032971,-0.00010897,-0.0030969
-0.003737,-0.00022573,0.0015504
0.0026263,-0.0011394,0.0002699
0.0025489,-0.00077707,0.003351
-0.0023308,0.00022537,-0.0033017
-0.00059627,0.00016491,-0.001806
0.0020583,-0.00036629,-0.00050374
0.00099605,-0.00055444,0.0013724
0.0013716,-0.00075282,0.0018653
-0.0014468,-0.00039017,0.0025217
-0.0015053,-0.00098773,-0.0012377
0.00029487,-0.00060819,0.00065976
7.2922e-05,-0.00081138,-0.0032143
0.0026127,-0.00028694,-0.0023281
0.0013251,-0.00031073,-0.0043463
0.00066666,-6.2985e-05,-0.0010013
0.0013049,-0.00045047,-0.0026286
-0.00037551,-0.00012134,0.0002259
0.0014863,-0.000815,-0.00069823
0.0026409,-0.0004654,0.00061523
0.0015334,-0.00028925,-2.7954e-05
0.00055116,-0.00019783,0.00034124
0.00064155,-0.00015176,-0.0007667
0.0043455,-6.3625e-05,-0.0027402
0.0039956,0.00052391,-0.0043148
0.0024237,0.00051778,-0.0055035
-0.00090303,0.00036552,-0.0043272
-0.0017662,-0.00014538,-0.002502
-0.0020646,-0.0010321,-0.00067113
-0.0012786,-0.001872,0.00026174
0.0056472,-0.002561,0.00038518
0.0068962,-0.0025103,0.0048331
-0.00033213,-0.0027582,0.0061863
-0.0032222,-0.0033224,0.0078647
-0.0024054,-0.0041278,0.0039492
-0.0021054,-0.0042545,-0.0015402
-0.0019001,-0.0031405,-0.0028304
0.0015183,-0.0030913,-0.0032405
0.0043087,-0.0036139,0.0017117
0.0048618,-0.0034337,0.0042281
0.0022908,-0.0027686,0.0020138
-0.0017055,-0.002321,-0.0034683
0.0017457,-0.0017892,-0.0076104
0.0020489,-0.0014448,-0.0072828
-0.002005,-0.00091109,-0.0080888
-0.0047346,-0.0015822,-0.0084768
-0.00091398,-0.0014096,-0.0055846
0.0062232,-0.0009231,-0.0077139
0.003283,0.00091207,-0.010896
-0.0029139,0.0028738,-0.012915
-0.0039835,0.0059915,-0.010101
-0.0017658,0.0081585,-0.01001
0.0012385,0.010856,-0.0088408
0.0022125,0.013458,-0.008815
0.0011568,0.015708,-0.010741
0.00082394,0.018149,-0.0057408
0.0015323,0.021385,-0.0044202
-0.00067606,0.026122,-0.0090353
-0.0019908,0.031491,-0.0074299
-0.0029601,0.034557,-0.0011522
-0.0021919,0.036378,0.0028888
-0.0014994,0.038279,-0.0020886
0.00043046,0.041431,0.00029666
-0.0010391,0.042118,0.0018169
-0.0025071,0.041753,0.0055051
-0.0051468,0.043093,0.0065339
-0.0065542,0.046266,0.0058413
-0.008691,0.050072,0.0023729
-0.010665,0.054184,0.00065509
-0.01027,0.058158,0.0029219
-0.0092781,0.059397,0.0055347
-0.0077603,0.058476,0.0056016
-0.0053964,0.058458,0.0027385
-0.0033125,0.058282,-0.00013634
-0.0026173,0.057247,-0.00057
-0.0018125,0.057049,0.0010526
-0.0012826,0.05726,0.0023845
-0.0010947,0.056737,0.00046551
8.6587e-05,0.05656,-0.0009923
0.0015562,0.056796,-0.0024045
0.00057825,0.056259,-0.00065635
-0.0020757,0.056052,0.00029402
-0.0041201,0.056324,-0.00059533
-0.0053481,0.056255,0.0012672
-0.0060301,0.055127,-0.00038977
-0.0049123,0.054286,0.00033227
-0.0021485,0.053955,-0.0017459
0.00013085,0.052712,-0.00055585
5.0899e-05,0.051492,0.00077269
-0.00043982,0.050745,0.0022733
-0.00061846,0.049543,0.0029747
-0.00066799,0.048572,0.0025724
-0.0016027,0.047828,0.0035338
-0.0017006,0.045462,0.003475
-0.0017417,0.043014,0.0024828
-4.4439e-05,0.040001,0.0010935
0.00089418,0.036536,0.0013443
0.0021206,0.03228,0.0035471
0.002315,0.029011,0.0041713
0.002456,0.026111,0.0010919
0.0023317,0.022494,0.00051889
0.00031482,0.019755,0.0031605
-0.00060092,0.016221,0.002907
-0.0019742,0.012803,0.0028246
-0.0017349,0.0091042,0.002457
-0.0020205,0.0061276,0.0044919
-0.0034259,0.0045273,0.004618
-0.0023291,0.0026741,0.00026052
-0.00089483,0.0016052,-0.0018123
0.0013647,0.001201,0.00051765
-0.00045599,0.0014604,0.0028616
-0.0012847,0.0019716,0.0021585
-0.002021,0.0018824,-0.0016029
-0.0008633,0.0013925,0.00049048
4.2466e-05,0.001347,0.0021561
-0.0011353,0.0014568,0.0022538
-0.0020734,0.0020539,0.0022737
-0.0028496,0.0015956,0.0029314
-0.0025956,0.0016477,0.002011
-0.0013959,0.0015799,0.0022328
0.00040589,0.0014237,0.0036874
-0.00086441,0.0016303,0.0031654
-0.0036952,0.0015531,0.0020808
-0.00459,0.0012456,0.0026927
-0.0036048,0.00033194,0.00088578
-0.0010383,-0.00032271,0.0010825
0.001043,-0.0013719,0.0011531
0.0024399,-0.0022801,0.00083248
0.0029545,-0.0021499,-0.0025893
0.0017946,-0.0028023,-0.0040586
-0.002304,-0.0029623,-0.0019897
-0.0068028,-0.0033531,-4.2259e-05
-0.0060788,-0.0031184,0.00052457
-0.0002625,-0.0036842,-0.0016669
0.002673,-0.0044999,-0.0034437
-0.00018953,-0.0050461,-0.0041056
-0.00522,-0.0054292,0.0009396
-0.0057228,-0.0066566,0.0015232
-0.0025368,-0.0071243,-0.00069275
0.0055863,-0.0088909,0.0011252
0.0065118,-0.010984,0.0001899
0.0022338,-0.010752,0.0019976
-0.00011105,-0.012065,0.00061412
-0.0030385,-0.011695,0.00069379
-0.0033384,-0.011069,0.0003939
-0.0012158,-0.011624,0.00044625
0.0012474,-0.011289,-0.0017648
0.0047895,-0.01107,-0.00066907
0.0048833,-0.01089,0.00010996
0.0030996,-0.010049,0.0025483
