-0.0017273,0.01267,0.0021488
0.00060351,0.0082281,0.0038661
0.0031915,0.0019039,0.0037263
0.0018046,-0.00019334,0.0024162
0.001653,-0.0063246,0.0032296
0.0016858,-0.012323,0.0030784
0.00034634,-0.016596,-0.001985
-0.0016439,-0.017436,-0.0029588
0.0023652,-0.019087,-0.0059685
-0.00089578,-0.020579,-0.00024467
9.3075e-05,-0.022192,0.0015582
-0.00049212,-0.020572,0.00021636
-0.0010009,-0.017936,-0.00033582
0.00060427,-0.014994,-0.00056369
0.00012455,-0.012926,-0.00055774
0.00082622,-0.013883,0.001644
0.0021079,-0.0097162,0.00068504
0.0035239,-0.0087308,-0.00022021
0.0025125,-0.0076926,-0.0012849
0.0034228,-0.0089633,0.00079567
0.0012811,-0.0094508,0.0042864
0.00043951,-0.0082939,0.0062718
-0.00010657,-0.0090261,-0.0018477
0.0043081,-0.0074653,-0.006369
0.0036015,-0.0097178,-0.002087
0.0016266,-0.0091541,0.0028302
0.0010284,-0.0081002,0.0029721
0.0019162,-0.0087479,-0.00098693
0.0030319,-0.0068809,-0.0026589
0.0040831,-0.0089267,-0.00040915
0.0069588,-0.0050646,-0.00025743
0.0079901,-0.0042121,-0.0035413
0.0099648,-0.0053371,-0.0029633
0.010028,-0.0049306,-0.0042237
0.0066803,-0.0046437,-0.0037586
0.0059543,-0.0057801,-0.004699
0.0070553,-0.0058575,-0.0039574
0.0049564,-0.0049088,-0.0054324
0.0053847,-0.0058245,-0.0029156
-0.0014341,-0.0052467,-0.0034259
0.00090642,-0.0071937,-8.931e-05
-0.0025419,-0.0082068,0.00039892
-0.001367,-0.0094612,0.00075299
-0.00095649,-0.0075959,-0.00023934
-0.0057053,-0.010467,-3.1248e-05
-0.0054421,-0.0094144,-0.002257
-0.0046694,-0.011265,-0.0028743
-0.0022625,-0.011516,-0.0028415
-0.0010809,-0.0096876,0.00079021
-0.00065589,-0.010398,0.0022149
-0.00024391,-0.0094597,0.0010787
-0.0027033,-0.0081775,0.0022972
-0.0032773,-0.0066143,0.00029632
-0.0058151,-0.0074775,0.00089781
-0.0055306,-0.0085082,0.0028774
-0.0024268,-0.0070582,0.0022834
-0.00028074,-0.007948,0.00029884
0.00047375,-0.0064787,-0.00082972
-0.0018796,-0.0053473,0.0017302
0.00051182,-0.0064009,0.00026615
4.5414e-05,-0.0050541,-0.00091503
0.0010287,-0.0047547,-0.00068059
-0.00014591,-0.0016786,-1.8173e-05
-0.0012489,-0.00022801,0.0012507
-0.0016839,-0.0020417,-0.00060734
0.0010205,-0.00056721,0.0007899
-7.3492e-05,7.845e-06,0.0046381
-0.0021987,-0.0030037,0.0021711
-0.004763,-0.003983,9.3384e-06
-0.0019601,-0.0050648,0.0028507
-0.0024799,-0.0090053,0.00054773
0.0030208,-0.010435,0.002946
0.0036715,-0.010097,0.0006672
0.0016977,-0.012712,0.0030261
-0.0066649,-0.0099889,-0.00069695
-0.004785,-0.010298,-0.0030025
0.00092797,-0.0068684,-0.001324
0.0047619,-0.0067724,-0.00084799
0.0078216,-0.0056369,-0.0029297
-0.00051136,-0.0058933,-0.00023995
-0.0019712,-0.0062993,0.0011829
-0.0068138,-0.005258,0.00047357
-0.0038065,-0.0051943,0.00025426
0.00031231,-0.0068534,-0.0021184
0.0022082,-0.0050306,0.0010792
0.0025156,-0.0040407,0.0014969
0.00045542,-0.0065364,0.0019152
7.4203e-05,-0.0086275,-0.00020877
-0.0011486,-0.0074694,-0.00033159
0.00013458,-0.008379,-0.0012978
0.002295,-0.009831,-0.0013572
0.0016642,-0.0096327,0.0016393
1.0438e-05,-0.0075386,0.002325
0.0016851,-0.0086891,0.00077416
0.00049169,-0.0091642,0.00099671
-0.00035601,-0.0084221,0.00063685
-0.0012513,-0.0071603,0.001029
0.0014108,-0.0096329,0.00057792
0.0020191,-0.0097701,-0.00047913
-0.00076407,-0.0079674,-0.0017603
-0.00067997,-0.007944,-0.00035805
0.00087748,-0.0082201,-0.0010776
0.0006152,-0.0048968,0.00022239
0.0032942,-0.0083723,-0.00042931
0.0034054,-0.0080585,-0.0010035
0.00055928,-0.0055669,-0.0013584
-0.0025782,-0.0061806,0.001196
-0.0014061,-0.0065498,0.00082012
0.00062515,-0.0062504,0.0027719
0.00037287,-0.0046932,0.0012273
-0.0020609,-0.0031492,0.0015767
-0.0021323,-0.0052299,0.0012101
0.0015739,-0.0050868,0.0029242
0.0022463,-0.0056127,0.0045255
0.0029636,-0.00799,0.0057386
0.0022802,-0.0058649,0.004911
-0.00056656,-0.010702,0.003409
-0.0013883,-0.012042,0.0046642
-0.0033604,-0.010392,0.00066325
-0.0011762,-0.010885,0.00072219
0.0048647,-0.013794,0.00030849
0.0003719,-0.01193,0.00051761
0.0014295,-0.01214,0.00062556
0.0010306,-0.012675,0.0019836
-0.0007234,-0.012512,0.0032157
-0.0027807,-0.012767,0.00027116
0.0029201,-0.012975,0.0005434
0.00068093,-0.010574,-0.0020424
0.001364,-0.011712,-0.0010431
-0.0014392,-0.012015,0.0006216
-0.0018155,-0.0090487,0.00071747
-0.0035555,-0.0097915,0.0010783
0.002923,-0.0095749,0.0016718
0.00089483,-0.0075161,0.0041379
0.0025637,-0.0078741,0.0032274
0.0022336,-0.0072779,0.00029325
0.0052606,-0.0059471,0.0017026
-0.00072737,-0.006163,0.0032302
-0.0044758,-0.0033936,0.0021656
-0.0047306,-0.0034845,0.0051565
-0.0020828,-0.0038428,0.0020322
0.00077891,-0.0044824,0.0019989
-0.0037948,-0.0020072,-0.00027818
-0.0018333,-0.0032273,0.0012745
0.00080169,-0.0035038,0.0028707
-0.00044823,-0.0016704,0.0013175
-0.0024898,-0.0035546,0.0041156
-0.00010837,-0.0028274,0.0036403
-0.0010677,-0.00026048,0.0023148
0.0020313,-0.00082486,-0.00031917
0.0021141,-0.0013888,0.00092768
0.0021923,0.00092487,-0.00062721
-0.0016168,0.0019559,-0.0021545
0.0016925,0.0025191,-0.0013203
0.00080313,0.0066883,-0.0027538
0.0027635,0.0067025,-0.00011957
-0.00085564,0.0068968,-0.0016695
-0.0022718,0.0092227,-0.0011947
-0.0009001,0.0081711,-0.00065868
0.00071247,0.011819,-0.0028741
0.0030087,0.011751,-0.0011068
0.0024088,0.012762,-0.0020459
0.0021752,0.013231,-0.0034509
-0.0002575,0.012694,-0.0026745
-0.0023571,0.015466,-0.0032627
-0.0013435,0.015225,-0.00034831
-0.0018062,0.013755,-0.001359
0.0011642,0.015257,-0.0021347
0.0021335,0.013797,-6.4961e-05
0.00046563,0.013307,0.0028768
0.0019346,0.013125,0.00046702
-0.0036579,0.012606,-0.0024444
-0.0023902,0.014187,-0.00137
-0.0012258,0.012982,-0.0021143
0.00099401,0.012928,-0.0018132
0.0024109,0.01294,-0.0026356
-0.0012664,0.013009,-0.00074873
-0.0028854,0.012372,-0.001587
-0.0033456,0.010523,-0.0010183
-0.0019302,0.01161,-0.00033681
0.0015737,0.0092115,-0.0013424
0.00044013,0.010155,-0.0012651
-0.0020908,0.0099589,0.0010706
-0.0012492,0.010579,-0.0013971
-0.00059537,0.010881,-0.00077124
0.0011103,0.011555,-0.00040372
0.00045847,0.013279,-0.0033165
-0.003136,0.015679,-0.0015291
-0.0027004,0.015405,-0.0030238
-0.00038501,0.016472,-0.0023346
0.001696,0.0172,-0.0021793
0.0027864,0.016203,-0.00097253
0.0010992,0.017223,0.0018826
0.00020048,0.01557,-0.0013207
-0.0034229,0.018632,0.0010706
-0.0030129,0.016141,-0.0024259
-0.0022312,0.016305,0.0025498
-0.0012496,0.013491,0.00021553
3.2152e-05,0.013904,0.0032222
0.00081381,0.012208,0.00081716
0.0001164,0.013444,-0.0017274
-0.00041225,0.012779,-0.00036434
-0.0010968,0.011754,-0.0025951
0.00040829,0.013171,-0.00018931
0.0004431,0.011315,3.8219e-05
0.0020312,0.0098589,-0.00054981
-0.0016789,0.0069113,-0.0022227
-0.0042112,0.006601,-0.00086838
-0.005322,0.0082873,-0.0013606
-0.0026783,0.0065437,-0.0025773
-0.001569,0.0089245,-0.00076787
-0.003235,0.0070932,-0.00047248
-0.0040856,0.0093994,-8.6339e-05
-0.0024661,0.0081521,0.0014974
-0.00051082,0.0097943,0.00020737
0.0020899,0.0085637,0.00069057
-0.001037,0.0088084,0.0031699
0.0003232,0.011654,0.001541
0.001739,0.011375,0.0010672
0.00046493,0.013168,-0.0016015
-0.0014516,0.016309,-0.0048442
-0.0024266,0.020121,-0.0035571
-0.0021027,0.021086,-0.0027107
-0.0011895,0.024058,-0.0016444
-0.0018176,0.023259,-0.0011777
-0.0033344,0.022546,0.00091778
-0.0030733,0.021713,-0.00083608
-0.0046867,0.022764,-0.0015728
-0.0042667,0.020941,-0.0011436
-0.0014615,0.022825,-0.001932
0.0022977,0.023035,0.00055796
0.00050719,0.021754,0.0011727
-0.0037339,0.020653,0.0020969
-0.0035001,0.018779,-0.0017236
-0.0026413,0.020307,-0.0017499
-0.00038001,0.020173,-0.00010341
0.00044208,0.020528,-0.0008737
0.00030945,0.020727,-0.0036244
-0.001058,0.019651,-0.00042643
0.0028743,0.020542,0.00050767
0.0016753,0.019302,-0.0024779
0.0019903,0.017793,0.00086877
0.0015976,0.019757,-0.00074012
0.0040121,0.01983,-0.0018144
0.0064589,0.017195,-0.00064145
0.0046216,0.017278,-0.00073141
0.0045998,0.01758,-0.0015948
0.0036035,0.018458,-0.0022088
-0.00039926,0.018144,0.00086915
-0.0006033,0.019062,0.0010208
0.0057745,0.016383,0.0028517
0.0047964,0.015887,0.0013904
-0.0016175,0.017316,-0.0035402
0.00039945,0.017453,-0.0040767
0.00045296,0.017789,-0.0029216
0.0024484,0.017588,-0.0010368
0.001211,0.016369,-0.0023624
0.0034008,0.018517,0.00054521
0.0078442,0.020135,0.0010011
0.0032312,0.023469,-0.00012387
-0.0012203,0.026321,-0.003587
0.0021445,0.027564,-0.005089
0.00072612,0.028552,-0.0023395
0.004784,0.028465,-0.0032024
0.00070395,0.027372,-0.0013712
-2.5561e-05,0.028835,-0.00028022
0.0038205,0.028028,-0.0028005
0.0039624,0.026934,0.001279
0.00087107,0.024202,-0.0018906
0.0027198,0.022562,0.00041661
0.00077685,0.022915,-0.00062545
0.0013275,0.022174,0.00058936
0.0025482,0.021884,0.00051919
0.0029248,0.020282,0.0010012
0.0042879,0.019738,0.00072956
0.0043434,0.021973,-0.00090572
0.00061252,0.020019,-0.0015939
-0.0016741,0.0221,-0.0014999
-0.001238,0.022346,-0.0041984
-0.0011295,0.021963,-0.0059985
-0.0025808,0.02127,-0.0045984
0.0019894,0.020636,-0.0012142
0.0017096,0.020425,-0.005576
-0.00053372,0.023216,-0.0017105
-0.0042529,0.024174,-0.0013417
-0.0042968,0.025098,-0.003331
-0.0044572,0.023507,-0.0014852
-0.0028408,0.025546,-0.0014658
-0.00040466,0.024132,-0.0015762
-0.00076863,0.022553,0.0011699
0.0018972,0.021136,0.0016506
-0.00038438,0.021931,0.0014972
-0.0035773,0.022344,0.00038735
-0.00064137,0.022481,-0.002692
0.0045256,0.021749,-5.1726e-05
0.0094802,0.020715,-0.0019215
0.0078193,0.020403,-0.0037809
0.002948,0.021327,-0.0055286
-0.0011355,0.020331,-0.0043269
0.00017129,0.019766,-0.0080752
-0.00024095,0.020746,-0.0041748
-0.00026544,0.019732,-0.00095891
-0.0014537,0.019233,-0.00078221
0.00010711,0.020224,7.6386e-05
0.0031322,0.01869,-0.0040771
0.0016907,0.020491,-0.0036968
-0.0030268,0.017279,-0.0016992
-0.0051527,0.015408,0.0031012
-0.0028506,0.0158,-0.0012179
-0.0022685,0.011981,-0.0003806
-0.00037657,0.010166,-0.0001078
0.0036893,0.0091024,-0.00092368
0.001715,0.0065071,-0.0032695
0.0043917,0.0055617,3.3881e-05
0.0066132,0.0055644,-0.00027462
0.0048945,0.0070569,-0.0036877
-0.008613,0.0046533,8.5098e-06
-0.0098854,0.0022741,0.0016148
-0.0022488,0.0021527,0.0025593
0.0019367,-0.002539,-0.0012007
0.0028227,-0.0033654,0.00070851
-0.00044811,-0.00099099,-0.0028054
0.0024961,-0.0025693,-0.0023295
0.00070944,-0.0028604,-0.0011763
0.0026202,-0.0043457,-0.0018826
0.00049751,-0.0029114,0.00037879
-0.0012158,-0.0065077,-0.0022559
-0.0030126,-0.0072079,0.00037476
0.0011767,-0.005621,0.002807
-1.6345e-05,-0.0090885,0.0017047
0.00078393,-0.0079373,5.0702e-05
-0.0015518,-0.0070176,0.00073448
-0.0024216,-0.0068518,0.0018238
-0.0033155,-0.0063337,0.00030322
0.00031223,-0.0067189,0.00034066
0.0014848,-0.0072387,0.00016988
0.0016943,-0.0060878,0.0016004
0.00098461,-0.0069806,-0.0024338
0.0016988,-0.0062451,-0.0013845
-0.00048497,-0.008728,-0.0004659
-0.0008097,-0.0066293,0.00022381
-0.0031252,-0.0064698,-0.00030246
-0.00065854,-0.0073953,0.0014107
0.00099407,-0.0066192,0.00011864
0.00092169,-0.0097604,0.001903
0.0022199,-0.0096333,0.0022334
0.0028027,-0.0094391,0.00078126
-0.0005241,-0.0097399,7.3076e-05
-0.00034129,-0.007577,-0.0017629
-0.00078081,-0.0045997,-0.0019185
-0.0011787,-0.0035686,-0.0025865
0.003264,-0.004061,0.0013024
0.0010791,-0.0031202,-0.00069963
0.0015164,-0.0047492,0.00061793
-0.0015291,-0.0031463,0.0025707
0.0029612,-0.0021944,0.0014099
-0.00075385,-0.0041333,0.00087458
-0.00094822,-0.0038205,0.0027747
-0.0039045,-0.0025638,0.0027872
-0.0027138,-0.0056284,-0.0005257
0.0014401,-0.0047184,0.00023455
-0.0002101,-0.0071306,0.0019648
0.00017589,-0.0056963,0.0038526
-0.0014969,-0.0075997,0.001613
-0.00059344,-0.0088673,0.0036303
0.0022904,-0.0091169,0.0044808
0.001919,-0.012499,0.0032568
0.0013809,-0.010526,0.0027868
-0.0034385,-0.011762,0.0013139
-0.0012881,-0.0097402,-0.0010224
0.00011327,-0.011065,-0.00073773
0.0016829,-0.013071,-0.00048851
-0.00013671,-0.011203,-0.0003365
-0.0016009,-0.010881,-0.0030991
-0.0020707,-0.010457,-0.00036059
-0.0014706,-0.0086877,0.0032322
-0.0011955,-0.0076015,0.0005659
-0.00098071,-0.0086622,0.00054186
-0.00052459,-0.010129,-0.00026605
0.00041542,-0.0072867,0.00046018
0.0010608,-0.008749,-0.00048329
-0.00071054,-0.0077404,0.00034967
-0.0010144,-0.0092735,0.000666
0.00066697,-0.010817,0.0019859
-0.0026742,-0.0079039,0.0020845
-0.004334,-0.010815,0.0014904
-0.0010549,-0.0098905,-7.6471e-05
0.00081832,-0.0094986,-0.00072776
-0.0017529,-0.0093757,0.00088857
-0.00073728,-0.008325,-0.0019602
0.00081611,-0.0096805,0.00013792
0.0009285,-0.0088436,0.0020386
-0.00028914,-0.0081512,-0.00064564
-0.0013686,-0.010054,-0.00069663
-0.00052393,-0.009103,0.0017753
-0.0010159,-0.0076455,-0.00047363
-0.0022401,-0.006389,0.00097194
-0.0039984,-0.0037148,-0.00024632
-0.0026719,-0.0040315,0.00019683
-0.0014895,-0.0024579,-0.0003069
-8.3134e-05,-0.0037049,0.00049412
0.00031631,-0.0012896,0.0004607
0.0021566,-0.0015006,0.00036485
0.0015368,-0.002219,0.0011241
6.5968e-05,-0.0019153,-0.00098716
-0.00074417,-0.0026561,0.0035597
-0.0014643,-0.0010268,0.00085269
-0.0034018,-0.0019644,-0.0011513
-0.0034739,-0.0025588,0.0006804
-0.00078536,-0.00020792,0.0018537
0.0017089,9.8484e-05,-0.00019227
-0.0015481,-0.0017851,-0.0018289
-0.003407,-0.00047653,-0.00093419
-0.0013003,0.0010652,-0.0012144
-0.0017925,-0.0017932,0.0016647
-0.00066715,-0.0018919,0.0022467
-0.001307,-0.00058137,-0.00051107
-0.0020865,-0.0014479,-9.463e-05
-0.0024573,-0.0010716,0.0011594
-0.0010307,-0.0028847,0.0011148
0.0010459,-0.0042866,-0.00063088
-0.0042893,-0.002613,0.0005158
-0.0022535,-0.0022846,0.00034412
-0.0056124,-0.0066837,0.0017062
-0.0019765,-0.0091037,0.00036531
0.00072543,-0.0070535,0.0020104
-0.0011163,-0.0088604,-0.0021558
0.00049959,-0.0035897,0.00037254
-0.0012338,-0.0091612,0.00023187
-0.0022715,-0.0088271,0.00074326
-0.00062662,-0.0087503,1.2685e-05
0.001021,-0.0094644,0.0022024
-0.00022109,-0.011363,0.0022786
0.00082538,-0.010079,0.0014367
-0.00068143,-0.012855,0.0018456
-0.0039518,-0.010881,-0.0010499
-7.6417e-06,-0.010926,-0.0030665
0.00016285,-0.010522,0.00047465
-0.0018321,-0.01145,-0.0023279
-0.0042294,-0.0122,-0.00011854
-0.0045942,-0.012362,0.0033073
-0.0017662,-0.014706,0.002881
0.00045353,-0.014338,0.0036066
-0.00052031,-0.014653,0.0046976
-0.002864,-0.014364,0.0014556
-0.002376,-0.013891,0.0020391
-0.0006385,-0.013542,0.0015755
-0.0025982,-0.014377,-0.0013518
-0.0016532,-0.013788,0.0033476
-0.0021174,-0.014474,-0.0019739
0.00083885,-0.013225,-0.00050344
-0.002289,-0.012,-0.0032169
-0.0010523,-0.010294,-0.0023241
0.0012977,-0.0071961,-0.0010017
0.0003505,-0.0096978,-0.0033331
-0.0019028,-0.0095555,-0.0017247
-0.0053464,-0.0086968,-0.0037012
-0.0015237,-0.0095425,-0.005058
-0.00053568,-0.0074057,-0.0045489
-0.00095639,-0.0074659,-0.0047655
-3.375e-05,-0.0043354,-0.0028758
0.0035077,-0.0028311,-0.00060944
0.0053469,-0.002443,-0.0018658
0.0061012,-0.0013809,-0.0017789
-9.1963e-05,0.00030225,-0.00026224
-0.0016815,-0.0020408,-0.00012391
-0.00026252,-0.0020959,-0.00060229
0.00093529,-0.001641,0.0020466
-0.00053427,-3.5907e-05,0.0013308
0.0018359,-0.00071016,-0.00053556
0.0024952,-0.001528,0.00066803
0.00062141,-0.0025226,0.0017813
-0.00015985,-0.0040254,0.0029777
-0.0025027,-0.0076254,0.0021238
0.0016784,-0.0096272,0.0023828
-0.0025201,-0.013086,0.0015393
-0.00067388,-0.012696,-0.0021496
9.1497e-05,-0.01197,-0.0023625
0.0015302,-0.012833,0.00053658
-0.0032448,-0.0093762,-0.00068951
-0.00050128,-0.013578,-0.0011869
0.0010042,-0.013139,0.0015932
0.0032261,-0.014588,-0.00084975
-0.0028318,-0.013501,-0.0010442
0.0015025,-0.012918,-0.002174
0.0012418,-0.013647,-0.003049
0.0014605,-0.011068,-0.0039792
0.0010731,-0.0098094,-0.0065844
-0.00080798,-0.0094008,-0.0020938
-8.2332e-05,-0.0076452,0.00056422
0.0015189,-0.0052986,0.0012655
0.0012565,-0.0029629,0.0020273
0.00033505,-0.0037816,0.002142
0.0019958,-0.0050422,0.0026958
0.0030519,-0.0043527,0.0021596
0.000953,-0.0052132,-0.00059454
0.0026084,-0.0060494,-0.0011465
-0.0018182,-0.0056931,0.000637
-0.0054226,-0.0081286,-0.0029074
-0.0019477,-0.0071111,-0.00074665
0.0019543,-0.0051947,0.00109
0.0019856,-0.0038132,0.00089125
0.0023331,-0.002988,0.0046612
-0.0033284,-0.002377,0.00072885
-0.0002743,0.00039731,0.00021463
0.0011732,0.00415,-0.0055485
-0.0043292,0.011297,-0.0053175
-0.00075875,0.011609,-0.0052743
-3.2721e-06,0.011612,-0.0013431
0.00013312,0.0096015,0.0034032
-0.00054129,0.0087535,0.0036075
0.00076797,0.0060647,0.0027617
0.0032166,0.0038961,0.0013442
0.0023111,-0.00047827,0.0016171
0.0016821,-0.0040904,0.0044374
0.00027112,-0.0078255,0.0018284
0.00026896,-0.010268,0.0035869
0.0010657,-0.012868,0.0045968
0.00094565,-0.014629,0.00075723
-0.0023353,-0.017813,0.0016619
-0.00081636,-0.019396,0.0047748
0.0012942,-0.023376,0.0040161
0.0013983,-0.024441,-0.00051136
0.0011128,-0.02582,-0.00058583
0.0023449,-0.028049,0.000921
0.0027688,-0.028881,-0.00088841
0.0012629,-0.029366,-0.0012083
0.0014294,-0.029796,-0.0012017
-0.0005292,-0.030155,0.0015836
0.00295,-0.03087,-0.0024376
-0.00057258,-0.030376,0.0015875
0.00059398,-0.030151,-0.00087452
0.0033214,-0.026409,-0.0039808
0.0015998,-0.021976,-0.0023891
-0.0022694,-0.017415,-0.0064041
-0.0053542,-0.010396,-0.0072853
0.0014481,-0.0059413,-0.0035333
0.0071333,-0.0012129,-0.0038657
0.0054319,-0.00041118,-0.00048918
0.00047655,0.002221,-0.0011432
-0.0011873,0.0030387,-0.0009752
0.0012538,0.0015972,0.0014429
0.0014159,0.0035506,0.0033982
0.0061463,0.0024692,0.0013492
0.0045412,0.0019462,0.0018472
0.0039922,0.0023118,-8.2094e-05
-0.0016648,0.0026485,-0.00067363
-0.0023296,0.00072503,-0.0012015
-0.0015669,-0.00017162,-0.0010755
-0.0012286,-0.00022187,-0.0024738
0.0010786,-0.0015807,-0.0039033
0.00057454,-0.0019828,-0.00086381
0.00095304,-0.002162,-0.0012759
0.0043747,0.00075751,0.0019399
0.0017303,-0.0028116,0.0034379
-0.00094575,-0.0035978,0.0011063
0.00017859,-0.0063577,0.0065777
0.0008614,-0.0087081,0.0040006
0.001235,-0.0087833,0.0031832
0.00065435,-0.010215,0.0015897
0.0023093,-0.0092543,0.0011181
0.0018071,-0.0086123,0.0012472
-0.0012118,-0.0098276,0.0002801
0.00017659,-0.0095262,-0.00016102
0.0027905,-0.0088946,0.00022192
0.0027311,-0.010135,-0.001869
0.00080982,-0.008976,0.00027484
0.0010706,-0.0067925,0.00042437
0.00272,-0.0071128,-0.00021933
0.0016396,-0.0053939,0.0031406
0.0026144,-0.0060903,0.0046047
0.0066516,-0.0060319,0.0013706
0.0066257,-0.0050014,0.0054471
0.0031599,-0.003597,0.0027477
-0.0016731,-0.0050065,0.0013357
0.0018199,-0.0046555,0.0052067
-0.00071083,-0.0032589,-0.00082802
-0.001226,-0.0041494,-0.0010285
-0.0024185,-0.0018958,-0.00031573
-0.0041046,-0.0012321,0.0017315
-0.00040602,-0.00029799,0.00067063
0.00055823,-5.1119e-05,0.0051881
0.00036812,-0.00051867,0.0053894
0.0016348,-0.0021259,0.0047629
0.00057556,-0.0016675,0.0024905
0.0013033,-0.00077643,0.00011444
-0.00026156,-0.0022269,0.0016775
-0.0015338,0.00067626,-0.00074321
-0.0019769,0.00038508,-0.0033442
-0.0029748,-0.00030234,-0.00065526
-0.0021188,-1.613e-06,-0.0031998
-0.0013419,0.00099261,-0.0018709
0.00026818,0.00027078,-0.0021656
-0.0016276,0.0021899,3.5627e-05
-0.0010269,0.0022852,0.00080628
-0.0042223,0.0018491,-0.0017985
-0.0019299,0.0012016,-0.0025083
-0.0014398,0.00042067,-0.0021583
0.00070787,0.0016311,-0.0026668
0.00057407,0.00050245,2.2568e-05
-0.0032972,0.001812,0.00020361
-0.0036616,0.0010727,0.0012834
-0.0048292,0.00085872,0.0023977
-0.0033011,-0.00012079,0.0014948
-0.00025693,0.0025905,0.0023555
0.00094015,0.0015195,0.0025175
0.00030073,9.7023e-05,-0.00069545
0.00018089,-0.00038565,0.0051855
0.0010902,0.00012548,0.00090916
0.00028022,0.0003406,0.0032392
-0.0034041,-0.00050478,0.0012975
-0.00063371,-0.00027891,0.00050349
-0.0013555,0.00055021,0.0012933
0.0032852,-7.4234e-05,-0.0016352
-0.0002559,-0.00047562,0.0018815
-0.0012552,-0.0010253,0.001048
-0.0037004,-0.0012358,0.00051473
-0.0014032,-0.00081678,0.0032662
4.3389e-05,-0.00098416,0.0014226
-0.00093552,-0.0010691,-0.0015092
-0.0019078,0.0034189,-0.0008111
-0.0018412,-0.00081991,-0.0026853
-0.0011411,0.00029542,-0.0008387
-0.0026386,0.00024142,-0.0012547
-0.0030664,0.0009987,-0.00090505
-0.0041523,-0.00032166,0.00010727
-0.0042164,-0.0014883,0.0015374
-0.003513,-0.0020675,0.00056622
-0.0028428,-0.00036397,0.0038973
-0.0012199,-0.0022194,0.0022097
-0.00040568,-0.0026575,0.0026468
0.00077944,-0.0018368,0.0007078
-0.0014404,-0.0015537,0.00048026
-7.7055e-05,-8.5996e-05,0.0007746
2.4175e-05,0.00028443,0.0011596
0.0012072,9.3373e-05,0.0017231
-0.0011369,0.00043608,0.0047609
0.0010409,-0.0001991,0.0017481
0.00078225,-0.00037102,-0.00019866
-0.00020622,-0.00013983,0.0020409
0.0020257,0.0019103,-0.00011738
0.0019709,0.0016081,-0.00056457
5.2919e-05,0.00061553,-0.0024366
0.00040057,0.0028962,-0.0010879
0.00053627,0.00034373,-0.00016745
-0.00016764,0.0016179,0.0018758
0.0010009,0.003475,0.00053625
0.0013583,0.0026556,-0.0012027
0.0026984,0.0053329,0.0013521
0.0024254,0.0063757,-0.00063834
-0.00082543,0.010082,-0.0017849
-0.0035681,0.011557,-0.0023016
-0.0068328,0.013748,-8.0083e-05
-0.0042472,0.015557,0.00072523
0.00018501,0.019785,0.00011313
-0.0013314,0.021894,-0.004171
-0.0028179,0.02137,-0.00097457
-0.0044077,0.025339,0.0015378
0.00083668,0.024491,0.0020777
0.0032081,0.027044,0.0019722
0.0021834,0.026555,0.0017866
-0.00015939,0.025451,0.001429
-0.0016668,0.027674,0.00093929
0.0012874,0.027827,0.0028532
-0.0024783,0.025437,0.0016452
-0.0015008,0.024758,0.0018072
-0.0020963,0.02484,0.0012545
-0.00049885,0.026512,0.003007
-0.0012242,0.024928,0.0033786
0.0047884,0.026938,0.0010871
0.00058054,0.023624,0.0032824
0.0025056,0.020424,0.0042
-0.00019026,0.021077,0.0027707
-0.00087511,0.019426,0.00036883
0.002082,0.019768,-0.00063868
0.00017828,0.019845,0.00026394
0.0020837,0.018437,0.0024514
0.00028702,0.01772,0.0015468
-2.1417e-05,0.019221,0.0014347
-0.0014879,0.020288,0.00547
-0.00021507,0.017259,0.0046907
-0.00058198,0.018623,0.0013609
0.00056873,0.017905,0.00097583
0.0042809,0.017374,0.002292
-0.00069364,0.018536,-0.0029429
0.0023338,0.019329,-0.0035732
0.00014587,0.021528,-0.0030798
-0.0030902,0.0225,0.0016742
-0.0035788,0.021132,0.0005653
-0.002778,0.025614,0.00019447
-0.000327,0.027338,0.0028209
-0.00030217,0.027007,0.0030341
0.0024508,0.027997,0.002274
-2.3955e-05,0.025505,0.003461
7.2479e-05,0.025695,0.0051742
-0.0016934,0.026486,0.0029591
0.00058904,0.027009,0.0029643
-0.00069973,0.023666,0.0012414
0.0011715,0.020797,0.0018156
-0.0023692,0.020683,0.0025877
-0.0031264,0.0194,-0.00024395
-0.0016419,0.019454,0.0004218
0.0044099,0.018461,-0.00064626
-0.00044662,0.019756,0.0031582
-0.0026152,0.018969,0.001396
-0.0062541,0.019756,-0.0011633
-0.0035312,0.022238,-0.00054618
-0.00028921,0.020452,0.00054226
0.00042963,0.025379,0.0030128
0.0022953,0.024426,0.0019114
0.00069284,0.024537,0.0036934
0.00038319,0.025001,0.0050832
-0.0007019,0.026446,0.0055418
-0.00060866,0.024865,0.0032015
-0.00050877,0.02509,0.0020547
0.00095304,0.025632,0.0013871
0.0037554,0.02588,0.00084215
0.0015626,0.027,-0.00018495
0.0014447,0.026099,0.00061403
-5.9821e-06,0.027309,0.00097632
-5.2652e-05,0.027091,0.002394
-8.6201e-05,0.026533,0.0030266
0.001323,0.027008,0.0048632
0.0006868,0.027708,0.0030908
-0.001144,0.026477,0.0034769
0.00029361,0.025658,0.0027274
0.0012181,0.025699,0.0026566
-0.00045872,0.025257,0.0025392
-0.00037557,0.024456,0.0010064
-0.0034658,0.025513,0.00022298
-0.0018254,0.02477,-0.00024238
-0.00046636,0.024899,-0.00037554
0.00080224,0.02422,9.1956e-05
0.0022011,0.027105,0.0017032
0.0029992,0.023971,-6.8977e-05
0.00043778,0.024256,0.003221
0.00018719,0.023998,0.0010414
9.0216e-05,0.022281,0.0044594
0.0040493,0.01907,0.0033308
0.0016017,0.020986,0.00012623
-0.0011099,0.020814,-0.0011472
-5.9519e-05,0.020457,0.0016607
0.0055881,0.022171,0.0011515
0.0025206,0.020416,-0.001803
-0.0023145,0.023358,0.00048115
-0.0021674,0.019585,-0.00071404
-0.0012576,0.021014,0.00061853
3.9039e-05,0.021099,-0.00032101
-0.0028805,0.015932,0.0017478
0.00016411,0.011727,0.0014967
0.00204,0.0082559,0.0054789
0.00031179,0.0082031,0.006137
-0.00093118,0.0068823,0.003443
-0.0018973,0.003039,0.0068361
-0.001929,0.0021687,0.0041889
-0.0027991,0.00094929,0.0001214
-0.0035102,0.0016114,-0.0027076
-0.0041145,0.00090302,-0.0015327
-0.0027696,0.0011061,-0.00089934
9.803e-05,0.00088552,0.00040818
0.0024298,0.001103,-0.0010999
0.0019897,0.0023699,0.0030914
0.00053789,0.0003832,0.00058949
0.0012805,0.0019593,0.00065148
-0.00073322,0.0019388,-0.00014927
-0.0011673,0.0012335,0.0011158
-0.0023712,0.0011502,0.00024695
0.000207,0.0019789,-0.00036021
-7.8271e-05,0.00038617,0.00044833
-0.0021381,-0.00019892,0.00050565
0.00058959,0.00087709,0.0019803
0.0035251,0.0014902,0.0044829
-0.0017637,3.6065e-05,0.00026273
-0.00086345,0.0013661,-0.00096391
-0.00048993,-0.0013771,-0.0022596
0.0023858,0.00048611,0.00068889
0.0020833,-0.0011591,0.001599
0.0026837,-0.002686,0.0028576
-0.0030017,-0.00086711,0.0022841
-0.0035897,0.00074142,0.00093023
0.00093416,0.00057351,0.00021676
0.0012862,0.0013477,-0.0023654
-0.00023811,0.0015469,-0.0034317
-0.0012593,0.0023583,0.00072079
0.00063964,-0.00098116,-0.0008877
0.00089882,-0.00049414,0.0024076
0.0024779,-0.00043958,0.0014713
0.0010758,0.0017146,0.00083919
-0.0021434,0.00011347,0.0010393
-0.00057478,-0.0013618,-0.0013601
0.00022165,-0.0002753,-0.0031663
0.0024738,-0.0013761,-0.0057709
0.0014314,0.0017441,-0.0044625
0.00064508,0.00012978,-0.0056568
0.001381,-0.0025046,0.00076425
5.7405e-06,-0.00074483,0.0037133
-3.4695e-05,0.00036053,0.0059078
-0.00138,-0.00064924,0.0032246
-0.001575,-0.0010834,0.0048613
-0.0011635,-8.5916e-06,-0.001306
-0.00076152,-0.0012467,-0.0014177
-0.0004746,0.00097753,-0.0033565
0.0027615,-0.00065197,0.0031329
0.00047595,-1.972e-05,0.0026304
-4.4434e-06,-0.0024881,0.0028263
0.0027655,-5.6604e-05,-0.00043028
-0.0027061,-0.0017407,-0.0051137
-0.0051673,-0.0016654,-0.0023115
0.0030525,-0.0016875,-0.0050339
0.0026304,-0.0014426,0.0022289
0.0014246,-0.0013949,-0.0018892
0.00093084,-0.00015293,-0.00047326
0.0010908,-0.000486,8.5026e-06
-0.0031002,0.00010902,-0.0018064
-0.0036962,-0.0010177,0.0013315
-0.001684,-0.00025095,-0.00029361
0.0009006,0.00019419,-0.0011202
0.0013035,0.0016294,0.00030989
0.0012304,0.0015537,0.0014137
-0.0017774,0.0014433,0.0036426
0.00022619,0.0033936,0.00019299
-0.0026593,0.0049215,0.0015516
-0.0021336,0.0032758,-0.00051743
-0.00071461,0.0038707,0.0014631
0.0018817,0.0038472,0.0011694
1.2168e-05,0.0026061,0.0028348
0.0029256,0.0033171,0.0009058
3.1005e-05,0.0032902,-0.0021551
-0.0001723,0.0031602,-0.002124
-0.00062005,0.0025926,-0.0035655
0.00060743,0.0043582,-0.0014905
-0.00096462,0.0022299,-0.00046492
-0.00060106,0.0046097,-0.0014992
-0.0028377,0.0017716,-0.00019328
0.0022086,0.0025639,-0.002354
0.0013096,0.00076739,-0.0014524
-0.00022966,0.00027259,-0.006413
0.0019138,0.0011512,-0.002148
-0.0020404,-0.00053811,-0.0018382
0.00057288,-0.003447,-0.0013493
0.00087155,-0.0028145,-0.0014009
0.0010391,-0.0059041,-0.00022775
-0.00069514,-0.0092377,-0.00057722
0.0012194,-0.0098183,-0.0024793
-0.00072471,-0.01411,-0.0025266
0.0026405,-0.015853,-0.00079438
0.0019088,-0.01646,-0.00065473
0.0019541,-0.019117,-0.0061456
0.0039937,-0.018358,-0.0053777
0.0016525,-0.018359,-0.00081407
0.00092699,-0.019214,-0.002231
-0.00080279,-0.020917,0.00011736
0.00055538,-0.022138,-0.001749
-0.0017429,-0.020782,-0.0019031
-0.0026176,-0.01991,-0.0056882
-0.0036167,-0.022412,-0.0020921
-0.00035579,-0.020009,-0.0056202
0.00073125,-0.01974,-0.0047373
0.002143,-0.01964,-0.006426
0.0009344,-0.02003,-0.0031766
0.00090551,-0.024343,9.9022e-05
0.0024371,-0.023932,0.0002705
0.0033197,-0.025172,0.005847
0.0057723,-0.027632,0.0020712
0.0028146,-0.028476,0.00091238
1.6352e-05,-0.029199,0.00082802
-0.0005217,-0.027055,-0.0039227
0.0009944,-0.028186,4.8093e-05
0.00047837,-0.028644,-0.0035377
-0.0025093,-0.03045,-0.0078821
0.00011649,-0.03259,-0.0036396
0.00016797,-0.029599,-0.0066428
0.0035381,-0.028132,-0.0064592
0.0012384,-0.028285,-0.0039771
0.0031187,-0.029026,-0.0040108
0.0032303,-0.028312,-0.0039652
9.5831e-05,-0.028567,-0.0031836
-0.002479,-0.03024,-0.0029302
-0.00059034,-0.028488,0.00043535
0.0031048,-0.029227,-0.0048489
0.0030169,-0.029534,0.0034002
0.00075687,-0.027007,-0.0051083
-0.0010412,-0.025615,-0.0058583
-0.0043876,-0.026497,-0.00075706
-0.0053471,-0.026059,0.0012488
-0.00032384,-0.024399,-0.0023984
-0.0015769,-0.023329,-0.0038739
0.00053221,-0.022429,-0.0016752
0.00063026,-0.022698,-0.0013198
-0.0011419,-0.017799,-0.008467
0.0024481,-0.017039,-0.0035447
0.00019108,-0.01579,-0.0039042
0.00014307,-0.012247,-0.003835
0.0006896,-0.013577,-0.0015063
0.0019932,-0.012928,-0.00020842
0.0040838,-0.011063,-0.0011189
0.0019233,-0.010468,0.00045635
0.00048045,-0.0072533,-0.00088036
-0.00061472,-0.0037263,-0.00049092
-0.0025422,-0.0043175,-0.0022821
-0.0018361,-0.0030377,0.00038044
-0.0015849,-0.0038353,-0.0018864
-0.0012056,-0.0019873,0.00030255
0.0006746,-0.0045436,-0.0013385
0.0022977,0.00040657,-0.0011024
0.00024464,-0.00018687,0.0025149
0.0030479,-0.0015335,0.0023476
-0.00056373,-0.0015825,0.00054378
0.00010433,0.00056764,0.00021129
-0.0020037,0.0014386,-0.00030297
-0.001811,0.0072309,-0.0020949
-0.0024109,0.0064646,-0.002379
0.00039271,0.0066388,-0.0020914
0.001194,0.0056614,-0.00055596
0.0042337,0.0072544,-5.4441e-05
0.0014067,0.011229,-0.0027696
0.001594,0.013146,0.0035608
0.00030972,0.014105,0.0031273
0.0017018,0.014935,0.0039885
0.0022134,0.013679,0.003333
0.0015071,0.01636,0.004735
0.0036617,0.017505,0.006274
0.0058299,0.016576,0.0052535
0.013696,0.01619,0.004104
0.013386,0.018572,-0.0061037
0.010447,0.021431,-0.00032222
0.0045049,0.022126,0.0028701
-0.002102,0.024146,-0.0051062
-0.0036276,0.027568,1.1305e-05
-0.004293,0.029187,0.0025384
-0.0048806,0.033833,0.0067777
0.0028948,0.037195,0.0061595
0.0073979,0.039268,0.008613
0.0088435,0.039578,0.0082974
0.0078238,0.040362,0.0012706
0.0054104,0.041742,0.0023751
0.00067582,0.042771,0.0022437
-0.0045999,0.039253,0.0017208
-0.0065149,0.040932,0.0010342
-0.0063146,0.043031,0.00032477
0.0010529,0.045628,0.0069825
-0.00097498,0.044495,0.0016237
0.0028551,0.043483,0.00051724
0.0032103,0.040448,0.0040066
0.0020586,0.036443,0.0076691
0.0030909,0.032523,0.0052363
-0.00066889,0.030008,-0.0024369
-0.0042098,0.024119,0.00068347
-0.0003113,0.021976,0.0020205
-0.0010797,0.017588,0.0048179
-0.00094736,0.019377,0.0023432
0.00013468,0.017659,0.0030044
-0.00012414,0.016384,0.0014041
-0.0018987,0.01897,0.0027154
0.00088919,0.02025,0.00098603
-0.0014005,0.022629,-0.0032828
-0.00093876,0.026282,-0.00074719
0.00087357,0.027309,0.00020965
0.0010708,0.030195,0.0018912
0.0045016,0.034637,3.9484e-05
-0.00068624,0.036163,-0.0017884
-0.00093788,0.039659,0.002564
-0.0054911,0.040995,0.0054513
0.00033367,0.040968,0.0021576
0.001026,0.042804,0.00074323
-0.00067104,0.042204,0.0018861
-0.00095584,0.0404,0.0049965
-0.0027793,0.042044,0.0040795
-0.0023907,0.042341,0.0052305
-0.0011635,0.040018,0.005121
0.0010723,0.038638,0.0013528
0.0021075,0.035441,0.0032663
0.0026432,0.034033,0.0018256
0.0041877,0.02851,0.0035255
0.002092,0.028029,0.0016668
-0.00068902,0.029227,0.00041794
-0.0011987,0.030006,0.0015265
0.00058807,0.028144,0.0055621
-0.0010772,0.027946,9.3468e-05
-0.0015734,0.031296,0.001462
7.4746e-05,0.03045,0.0020116
0.0030072,0.03271,0.0017886
0.0043635,0.034977,0.00020644
0.0029689,0.033734,0.0023234
-0.0015128,0.032,0.0033888
-0.0066459,0.033131,0.005184
-0.0015568,0.0346,-0.0022904
0.0047811,0.035228,0.0022755
0.0050374,0.032999,0.00025434
0.0023355,0.032571,0.0017884
-0.00066012,0.033796,0.00043304
0.0010731,0.028619,0.0029926
0.00037932,0.029252,0.0033698
-0.00032768,0.026164,0.0011459
0.00061512,0.024431,0.0035847
0.0019005,0.019621,0.0016773
0.0028459,0.01916,-0.0003052
0.0027223,0.017755,-0.0022686
0.00052928,0.015596,0.00023232
-0.0018578,0.012737,-0.0025448
0.0005171,0.015591,-0.0036256
-0.00085095,0.011956,0.00034961
0.00026026,0.0064036,0.00076315
-0.0030045,0.0058653,0.001425
0.0020089,0.0028382,0.0011471
0.0053262,0.0017397,0.0016923
0.0024906,0.0017915,-8.858e-05
-0.00023662,0.00056942,0.0058158
-0.0029915,0.00089121,0.00060753
-0.0058469,0.002134,-9.1087e-05
0.0002973,0.0021591,0.0023652
0.0013824,-0.0018812,0.0018922
-0.00042728,0.0026535,-0.0013392
0.0014579,0.0012887,0.00084031
9.4908e-05,0.00045724,0.002497
0.00093291,0.0011406,0.00090991
6.7916e-05,0.0018186,-7.9153e-05
0.00018748,0.0018768,0.001771
0.00029644,0.0023967,0.0019535
-0.001568,-0.00026661,0.0010499
0.0006208,0.0013948,-0.00072032
-0.00038807,0.0024092,-0.0011098
-0.001267,0.0014418,0.00015824
-0.0024581,0.0029346,-0.0011491
0.000123,0.003264,-0.0022713
0.0061719,0.00020839,0.0035484
-0.00078168,0.0001443,-0.00047012
-0.0018411,0.00032165,0.0043305
0.00010646,-0.0009268,-0.00038603
0.00059684,-0.0041099,-0.0015309
0.0012973,-0.0035845,-0.0032276
0.0011241,-0.0040052,-0.0047767
0.0031793,-0.0048009,0.00028679
0.0030308,-0.0066207,-0.0029231
0.0055503,-0.0050938,-0.0042252
0.0033083,-0.0061123,-0.00276
0.0032453,-0.0069155,-0.005216
-0.0031173,-0.0069614,-0.0070902
-0.0028979,-0.0074309,-0.0022688
-0.0040734,-0.011244,-0.0008107
-0.0023589,-0.013985,0.0012632
-0.0023684,-0.014275,0.0019687
0.00057448,-0.014729,0.0018886
0.0038073,-0.014466,-0.00094639
0.0038031,-0.015495,-0.0030796
0.0016753,-0.013118,-0.0029731
-0.0016551,-0.013019,0.00019569
-0.0011196,-0.014513,0.001877
-0.0041401,-0.012278,0.0015409
0.00091675,-0.014702,0.00014885
-0.00030606,-0.012255,-0.0017544
-0.0038552,-0.012719,-0.0048177
-0.0030905,-0.013239,-0.0027783
-0.0015215,-0.010293,-0.00050825
0.00057794,-0.011678,-0.0017218
-0.00095315,-0.012469,-0.0030923
-0.0013283,-0.013049,-0.00073795
-0.0013086,-0.012957,0.0012883
-0.0025414,-0.012721,-0.00038384
-0.0032515,-0.010984,-0.00089023
-0.00074248,-0.010813,0.0027937
0.0016357,-0.014032,0.00057779
0.0038806,-0.01291,-0.00046389
0.00048327,-0.011232,0.00036479
-0.00099014,-0.011723,-0.0016037
-0.00033206,-0.010961,0.0010687
0.00069746,-0.0086233,0.00088063
0.0014817,-0.0083586,-0.00088882
-0.00051808,-0.0090995,-0.00028015
-4.6655e-05,-0.0088663,-0.00081462
-0.0009525,-0.0078844,-0.0012863
-0.0030449,-0.0072961,-0.0028514
-0.0030697,-0.0074555,-0.0025226
0.00055215,-0.0087465,-0.0009786
6.8763e-05,-0.0083355,0.0001664
-0.001457,-0.0072458,-0.0027369
-0.0043575,-0.0061748,-0.0054642
-6.7596e-05,-0.0063389,-0.00078979
-0.0010581,-0.0066882,-0.0012575
-0.0023243,-0.0065636,-0.00097122
-0.00021381,-0.0084377,-0.0022638
0.0014044,-0.0074272,0.00047402
0.0049237,-0.0075808,0.00060632
0.004178,-0.0072969,-0.0024487
0.0029692,-0.0066332,-0.002661
0.001588,-0.0071544,5.5119e-05
0.0042925,-0.0074414,0.00077091
0.0050155,-0.0067409,0.00042994
0.0056439,-0.0079257,-0.00082417
0.0083763,-0.0060684,-0.0023072
0.010159,-0.0048608,-0.0024339
0.007884,-0.006894,-0.0017554
0.0081275,-0.0036776,-0.0024149
0.0086481,-0.0038361,-0.0024441
0.0076702,-0.0052842,-0.00058466
0.0082937,-0.0020257,-0.0014106
0.0029692,-0.00021594,0.0018788
-0.0017701,-0.00036152,0.0019451
-0.0055582,0.0040024,0.0035219
-0.0018425,0.008263,0.0010892
0.0015457,0.0095222,0.00040443
0.00018461,0.01461,0.0015349
-0.00088418,0.01934,0.0013007
-0.0071189,0.024277,0.004271
-0.0089109,0.02966,0.003323
-0.0059268,0.03349,0.0038339
-0.0042067,0.036293,0.00059585
-0.002964,0.041975,0.0019699
-0.0052813,0.04161,-0.00023485
-0.0042528,0.041181,0.004368
-0.0015419,0.041744,0.0027953
-0.0019246,0.04598,-0.00099893
-0.0024445,0.046184,-0.0033412
-0.0024597,0.044538,0.003028
-0.0060769,0.045718,0.0024366
-0.0034828,0.04598,-0.0010901
-0.00085022,0.047397,-0.0052223
0.00054197,0.045795,-0.0022101
0.0028546,0.04531,0.0016297
-0.0009505,0.044079,0.0043408
-0.0019575,0.040432,0.0049213
-0.00088467,0.040825,0.0022858
-0.0017996,0.037616,0.003435
0.001813,0.034307,0.0034648
0.0014559,0.032174,0.0037222
0.0029742,0.028391,0.0045973
0.0028177,0.026738,0.0055599
0.00085816,0.021404,0.0059782
-1.63e-05,0.017648,0.0019077
0.0027672,0.014697,0.0025234
0.0024054,0.014068,0.00091892
0.00088138,0.014977,0.0023416
0.0012465,0.013727,0.0030591
0.0024442,0.0090271,0.0042855
0.00016051,0.0045456,0.0019361
-0.00088471,0.0013817,0.002381
-0.0022925,-0.0030794,0.0016784
-0.0017938,-0.0059861,-0.0041391
-0.00029642,-0.00087557,-0.0019343
0.0010308,-0.0030061,-0.0026645
0.0014656,-0.0020493,-0.0007138
0.00071177,0.00051242,-0.00076141
-0.00018988,-0.0016427,-0.00090447
0.0011251,-0.0014047,0.0014986
0.0012205,-0.0015411,0.00032494
0.00010128,-0.0036449,-0.0014041
0.0017745,-0.001391,-0.00040561
0.0035675,-0.00081215,0.0006837
0.0061188,-0.0019511,-0.00060896
0.0015414,-0.0028093,-0.00022698
0.0036947,-0.00099149,-0.00069057
0.00076136,-0.002523,-0.0018871
-0.0014208,-0.0034599,-0.00067851
-0.0030521,-0.0026043,-0.00027272
-0.0027994,-0.0030903,0.0007021
-0.00087941,-0.004915,-0.00010314
-0.0034316,-0.0056483,-0.0017916
-0.0046299,-0.0075956,-0.0005177
0.00022068,-0.0065092,-0.00081651
0.0015701,-0.0072981,0.0005796
-0.00075678,-0.0095144,0.00053562
0.00067079,-0.011126,-0.00029458
-0.00030663,-0.01413,0.00035311
0.0017638,-0.014221,0.0022575
-0.00025044,-0.014213,0.00058795
0.00043117,-0.014863,-0.00041082
0.00086705,-0.016306,-0.0030249
0.0023116,-0.015096,-0.0034868
-0.00059288,-0.01279,-0.0019883
-0.0054784,-0.011619,-0.0029615
-0.0035236,-0.014257,-0.00316
0.0032289,-0.014218,-0.0017242
0.0010073,-0.011692,0.0011054
0.00094203,-0.012835,-0.0026235
-6.6684e-05,-0.014294,-0.0011381
0.0011696,-0.011389,-0.0014448
-0.00062219,-0.01234,0.0023283
0.0010307,-0.012562,-0.0010212
-0.00072008,-0.0089531,0.0018698
-0.0045383,-0.010337,0.0033143
-0.00056157,-0.0066786,0.00094981
0.00079609,-0.0059534,-0.00058871
-0.0011854,-0.0059593,-0.0033208
-0.00044665,-0.0014477,-0.0014539
0.001885,9.3482e-05,0.00028533
-0.00052227,-0.001088,-0.00023649
-0.00055038,-0.002961,-0.00058622
0.0020901,-0.0037908,0.0012142
-0.0018932,-0.0027983,0.0023807
-0.0027887,-0.0047212,0.0036581
0.0027402,-0.0026348,0.0039213
0.004955,-0.0014984,0.00058483
0.0019785,-0.0024519,0.0024022
-0.0024454,-0.00095358,0.00042688
-0.0046871,0.00163,-0.0024042
-0.0047325,-0.00036316,0.0037822
-0.003201,-0.00041397,0.0050567
0.0006966,-0.00074411,0.0046934
0.0018844,0.0012132,0.0027681
-0.00060284,-0.0019379,0.0021841
-0.0012341,0.0031212,-0.0025853
-0.0019106,0.0048169,-0.0050758
0.00054229,0.0026623,-0.0053052
-0.00035424,0.0052582,-0.0055385
-0.0026841,0.006365,-0.0069429
0.0021445,0.0060194,-0.0045288
0.001736,0.0080971,-0.0031421
0.00044324,0.0083932,0.0010615
-0.0032096,0.0081799,0.0010247
-0.0034447,0.0069425,0.0043476
0.0015228,0.0091587,0.0059498
0.002264,0.0092428,0.0072611
0.0044143,0.011323,0.0049356
0.0023401,0.0062961,-0.00027048
-0.0036194,0.0077554,0.0015971
-0.0062573,0.0085286,-0.00089696
-0.0044646,0.0066503,0.0031249
-0.0018729,0.0047193,0.0056086
0.0029285,0.0022611,0.0050506
0.0055934,0.0032615,0.0067227
-0.00017521,0.0017851,-0.007798
-0.00088343,0.0021653,-0.0011309
0.0015895,0.0028139,-0.0052101
-0.0011482,0.0027249,0.0018832
-0.003622,0.0010324,-0.0027636
-0.0044825,0.0003476,8.0156e-05
-0.00036522,-0.0014908,0.001503
0.0022234,-0.0010833,-0.00048264
-0.0010869,-0.00010775,-0.00093811
0.00028493,0.00013829,-0.0025898
-0.0025946,0.0037286,-0.00029353
-0.0020283,0.0031385,0.00092918
0.0004705,0.0015594,0.0020338
0.0015264,0.0026447,0.00014543
0.0017056,-0.0019176,-0.00085941
-0.0015567,0.0017657,-0.0025089
0.0013938,0.00018352,0.00076534
-0.0017294,0.00040219,-0.00052704
-0.00067553,-0.0015346,0.0032175
-0.0013795,0.000479,-0.00088421
0.0028704,-0.00094575,0.00021979
-0.0024135,-0.00029583,-0.00010419
-0.001616,-0.00085839,-0.0031805
7.6067e-05,0.0015682,-0.0002308
-0.00026318,0.0013971,0.00096862
0.00049426,8.2817e-05,0.0011252
-0.00027002,0.00087003,0.0016775
0.0015396,0.0004633,0.00079659
0.00092552,0.00028323,0.00071934
-0.0026223,-0.00013567,0.0015288
0.00061662,-7.8769e-06,0.0039811
5.5748e-05,0.00017141,0.0016593
0.00029943,0.0013221,0.0031089
0.0019629,0.001618,0.0034577
-0.00025663,0.0007715,-0.0012148
-0.0021423,0.0025884,-0.001857
-6.5262e-05,0.0019392,-0.0024297
-0.003188,0.0024104,-0.0032255
-0.0024519,0.0020231,-0.001752
0.0020378,0.00055167,0.00047431
0.0029616,0.0024413,0.0018252
0.00092251,-0.00042245,-0.0019201
0.0010919,0.00092183,0.0017957
-0.00090685,0.0016449,0.00027021
-0.0021135,0.0012912,0.0021234
-0.0030067,0.00059798,0.00095973
-0.00020304,-0.00031499,0.0033472
0.0018359,0.0012209,0.0010454
-0.0022334,0.0024496,0.0021927
-0.0034033,0.00073928,-0.00025512
-0.00053918,0.00044439,0.0019596
0.0018777,-0.0013823,-0.0002018
0.0027251,-0.00063864,-0.0020627
0.0015133,-0.00049507,-0.0013508
-0.0022628,-0.0018209,0.00057174
-0.0030998,-0.00076075,-0.0030361
-0.00065453,-0.0019116,-0.0011625
-0.00015726,-0.0027854,-0.00042956
0.0054257,-0.0020033,-0.0026326
0.004828,-0.0033364,-0.0042038
0.0010581,-0.0026288,-0.0023951
-0.0041897,-0.00045574,-0.0043258
-0.00050035,-0.0030277,-0.0026634
-0.0013436,-0.0039698,0.0007114
-0.00078188,-0.0027377,0.00084357
-0.00051288,-0.0021952,0.0027329
-0.0023135,-0.0023688,7.3402e-05
0.00068874,-0.0026765,0.0015659
0.00023712,-0.0063532,0.00059253
-0.0011688,-0.0077148,0.0005152
0.0032505,-0.0057233,-0.00050964
0.0024942,-0.0056506,-0.0034391
-0.004656,-0.0058367,-0.0023418
0.0010164,-0.0060619,-0.001951
-0.0020659,-0.007087,-0.0014339
-0.003218,-0.006547,0.0016393
0.0037541,-0.0077602,-0.0017675
0.0045853,-0.0057096,0.0017834
-0.00078973,-0.0062247,0.00054393
-0.0015434,-0.0060423,0.0019552
-0.00040307,-0.0045282,0.0024237
-0.0020593,-0.0017692,0.0014154
0.0022411,-0.0025997,0.0026388
0.0018929,-0.0002764,0.0022284
0.001515,-0.0018177,-0.00078297
-0.0011541,-0.0032144,-0.0028356
-0.0010884,-0.002545,-0.0010694
-0.0023958,-0.0019245,0.00098186
-0.00045416,-0.0036005,0.00035746
0.0012158,-0.002436,0.001596
-0.0010874,-0.0028641,0.004721
-0.00010138,-0.002696,0.0030781
-0.00019106,-0.0029884,0.0019915
0.0030821,-0.0027745,-0.00098997
0.0014882,-0.00035911,-0.0041564
-0.0032495,-0.0024328,-0.0059927
-0.00044299,0.00041335,-0.0033956
0.001422,-0.00051379,-0.0028296
-0.00022477,0.0010241,-0.00092092
-0.0014019,-0.0019331,0.001972
0.0027518,-0.0010145,-0.00049392
0.0021257,-0.00057199,0.0036116
0.0017323,-0.0031844,-0.0014276
0.00020726,-0.0013595,-0.0022286
0.0018474,0.001397,0.00079493
0.0023118,-0.0010683,-0.0011018
-0.00062703,-0.0015702,0.00094365
-0.00041108,-0.0011292,-0.0011557
0.00045672,-0.0010083,0.0020096
0.00052215,-0.0026229,0.0028326
0.0028229,-0.002214,0.002918
0.0012326,0.0020542,0.00499
0.00086416,0.00082333,-0.0009266
-0.00066216,0.0021174,-0.00068434
-0.0027668,0.0043117,-0.0022784
-0.0009772,0.0049452,-0.0036951
-0.00017294,0.0057142,-0.0022563
-0.0020994,0.0065231,-0.0030111
-0.0025137,0.0089299,-0.0019745
-0.0013903,0.0093255,-0.0014125
0.0012517,0.0096785,-0.0027019
0.0025679,0.011696,-0.0029713
-0.00064764,0.011175,-0.0026427
-0.0012851,0.010719,-0.0025809
-3.3435e-05,0.011491,0.0009596
-0.00056468,0.010488,0.0021189
-0.00015517,0.010043,0.0017101
-0.0016358,0.010288,0.0026447
0.00068139,0.01404,0.0040834
0.0006066,0.010876,0.0002546
0.00011571,0.013062,0.002737
-0.0030732,0.012102,0.0040459
-0.00065616,0.011085,0.0041925
-0.00066371,0.011122,0.003275
0.0019815,0.010909,0.0019417
0.004323,0.0082169,0.0038909
-0.00044746,0.0064879,0.0012254
0.002843,0.0067297,0.002775
-0.0011357,0.0041869,0.0092154
-0.0017375,0.0056194,-0.0010872
0.0022502,0.0064052,0.0044813
0.0014575,0.0042781,0.0010978
0.00025515,0.0057117,-0.0046023
-0.00020396,0.0078652,0.0023035
-0.0031474,0.004648,-0.0020545
-0.0039304,0.0031227,0.00039873
0.0015822,0.0047501,-0.00057666
0.00065637,0.0033409,-0.0016641
-0.0018363,0.0051321,-0.0021297
-0.0036704,0.0081607,-0.00056383
0.0036819,0.0076864,0.0019015
0.0014947,0.0076142,-0.0017855
0.0024951,0.0090695,0.00137
0.000292,0.0083925,0.0013677
-7.3209e-05,0.004744,0.0019157
-0.00047908,0.0041546,0.0022002
-0.00092182,0.0026308,-0.0016644
0.00012633,0.0014957,-0.00085737
-0.0020809,-0.00077991,0.0011609
-0.0013169,-0.0014632,-0.00026365
0.0012663,-0.0019873,-0.0016395
-0.0015012,-0.0025007,-0.0023137
0.002952,-0.0015999,-0.0019856
0.0077423,-0.0015692,0.00058214
0.0019119,-0.0013237,0.00048002
-0.0026451,-0.001375,0.0019083
-0.0012313,0.00036732,0.0050171
-0.0040104,-0.0012135,0.0037258
0.00083236,0.002094,-0.00059716
0.00057126,0.00085585,0.00066353
0.002396,0.0027158,-0.00085824
-0.0025423,0.00062098,-0.0046566
-0.00092828,0.0010784,-0.0010008
-0.0039141,0.00096564,-0.00087323
-0.0014544,0.001311,0.0005349
0.00076857,0.001596,-0.00088783
0.0017428,0.0047687,-0.00089413
0.00055039,0.00057818,0.00025467
-0.0019007,0.0023643,0.0023117
0.0003899,0.0024038,0.00082397
-0.0010872,0.0034956,-0.0030638
-0.0016941,0.0021808,-0.00099299
-0.0012865,0.0030166,-0.00030112
0.001473,0.0020818,0.00062576
0.0027373,0.0034774,0.0016123
0.0011356,0.0014416,0.00060674
-0.0020007,0.0018607,0.0017239
-0.0012962,0.00034357,0.00057896
0.00018866,0.0003679,-0.00192
0.00089513,0.0018886,-0.001184
-0.0024969,0.0025201,-0.0019679
-0.0034618,5.3318e-05,0.00204
0.0058264,-0.00027236,0.0026648
0.009583,-0.00071812,0.0020171
0.0011043,-0.0031114,-0.0011039
-0.0056975,0.00065777,-0.0028737
-0.00061613,-0.0010728,0.0010628
-9.1546e-05,-0.0010661,0.002345
-0.00077746,-0.00089709,0.0013901
0.00090024,0.00027236,0.0029865
-0.00079689,-0.00027056,0.0020259
0.0014915,-0.0012491,-0.00013282
0.0019393,-0.0017872,0.0011323
-0.00018168,-0.0023921,-0.00083958
-0.0017956,-7.6337e-05,-0.0028269
0.00075266,0.00013999,-0.0025297
-0.001537,0.00011517,-0.0051673
-0.00058272,-0.00051885,-0.0016661
-0.00047296,-0.00038045,-0.00090929
0.0031885,0.00014997,0.0022922
0.0017394,-0.003337,0.0016128
0.0027121,-0.0016331,0.00073262
-0.0012356,-0.0020134,-0.001544
-0.0010821,-0.00098967,-0.0013358
-0.00048232,-0.00024062,-3.6674e-05
-0.0034193,-0.00090135,-0.00099723
0.0010772,0.0019145,0.00225
0.0011711,0.00026703,-0.0042803
0.0017786,0.00088979,-0.00096838
0.0019614,-0.00018503,-0.0068535
-0.0026569,-0.00052194,-0.0042867
-0.0023485,-0.0015495,0.0022946
0.0042081,-0.00067077,-0.0023974
0.0039062,0.0010763,0.0045791
-0.00073093,-0.0013419,-0.0031028
-0.00045556,0.00063983,-0.0020933
0.0020337,-0.0021495,0.0015337
0.0013592,-0.0013482,0.0016351
0.002272,-0.0023399,0.0051581
-0.0012423,0.0001418,0.0044761
-0.0019633,-0.0014263,-0.00051301
-0.00062178,-0.0022953,0.00035257
0.00037326,-0.00035838,-0.0044302
0.0027519,0.0012558,-0.0019981
0.0012856,-0.00060122,-0.0048122
-0.0010014,-0.00061735,-0.0005646
0.00092583,0.00013769,-0.0027275
-0.0013661,-0.00041675,-0.00092164
0.0018101,-0.00377,-0.00036901
0.0025279,-0.001619,0.00069108
0.00083922,0.00075046,0.00084966
-4.995e-06,0.00036393,0.00035784
0.001997,0.00091544,0.00039828
0.003661,-0.00040925,-0.0036554
0.0051997,-0.00076905,-0.0038637
0.0013743,0.00039118,-0.0059404
-0.0015616,-0.00013832,-0.0030944
-0.0024509,0.00073793,-0.0016663
-0.0038547,-0.001162,-0.0013868
-0.0013457,-0.0029016,-0.00036545
0.006307,-0.0015317,0.0010402
0.0077839,-0.0022741,0.0034695
0.0013112,-0.0024572,0.0069437
-0.0017016,-0.002414,0.0085203
-0.0031841,-0.0042005,0.0049044
-0.0030083,-0.0045953,-0.0031617
-0.0014223,-0.0037148,-0.0033968
0.0021083,-0.0032351,-0.00049466
0.0022605,-0.0035089,0.00071714
0.0055431,-0.0032576,0.0030852
0.0021011,-0.0029799,0.001236
-0.0022707,-0.0040861,-0.0039259
0.0014987,-0.0020891,-0.0063037
0.0016918,-0.0011003,-0.0079454
-0.0031671,-0.00058176,-0.008847
-0.0048313,-0.0038464,-0.0082999
-0.00083675,-0.002632,-0.0054392
0.0074242,-0.0038026,-0.0077283
0.00093821,-0.00015202,-0.0087559
-0.0050609,0.0024726,-0.013622
-0.0035197,0.0052217,-0.008884
-0.002323,0.0087386,-0.0094386
0.00055872,0.011725,-0.010913
0.0018778,0.01414,-0.0082526
0.0014455,0.016399,-0.012203
-1.5494e-05,0.018747,-0.0066116
0.0012425,0.021066,-0.0054984
-0.0014655,0.026757,-0.0073191
-0.0032856,0.031225,-0.0071776
-0.0015485,0.033764,-0.0010311
-0.0031909,0.036516,0.0031432
-0.0017503,0.037952,-0.0016043
-0.0019116,0.040228,0.00082993
-0.00097457,0.041732,-0.00023202
-0.0020057,0.041502,0.0051717
-0.0056243,0.043573,0.0069821
-0.005243,0.045485,0.0044883
-0.0087654,0.050675,0.0020214
-0.010064,0.052966,-0.00073152
-0.0095543,0.059495,0.0032835
-0.008595,0.05831,0.0036622
-0.0084696,0.058714,0.0054276
-0.0052,0.057366,0.0024293
-0.004215,0.059427,-0.0016662
-0.0031807,0.054771,0.00028303
-0.0008017,0.058546,0.00083585
-0.0018392,0.055635,0.0020555
-0.0026684,0.054376,0.0024506
0.0019873,0.055996,-0.00067971
0.0011197,0.056845,-0.0029748
0.00094104,0.055655,-0.00091619
-0.0017443,0.056696,0.0011244
-0.0048929,0.056217,-0.00079671
-0.0058694,0.056546,0.0019005
-0.0062898,0.05542,-0.0020376
-0.0053057,0.053057,0.0012173
-0.0012022,0.053549,-0.0031561
-0.00013629,0.053619,0.00014806
0.00093684,0.052898,0.00013582
0.001529,0.05205,0.00090454
0.00069414,0.051115,0.0024304
0.00078586,0.047883,0.0040915
-0.0018084,0.048708,0.0046412
-0.0029,0.043996,0.0043746
-0.0003696,0.042755,0.0028846
0.00027963,0.03883,0.0016627
0.00033539,0.034659,2.7457e-05
0.0013456,0.032217,0.0040858
0.0029193,0.030103,0.0024356
0.0045351,0.02836,-0.00048136
0.0023352,0.022756,0.00070864
-0.00071018,0.020268,0.0043573
-0.00032933,0.015342,0.00352
0.00020112,0.013983,0.0017315
-0.0025793,0.0079434,0.0020105
-0.00090732,0.0061104,0.0031857
-0.0031864,0.0039915,0.0053911
-0.002837,0.0024573,0.00049798
-0.0023799,0.0005624,-0.0015175
-0.00033751,0.00038111,0.0027896
-0.00018007,0.00035847,0.0025955
-0.0010521,0.0015972,0.0019137
-0.00016701,0.001731,-0.0024462
-0.00076891,0.0029777,2.3301e-05
0.0006286,0.00065437,0.0027446
-0.00084339,0.0007437,0.00015415
-0.0050823,0.0018493,0.0018868
-0.0010609,0.0017598,0.0016612
-0.0021716,3.7315e-05,0.0025689
-0.0030342,0.0025082,0.0028423
0.0010711,0.00022309,0.0030098
0.00025876,0.00095829,0.0036686
-0.0033669,-7.3948e-05,0.0024046
-0.0051902,0.0014093,0.0021009
-0.0023304,0.0005295,0.00077953
-0.0017607,-7.5378e-05,0.00058566
0.0015611,0.00035671,5.2238e-05
0.0029669,-0.0032852,2.9395e-06
0.0025761,-0.0018496,-0.0014143
0.0026211,-0.0026204,-0.0040599
-0.0015727,-0.0026724,-0.0019775
-0.0062435,-0.002857,-0.0006721
-0.0079117,-0.0020372,0.00028266
0.00073226,-0.0021314,-0.0023058
0.00094323,-0.004321,-0.0041344
0.00091954,-0.0050248,-0.0052793
-0.0042343,-0.0059492,0.0017764
-0.0047094,-0.0043753,0.0015287
-0.0022688,-0.0073385,8.1953e-05
0.0063285,-0.0089686,0.0018887
0.0064392,-0.011358,-0.00062882
0.0025429,-0.010362,0.0019587
-0.00088688,-0.011422,0.00065925
-0.0028193,-0.012486,0.00075338
-0.0039904,-0.011103,-1.6107e-05
-0.0019634,-0.012268,0.00043689
0.00037109,-0.010918,-0.0017506
0.0058924,-0.0098745,-0.00051084
0.0048131,-0.0094894,0.00043942
0.0048404,-0.011568,0.0024344
