5.5511e-17,0,2.2204e-16
0.021389,-0.0084564,0.28807
0.03879,-0.015138,0.58073
0.054181,-0.020081,0.87923
0.065151,-0.024741,1.1852
0.070532,-0.028832,1.5009
0.069768,-0.034402,1.8243
0.057859,-0.043332,2.162
0.034938,-0.05404,2.5168
0.0034151,-0.06305,2.8755
-0.030863,-0.070854,3.2472
-0.071303,-0.07743,3.6307
-0.12313,-0.085179,4.0219
-0.19312,-0.094804,4.4184
-0.27142,-0.10436,4.8283
-0.35556,-0.11375,5.2487
-0.44103,-0.12306,5.6831
-0.52767,-0.13162,6.1278
-0.62239,-0.13989,6.5869
-0.72701,-0.14955,7.0575
-0.83481,-0.16043,7.5484
-0.94196,-0.17298,8.0416
-1.0529,-0.18705,8.555
-1.1781,-0.20161,9.076
-1.318,-0.21944,9.6076
-1.4615,-0.24344,10.149
-1.6009,-0.27366,10.7
-1.746,-0.30171,11.261
-1.9029,-0.32793,11.829
-2.0732,-0.35668,12.411
-2.2473,-0.38629,13.001
-2.4309,-0.41492,13.604
-2.6209,-0.44203,14.217
-2.8194,-0.47814,14.842
-3.0247,-0.51902,15.477
-3.2373,-0.57014,16.125
-3.4716,-0.63081,16.795
-3.7036,-0.69685,17.442
-3.951,-0.769,18.114
-4.2062,-0.84437,18.801
-4.4666,-0.9234,19.497
-4.7307,-1.0073,20.208
-5.0023,-1.0911,20.924
-5.2853,-1.1749,21.655
-5.5756,-1.2601,22.39
-5.8957,-1.3531,23.141
-6.215,-1.439,23.879
-6.5532,-1.5265,24.63
-6.8937,-1.607,25.385
-7.2462,-1.6858,26.147
-7.6063,-1.762,26.914
-7.9822,-1.8399,27.689
-8.3623,-1.9158,28.469
-8.7571,-1.9902,29.261
-9.1644,-2.0602,30.06
-9.5807,-2.13,30.864
-10.007,-2.1965,31.675
-10.444,-2.2583,32.492
-10.895,-2.3195,33.317
-11.354,-2.3811,34.152
-11.825,-2.4439,34.997
-12.302,-2.5053,35.844
-12.793,-2.5709,36.722
-13.288,-2.6381,37.616
-13.785,-2.7073,38.517
-14.29,-2.7751,39.427
-14.808,-2.8418,40.343
-15.335,-2.9091,41.265
-15.867,-2.9766,42.19
-16.405,-3.0436,43.115
-16.945,-3.1089,44.035
-17.492,-3.1731,44.95
-18.047,-3.2356,45.857
-18.619,-3.2985,46.766
-19.212,-3.3565,47.662
-19.823,-3.4102,48.551
-20.434,-3.4653,49.433
-21.057,-3.5171,50.297
-21.675,-3.5747,51.158
-22.299,-3.635,52.012
-22.925,-3.6966,52.874
-23.56,-3.7616,53.734
-24.201,-3.8225,54.597
-24.846,-3.8757,55.457
-25.495,-3.9214,56.313
-26.148,-3.9716,57.17
-26.809,-4.0193,58.015
-27.483,-4.0706,58.865
-28.16,-4.1261,59.696
-28.845,-4.1873,60.531
-29.541,-4.2483,61.361
-30.245,-4.3084,62.192
-30.958,-4.3691,63.018
-31.678,-4.4317,63.84
-32.417,-4.4954,64.67
-33.161,-4.5582,65.49
-33.902,-4.6218,66.294
-34.674,-4.6908,67.094
-35.453,-4.7595,67.891
-36.251,-4.835,68.682
-37.055,-4.9062,69.473
-37.875,-4.9814,70.262
-38.693,-5.0579,71.053
-39.519,-5.1373,71.839
-40.352,-5.2142,72.623
-41.193,-5.2924,73.406
-42.047,-5.3695,74.185
-42.915,-5.444,74.958
-43.784,-5.527,75.736
-44.658,-5.6023,76.51
-45.538,-5.6771,77.278
-46.432,-5.7518,78.051
-47.334,-5.8248,78.825
-48.239,-5.8984,79.596
-49.152,-5.9785,80.361
-50.076,-6.0644,81.129
-51.002,-6.1534,81.891
-51.941,-6.2405,82.647
-52.896,-6.3268,83.397
-53.866,-6.412,84.135
-54.849,-6.4959,84.862
-55.842,-6.5779,85.577
-56.845,-6.6607,86.285
-57.859,-6.7477,86.984
-58.881,-6.8373,87.676
-59.917,-6.9284,88.359
-60.964,-7.0151,89.027
-62.022,-7.103,89.684
-63.095,-7.1928,90.329
-64.171,-7.2839,90.959
-65.268,-7.3748,91.585
-66.373,-7.4657,92.201
-67.487,-7.5552,92.809
-68.606,-7.6436,93.408
-69.729,-7.7313,93.999
-70.858,-7.82,94.583
-71.992,-7.9141,95.158
-73.131,-8.0119,95.728
-74.263,-8.1101,96.288
-75.403,-8.2095,96.844
-76.58,-8.308,97.415
-77.676,-8.3967,97.94
-78.807,-8.487,98.476
-79.935,-8.5749,99.007
-81.063,-8.662,99.533
-82.18,-8.7414,100.06
-83.28,-8.828,100.56
-84.371,-8.9146,101.06
-85.462,-8.9965,101.55
-86.547,-9.0727,102.03
-87.62,-9.1495,102.51
-88.683,-9.2276,102.98
-89.74,-9.3059,103.43
-90.786,-9.3836,103.87
-91.823,-9.4626,104.33
-92.85,-9.5404,104.78
-93.871,-9.6093,105.26
-94.882,-9.6803,105.73
-95.886,-9.7491,106.22
-96.882,-9.8189,106.71
-97.868,-9.8868,107.21
-98.843,-9.9581,107.72
-99.806,-10.027,108.24
-100.75,-10.094,108.78
-101.7,-10.156,109.33
-102.64,-10.217,109.9
-103.56,-10.276,110.48
-104.47,-10.326,111.06
-105.38,-10.377,111.66
-106.26,-10.427,112.26
-107.12,-10.484,112.86
-107.98,-10.539,113.47
-108.82,-10.6,114.09
-109.64,-10.655,114.71
-110.45,-10.714,115.33
-111.24,-10.77,115.96
-112.02,-10.827,116.59
-112.78,-10.884,117.23
-113.54,-10.941,117.86
-114.29,-10.997,118.49
-115.02,-11.051,119.13
-115.73,-11.104,119.77
-116.43,-11.156,120.41
-117.12,-11.204,121.06
-117.79,-11.243,121.69
-118.45,-11.285,122.32
-119.08,-11.326,122.95
-119.7,-11.368,123.58
-120.31,-11.406,124.21
-120.9,-11.442,124.86
-121.47,-11.478,125.51
-122.02,-11.511,126.14
-122.56,-11.543,126.79
-123.09,-11.576,127.45
-123.61,-11.608,128.12
-124.12,-11.64,128.78
-124.61,-11.67,129.46
-125.09,-11.703,130.15
-125.56,-11.736,130.85
-126.01,-11.778,131.55
-126.46,-11.808,132.26
-126.9,-11.838,132.99
-127.33,-11.865,133.69
-127.75,-11.893,134.42
-128.17,-11.918,135.16
-128.57,-11.938,135.92
-128.98,-11.95,136.67
-129.39,-11.965,137.44
-129.8,-11.976,138.22
-130.22,-11.99,139.02
-130.62,-11.999,139.82
-131.03,-12.008,140.63
-131.44,-12.012,141.46
-131.85,-12.017,142.31
-132.25,-12.019,143.17
-132.66,-12.021,144.04
-133.05,-12.023,144.93
-133.44,-12.023,145.83
-133.83,-12.025,146.75
-134.22,-12.029,147.7
-134.59,-12.037,148.63
-134.94,-12.051,149.6
-135.29,-12.061,150.59
-135.61,-12.071,151.6
-135.91,-12.075,152.61
-136.19,-12.086,153.65
-136.45,-12.093,154.72
-136.68,-12.099,155.79
-136.9,-12.098,156.89
-137.09,-12.095,158
-137.27,-12.089,159.12
-137.41,-12.08,160.27
-137.54,-12.065,161.42
-137.64,-12.051,162.6
-137.72,-12.036,163.8
-137.77,-12.017,165
-137.8,-11.999,166.23
-137.81,-11.985,167.45
-137.8,-11.972,168.69
-137.76,-11.961,169.94
-137.69,-11.952,171.19
-137.6,-11.942,172.46
-137.49,-11.937,173.74
-137.34,-11.943,175.02
-137.18,-11.95,176.31
-136.98,-11.965,177.61
-136.76,-11.984,178.91
-136.52,-12.011,180.23
-136.26,-12.043,181.55
-135.96,-12.083,182.88
-135.64,-12.123,184.22
-135.29,-12.169,185.55
-134.92,-12.215,186.89
-134.53,-12.267,188.23
-134.12,-12.316,189.58
-133.68,-12.364,190.93
-133.2,-12.416,192.27
-132.7,-12.474,193.62
-132.18,-12.539,194.97
-131.62,-12.613,196.3
-131.03,-12.695,197.65
-130.41,-12.783,198.97
-129.76,-12.876,200.31
-129.06,-12.973,201.62
-128.32,-13.078,202.91
-127.55,-13.183,204.19
-126.73,-13.295,205.45
-125.88,-13.413,206.68
-124.99,-13.537,207.9
-124.07,-13.67,209.09
-123.12,-13.809,210.27
-122.13,-13.953,211.42
-121.11,-14.099,212.55
-120.07,-14.246,213.66
-119,-14.397,214.75
-117.91,-14.555,215.82
-116.8,-14.718,216.87
-115.66,-14.89,217.9
-114.5,-15.06,218.9
-113.33,-15.229,219.88
-112.14,-15.399,220.83
-110.95,-15.566,221.75
-109.74,-15.733,222.62
-108.53,-15.899,223.46
-107.31,-16.067,224.28
-106.07,-16.233,225.06
-104.83,-16.395,225.8
-103.58,-16.554,226.5
-102.33,-16.709,227.16
-101.07,-16.861,227.79
-99.815,-17.011,228.38
-98.549,-17.162,228.93
-97.288,-17.311,229.45
-96.026,-17.456,229.94
-94.765,-17.602,230.39
-93.512,-17.749,230.82
-92.274,-17.903,231.21
-91.04,-18.06,231.57
-89.807,-18.225,231.91
-88.577,-18.394,232.22
-87.356,-18.559,232.51
-86.138,-18.724,232.76
-84.924,-18.888,232.99
-83.713,-19.049,233.2
-82.51,-19.209,233.37
-81.317,-19.37,233.53
-80.132,-19.528,233.67
-78.953,-19.687,233.77
-77.778,-19.847,233.86
-76.597,-20.003,233.93
-75.468,-20.15,233.98
-74.337,-20.295,234.02
-73.222,-20.438,234.05
-72.114,-20.579,234.07
-71.023,-20.725,234.09
-69.951,-20.875,234.09
-68.882,-21.021,234.1
-67.811,-21.168,234.1
-66.744,-21.306,234.09
-65.695,-21.435,234.08
-64.659,-21.562,234.08
-63.631,-21.689,234.07
-62.612,-21.818,234.07
-61.596,-21.948,234.08
-60.588,-22.076,234.08
-59.585,-22.205,234.09
-58.59,-22.334,234.11
-57.59,-22.464,234.13
-56.593,-22.594,234.15
-55.613,-22.723,234.18
-54.631,-22.849,234.22
-53.65,-22.976,234.27
-52.669,-23.104,234.32
-51.692,-23.23,234.38
-50.717,-23.353,234.45
-49.752,-23.478,234.52
-48.79,-23.598,234.6
-47.829,-23.718,234.69
-46.869,-23.842,234.78
-45.915,-23.966,234.88
-44.96,-24.089,234.99
-44.009,-24.215,235.1
-43.057,-24.336,235.22
-42.11,-24.455,235.35
-41.167,-24.57,235.48
-40.227,-24.687,235.62
-39.291,-24.806,235.76
-38.361,-24.922,235.91
-37.437,-25.036,236.07
-36.517,-25.15,236.24
-35.596,-25.265,236.42
-34.672,-25.379,236.6
-33.744,-25.49,236.79
-32.811,-25.603,236.97
-31.872,-25.716,237.16
-30.928,-25.833,237.35
-29.981,-25.952,237.54
-29.03,-26.074,237.74
-28.078,-26.2,237.94
-27.121,-26.324,238.15
-26.164,-26.452,238.36
-25.206,-26.576,238.58
-24.248,-26.695,238.79
-23.288,-26.818,239.01
-22.326,-26.94,239.25
-21.363,-27.061,239.49
-20.42,-27.182,239.74
-19.473,-27.303,240
-18.528,-27.423,240.27
-17.586,-27.544,240.56
-16.651,-27.664,240.85
-15.717,-27.783,241.16
-14.788,-27.902,241.48
-13.865,-28.023,241.81
-12.944,-28.146,242.15
-12.028,-28.267,242.5
-11.112,-28.386,242.85
-10.202,-28.505,243.22
-9.297,-28.623,243.59
-8.3984,-28.738,243.97
-7.5041,-28.855,244.35
-6.6159,-28.968,244.74
-5.7367,-29.083,245.14
-4.8639,-29.196,245.54
-4.0009,-29.306,245.95
-3.1383,-29.414,246.37
-2.2793,-29.518,246.79
-1.4452,-29.618,247.22
-0.60899,-29.718,247.66
0.21833,-29.813,248.11
1.0454,-29.911,248.56
1.8592,-30.004,249.02
2.671,-30.095,249.48
3.472,-30.185,249.95
4.2719,-30.275,250.43
5.0695,-30.363,250.91
5.865,-30.451,251.41
6.6574,-30.535,251.91
7.4507,-30.618,252.42
8.2351,-30.708,252.95
9.017,-30.801,253.5
9.8016,-30.888,254.03
10.584,-30.975,254.57
11.369,-31.058,255.11
12.156,-31.143,255.64
12.953,-31.226,256.18
13.749,-31.311,256.71
14.548,-31.392,257.24
15.346,-31.468,257.78
16.149,-31.54,258.32
16.953,-31.61,258.86
17.751,-31.678,259.4
18.557,-31.745,259.94
19.369,-31.815,260.49
20.189,-31.881,261.03
21.009,-31.945,261.58
21.828,-32.006,262.12
22.648,-32.067,262.67
23.465,-32.124,263.21
24.284,-32.183,263.76
25.099,-32.239,264.31
25.91,-32.293,264.85
26.718,-32.345,265.4
27.526,-32.394,265.95
28.337,-32.441,266.51
29.14,-32.488,267.07
29.936,-32.529,267.63
30.722,-32.572,268.2
31.515,-32.611,268.79
32.286,-32.646,269.36
33.067,-32.681,269.95
33.84,-32.715,270.55
34.606,-32.743,271.14
35.374,-32.769,271.76
36.123,-32.796,272.38
36.885,-32.822,273.03
37.619,-32.847,273.66
38.361,-32.87,274.33
39.097,-32.89,275
39.833,-32.907,275.69
40.563,-32.922,276.38
41.291,-32.933,277.1
42.011,-32.94,277.81
42.728,-32.941,278.55
43.439,-32.942,279.3
44.139,-32.941,280.06
44.831,-32.939,280.83
45.513,-32.932,281.62
46.188,-32.92,282.43
46.857,-32.908,283.24
47.514,-32.896,284.07
48.162,-32.884,284.91
48.801,-32.867,285.76
49.432,-32.851,286.63
50.056,-32.834,287.5
50.678,-32.819,288.38
51.294,-32.801,289.27
51.903,-32.781,290.18
52.504,-32.758,291.09
53.101,-32.732,292.01
53.694,-32.704,292.94
54.285,-32.678,293.87
54.875,-32.652,294.81
55.463,-32.628,295.75
56.054,-32.609,296.69
56.646,-32.592,297.64
57.247,-32.576,298.6
57.844,-32.558,299.55
58.446,-32.543,300.51
59.047,-32.526,301.47
59.648,-32.512,302.44
60.252,-32.5,303.41
60.856,-32.488,304.38
61.455,-32.477,305.35
62.044,-32.464,306.33
62.627,-32.453,307.31
63.201,-32.441,308.3
63.761,-32.429,309.3
64.306,-32.416,310.3
64.835,-32.401,311.3
65.35,-32.386,312.31
65.85,-32.369,313.33
66.336,-32.349,314.34
66.807,-32.329,315.36
67.262,-32.308,316.39
67.698,-32.287,317.42
68.116,-32.266,318.46
68.519,-32.243,319.5
68.911,-32.22,320.54
69.297,-32.196,321.58
69.681,-32.171,322.62
70.064,-32.147,323.66
70.444,-32.124,324.7
70.818,-32.101,325.74
71.185,-32.08,326.78
71.544,-32.061,327.82
71.897,-32.043,328.87
72.24,-32.024,329.91
72.579,-32.008,330.96
72.907,-31.989,332.01
73.225,-31.968,333.07
73.538,-31.946,334.11
73.847,-31.928,335.15
74.154,-31.91,336.19
74.457,-31.891,337.23
74.751,-31.874,338.26
75.042,-31.86,339.28
75.339,-31.845,340.28
75.647,-31.83,341.27
75.962,-31.817,342.23
76.287,-31.803,343.18
76.614,-31.789,344.11
76.941,-31.776,345.02
77.264,-31.761,345.92
77.588,-31.749,346.81
77.906,-31.735,347.71
78.217,-31.722,348.6
78.517,-31.707,349.49
78.805,-31.689,350.39
79.077,-31.673,351.28
79.332,-31.657,352.18
79.572,-31.641,353.08
79.788,-31.625,353.97
79.982,-31.608,354.88
80.147,-31.591,355.78
80.289,-31.577,356.68
80.402,-31.56,357.59
80.487,-31.542,358.51
80.544,-31.526,359.42
80.578,-31.509,360.35
80.579,-31.494,361.26
80.554,-31.481,362.18
80.504,-31.468,363.11
80.422,-31.458,364.02
80.325,-31.447,364.95
80.208,-31.43,365.89
80.078,-31.415,366.82
79.948,-31.397,367.76
79.815,-31.375,368.71
79.684,-31.355,369.66
79.553,-31.342,370.62
79.426,-31.333,371.6
79.306,-31.324,372.59
79.19,-31.317,373.58
79.075,-31.311,374.58
78.962,-31.306,375.59
78.848,-31.304,376.62
78.731,-31.303,377.66
78.609,-31.304,378.71
78.487,-31.303,379.78
78.364,-31.3,380.85
78.237,-31.298,381.94
78.109,-31.295,383.02
77.98,-31.295,384.12
77.853,-31.303,385.22
77.724,-31.312,386.33
77.592,-31.324,387.45
77.454,-31.336,388.56
77.304,-31.348,389.67
77.144,-31.363,390.79
76.971,-31.377,391.89
76.786,-31.393,393
76.589,-31.409,394.1
76.381,-31.425,395.21
76.164,-31.44,396.31
75.937,-31.457,397.4
75.698,-31.474,398.49
75.453,-31.492,399.56
75.202,-31.515,400.64
74.947,-31.541,401.71
74.688,-31.565,402.78
74.425,-31.589,403.84
74.157,-31.618,404.9
73.881,-31.644,405.96
73.595,-31.669,407.02
73.3,-31.7,408.08
73.002,-31.724,409.14
72.696,-31.749,410.2
72.387,-31.779,411.26
72.077,-31.804,412.32
71.763,-31.824,413.39
71.452,-31.842,414.45
71.142,-31.858,415.52
70.831,-31.872,416.59
70.517,-31.886,417.66
70.199,-31.9,418.73
69.879,-31.916,419.8
69.555,-31.93,420.88
69.227,-31.946,421.95
68.897,-31.959,423.03
68.567,-31.97,424.1
68.236,-31.979,425.17
67.907,-31.987,426.23
67.583,-31.991,427.3
67.261,-31.993,428.36
66.945,-31.998,429.43
66.63,-32.002,430.49
66.313,-32.003,431.55
66,-32.004,432.61
65.693,-32.005,433.67
65.392,-32.008,434.72
65.092,-32.007,435.76
64.795,-32.006,436.81
64.502,-32.001,437.86
64.209,-31.994,438.9
63.918,-31.984,439.93
63.635,-31.974,440.95
63.347,-31.963,441.98
63.068,-31.952,443
62.789,-31.942,444.01
62.511,-31.933,445.01
62.235,-31.923,446.02
61.957,-31.912,447.02
61.681,-31.9,448.01
61.406,-31.887,448.99
61.133,-31.874,449.96
60.86,-31.859,450.94
60.589,-31.839,451.91
60.319,-31.821,452.87
60.047,-31.801,453.82
59.774,-31.773,454.77
59.5,-31.745,455.72
59.228,-31.715,456.66
58.959,-31.688,457.6
58.682,-31.657,458.53
58.411,-31.627,459.45
58.139,-31.593,460.38
57.867,-31.555,461.3
57.595,-31.516,462.22
57.323,-31.473,463.13
57.055,-31.43,464.04
56.785,-31.391,464.94
56.513,-31.351,465.84
56.244,-31.311,466.73
55.975,-31.268,467.62
55.706,-31.229,468.49
55.443,-31.189,469.36
55.19,-31.148,470.22
54.938,-31.107,471.07
54.686,-31.068,471.91
54.44,-31.029,472.73
54.196,-30.99,473.54
53.958,-30.951,474.34
53.721,-30.914,475.12
53.487,-30.877,475.9
53.257,-30.842,476.67
53.03,-30.806,477.44
52.806,-30.771,478.2
52.582,-30.737,478.96
52.368,-30.704,479.73
52.159,-30.672,480.49
51.956,-30.639,481.26
51.761,-30.604,482.03
51.579,-30.565,482.81
51.413,-30.526,483.57
51.265,-30.483,484.35
51.13,-30.436,485.13
51.014,-30.387,485.9
50.924,-30.338,486.69
50.856,-30.29,487.46
50.813,-30.238,488.25
50.79,-30.19,489.04
50.783,-30.141,489.81
50.798,-30.093,490.61
50.838,-30.045,491.4
50.896,-29.994,492.19
50.979,-29.942,492.98
51.077,-29.889,493.77
51.2,-29.836,494.57
51.345,-29.782,495.37
51.507,-29.73,496.15
51.69,-29.677,496.95
51.889,-29.622,497.74
52.104,-29.566,498.54
52.335,-29.512,499.34
52.577,-29.459,500.13
52.837,-29.404,500.93
53.115,-29.349,501.73
53.407,-29.296,502.52
53.718,-29.243,503.31
54.049,-29.187,504.1
54.397,-29.134,504.88
54.755,-29.083,505.67
55.129,-29.029,506.44
55.519,-28.975,507.21
55.92,-28.921,507.99
56.331,-28.872,508.75
56.765,-28.819,509.51
57.221,-28.769,510.26
57.698,-28.722,511
58.192,-28.67,511.73
58.704,-28.62,512.43
59.236,-28.568,513.14
59.789,-28.517,513.82
60.357,-28.466,514.47
60.941,-28.414,515.12
61.54,-28.364,515.75
62.148,-28.313,516.35
62.774,-28.266,516.95
63.41,-28.215,517.52
64.064,-28.163,518.1
64.726,-28.11,518.67
65.398,-28.059,519.22
66.081,-28.003,519.76
66.781,-27.943,520.3
67.497,-27.884,520.81
68.227,-27.825,521.33
68.965,-27.763,521.82
69.721,-27.698,522.31
70.49,-27.632,522.78
71.27,-27.564,523.21
72.068,-27.496,523.64
72.882,-27.432,524.05
73.707,-27.363,524.43
74.549,-27.295,524.81
75.403,-27.227,525.15
76.272,-27.158,525.49
77.154,-27.09,525.82
78.049,-27.026,526.1
78.958,-26.96,526.38
79.882,-26.895,526.63
80.812,-26.829,526.85
81.76,-26.763,527.05
82.715,-26.694,527.21
83.684,-26.625,527.37
84.662,-26.552,527.5
85.641,-26.481,527.59
86.634,-26.409,527.67
87.636,-26.34,527.73
88.644,-26.269,527.75
89.665,-26.199,527.76
90.686,-26.124,527.74
91.711,-26.052,527.69
92.742,-25.979,527.63
93.772,-25.907,527.53
94.812,-25.836,527.41
95.848,-25.764,527.27
96.892,-25.691,527.08
97.935,-25.62,526.89
98.976,-25.549,526.67
100.02,-25.479,526.42
101.06,-25.413,526.16
102.11,-25.349,525.86
103.15,-25.285,525.56
104.19,-25.224,525.23
105.23,-25.165,524.86
106.27,-25.108,524.48
107.31,-25.047,524.08
108.34,-24.983,523.65
109.36,-24.919,523.2
110.39,-24.855,522.74
111.41,-24.791,522.27
112.43,-24.726,521.78
113.46,-24.661,521.28
114.49,-24.595,520.78
115.52,-24.525,520.28
116.57,-24.455,519.77
117.62,-24.382,519.26
118.67,-24.306,518.75
119.74,-24.226,518.24
120.79,-24.146,517.72
121.86,-24.065,517.2
122.98,-23.981,516.64
124,-23.907,516.14
125.08,-23.831,515.6
126.17,-23.754,515.06
127.26,-23.673,514.52
128.36,-23.588,513.97
129.46,-23.5,513.42
130.56,-23.411,512.86
131.67,-23.321,512.3
132.79,-23.232,511.74
133.9,-23.142,511.17
135.03,-23.053,510.6
136.16,-22.963,510.03
137.3,-22.874,509.46
138.45,-22.782,508.89
139.6,-22.696,508.31
140.76,-22.611,507.73
141.93,-22.525,507.14
143.11,-22.44,506.55
144.29,-22.349,505.96
145.48,-22.256,505.36
146.67,-22.166,504.76
147.87,-22.075,504.16
149.08,-21.982,503.55
150.29,-21.89,502.94
151.51,-21.798,502.32
152.74,-21.706,501.7
153.97,-21.611,501.08
155.21,-21.514,500.46
156.45,-21.417,499.83
157.7,-21.318,499.21
158.95,-21.222,498.59
160.2,-21.125,497.97
161.46,-21.027,497.33
162.71,-20.93,496.7
163.96,-20.835,496.06
165.22,-20.741,495.42
166.47,-20.644,494.78
167.73,-20.549,494.14
168.98,-20.454,493.5
170.24,-20.358,492.87
171.49,-20.264,492.23
172.75,-20.17,491.59
174,-20.075,490.95
175.26,-19.983,490.31
176.52,-19.89,489.69
177.78,-19.792,489.06
179.04,-19.689,488.44
180.3,-19.585,487.82
181.54,-19.491,487.2
182.79,-19.4,486.58
184.04,-19.312,485.97
185.29,-19.221,485.36
186.54,-19.128,484.75
187.78,-19.032,484.14
189.02,-18.935,483.53
190.26,-18.84,482.92
191.5,-18.748,482.31
192.73,-18.659,481.69
193.96,-18.572,481.08
195.18,-18.482,480.47
196.4,-18.39,479.86
197.61,-18.297,479.24
198.82,-18.202,478.62
200.01,-18.11,478
201.2,-18.021,477.38
202.39,-17.936,476.75
203.57,-17.848,476.13
204.75,-17.761,475.5
205.91,-17.674,474.88
207.05,-17.589,474.26
208.18,-17.504,473.65
209.3,-17.42,473.04
210.39,-17.338,472.44
211.46,-17.257,471.85
212.52,-17.177,471.27
213.56,-17.098,470.7
214.58,-17.023,470.14
215.58,-16.949,469.59
216.56,-16.877,469.05
217.53,-16.804,468.53
218.49,-16.733,468.02
219.44,-16.663,467.53
220.38,-16.592,467.05
221.33,-16.522,466.6
222.27,-16.452,466.16
223.21,-16.382,465.75
224.16,-16.317,465.37
225.09,-16.251,464.99
226.04,-16.188,464.64
226.99,-16.122,464.32
227.95,-16.058,463.99
228.92,-15.987,463.7
229.88,-15.919,463.42
230.86,-15.845,463.17
231.85,-15.768,462.95
232.82,-15.689,462.73
233.8,-15.611,462.55
234.79,-15.531,462.4
235.78,-15.453,462.24
236.78,-15.374,462.13
237.78,-15.296,462.01
238.78,-15.221,461.95
239.8,-15.149,461.91
240.82,-15.08,461.88
241.85,-15.009,461.91
242.89,-14.938,461.96
243.92,-14.868,462.03
244.97,-14.792,462.15
246.01,-14.717,462.3
247.05,-14.635,462.47
248.09,-14.553,462.68
249.12,-14.473,462.9
250.15,-14.395,463.18
251.19,-14.318,463.5
252.22,-14.242,463.81
253.25,-14.16,464.18
254.28,-14.08,464.58
255.28,-13.999,464.99
256.29,-13.914,465.44
257.29,-13.833,465.92
258.28,-13.75,466.43
259.27,-13.661,466.97
260.24,-13.568,467.52
261.21,-13.468,468.12
262.17,-13.366,468.73
263.11,-13.262,469.35
264.04,-13.157,470.01
264.95,-13.047,470.68
265.87,-12.936,471.38
266.77,-12.824,472.1
267.66,-12.709,472.82
268.56,-12.595,473.56
269.45,-12.482,474.3
270.33,-12.372,475.07
271.2,-12.264,475.84
272.08,-12.162,476.62
272.96,-12.066,477.42
273.82,-11.967,478.21
274.68,-11.865,479
275.53,-11.762,479.79
276.39,-11.656,480.59
277.23,-11.549,481.39
278.07,-11.442,482.18
278.92,-11.337,482.98
279.75,-11.237,483.77
280.57,-11.137,484.57
281.39,-11.042,485.35
282.2,-10.946,486.12
283.01,-10.851,486.88
283.81,-10.755,487.63
284.6,-10.657,488.36
285.38,-10.564,489.07
286.17,-10.476,489.76
286.93,-10.385,490.43
287.71,-10.304,491.07
288.48,-10.227,491.7
289.24,-10.153,492.29
290,-10.084,492.87
290.75,-10.017,493.43
291.5,-9.9572,493.95
292.23,-9.9014,494.45
292.94,-9.8563,494.91
293.65,-9.8172,495.37
294.35,-9.7791,495.8
295.05,-9.7474,496.21
295.76,-9.7288,496.61
296.45,-9.708,496.96
297.16,-9.6874,497.3
297.85,-9.6678,497.57
298.56,-9.6483,497.84
299.28,-9.634,498.08
299.97,-9.6253,498.25
300.7,-9.6163,498.44
301.41,-9.613,498.55
302.16,-9.6129,498.68
302.91,-9.6165,498.78
303.64,-9.6143,498.81
304.38,-9.609,498.85
305.09,-9.5997,498.8
305.83,-9.581,498.76
306.55,-9.5702,498.69
307.25,-9.564,498.55
307.97,-9.5578,498.41
308.67,-9.5473,498.23
309.38,-9.5415,498.06
310.08,-9.534,497.87
310.78,-9.5204,497.64
311.47,-9.5075,497.41
312.17,-9.4905,497.17
312.86,-9.4699,496.91
313.55,-9.4502,496.63
314.24,-9.4347,496.35
314.93,-9.4167,496.05
315.62,-9.4014,495.74
316.29,-9.3899,495.4
316.96,-9.3865,495.06
317.6,-9.3786,494.68
318.24,-9.364,494.29
318.88,-9.3536,493.89
319.47,-9.3447,493.42
320.07,-9.3372,492.96
320.62,-9.3294,492.44
321.17,-9.3189,491.94
321.69,-9.305,491.42
322.16,-9.2906,490.84
322.62,-9.2701,490.29
323.03,-9.2528,489.68
323.42,-9.2352,489.1
323.8,-9.2212,488.52
324.13,-9.2145,487.91
324.46,-9.2062,487.31
324.78,-9.2021,486.7
325.08,-9.203,486.07
325.38,-9.204,485.45
325.64,-9.2046,484.8
325.9,-9.1963,484.16
326.15,-9.1862,483.51
326.35,-9.1728,482.83
326.54,-9.1636,482.16
326.71,-9.1567,481.49
326.85,-9.1484,480.79
326.98,-9.1315,480.11
327.06,-9.1168,479.39
327.14,-9.1094,478.68
327.2,-9.0986,477.98
327.22,-9.0844,477.25
327.23,-9.0651,476.54
327.21,-9.0413,475.82
327.15,-9.0174,475.06
327.08,-8.9986,474.33
326.99,-8.9779,473.57
326.89,-8.9551,472.83
326.76,-8.9279,472.08
326.61,-8.9008,471.31
326.46,-8.8779,470.55
326.29,-8.8598,469.77
326.1,-8.845,468.98
325.91,-8.8295,468.19
325.7,-8.8212,467.39
325.49,-8.8062,466.58
325.25,-8.7842,465.77
325.01,-8.7663,464.95
324.77,-8.7454,464.12
324.53,-8.7195,463.28
324.27,-8.6925,462.43
324.02,-8.6684,461.57
323.76,-8.6427,460.7
323.5,-8.6176,459.82
323.24,-8.5899,458.94
322.97,-8.5529,458.04
322.7,-8.5162,457.14
322.43,-8.4767,456.22
322.15,-8.448,455.31
321.87,-8.4207,454.38
321.58,-8.3965,453.44
321.29,-8.3727,452.5
321,-8.342,451.55
320.7,-8.3177,450.59
320.4,-8.2968,449.63
320.1,-8.276,448.67
319.8,-8.2571,447.71
319.5,-8.2301,446.74
319.2,-8.1992,445.78
318.88,-8.1712,444.81
318.57,-8.1418,443.84
318.25,-8.1164,442.87
317.93,-8.0933,441.9
317.63,-8.0714,440.93
317.32,-8.0503,439.96
317.03,-8.0298,438.98
316.73,-8.0064,438.01
316.44,-7.9882,437.03
316.16,-7.9763,436.05
315.88,-7.9697,435.07
315.61,-7.9665,434.09
315.36,-7.9668,433.1
315.11,-7.968,432.12
314.87,-7.9723,431.13
314.63,-7.9687,430.14
314.42,-7.9694,429.15
314.21,-7.9643,428.17
314.02,-7.9616,427.17
313.85,-7.9477,426.18
313.7,-7.944,425.19
313.55,-7.9423,424.19
313.41,-7.9398,423.19
313.29,-7.9409,422.19
313.19,-7.9343,421.19
313.1,-7.9295,420.19
313.03,-7.9234,419.19
312.97,-7.9165,418.18
312.92,-7.9047,417.19
312.88,-7.8974,416.18
312.86,-7.8822,415.18
312.85,-7.8642,414.17
312.85,-7.8368,413.17
312.87,-7.8096,412.16
312.9,-7.7882,411.16
312.94,-7.7709,410.16
312.99,-7.7513,409.16
313.05,-7.7275,408.16
313.12,-7.7039,407.16
313.2,-7.6804,406.16
313.3,-7.6565,405.16
313.41,-7.6363,404.16
313.52,-7.618,403.16
313.65,-7.6032,402.17
313.78,-7.5908,401.18
313.92,-7.5783,400.19
314.08,-7.5648,399.21
314.24,-7.5564,398.23
314.41,-7.5448,397.25
314.58,-7.5334,396.28
314.76,-7.5198,395.31
314.96,-7.5091,394.35
315.16,-7.4954,393.4
315.36,-7.4803,392.44
315.56,-7.4632,391.49
315.78,-7.4469,390.54
316,-7.423,389.59
316.21,-7.3978,388.68
316.43,-7.3691,387.76
316.65,-7.3478,386.86
316.88,-7.3258,385.97
317.11,-7.312,385.1
317.34,-7.303,384.24
317.58,-7.3034,383.41
317.82,-7.3119,382.61
318.05,-7.3157,381.84
318.28,-7.3179,381.08
318.5,-7.3269,380.35
318.72,-7.3496,379.65
318.94,-7.3758,378.96
319.15,-7.4051,378.3
319.35,-7.4287,377.63
319.54,-7.4491,376.96
319.72,-7.469,376.29
319.89,-7.4946,375.63
320.05,-7.5102,374.98
320.2,-7.5263,374.32
320.34,-7.5351,373.67
320.46,-7.5524,373.03
320.55,-7.5659,372.37
320.63,-7.5821,371.74
320.67,-7.5938,371.08
320.7,-7.6041,370.46
320.67,-7.6041,369.8
320.64,-7.6032,369.18
320.59,-7.6051,368.56
320.47,-7.5962,367.92
320.37,-7.5839,367.31
320.19,-7.5636,366.67
320.02,-7.5449,366.06
319.81,-7.5236,365.45
319.56,-7.4958,364.82
319.3,-7.4642,364.23
318.98,-7.4349,363.61
318.66,-7.4018,363.04
318.31,-7.3697,362.48
317.92,-7.3397,361.9
317.53,-7.3155,361.35
317.1,-7.2875,360.79
316.65,-7.2496,360.26
316.19,-7.2122,359.73
315.69,-7.1806,359.18
315.18,-7.1547,358.65
314.66,-7.1268,358.11
314.12,-7.1037,357.56
313.57,-7.0808,357.01
313,-7.0497,356.44
312.41,-7.0203,355.89
311.8,-6.9955,355.33
311.18,-6.97,354.76
310.55,-6.9418,354.17
309.91,-6.9097,353.57
309.27,-6.8733,352.95
308.62,-6.8348,352.32
307.95,-6.7911,351.68
307.28,-6.7507,351.03
306.6,-6.7116,350.38
305.92,-6.6711,349.71
305.22,-6.6273,349.04
304.52,-6.5919,348.36
303.82,-6.5566,347.66
303.11,-6.5309,346.96
302.39,-6.5072,346.25
301.67,-6.4816,345.53
300.95,-6.4555,344.8
300.22,-6.4347,344.07
299.49,-6.4159,343.32
298.77,-6.4061,342.58
298.04,-6.3957,341.82
297.31,-6.3881,341.06
296.59,-6.3759,340.3
295.86,-6.3657,339.53
295.14,-6.3554,338.75
294.43,-6.3426,337.97
293.72,-6.3284,337.18
293.01,-6.3135,336.38
292.31,-6.2982,335.58
291.61,-6.2795,334.77
290.94,-6.2665,333.95
290.27,-6.2574,333.11
289.63,-6.2589,332.27
288.99,-6.2538,331.41
288.37,-6.2468,330.53
287.77,-6.2466,329.65
287.17,-6.2485,328.76
286.59,-6.2534,327.86
286.03,-6.2546,326.96
285.46,-6.2523,326.05
284.91,-6.2554,325.12
284.37,-6.2624,324.19
283.83,-6.2634,323.25
283.31,-6.2675,322.3
282.78,-6.2665,321.33
282.27,-6.2605,320.36
281.76,-6.2569,319.38
281.25,-6.2532,318.39
280.76,-6.2471,317.39
280.26,-6.2451,316.39
279.77,-6.2465,315.38
279.27,-6.2373,314.37
278.78,-6.2309,313.36
278.28,-6.2258,312.33
277.77,-6.2191,311.31
277.27,-6.2103,310.28
276.77,-6.2022,309.23
276.26,-6.1925,308.19
275.76,-6.1789,307.14
275.26,-6.1726,306.09
274.76,-6.1675,305.02
274.25,-6.1553,303.95
273.73,-6.1329,302.87
273.21,-6.1046,301.79
272.68,-6.0749,300.71
272.15,-6.0475,299.63
271.62,-6.0313,298.53
271.09,-6.0159,297.43
270.56,-5.9958,296.32
270.02,-5.974,295.21
269.48,-5.9503,294.08
268.93,-5.9181,292.96
268.36,-5.8913,291.84
267.79,-5.8656,290.72
267.21,-5.844,289.6
266.61,-5.822,288.48
266,-5.7989,287.36
265.37,-5.7662,286.25
264.73,-5.7359,285.13
264.08,-5.7133,284.03
263.43,-5.6994,282.91
262.76,-5.6786,281.8
262.08,-5.6505,280.68
261.4,-5.6156,279.57
260.7,-5.5809,278.47
260.01,-5.5529,277.38
259.31,-5.525,276.28
258.62,-5.5079,275.18
257.92,-5.4817,274.07
257.22,-5.4416,272.95
256.51,-5.406,271.84
255.79,-5.3693,270.72
255.06,-5.3367,269.6
254.34,-5.3091,268.49
253.62,-5.2784,267.37
252.9,-5.2386,266.23
252.17,-5.1988,265.1
251.44,-5.1561,263.96
250.69,-5.106,262.82
249.94,-5.0551,261.68
249.19,-5.0067,260.54
248.44,-4.9623,259.4
247.7,-4.9236,258.25
246.95,-4.8884,257.11
246.2,-4.8491,255.96
245.45,-4.8112,254.81
244.7,-4.7826,253.65
243.94,-4.7578,252.49
243.19,-4.7336,251.33
242.43,-4.7004,250.16
241.67,-4.6695,249
240.9,-4.6416,247.82
240.12,-4.6096,246.65
239.34,-4.5725,245.47
238.56,-4.5333,244.28
237.76,-4.4818,243.08
236.97,-4.4346,241.89
236.17,-4.3729,240.69
235.37,-4.3126,239.49
234.57,-4.2563,238.29
233.76,-4.2075,237.09
232.96,-4.1554,235.88
232.15,-4.0961,234.67
231.33,-4.0446,233.46
230.51,-3.9888,232.24
229.68,-3.9356,231.03
228.84,-3.8783,229.81
228.01,-3.8282,228.6
227.18,-3.7765,227.38
226.34,-3.7302,226.17
225.5,-3.6838,224.95
224.66,-3.6426,223.74
223.82,-3.5998,222.53
222.97,-3.5534,221.32
222.13,-3.5086,220.11
221.29,-3.4622,218.9
220.44,-3.4134,217.69
219.6,-3.3654,216.48
218.75,-3.3239,215.26
217.92,-3.2948,214.05
217.08,-3.2615,212.85
216.25,-3.2287,211.63
215.42,-3.1926,210.43
214.59,-3.1532,209.21
213.76,-3.1093,208
212.94,-3.0722,206.79
212.13,-3.0434,205.57
211.32,-3.0086,204.35
210.51,-2.9734,203.13
209.7,-2.9264,201.9
208.89,-2.8776,200.68
208.09,-2.8304,199.45
207.3,-2.7823,198.22
206.51,-2.7395,196.99
205.73,-2.6923,195.76
204.95,-2.65,194.53
204.18,-2.61,193.29
203.42,-2.5662,192.05
202.67,-2.5257,190.8
201.93,-2.4956,189.55
201.19,-2.4631,188.29
200.46,-2.4321,187.03
199.74,-2.3965,185.76
199.04,-2.3657,184.49
198.34,-2.3321,183.23
197.63,-2.2965,181.95
196.94,-2.2597,180.67
196.25,-2.222,179.39
195.57,-2.1923,178.12
194.89,-2.1634,176.84
194.23,-2.1405,175.57
193.56,-2.1186,174.28
192.91,-2.0972,172.99
192.26,-2.0742,171.7
191.62,-2.0573,170.41
190.98,-2.0349,169.11
190.35,-2.0206,167.82
189.72,-2.0017,166.53
189.08,-1.9736,165.23
188.44,-1.9432,163.93
187.82,-1.9164,162.62
187.2,-1.8972,161.31
186.58,-1.8677,160
185.96,-1.8301,158.68
185.34,-1.7935,157.37
184.72,-1.7597,156.05
184.09,-1.7239,154.74
183.48,-1.691,153.42
182.86,-1.6585,152.11
182.24,-1.6282,150.79
181.63,-1.5995,149.48
181.01,-1.5676,148.16
180.4,-1.5384,146.85
179.79,-1.513,145.53
179.19,-1.4933,144.22
178.59,-1.4692,142.9
178,-1.4483,141.58
177.4,-1.4294,140.26
176.79,-1.4038,138.93
176.19,-1.3782,137.61
175.58,-1.3563,136.28
174.97,-1.3398,134.97
174.37,-1.3385,133.66
173.76,-1.3331,132.36
173.14,-1.3199,131.05
172.51,-1.3149,129.76
171.87,-1.3016,128.47
171.22,-1.2916,127.19
170.56,-1.2691,125.92
169.89,-1.2525,124.66
169.2,-1.2253,123.4
168.5,-1.1872,122.16
167.79,-1.1474,120.93
167.06,-1.0994,119.7
166.31,-1.0504,118.48
165.55,-1.0004,117.27
164.78,-0.95592,116.08
163.99,-0.90727,114.89
163.18,-0.85305,113.7
162.37,-0.79701,112.52
161.54,-0.73198,111.36
160.7,-0.67401,110.21
159.84,-0.62118,109.07
158.99,-0.57655,107.94
158.12,-0.53476,106.81
157.24,-0.49279,105.7
156.36,-0.45292,104.58
155.48,-0.40778,103.48
154.59,-0.36798,102.37
153.69,-0.33341,101.27
152.77,-0.28921,100.17
151.85,-0.24423,99.075
150.93,-0.19732,97.983
150,-0.16086,96.895
149.07,-0.12427,95.812
148.12,-0.088159,94.732
147.17,-0.048702,93.653
146.21,-0.0091336,92.59
145.24,0.033542,91.534
144.27,0.074182,90.48
143.29,0.10623,89.439
142.3,0.14118,88.396
141.31,0.17712,87.358
140.31,0.21747,86.319
139.31,0.26172,85.274
138.31,0.31201,84.231
137.32,0.35678,83.189
136.31,0.40139,82.139
135.31,0.45662,81.085
134.31,0.51255,80.023
133.31,0.56572,78.967
132.3,0.61538,77.91
131.29,0.66057,76.855
130.28,0.70345,75.799
129.27,0.74917,74.737
128.26,0.79368,73.68
127.25,0.84049,72.626
126.24,0.88529,71.572
125.22,0.92986,70.51
124.21,0.97522,69.451
123.19,1.0227,68.388
122.17,1.0711,67.326
121.15,1.1201,66.269
120.13,1.1657,65.208
119.1,1.2098,64.151
118.07,1.2556,63.095
117.04,1.3027,62.039
116,1.3504,60.986
114.96,1.3966,59.931
113.92,1.4474,58.873
112.86,1.5017,57.817
111.8,1.5578,56.763
110.73,1.6195,55.703
109.67,1.6692,54.648
108.61,1.7239,53.595
107.55,1.7708,52.536
106.49,1.8181,51.469
105.43,1.8662,50.394
104.35,1.93,49.338
103.29,1.9868,48.293
102.24,2.0382,47.25
101.19,2.0804,46.195
100.13,2.1269,45.132
99.068,2.1776,44.078
98.007,2.2323,43.027
96.95,2.284,41.977
95.884,2.3363,40.923
94.811,2.3937,39.864
93.739,2.4573,38.804
92.676,2.5143,37.747
91.617,2.5688,36.688
90.568,2.6143,35.632
89.518,2.67,34.576
88.469,2.7289,33.518
87.416,2.7936,32.459
86.364,2.861,31.402
85.315,2.9303,30.351
84.26,3.0037,29.296
83.214,3.0668,28.242
82.168,3.1274,27.187
81.124,3.1846,26.129
80.079,3.2441,25.074
79.038,3.3008,24.014
77.993,3.3616,22.958
76.957,3.4174,21.896
75.922,3.4743,20.839
74.891,3.5268,19.775
73.854,3.5799,18.708
72.816,3.6359,17.648
71.78,3.6906,16.59
70.723,3.7578,15.533
69.681,3.8126,14.465
68.63,3.875,13.397
67.588,3.9334,12.333
66.524,4.0012,11.267
65.472,4.0579,10.206
64.409,4.1178,9.139
63.363,4.1727,8.0727
62.314,4.23,7.0074
61.277,4.2854,5.9392
60.241,4.3358,4.8748
59.206,4.3851,3.808
58.167,4.4416,2.7336
57.127,4.5031,1.6557
56.092,4.5571,0.58475
55.056,4.6116,-0.48602
54.029,4.6557,-1.5557
53.008,4.695,-2.6257
51.987,4.7303,-3.6922
50.967,4.7645,-4.7611
49.956,4.7926,-5.8224
48.947,4.8161,-6.8853
47.942,4.8328,-7.9505
46.935,4.8442,-9.021
45.919,4.868,-10.103
44.902,4.9054,-11.163
43.893,4.9446,-12.217
42.9,4.9711,-13.251
41.911,4.991,-14.274
40.929,5.0003,-15.294
39.959,5.0114,-16.307
39.01,5.0198,-17.314
38.09,5.0233,-18.317
37.185,5.0234,-19.318
36.296,5.0264,-20.31
35.419,5.0364,-21.292
34.554,5.0379,-22.25
33.705,5.0351,-23.203
32.867,5.0355,-24.157
32.073,5.0366,-25.097
31.29,5.0329,-26.024
30.512,5.0306,-26.943
29.743,5.0252,-27.84
28.994,5.0129,-28.709
28.283,5.001,-29.553
27.594,4.9881,-30.383
26.928,4.9609,-31.196
26.271,4.9373,-31.981
25.636,4.9114,-32.73
25.015,4.8832,-33.445
24.406,4.8686,-34.119
23.802,4.8633,-34.764
23.208,4.858,-35.368
22.621,4.8494,-35.935
22.04,4.8395,-36.469
21.465,4.8297,-36.967
20.883,4.8292,-37.416
20.303,4.8217,-37.821
19.734,4.8093,-38.186
19.175,4.7883,-38.514
18.625,4.7653,-38.801
18.074,4.745,-39.044
17.516,4.7293,-39.261
16.957,4.7104,-39.442
16.397,4.6848,-39.598
15.839,4.6612,-39.715
15.279,4.6459,-39.795
14.733,4.6207,-39.831
14.191,4.6007,-39.83
13.657,4.5941,-39.806
13.134,4.5912,-39.756
12.634,4.5725,-39.672
12.137,4.5705,-39.567
11.649,4.5699,-39.424
11.172,4.5595,-39.261
10.7,4.5622,-39.071
10.24,4.5581,-38.863
9.7897,4.5581,-38.63
9.3468,4.5589,-38.357
8.9182,4.5558,-38.063
8.4977,4.5575,-37.738
8.0884,4.5541,-37.39
7.6944,4.5572,-37.014
7.3089,4.5628,-36.617
6.9383,4.5798,-36.199
6.5879,4.5908,-35.756
6.2563,4.5932,-35.283
5.9463,4.5892,-34.788
5.6536,4.582,-34.272
5.3777,4.5747,-33.73
5.1225,4.5658,-33.172
4.8856,4.5583,-32.59
4.6667,4.5438,-31.995
4.468,4.5215,-31.372
4.2851,4.4929,-30.738
4.1181,4.4509,-30.087
3.956,4.4136,-29.427
3.8056,4.3605,-28.751
3.675,4.3044,-28.059
3.55,4.2505,-27.354
3.4286,4.2015,-26.637
3.307,4.1551,-25.914
3.1901,4.1105,-25.175
3.0705,4.068,-24.429
2.9507,4.0134,-23.672
2.8241,3.9691,-22.912
2.7038,3.9253,-22.139
2.5897,3.8857,-21.354
2.4777,3.8364,-20.559
2.3558,3.7909,-19.755
2.2353,3.75,-18.942
2.1199,3.7093,-18.12
2.001,3.6707,-17.284
1.8832,3.6315,-16.439
1.7641,3.597,-15.589
1.6518,3.5482,-14.733
1.5397,3.5013,-13.883
1.4378,3.4467,-13.04
1.333,3.4021,-12.205
1.2291,3.3576,-11.374
1.1247,3.3198,-10.553
1.0218,3.2822,-9.7383
0.91403,3.2559,-8.9349
0.80898,3.2319,-8.1422
0.69767,3.2139,-7.3598
0.57247,3.1985,-6.5914
0.43297,3.1923,-5.8346
0.30283,3.1801,-5.08
0.17246,3.1664,-4.3285
0.041704,3.1503,-3.5874
-0.093834,3.1295,-2.862
-0.23381,3.1199,-2.1481
-0.37874,3.1145,-1.4374
-0.51532,3.1072,-0.72811
-0.6525,3.0942,-0.027237
-0.80038,3.0825,0.66694
-0.9575,3.0858,1.3492
-1.1288,3.0972,2.0278
-1.3045,3.098,2.7118
-1.4925,3.0946,3.3994
-1.6825,3.0874,4.0917
-1.8907,3.0772,4.7832
-2.1029,3.0721,5.4711
-2.3269,3.0746,6.1569
-2.5497,3.0713,6.8415
-2.7753,3.0582,7.5285
