-0.0045967,-0.0020015,0.091543
-0.0048121,-0.0023902,0.094226
-0.006209,-0.0025273,0.097821
-0.0089227,0.00016254,0.10405
-0.010674,-0.00039421,0.1142
-0.011999,-0.0003405,0.1274
-0.01509,-0.00034036,0.14005
-0.015419,-0.00070058,0.15373
-0.017776,-0.00089773,0.16499
-0.021269,-0.0033141,0.17285
-0.027574,-0.0057623,0.17949
-0.032318,-0.0075327,0.18585
-0.033578,-0.0069864,0.19386
-0.033667,-0.002569,0.20204
-0.037395,-0.0013489,0.20865
-0.041512,-0.0022741,0.21474
-0.040816,-0.001694,0.21931
-0.043771,-0.002287,0.21982
-0.049799,0.0029036,0.22615
-0.04697,0.0039188,0.22962
-0.042226,0.0034148,0.23252
-0.042475,0.00042852,0.23808
-0.054628,-0.0025734,0.24529
-0.068943,-0.0051645,0.25401
-0.068025,-0.0051022,0.25889
-0.064127,-0.0055628,0.26698
-0.056251,-0.0030893,0.2764
-0.060249,-0.0033922,0.28768
-0.064217,-0.003772,0.29696
-0.06763,-0.0031009,0.31007
-0.068958,-0.0029169,0.31931
-0.070785,-0.0025616,0.32975
-0.072028,-0.0011604,0.34615
-0.072523,-0.003166,0.3589
-0.06873,-0.0061545,0.3767
-0.05979,-0.0091444,0.38796
-0.058573,-0.0091379,0.39974
-0.06191,-0.0068164,0.41662
-0.05712,-0.0044165,0.4333
-0.049649,-0.0033372,0.44751
-0.042983,-0.0051151,0.46261
-0.035305,-0.0075785,0.47615
-0.034336,-0.0060813,0.49431
-0.027885,-0.003365,0.50953
-0.020027,-0.00066167,0.5292
-0.016042,-0.0032907,0.54502
-0.013153,-0.0082057,0.55903
-0.012593,-0.010825,0.57694
-0.0052019,-0.0064082,0.59
0.00073793,-0.0039,0.6079
0.0014265,-0.0055498,0.62342
-0.00042062,-0.011718,0.63924
-0.0021073,-0.012603,0.655
-0.0037472,-0.0098782,0.66547
-0.00059577,-0.0049261,0.68379
0.00083936,-0.0035927,0.70064
-0.00061492,-0.0080627,0.7172
-4.1697e-06,-0.012348,0.73164
0.00033578,-0.0099506,0.74184
-0.00079768,-0.0071181,0.7558
-0.00081299,-0.0069627,0.76729
0.0063782,-0.0066333,0.78735
0.0051677,-0.010919,0.79389
0.0024083,-0.012329,0.8024
0.00069247,-0.016976,0.80256
0.0034706,-0.016608,0.80766
0.0063603,-0.008435,0.82223
0.0040905,-0.0074028,0.83182
-0.0011512,-0.0092272,0.84539
-0.0028865,-0.013215,0.84922
-0.0063122,-0.015463,0.84867
-0.0075284,-0.02141,0.84808
-0.0054615,-0.0209,0.84279
-0.0033389,-0.015915,0.84023
-0.0042132,-0.013259,0.84499
-0.0035743,-0.018612,0.84167
-0.0055967,-0.02054,0.84399
-0.0035809,-0.018589,0.83418
-0.0022249,-0.016454,0.83675
-0.0011249,-0.015844,0.83918
0.0008613,-0.019705,0.83958
-0.00016668,-0.017258,0.84297
-0.00057231,-0.016813,0.84377
-0.0016725,-0.020503,0.83713
-0.00018723,-0.022312,0.83507
-0.0014935,-0.018943,0.83285
-0.0030485,-0.020172,0.82947
-0.0077734,-0.017238,0.82998
-0.0079609,-0.014886,0.82944
-0.0013552,-0.018571,0.82631
0.0029163,-0.017243,0.82592
0.0023465,-0.013131,0.82488
-0.0010934,-0.01339,0.82493
-0.00033386,-0.016373,0.82688
0.00093216,-0.020208,0.8186
0.00030698,-0.022397,0.81263
-0.0082906,-0.022509,0.80604
-0.0097038,-0.019124,0.80093
-0.01153,-0.014067,0.80053
-0.0082841,-0.017296,0.79805
-0.0030195,-0.017885,0.79672
-0.0052998,-0.018591,0.78988
-0.0040644,-0.020855,0.78572
0.00020712,-0.017493,0.78244
0.00062346,-0.019605,0.77838
-0.0035639,-0.018748,0.77646
-0.0024312,-0.020501,0.76749
-0.00026295,-0.02071,0.75922
-8.4601e-05,-0.022321,0.75054
-0.0020844,-0.022809,0.73626
-0.0022198,-0.020795,0.72966
-0.00073962,-0.020015,0.71215
-0.00073586,-0.019598,0.69794
0.0023868,-0.020014,0.68243
0.0075591,-0.019562,0.66708
0.0086501,-0.020122,0.65126
0.0072686,-0.020207,0.63606
0.0085213,-0.018908,0.62007
0.011031,-0.016925,0.60161
0.017534,-0.016421,0.58388
0.022483,-0.017078,0.56081
0.030729,-0.017497,0.53938
0.039456,-0.017038,0.51458
0.045326,-0.017303,0.49434
0.047664,-0.015551,0.47757
0.050123,-0.016046,0.45901
0.056539,-0.014721,0.45987
0.0625,-0.016088,0.44444
0.073887,-0.016335,0.44461
0.077044,-0.012454,0.43085
0.076463,-0.0070964,0.43887
0.071333,-0.0044778,0.42927
0.067157,-0.00714,0.43601
0.073532,-0.0086778,0.43375
0.086768,-0.0098886,0.42106
0.069049,-0.014224,0.42181
0.063712,-0.013009,0.41203
0.058576,-0.0060549,0.42771
0.064855,-0.0024415,0.43322
0.061497,-0.0016877,0.45993
0.064687,-3.8774e-05,0.47552
0.065822,-0.001813,0.48216
0.055343,-0.0049919,0.50958
0.052241,-0.0039133,0.52119
0.039512,0.00033905,0.53989
0.036698,-0.0015694,0.56044
0.035439,-0.0063923,0.57556
0.029461,-0.0072559,0.59422
0.026576,-0.0041658,0.61021
0.019035,-0.0077575,0.62838
0.012429,-0.0092741,0.64145
0.011668,-0.0098126,0.65707
0.020379,-0.0078199,0.67043
0.021481,-0.0065622,0.68567
0.019559,-0.0059592,0.70096
0.020334,-0.0089935,0.71663
0.018003,-0.01428,0.72425
0.01638,-0.013018,0.738
0.017028,-0.007296,0.74652
0.015284,-0.0019282,0.76271
0.0089068,-0.0059298,0.77568
0.0017444,-0.013394,0.7792
0.0044326,-0.015574,0.77732
0.0082913,-0.017258,0.76906
0.0056863,-0.0156,0.77014
0.0073085,-0.013477,0.77327
0.0089265,-0.015133,0.77248
0.012242,-0.019831,0.77287
0.012751,-0.023644,0.76451
0.004378,-0.017464,0.76241
7.4272e-05,-0.017339,0.76195
0.00057384,-0.011383,0.75875
-0.00070212,-0.0096572,0.76932
-0.0086876,-0.018097,0.76143
-0.0079944,-0.019301,0.76096
-0.0010241,-0.017491,0.75446
0.0034826,-0.019714,0.74992
0.0024245,-0.019868,0.75337
0.0010001,-0.018358,0.75424
0.0034116,-0.01903,0.75676
0.0017466,-0.017897,0.7641
-0.0069981,-0.016226,0.76841
-0.0060177,-0.017255,0.77179
-0.0073932,-0.020751,0.77768
-0.003039,-0.015432,0.78627
-0.0082553,-0.01792,0.78805
-0.012014,-0.019636,0.79842
-0.010002,-0.018608,0.79659
-0.00729,-0.014687,0.8003
-0.0024975,-0.0050983,0.81324
-0.003826,-0.010748,0.82129
-0.0024889,-0.012161,0.83298
0.002968,-0.0069184,0.83846
0.00013532,-0.0087629,0.84653
-0.00055472,-0.015602,0.85346
0.00094283,-0.017864,0.85709
-0.0034129,-0.018523,0.86288
-0.0017384,-0.016881,0.86349
0.0026001,-0.018046,0.86622
0.0075263,-0.017381,0.87072
0.0031945,-0.013829,0.8727
0.00026294,-0.018566,0.87929
0.0042631,-0.018381,0.87935
1.2998e-05,-0.019495,0.87536
-0.0049385,-0.019713,0.86968
-0.0080824,-0.019548,0.86082
-0.0064824,-0.018718,0.86132
-0.010124,-0.021329,0.85506
-0.004327,-0.015225,0.85605
-0.0026157,-0.011257,0.85395
-0.0051598,-0.016035,0.85875
-0.0090888,-0.024475,0.85341
-0.00077815,-0.025284,0.83719
0.0014611,-0.020707,0.83145
-0.0032068,-0.021172,0.83203
-0.0080498,-0.02315,0.82641
-0.011101,-0.02124,0.82142
-0.0039729,-0.019128,0.8174
-0.0050481,-0.02184,0.81209
-0.0092482,-0.019392,0.81319
-0.0063737,-0.01605,0.81203
-0.0074081,-0.018874,0.81122
-0.007848,-0.017614,0.80916
-0.0058876,-0.020053,0.80142
-0.0091926,-0.020299,0.79444
-0.0057885,-0.017746,0.79665
-0.0091903,-0.020988,0.78753
-0.020935,-0.021079,0.78053
-0.017584,-0.019687,0.77671
-0.012221,-0.01705,0.77166
-0.015011,-0.016507,0.77319
-0.022088,-0.016721,0.77074
-0.017849,-0.018932,0.76994
-0.017035,-0.027075,0.76331
-0.013356,-0.021809,0.75547
-0.016027,-0.018804,0.75111
-0.013796,-0.018282,0.75284
-0.01959,-0.021582,0.75642
-0.018074,-0.014669,0.75563
-0.020934,-0.019843,0.75878
-0.013716,-0.02188,0.75188
-0.015753,-0.025935,0.73949
-0.01716,-0.021319,0.73197
-0.009522,-0.0073197,0.7375
-0.003929,-0.0034655,0.75147
-0.011944,-0.013287,0.75644
-0.011166,-0.017107,0.75593
-0.0077314,-0.018023,0.74725
-0.0085628,-0.017422,0.74573
-0.0089095,-0.018037,0.74664
-0.0032237,-0.014691,0.74685
-0.007544,-0.010514,0.75265
-0.015737,-0.014584,0.75554
-0.016381,-0.0023355,0.75189
-0.0095889,0.0042773,0.76052
-0.0089417,-0.0032181,0.76443
-0.023525,-0.014308,0.76503
-0.031178,-0.011826,0.758
-0.017427,-0.0099631,0.75253
-0.0055381,-0.0043818,0.75528
-0.0099718,-0.0060379,0.76317
-0.017436,-0.0073354,0.77413
-0.009524,-0.0151,0.77419
-0.0056181,-0.016788,0.77239
-0.010894,-0.017016,0.76428
-0.01199,-0.0090936,0.76534
-0.013865,-0.0088387,0.76815
-0.014438,-0.0098722,0.77631
-0.012926,-0.01377,0.77209
-0.0078915,-0.013455,0.76835
-0.0094776,-0.013987,0.76457
-0.0078001,-0.013508,0.76178
-0.010803,-0.012043,0.76028
-0.015274,-0.012961,0.75914
-0.013256,-0.012245,0.75389
-0.011822,-0.016535,0.74395
-0.012948,-0.014318,0.74014
-0.011571,-0.0091332,0.73455
-0.01447,-0.0041445,0.74222
-0.011963,-0.0080807,0.73671
-0.0082097,-0.013532,0.72928
-0.0050405,-0.016712,0.71158
-0.0032077,-0.015526,0.69537
-0.0078119,-0.017019,0.67532
-0.009177,-0.01378,0.6609
-0.0095181,-0.010392,0.64674
-0.0031319,-0.010735,0.6269
-0.0046136,-0.012919,0.60977
-0.0052101,-0.012884,0.58899
-0.0019263,-0.010533,0.56271
-0.00090167,-0.011256,0.5392
-0.0037766,-0.010961,0.51425
-0.01001,-0.016749,0.49337
-0.0077903,-0.014651,0.4709
-0.0055376,-0.0071538,0.45155
-0.005525,-0.0034143,0.43657
-0.01304,-0.0056744,0.41558
-0.019604,-0.0078121,0.39796
-0.020991,-0.0093659,0.37943
-0.018184,-0.0078331,0.36204
-0.013125,-0.0088246,0.3395
-0.0095469,-0.0086322,0.31695
-0.010067,-0.0095702,0.30172
-0.014733,-0.0091137,0.28427
-0.022488,-0.010078,0.26925
-0.029106,-0.009504,0.25212
-0.026323,-0.013119,0.24124
-0.027982,-0.010942,0.22619
-0.026716,-0.0066859,0.21307
-0.033244,-0.0030473,0.21144
-0.041517,-0.00095716,0.21307
-0.035612,-0.0027585,0.21043
-0.028501,0.0014311,0.2178
-0.027785,0.0004661,0.21679
-0.035747,0.00054178,0.20995
-0.042952,0.00078578,0.21514
-0.040929,-0.0011515,0.20922
-0.038127,-0.0042899,0.21355
-0.042548,-0.0050358,0.21234
-0.046334,-0.0054924,0.20555
-0.043954,-0.0074341,0.21239
-0.03797,-0.010439,0.21598
-0.044213,-0.0099173,0.21816
-0.046158,-0.0059122,0.24722
-0.055425,-0.0038181,0.25349
-0.050786,-0.0021208,0.28488
-0.050449,-0.004077,0.29931
-0.062191,-0.0011439,0.29971
-0.055706,-0.00090035,0.32956
-0.058469,-0.0006655,0.34588
-0.070132,-0.0032707,0.33714
-0.053304,-0.0061887,0.37057
-0.067815,-0.0087862,0.36306
-0.05344,-0.0088645,0.39398
-0.053859,-0.0094165,0.40656
-0.068724,-0.010481,0.40301
-0.049899,-0.0083545,0.43433
-0.046156,-0.0091752,0.44947
-0.062434,-0.0082718,0.46163
-0.046593,-0.0075913,0.48785
-0.059289,-0.0074768,0.49818
-0.045973,-0.0067683,0.52335
-0.046548,-0.0048287,0.54672
-0.050112,-0.0048263,0.56063
-0.038778,-0.0051885,0.58512
-0.035409,-0.010999,0.59775
-0.026192,-0.00895,0.62109
-0.018829,-0.009704,0.63894
-0.013559,-0.0096569,0.65906
-0.012154,-0.010331,0.67616
-0.01424,-0.010273,0.69123
-0.01192,-0.0097659,0.70693
-0.0089488,-0.010498,0.72247
-0.0055853,-0.010262,0.74109
-0.006042,-0.0098984,0.75213
-0.0043944,-0.010252,0.77319
-0.0047834,-0.012035,0.78506
-0.0032117,-0.011064,0.80288
-0.0034392,-0.0098291,0.81952
-0.0048997,-0.0077033,0.83579
-0.013999,-0.0058435,0.84553
-0.012257,-0.010317,0.86191
-0.011586,-0.011887,0.86733
-0.0079269,-0.01171,0.8813
-0.0074021,-0.0089975,0.89424
-0.0031758,-0.010501,0.9102
-0.0021634,-0.01173,0.92347
-0.0061743,-0.014034,0.93139
-0.0047047,-0.014548,0.94241
-0.0041447,-0.015959,0.95266
-0.0062302,-0.014211,0.96737
-0.0045585,-0.016304,0.97838
-0.002518,-0.015933,0.98697
0.0015904,-0.018086,0.98444
0.0068,-0.018971,0.98934
0.0053658,-0.021412,0.98787
0.003105,-0.021585,0.98904
0.00037055,-0.020943,0.98842
0.0032816,-0.022767,0.991
0.0050969,-0.025368,0.99812
0.0040984,-0.024364,0.99135
0.0029566,-0.023703,0.99372
0.0034346,-0.02103,0.99905
0.007346,-0.024883,0.98964
0.0077241,-0.025709,0.99697
0.0032184,-0.024386,0.99032
0.0042756,-0.025251,0.99115
0.0018501,-0.023051,0.98658
0.0081994,-0.026245,0.99379
0.003305,-0.025017,0.99506
0.0052038,-0.025941,0.99045
0.0056296,-0.026081,0.98706
0.0060262,-0.025512,0.98612
0.0095081,-0.024874,0.98974
0.0089215,-0.023225,0.99333
0.010844,-0.02005,0.99049
0.010069,-0.022314,0.99559
0.006736,-0.028276,0.98606
0.0044638,-0.026862,0.98203
0.0042805,-0.022534,0.98131
0.002834,-0.019369,0.98387
0.00214,-0.022615,0.9873
0.0034996,-0.023946,0.98108
0.0047519,-0.025765,0.97607
0.002359,-0.022635,0.97463
0.0012549,-0.020812,0.97399
0.0014065,-0.020917,0.97403
0.002759,-0.022178,0.97048
0.0042887,-0.025013,0.96899
0.0017627,-0.024745,0.95967
-0.0035998,-0.024956,0.95181
-0.0042961,-0.02325,0.95188
-0.0052467,-0.024357,0.94948
-0.0028083,-0.023502,0.94878
-0.0036308,-0.022735,0.9458
-0.0028285,-0.023143,0.94364
-0.00063409,-0.022726,0.94105
0.00037076,-0.023688,0.93708
-0.00064232,-0.022201,0.93601
0.003124,-0.021626,0.93429
0.006057,-0.022137,0.93179
0.0039586,-0.02409,0.92812
0.0084186,-0.027422,0.92368
0.014662,-0.023368,0.91781
0.0092232,-0.018341,0.90975
0.012267,-0.030487,0.89963
0.0094903,-0.029353,0.88893
0.014729,-0.031408,0.88103
0.011189,-0.028609,0.86413
0.012679,-0.027385,0.85383
0.0095649,-0.026255,0.83977
0.00872,-0.02694,0.82655
0.0083475,-0.024804,0.81809
0.0094836,-0.023119,0.80658
0.010066,-0.022606,0.79815
0.0089541,-0.023263,0.78826
0.00032284,-0.025798,0.77341
-0.0076384,-0.026708,0.75746
-0.010864,-0.027436,0.74271
-0.0063115,-0.025369,0.72669
-0.018273,-0.02686,0.7182
-0.01015,-0.023513,0.69329
-0.012287,-0.024759,0.68529
-0.0092679,-0.023081,0.67159
-0.013861,-0.021966,0.66052
-0.014541,-0.018743,0.64739
-0.017325,-0.017266,0.63729
-0.023958,-0.018771,0.62605
-0.021872,-0.017886,0.61792
-0.015427,-0.016373,0.61089
-0.023013,-0.013158,0.59985
-0.030288,-0.007676,0.59131
-0.043848,-0.0075582,0.57232
-0.045798,-0.0056449,0.5631
-0.049207,-0.0065178,0.55354
-0.06676,0.00062416,0.53863
-0.05205,-0.003481,0.53436
-0.057427,-0.0055939,0.52109
-0.083588,-0.0055766,0.5027
-0.071165,-0.0048751,0.49892
-0.069625,-0.0042714,0.49185
-0.08246,-0.011342,0.48488
-0.055262,-0.0086405,0.48427
-0.076085,-0.0056213,0.48219
-0.054777,-0.011785,0.48056
-0.063605,-0.0133,0.47753
-0.094505,-0.012969,0.47915
-0.063012,-0.014694,0.46921
-0.04764,-0.013128,0.46188
-0.06823,-0.013451,0.46482
-0.051696,-0.013807,0.45381
-0.078026,-0.0138,0.45896
-0.06412,-0.0090919,0.44331
-0.057063,-0.0088619,0.43931
-0.066397,-0.0065688,0.4528
-0.04987,-0.011615,0.44833
-0.070273,-0.012685,0.46797
-0.05023,-0.015843,0.46578
-0.038523,-0.015095,0.47021
-0.03242,-0.015071,0.47625
-0.031343,-0.015271,0.47377
-0.033033,-0.013589,0.48335
-0.026866,-0.012548,0.48596
-0.021569,-0.012492,0.49414
-0.019081,-0.014061,0.50085
-0.016842,-0.014166,0.5094
-0.014,-0.012318,0.51742
-0.0082672,-0.0097697,0.52645
-0.007965,-0.0064666,0.53867
-0.0065306,-0.005528,0.54876
-0.014811,-0.0073527,0.56076
-0.016758,-0.0090375,0.57138
-0.013849,-0.0033665,0.5926
-0.00386,-0.0041668,0.6015
0.0039177,-0.011944,0.61879
0.001842,-0.016982,0.63269
-0.005897,-0.016124,0.6464
-0.0038555,-0.0089117,0.65713
-0.0018345,-0.0073649,0.67553
0.0031778,-0.0075373,0.69876
-0.013435,-0.0081552,0.71418
-0.021042,-0.0095699,0.73055
-0.016144,-0.015254,0.74725
-0.009918,-0.01533,0.76171
-0.0075378,-0.010688,0.78557
-0.0068784,-0.011753,0.80177
-0.010847,-0.018089,0.81545
-0.013874,-0.019222,0.82617
-0.0065959,-0.011484,0.83543
-0.0059142,-0.0084193,0.85571
-0.0079371,-0.009477,0.86907
-0.010363,-0.012692,0.87744
-0.013342,-0.0169,0.8854
-0.012913,-0.017666,0.89748
-0.0055612,-0.017256,0.90603
-0.0068013,-0.023253,0.91566
-0.0060217,-0.021349,0.92654
-0.0050282,-0.019472,0.93728
-0.0038572,-0.02266,0.93955
0.00016738,-0.026536,0.93994
0.0066044,-0.029136,0.93421
0.01186,-0.028679,0.93079
0.0073237,-0.024514,0.93216
0.0038068,-0.020671,0.93755
0.012233,-0.022949,0.93363
0.0041042,-0.027384,0.92487
-0.0032202,-0.029499,0.9174
-0.0034346,-0.027085,0.90933
-0.0025783,-0.019193,0.92169
-0.0025754,-0.020183,0.91543
-0.0014611,-0.022269,0.91593
-0.0019651,-0.022855,0.91868
-0.0038606,-0.021851,0.89547
0.0021154,-0.024275,0.90379
0.0061159,-0.025059,0.89875
0.013535,-0.020886,0.89041
0.020827,-0.018519,0.88647
0.028836,-0.019688,0.88158
0.024399,-0.022833,0.88197
0.035868,-0.023276,0.87224
0.033254,-0.021089,0.87111
0.047749,-0.014936,0.86563
0.047488,-0.019889,0.86453
0.037626,-0.020601,0.86395
0.047333,-0.022846,0.84803
0.03417,-0.017841,0.84657
0.039531,-0.018984,0.84414
0.02565,-0.015036,0.85534
0.032506,-0.020902,0.8542
0.031922,-0.019772,0.85576
0.0251,-0.014537,0.86101
0.020339,-0.013156,0.86744
0.014827,-0.015481,0.88245
0.016128,-0.017097,0.88434
0.019139,-0.016572,0.88944
0.013188,-0.020214,0.89102
0.012957,-0.01089,0.90433
0.016884,-0.0052555,0.92696
0.01289,-0.0067181,0.93404
0.0057832,-0.013361,0.94801
-0.0011554,-0.016649,0.9483
-0.0065715,-0.017913,0.95473
-0.011553,-0.016641,0.96246
-0.018757,-0.015018,0.98005
-0.015346,-0.01221,0.99629
-0.01067,-0.012739,1.0047
-0.0098275,-0.016702,1.0113
-0.0099719,-0.015387,1.0269
-0.0099721,-0.017171,1.0269
-0.012249,-0.018313,1.0377
-0.010488,-0.018342,1.0408
-0.0090256,-0.019538,1.0487
-0.0090936,-0.024794,1.0549
-0.0064365,-0.024374,1.0569
-0.004401,-0.025164,1.0584
-0.004267,-0.024048,1.0576
-0.0013667,-0.020842,1.0598
-0.004567,-0.021056,1.0598
-0.0018002,-0.019211,1.0561
-0.0020482,-0.022712,1.0497
-0.0011824,-0.02039,1.0467
-0.0019995,-0.020551,1.0464
-0.0015136,-0.020922,1.0438
-0.0011826,-0.020357,1.0456
-0.00047523,-0.017998,1.0474
-0.00042469,-0.020067,1.0278
0.00028195,-0.020937,1.0318
-0.0010569,-0.01993,1.0292
-0.0032489,-0.02261,1.0277
-0.0026762,-0.023109,1.024
0.00046546,-0.024581,1.021
0.0016672,-0.025752,1.0163
-0.0046168,-0.025671,1.0117
-0.0035528,-0.025157,1.0121
-0.0053083,-0.021191,1.0028
-0.010628,-0.018018,1.0068
-0.010824,-0.021992,0.99942
-0.013611,-0.021829,0.99454
-0.012116,-0.020426,0.99126
-0.0096562,-0.016615,0.99068
-0.0095289,-0.019785,0.98776
-0.0095374,-0.020999,0.9847
-0.010086,-0.023789,0.98238
-0.0091029,-0.022448,0.97577
-0.009851,-0.025518,0.97037
-0.0088843,-0.027888,0.97113
-0.0092521,-0.028791,0.96737
-0.0064858,-0.025437,0.96169
-0.0073628,-0.024776,0.95992
-0.01111,-0.024384,0.95393
-0.0084667,-0.026808,0.9512
-0.0064362,-0.024748,0.94532
-0.0073501,-0.023579,0.93967
-0.0071956,-0.02694,0.93261
-0.0048259,-0.028106,0.92201
-0.0041356,-0.029006,0.91545
-0.0048834,-0.028146,0.89532
-0.0039793,-0.02738,0.88288
-0.0032922,-0.024261,0.86791
-0.0022112,-0.022512,0.85271
-0.0012676,-0.023687,0.8328
0.0011252,-0.021652,0.81145
0.0054677,-0.025052,0.78805
0.006559,-0.028369,0.76404
0.0028871,-0.02809,0.73834
-0.0015796,-0.027872,0.71378
-0.00039771,-0.027367,0.68558
0.00023269,-0.025222,0.65873
-0.0025032,-0.022679,0.63308
-0.0019628,-0.01995,0.60642
0.0013933,-0.023073,0.57867
0.0040999,-0.021708,0.5562
0.0043201,-0.022293,0.52459
0.0022627,-0.020029,0.49553
0.004974,-0.019149,0.46318
0.0060819,-0.016412,0.43611
0.0097404,-0.014863,0.40126
0.0048988,-0.012786,0.36989
0.0063116,-0.01596,0.33755
0.0026399,-0.014169,0.30761
0.001073,-0.01343,0.26616
0.0015949,-0.0098276,0.24496
-0.00016293,-0.0069082,0.22526
0.0024084,-0.0049958,0.20173
-0.00026569,-0.0040034,0.19708
-0.00096571,0.0013269,0.1892
-0.0029391,-0.00021612,0.18537
-0.00981,0.0047974,0.17656
-0.01232,0.0016482,0.16542
-0.014878,0.0022736,0.15024
-0.0058996,-2.2763e-05,0.14069
-0.0030547,0.00037176,0.13287
-0.006063,0.00021216,0.12617
-0.009799,0.001317,0.11936
-0.013746,0.00078639,0.11209
-0.014365,0.00029502,0.10474
-0.017153,-0.0003886,0.092482
-0.014488,-0.00035163,0.076708
-0.012595,0.0011397,0.061983
-0.009681,0.00088991,0.047929
-0.0090792,0.0017086,0.036076
-0.0076846,0.0005948,0.025447
-0.007467,0.0021035,0.015387
-0.0059406,0.0015352,0.0071949
-0.0050035,0.0024241,-0.002642
-0.0029244,0.00010308,-0.0069719
-0.0010217,-0.00084229,-0.0015812
0.0027329,0.0015423,0.0030022
0.0054031,0.0019227,0.0022487
0.0041006,0.00082059,-0.00052923
0.0025422,0.0039087,-0.0012378
0.0028825,0.0046356,-0.00094595
0.0016472,0.0047275,-0.0015185
0.00084843,0.0065411,-0.00068245
0.0016119,0.0041056,0.0014733
0.0024398,0.0043612,0.0017763
0.00081551,0.0021251,0.00085479
0.0030587,0.0075111,0.003809
0.00086003,0.0051822,0.0017451
0.0018281,0.0064052,0.0022212
0.00038454,0.0043266,0.00092522
0.0011617,0.0057996,0.0014429
-0.0016102,0.0037123,-0.00024311
0.00011986,0.0059874,0.00070227
-0.0013148,0.005197,-0.0010387
-0.0025998,0.0064976,-0.0029487
-0.0024703,0.0075004,-0.0029527
-0.0019854,0.0062447,-0.002605
0.00077858,0.0041493,-0.0022976
0.00069546,0.0040391,-0.0019862
0.00030149,0.0049353,-0.0023035
-0.00051368,0.0036323,-0.0018867
-0.00059708,0.0026155,-0.0011532
-0.00056143,0.0009205,-0.0013588
0.0019066,0.00099205,-0.00043991
0.00020441,0.0015836,-0.00068682
0.00076763,0.0041754,0.00058228
0.00010643,0.0028343,0.00029598
0.00041664,0.0028994,0.00040941
-0.0004381,0.0022567,-9.4921e-05
-0.0021129,0.0048073,0.00068526
-0.0013798,0.0037083,0.00014938
0.00038581,0.0022771,0.00022412
0.00043022,0.00054364,0.00018624
-0.00051225,0.0002216,-0.00026804
0.00022229,0.00090773,-9.543e-05
2.6964e-05,0.0014881,-0.00028825
-0.0048135,0.0040527,0.0011206
-0.0036525,0.0030253,-0.00054377
-0.0030869,0.0012284,-0.00024701
-0.0011903,0.00096265,-0.00025178
0.0034643,0.00026088,0.00070835
0.0016161,2.3924e-05,0.00016673
0.00043718,0.00084938,0.00014894
-0.00092481,0.0022624,0.00011844
0.031833,0.037648,0.016394
0.020649,0.026126,0.01188
0.018052,0.021987,0.013849
0.017578,0.022525,0.019352
0.011044,0.015699,0.021698
0.016119,0.016887,0.027989
0.009115,0.011525,0.029689
0.0081497,0.013114,0.034723
0.00054981,0.0074083,0.034616
0.0046149,0.0085262,0.040223
-0.0017201,0.0050917,0.042457
0.0019345,0.0056441,0.047751
-0.0040625,0.0036963,0.050165
-0.0082089,0.0050587,0.053539
-0.0095338,0.0038259,0.060467
-0.014202,0.0044951,0.069246
-0.016345,0.0035125,0.084992
-0.009785,0.0020538,0.10602
-0.024344,0.0019744,0.11558
-0.013625,0.00031034,0.13597
-0.01785,-0.0001275,0.15117
-0.020963,-0.0016726,0.16365
-0.022633,-0.00075899,0.17916
-0.027883,0.00016435,0.18739
-0.023261,-0.00066586,0.19801
-0.025816,-0.0019281,0.20936
-0.037051,-0.0010116,0.21738
-0.033383,-0.0023141,0.22871
-0.036949,-0.0018541,0.24094
-0.057659,-0.0024632,0.2588
-0.049157,-0.0037316,0.28387
-0.067311,-0.0037568,0.31164
-0.041528,2.5738e-05,0.33852
-0.040334,0.0018738,0.36442
-0.067447,0.001037,0.39711
-0.04662,-0.00053159,0.42292
-0.04679,-0.0024678,0.45345
-0.066519,-0.00071016,0.4867
-0.054032,-0.0032417,0.50548
-0.069868,-0.0011758,0.53879
-0.044287,-0.0035592,0.54837
-0.046132,-0.0074753,0.57026
-0.066975,-0.0083375,0.60541
-0.046531,-0.011605,0.61378
-0.057329,-0.011753,0.65081
-0.039518,-0.011176,0.65952
-0.038579,-0.010711,0.68587
-0.042126,-0.0087615,0.71725
-0.028858,-0.0097287,0.73533
-0.02294,-0.0099016,0.76545
-0.015962,-0.0075122,0.79016
-0.012855,-0.0086659,0.8129
-0.010778,-0.011518,0.83294
-0.011008,-0.010419,0.85236
-0.012221,-0.0082956,0.87496
-0.015824,-0.0069737,0.90088
-0.014712,-0.010165,0.92134
-0.011574,-0.010656,0.94321
-0.0046341,-0.010827,0.9657
4.741e-05,-0.0086626,0.98945
0.0014031,-0.0090881,1.0149
-0.0014572,-0.0099639,1.0384
-0.0018779,-0.010218,1.0557
-0.0032727,-0.011445,1.077
-0.019941,-0.008512,1.0953
-0.023147,-0.010006,1.113
-0.012993,-0.011034,1.126
-0.015591,-0.011176,1.144
-0.010348,-0.015672,1.1601
-0.012192,-0.015202,1.1729
-0.012085,-0.01766,1.1865
-0.013179,-0.015569,1.2003
-0.0080099,-0.015351,1.2062
-0.009163,-0.019795,1.2108
-0.0053924,-0.02266,1.2044
-0.0065938,-0.025288,1.1988
-0.011785,-0.028458,1.1977
-0.0094957,-0.030034,1.1919
-0.010117,-0.028187,1.1915
-0.0068912,-0.024983,1.1924
-0.0096826,-0.02495,1.1927
-0.0063961,-0.024985,1.1911
-0.015643,-0.024209,1.1869
-0.0074542,-0.023751,1.1808
-0.011311,-0.023609,1.178
-0.0093864,-0.020858,1.1776
-0.0098776,-0.023095,1.1769
-0.0089311,-0.022662,1.1739
-0.011491,-0.025282,1.1669
-0.0070621,-0.025142,1.1612
-0.0055674,-0.024167,1.159
-0.0071727,-0.025534,1.1571
-0.0039806,-0.025091,1.1561
-0.0038178,-0.02721,1.1521
-0.0011665,-0.026812,1.1466
-0.0016936,-0.024585,1.1406
-0.0006735,-0.024512,1.1369
-0.005775,-0.025276,1.1404
-0.0057333,-0.025868,1.1337
-0.0094034,-0.025228,1.1317
-0.010637,-0.028095,1.125
-0.0087416,-0.029448,1.1205
-0.0027719,-0.033611,1.1249
-0.0021242,-0.032715,1.1185
-0.001068,-0.033647,1.1156
-0.0013965,-0.031159,1.1123
-0.0030679,-0.032008,1.1113
-0.0037843,-0.030922,1.1062
-0.0028438,-0.031514,1.1031
-0.0033793,-0.029198,1.0992
-0.0011639,-0.028381,1.0982
0.00048718,-0.027345,1.099
0.0012031,-0.021786,1.1034
0.0030138,-0.021447,1.1002
0.0019748,-0.021021,1.1053
0.0025389,-0.02,1.0874
-0.0013065,-0.025016,1.0984
-0.0043219,-0.028403,1.0959
-0.0036856,-0.03107,1.0797
-0.0056901,-0.034146,1.0753
-0.0049441,-0.032029,1.0673
-0.017053,-0.026302,1.0809
-0.008264,-0.025208,1.0758
-0.012733,-0.024253,1.0797
-0.0095069,-0.023442,1.0781
-0.011762,-0.024121,1.0762
-0.013442,-0.024941,1.0671
-0.015247,-0.024218,1.052
-0.015406,-0.024675,1.0524
-0.01467,-0.023873,1.052
-0.016294,-0.023637,1.0469
-0.011683,-0.024011,1.0507
-0.0092248,-0.017192,1.0631
-0.0052659,-0.015623,1.062
-0.0005781,-0.0098212,1.068
-0.0039379,-0.017172,1.064
-0.007846,-0.02505,1.0661
0.0021196,-0.025114,1.0567
-0.00059189,-0.02458,1.0581
-0.0038797,-0.024265,1.0527
-0.0053748,-0.021105,1.0511
-0.0029704,-0.020916,1.0437
-0.0015387,-0.023212,1.038
-7.5776e-05,-0.021609,1.0365
-0.00027439,-0.020537,1.0282
-0.0007598,-0.018976,1.0346
0.0025397,-0.020015,1.0316
0.0038508,-0.021035,1.026
0.0054965,-0.019478,1.0195
0.0059193,-0.016188,1.0122
0.0023412,-0.017164,1.0149
0.0057279,-0.017274,1.0138
0.0029633,-0.023196,1.0069
0.0042151,-0.029402,1.005
0.0017304,-0.027143,0.99707
0.00066478,-0.026297,0.994
-0.00090926,-0.026739,0.97922
0.00025581,-0.027433,0.95761
-0.00071923,-0.027999,0.93985
-0.0033271,-0.025577,0.92445
-0.0057999,-0.027927,0.90499
-0.0069725,-0.027995,0.88392
-0.013327,-0.0257,0.85861
-0.010216,-0.022434,0.84185
-0.016523,-0.030615,0.81733
-0.0183,-0.0328,0.79917
-0.0147,-0.029746,0.78443
-0.013865,-0.028342,0.76055
-0.015174,-0.027931,0.73972
-0.017611,-0.027941,0.71648
-0.023714,-0.029103,0.69708
-0.026581,-0.029038,0.66984
-0.024055,-0.026067,0.6523
-0.025776,-0.030255,0.62202
-0.02907,-0.027953,0.60503
-0.037598,-0.030256,0.61272
-0.033443,-0.02356,0.55038
-0.033239,-0.022648,0.57905
-0.033789,-0.01698,0.53889
-0.043683,-0.01405,0.5393
-0.042521,-0.013392,0.52839
-0.048027,-0.013314,0.52012
-0.046488,-0.01245,0.51015
-0.047873,-0.0093828,0.50635
-0.05205,-0.001597,0.50738
-0.049472,-0.0028441,0.49896
-0.061262,-0.0052831,0.49191
-0.077697,-0.008897,0.48942
-0.065594,-0.0045862,0.47979
-0.057415,-0.0057395,0.47662
-0.05707,-0.0087935,0.47974
-0.064896,-0.010208,0.4698
-0.079812,-0.010072,0.47012
-0.070495,-0.0022432,0.46411
-0.059688,-0.001165,0.46906
-0.057506,-0.0030279,0.48018
-0.058678,-0.0073411,0.47393
-0.083727,-0.0068773,0.48161
-0.070615,-0.0049007,0.4714
-0.053694,0.0023498,0.47361
-0.050623,-0.0013196,0.48486
-0.04637,0.0065476,0.48454
-0.052249,0.0023169,0.49544
-0.046311,0.0050649,0.49534
-0.035375,-0.0015263,0.50714
-0.027487,-0.0035412,0.51657
-0.023961,-0.0058614,0.52251
-0.018905,-0.0033423,0.53068
-0.018636,-0.0076455,0.54123
-0.018287,-0.0098229,0.55551
-0.0203,-0.0077027,0.57316
-0.018522,-0.0071319,0.58683
-0.017664,-0.0076984,0.60474
-0.014345,-0.0081706,0.62152
-0.016152,-0.0090812,0.63786
-0.016713,-0.0092799,0.65423
-0.01459,-0.0091963,0.66933
-0.0085189,-0.0084427,0.68713
-0.012233,-0.012226,0.70692
-0.010155,-0.0089649,0.71702
-0.0056914,-0.0065478,0.73395
-0.0024728,-0.0077807,0.74855
-0.0017992,-0.0087214,0.75834
-0.002697,-0.011383,0.76248
-0.0039671,-0.012182,0.7653
-0.0021102,-0.013224,0.7657
-0.0014328,-0.014294,0.7629
-0.0038117,-0.013883,0.76712
-0.0098276,-0.012524,0.7669
-0.010418,-0.012453,0.76851
-0.0088313,-0.01282,0.76737
-0.0096299,-0.012869,0.76883
-0.0067559,-0.014586,0.76689
-0.0079253,-0.014439,0.76905
-0.0002925,-0.01736,0.76631
0.0093492,-0.021635,0.76505
0.0035679,-0.021245,0.76482
0.0015227,-0.021644,0.76071
0.001379,-0.01996,0.75979
0.0014817,-0.021109,0.7555
-0.00072168,-0.020135,0.75297
0.00072098,-0.019204,0.75069
0.003331,-0.018662,0.74532
0.0049341,-0.02134,0.7413
0.0025301,-0.026819,0.73144
0.0057884,-0.022738,0.72232
0.0043512,-0.023308,0.71286
-0.0062579,-0.021153,0.70263
0.00027322,-0.026457,0.68889
0.004539,-0.022691,0.67603
0.0081007,-0.027918,0.66484
0.0011442,-0.02363,0.65842
0.00033845,-0.023548,0.65303
0.0022136,-0.022773,0.64893
0.003816,-0.021711,0.64552
0.0024481,-0.019331,0.63804
-0.0007005,-0.016597,0.63382
-0.0016055,-0.015526,0.62869
-0.00044048,-0.01448,0.62525
0.0037517,-0.015449,0.61996
0.0040373,-0.018243,0.61633
0.002816,-0.024613,0.61108
0.0035494,-0.020022,0.61013
0.007761,-0.023211,0.60657
0.005181,-0.021987,0.60514
0.0085938,-0.018987,0.60288
0.005931,-0.017693,0.59918
0.006957,-0.017767,0.59788
0.0082079,-0.014109,0.59574
0.0082449,-0.012486,0.59387
0.0073592,-0.009872,0.58784
0.0047307,-0.011303,0.58513
0.0047643,-0.011526,0.58014
0.0047874,-0.012956,0.57356
0.0064416,-0.011845,0.56272
0.0015229,-0.013055,0.5548
0.0062974,-0.010187,0.54377
0.0053267,-0.012244,0.53179
0.0091436,-0.0070978,0.52143
0.009123,-0.0087611,0.5094
0.0091625,-0.0066677,0.49666
0.0080611,-0.0082016,0.48488
0.006804,-0.0062978,0.47574
0.0033153,-0.01091,0.46213
0.0020282,-0.01114,0.45324
0.0028674,-0.012645,0.43834
0.0031507,-0.012309,0.4222
0.00035122,-0.012193,0.42203
-0.001389,-0.010578,0.37099
-0.0023415,-0.011012,0.36948
-0.0004734,-0.0108,0.3424
0.0015365,-0.015971,0.32114
0.0030158,-0.012696,0.3045
0.00095857,-0.012802,0.28684
0.0012975,-0.010976,0.27577
0.0042475,-0.0095348,0.26911
0.0045065,-0.0084529,0.26064
0.0072482,-0.0069781,0.2592
0.005807,-0.0061529,0.2581
0.009588,-0.0052759,0.25625
0.011303,-0.0058553,0.25302
0.0052894,-0.0055494,0.25267
0.0038907,-0.006787,0.25117
0.0026041,-0.0060453,0.24723
0.0033444,-0.0025791,0.24879
0.0024725,-0.006414,0.24714
0.0022718,-0.0063944,0.24632
-0.00074095,-0.0070784,0.24504
-6.1123e-05,-0.0048032,0.2435
2.1533e-05,-0.0047419,0.24134
-0.00055131,-0.0039128,0.24202
-0.0026305,-0.0061025,0.23717
-0.00042102,-0.0085832,0.23541
0.0015613,-0.0052659,0.23806
0.0013832,-0.003722,0.23544
-0.0014308,-0.0031952,0.2355
-0.0056399,-0.0044794,0.23287
-0.0061986,-0.007538,0.231
0.00093465,-0.0056213,0.2302
0.0029996,-0.0041459,0.22873
0.0044845,-0.0049901,0.2276
0.0013862,-0.0094499,0.23085
0.0007922,-0.0092628,0.22707
-6.3591e-05,-0.010544,0.22537
0.0010995,-0.0094314,0.2243
0.0018606,-0.0094796,0.22475
0.0043661,-0.0085087,0.2238
0.0065947,-0.0063968,0.22381
0.0065212,-0.0057194,0.22755
0.0066571,-0.006142,0.23558
0.010333,-0.0029704,0.24707
0.0092315,-0.0030849,0.25903
0.010858,-0.0017771,0.2705
0.010557,-0.0036057,0.28153
0.014004,-0.004546,0.2927
0.010772,-0.0055057,0.30151
0.0060247,-0.0047135,0.30915
0.007581,-0.0047495,0.31692
0.0089539,-0.0021958,0.32461
0.0082154,-0.0041232,0.33427
0.0075259,-0.0062799,0.34071
0.008943,-0.0071619,0.34931
0.010893,-0.0059227,0.35604
0.0075022,-0.0056953,0.36544
0.0029338,-0.0045342,0.37642
-0.000267,-0.0023056,0.38758
0.020577,0.010875,0.40076
0.046806,0.020171,0.40813
0.045645,0.0059486,0.40257
0.048415,0.0020717,0.39791
0.020034,-0.0058971,0.39111
0.0035314,0.0009138,0.3877
-0.012493,0.0024274,0.38172
-0.01403,0.0031641,0.37861
-0.0087047,0.0012218,0.37547
-0.0042123,-0.0016215,0.37359
-0.012975,-0.004681,0.37347
-0.026293,-0.0084237,0.36922
-0.027345,-0.0069695,0.36127
-0.024906,-0.0074163,0.35511
-0.01658,-0.0060818,0.35287
-0.014196,-0.0072707,0.35192
-0.019347,-0.0088062,0.34918
-0.016488,-0.010776,0.34747
-0.0037651,-0.0064655,0.34374
0.005826,-0.0076272,0.33855
0.016021,-0.0080637,0.33365
0.023652,-0.0068003,0.30915
0.020698,-0.0039515,0.27488
0.0093575,-0.0069706,0.23449
0.010359,-0.0090881,0.19816
0.010902,-0.0070458,0.16093
0.011602,-0.0031953,0.12586
0.0064241,-0.0020305,0.09298
0.0001802,-0.001615,0.05724
-0.0035957,-0.00083767,0.025728
-0.00098186,-0.00024499,-0.00046311
-0.0041874,-0.0032037,-0.017454
-0.0021382,-0.0051789,-0.0079793
-0.0031702,-0.0017136,-0.0020685
-0.0015453,0.0030585,-0.0034647
-0.0025545,0.0030199,-0.0024341
-0.00015176,-4.7359e-05,0.0015206
-0.00034486,0.00079104,-0.00071291
-0.000393,0.0014347,-0.0027951
