1,-1.1976e-11,-1.7046e-10,1.1976e-11,1,-3.5625e-10,1.7046e-10,3.5625e-10,1
0.99998,0.00050251,-0.0063804,-0.00050052,1,0.00031449,0.0063805,-0.00031129,0.99998
0.99991,0.0010615,-0.013406,-0.0010588,1,0.0002126,0.013406,-0.00019839,0.99991
0.99978,0.0013868,-0.020929,-0.0013955,1,-0.00040347,0.020929,0.00043259,0.99978
0.99955,0.0020253,-0.030082,-0.0020801,1,-0.0017893,0.030078,0.0018511,0.99955
0.99914,0.0022307,-0.041397,-0.0023791,0.99999,-0.003536,0.041389,0.0036315,0.99914
0.99849,0.0021456,-0.054906,-0.0023944,0.99999,-0.004465,0.054896,0.0045897,0.99848
0.99748,0.0022231,-0.070979,-0.0025451,0.99999,-0.0044461,0.070969,0.0046155,0.99747
0.99598,0.00099124,-0.089572,-0.0013976,0.99999,-0.004474,0.089567,0.0045812,0.99597
0.99398,-0.00035647,-0.10953,-0.00014066,0.99999,-0.0045311,0.10953,0.0045192,0.99397
0.9913,-0.00045118,-0.13164,-0.00017455,0.99999,-0.0047419,0.13164,0.0047236,0.99129
0.98779,0.0029279,-0.15576,-0.0039009,0.99997,-0.0059413,0.15574,0.0064764,0.98778
0.98343,0.0072819,-0.18116,-0.0088098,0.99993,-0.0076304,0.18109,0.0091,0.98342
0.97808,0.010802,-0.20796,-0.012793,0.99988,-0.0082334,0.20785,0.010713,0.9781
0.97135,0.011584,-0.23738,-0.014004,0.99987,-0.0085134,0.23725,0.011594,0.97138
0.96328,0.013446,-0.26815,-0.016136,0.99984,-0.0078329,0.268,0.011872,0.96335
0.95381,0.015772,-0.3,-0.018614,0.9998,-0.0066169,0.29984,0.011895,0.95392
0.94252,0.017741,-0.33369,-0.020738,0.99977,-0.0054212,0.33351,0.01203,0.94267
0.92997,0.020366,-0.36707,-0.023853,0.9997,-0.0049643,0.36686,0.013372,0.93018
0.91604,0.023498,-0.4004,-0.02747,0.99961,-0.0041802,0.40015,0.014828,0.91633
0.89997,0.024328,-0.43528,-0.02866,0.99958,-0.0033888,0.43502,0.015525,0.90029
0.88158,0.020507,-0.47159,-0.025438,0.99967,-0.0040816,0.47135,0.015594,0.88181
0.86044,0.01551,-0.50931,-0.020639,0.99978,-0.0044224,0.50913,0.014317,0.86057
0.83575,0.016848,-0.54886,-0.021099,0.99978,-0.0014391,0.54871,0.012783,0.83591
0.80695,0.023701,-0.59014,-0.026962,0.99963,0.0032791,0.59,0.013265,0.80729
0.77477,0.026853,-0.63167,-0.030228,0.99953,0.005415,0.63151,0.014898,0.77522
0.73908,0.027036,-0.67307,-0.030782,0.99951,0.0063481,0.67291,0.016027,0.73955
0.69987,0.023007,-0.7139,-0.025063,0.99966,0.0076467,0.71383,0.012541,0.7002
0.65747,0.019588,-0.75322,-0.020089,0.99976,0.0084641,0.75321,0.0095669,0.65771
0.61316,0.019309,-0.78972,-0.017509,0.99979,0.010852,0.78976,0.0071731,0.61337
0.56548,0.020291,-0.82451,-0.015504,0.99978,0.013971,0.82462,0.0048831,0.56567
0.51471,0.020899,-0.85711,-0.013822,0.99978,0.016078,0.85725,0.0035719,0.51489
0.46223,0.022672,-0.88647,-0.013116,0.99974,0.01873,0.88666,0.002969,0.46241
0.40812,0.024828,-0.91259,-0.01203,0.99969,0.021818,0.91285,0.0020741,0.40829
0.35282,0.026852,-0.93531,-0.011749,0.99964,0.024267,0.93562,0.0024267,0.35301
0.29775,0.029991,-0.95417,-0.0093233,0.99955,0.028508,0.9546,0.00040777,0.2979
0.24394,0.032266,-0.96925,-0.0052392,0.99948,0.031953,0.96978,-0.0027166,0.24398
0.19281,0.032608,-0.98069,-0.0022053,0.99946,0.032798,0.98123,-0.0041612,0.19278
0.1451,0.033624,-0.98885,-0.003992,0.99943,0.033398,0.98941,-0.00089869,0.14515
0.10206,0.033924,-0.9942,-0.0061448,0.99942,0.033471,0.99476,0.0026931,0.10221
0.063782,0.032516,-0.99743,-0.0073844,0.99946,0.03211,0.99794,0.0053174,0.063987
0.029047,0.029912,-0.99913,-0.0065216,0.99954,0.029734,0.99956,0.0056523,0.029229
-0.002722,0.027261,-0.99962,-0.0057187,0.99961,0.027276,0.99998,0.0057908,-0.002565
-0.029649,0.025508,-0.99923,-0.0063264,0.99965,0.025706,0.99954,0.0070837,-0.029477
-0.050918,0.02313,-0.99843,-0.00682,0.9997,0.023507,0.99868,0.0080063,-0.050745
-0.067333,0.02174,-0.99749,-0.0064749,0.99973,0.022226,0.99771,0.0079551,-0.067174
-0.080608,0.022174,-0.9965,-0.005344,0.99973,0.022679,0.99673,0.0071534,-0.080468
-0.090452,0.023836,-0.99562,-0.0063871,0.99968,0.024514,0.99588,0.0085765,-0.090271
-0.097258,0.025403,-0.99493,-0.0085598,0.99962,0.026359,0.99522,0.01108,-0.097003
-0.10181,0.02626,-0.99446,-0.0085878,0.99959,0.027275,0.99477,0.011317,-0.10154
-0.1035,0.026486,-0.99428,-0.0061179,0.99961,0.027265,0.99461,0.0089048,-0.1033
-0.10283,0.028472,-0.99429,-0.0039193,0.99957,0.029028,0.99469,0.0068818,-0.10267
-0.10136,0.03127,-0.99436,-0.0045963,0.99948,0.031899,0.99484,0.0078036,-0.10116
-0.099505,0.031653,-0.99453,-0.0070427,0.99945,0.032514,0.99501,0.01024,-0.099227
-0.097864,0.028808,-0.99478,-0.008779,0.99952,0.029809,0.99516,0.01165,-0.097564
-0.096633,0.028585,-0.99491,-0.0091685,0.99952,0.029608,0.99528,0.011983,-0.096325
-0.095085,0.030886,-0.99499,-0.0086912,0.99945,0.031855,0.99543,0.011677,-0.094765
-0.093246,0.034325,-0.99505,-0.0096068,0.99933,0.035373,0.9956,0.012858,-0.092853
-0.091434,0.037497,-0.9951,-0.010721,0.9992,0.038637,0.99575,0.014201,-0.090958
-0.08963,0.036338,-0.99531,-0.011919,0.99922,0.037554,0.9959,0.015229,-0.089127
-0.087769,0.033435,-0.99558,-0.014181,0.99929,0.03481,0.99604,0.017174,-0.087233
-0.0862,0.032527,-0.99575,-0.015537,0.9993,0.033988,0.99616,0.018401,-0.085635
-0.084513,0.034873,-0.99581,-0.012901,0.99927,0.036089,0.99634,0.015897,-0.084001
-0.083316,0.037059,-0.99583,-0.01052,0.99922,0.038065,0.99647,0.013648,-0.082861
-0.081958,0.039389,-0.99586,-0.0097545,0.99914,0.040321,0.99659,0.013019,-0.081503
-0.081251,0.035264,-0.99607,-0.0098273,0.9993,0.03618,0.99665,0.012728,-0.080847
-0.080745,0.027842,-0.99635,-0.0085085,0.99955,0.028621,0.9967,0.010788,-0.080472
-0.080685,0.023173,-0.99647,-0.0050315,0.99971,0.023656,0.99673,0.0069224,-0.080544
-0.081175,0.022685,-0.99644,-0.0034852,0.99973,0.023044,0.99669,0.0053433,-0.081074
-0.080987,0.031238,-0.99623,-0.0044903,0.99949,0.031705,0.99671,0.0070411,-0.080805
-0.081326,0.038061,-0.99596,-0.0056424,0.99924,0.038646,0.99667,0.0087625,-0.081049
-0.08166,0.043883,-0.99569,-0.0075957,0.99897,0.04465,0.99663,0.011209,-0.081242
-0.082049,0.044659,-0.99563,-0.0093872,0.99892,0.045581,0.99658,0.013086,-0.081541
-0.082453,0.041336,-0.99574,-0.0096906,0.99906,0.042277,0.99655,0.013135,-0.081975
-0.082902,0.038056,-0.99583,-0.0095084,0.99919,0.038976,0.99651,0.0127,-0.082474
-0.08289,0.039221,-0.99579,-0.011053,0.99913,0.040272,0.9965,0.014345,-0.082384
-0.082698,0.041947,-0.99569,-0.012143,0.999,0.043094,0.9965,0.015654,-0.082106
-0.082717,0.040823,-0.99574,-0.013028,0.99903,0.04204,0.99649,0.01645,-0.082105
-0.082312,0.035664,-0.99597,-0.013765,0.99922,0.036918,0.99651,0.016749,-0.081757
-0.081951,0.031054,-0.99615,-0.01499,0.99936,0.032387,0.99652,0.017587,-0.081434
-0.081514,0.031577,-0.99617,-0.015019,0.99935,0.032906,0.99656,0.017643,-0.080986
-0.080747,0.034418,-0.99614,-0.014077,0.99926,0.035667,0.99664,0.016903,-0.080203
-0.080282,0.038932,-0.99601,-0.013557,0.9991,0.040146,0.99668,0.016726,-0.079682
-0.07965,0.04443,-0.99583,-0.012756,0.99888,0.045587,0.99674,0.016334,-0.078994
-0.079807,0.048356,-0.99564,-0.012859,0.99869,0.049535,0.99673,0.016756,-0.07908
-0.079529,0.047766,-0.99569,-0.01254,0.99872,0.048913,0.99675,0.016376,-0.078829
-0.079352,0.044257,-0.99586,-0.012424,0.99889,0.045382,0.99677,0.015974,-0.078714
-0.078972,0.039593,-0.99609,-0.013153,0.99908,0.040755,0.99679,0.01632,-0.078378
-0.078624,0.036836,-0.99622,-0.017114,0.99912,0.038294,0.99676,0.020061,-0.077924
-0.079124,0.034656,-0.99626,-0.020401,0.99913,0.036376,0.99666,0.023203,-0.078349
-0.079765,0.033128,-0.99626,-0.019108,0.99921,0.034756,0.99663,0.021808,-0.07907
-0.080995,0.029762,-0.99627,-0.015358,0.9994,0.031104,0.9966,0.01782,-0.080489
-0.081682,0.027629,-0.99628,-0.011152,0.99953,0.028633,0.9966,0.013449,-0.081336
-0.08331,0.03088,-0.99605,-0.010247,0.99944,0.031843,0.99647,0.01286,-0.082947
-0.085066,0.037601,-0.99567,-0.0083938,0.99923,0.038453,0.99634,0.011628,-0.084685
-0.086828,0.041636,-0.99535,-0.0062984,0.99908,0.042341,0.9962,0.0099455,-0.086486
-0.088551,0.040488,-0.99525,-0.0053194,0.99914,0.04112,0.99606,0.0089354,-0.08826
-0.089589,0.037222,-0.99528,-0.0092003,0.99923,0.038198,0.99594,0.012579,-0.089177
-0.090881,0.033069,-0.99531,-0.013343,0.99932,0.03442,0.99577,0.016409,-0.090378
-0.092026,0.031374,-0.99526,-0.017684,0.99929,0.033136,0.9956,0.02065,-0.091407
-0.093013,0.032683,-0.99513,-0.019939,0.9992,0.03468,0.99547,0.023067,-0.092287
-0.093963,0.034296,-0.99498,-0.019474,0.99915,0.036279,0.99539,0.022786,-0.093215
-0.094891,0.033832,-0.99491,-0.021269,0.99913,0.036004,0.99526,0.024577,-0.094089
-0.095476,0.033657,-0.99486,-0.022342,0.9991,0.035945,0.99518,0.025659,-0.094639
-0.096008,0.035265,-0.99476,-0.020889,0.99908,0.037434,0.99516,0.024374,-0.095183
-0.096316,0.037865,-0.99463,-0.019667,0.99901,0.039936,0.99516,0.023408,-0.095476
-0.096319,0.042291,-0.99445,-0.020237,0.99881,0.044437,0.99514,0.024404,-0.095348
-0.096792,0.044769,-0.9943,-0.020177,0.99869,0.046931,0.9951,0.024605,-0.095763
-0.097512,0.044618,-0.99423,-0.019736,0.99871,0.046754,0.99504,0.024182,-0.096506
-0.097954,0.042838,-0.99427,-0.019067,0.99881,0.044912,0.99501,0.023357,-0.097021
-0.098036,0.039311,-0.99441,-0.018825,0.99897,0.041347,0.995,0.022773,-0.097195
-0.097999,0.036663,-0.99451,-0.019044,0.99907,0.038708,0.995,0.022733,-0.09721
-0.096756,0.034161,-0.99472,-0.019579,0.99915,0.036217,0.99512,0.02298,-0.096005
-0.094468,0.033362,-0.99497,-0.021663,0.99913,0.035558,0.99529,0.024913,-0.093664
-0.090656,0.034473,-0.99529,-0.022663,0.99907,0.036669,0.99562,0.025881,-0.08979
-0.084789,0.035629,-0.99576,-0.021797,0.99906,0.037603,0.99616,0.024893,-0.083932
-0.077691,0.037376,-0.99628,-0.02099,0.99901,0.039116,0.99676,0.023951,-0.07683
-0.069082,0.038785,-0.99686,-0.022016,0.99894,0.040392,0.99737,0.024737,-0.068155
-0.057152,0.040502,-0.99754,-0.024286,0.99882,0.041945,0.99807,0.026623,-0.056101
-0.042711,0.042116,-0.9982,-0.027367,0.99869,0.043308,0.99871,0.029167,-0.041502
-0.024299,0.043464,-0.99876,-0.029073,0.9986,0.044164,0.99928,0.03011,-0.023002
-0.0025189,0.044262,-0.99902,-0.030302,0.99856,0.044318,0.99954,0.030384,-0.001174
0.022887,0.04501,-0.99872,-0.030121,0.99856,0.044313,0.99928,0.029069,0.02421
0.051658,0.044393,-0.99768,-0.028521,0.99867,0.04296,0.99826,0.026236,0.052855
0.08536,0.044483,-0.99536,-0.027502,0.99873,0.042275,0.99597,0.023765,0.086475
0.12276,0.044589,-0.99143,-0.026863,0.99877,0.041593,0.99207,0.021527,0.1238
0.16298,0.04427,-0.98564,-0.026716,0.99882,0.040445,0.98627,0.019741,0.16397
0.2078,0.045184,-0.97713,-0.025785,0.99884,0.040704,0.97783,0.016737,0.20872
0.25555,0.044186,-0.96579,-0.02324,0.99895,0.039554,0.96652,0.012336,0.25631
0.30528,0.039403,-0.95145,-0.015721,0.99922,0.036337,0.95213,0.0038646,0.30566
0.35613,0.034122,-0.93381,-0.010093,0.99942,0.03267,0.93438,-0.0022103,0.35627
0.40797,0.028899,-0.91254,-0.0044962,0.99955,0.029645,0.91298,-0.0079913,0.40792
0.45898,0.027868,-0.88801,-0.0043833,0.99957,0.029103,0.88844,-0.0094651,0.4589
0.5069,0.026539,-0.8616,-0.003181,0.99958,0.028918,0.862,-0.011918,0.50677
0.55201,0.022626,-0.83353,0.0040019,0.99955,0.029782,0.83383,-0.019776,0.55167
0.59566,0.015856,-0.80308,0.015498,0.99939,0.031227,0.80309,-0.031047,0.59506
0.63812,0.010528,-0.76986,0.017637,0.99944,0.028287,0.76973,-0.031629,0.63758
0.67937,0.0061839,-0.73377,0.014386,0.99966,0.021744,0.73365,-0.025328,0.67905
0.71988,-0.0011539,-0.6941,0.011345,0.99988,0.010104,0.69401,-0.015148,0.71981
0.75936,-0.004902,-0.65065,0.0071116,0.99997,0.00076591,0.65063,-0.0052088,0.75937
0.79672,-0.0060444,-0.60432,0.0058066,0.99998,-0.0023466,0.60432,-0.0016395,0.79674
0.83104,-0.008059,-0.55615,0.0065885,0.99997,-0.0046452,0.55617,0.00019608,0.83107
0.8621,-0.0073745,-0.50669,0.0041145,0.99996,-0.0075532,0.50673,0.0044268,0.8621
0.88864,-0.0054327,-0.45858,0.0031656,0.99998,-0.0057122,0.4586,0.0036244,0.88864
0.91039,0.00012471,-0.41376,-0.0022688,0.99999,-0.0046906,0.41375,0.005209,0.91038
0.9283,0.0044182,-0.37181,-0.0074125,0.99995,-0.0066244,0.37176,0.0089055,0.92828
0.94222,0.0088257,-0.33488,-0.011436,0.99992,-0.0058222,0.3348,0.0093154,0.94224
0.95261,0.010322,-0.30401,-0.011948,0.99992,-0.0034913,0.30395,0.0069583,0.95266
0.96013,0.0091601,-0.27941,-0.010173,0.99995,-0.0021763,0.27937,0.0049321,0.96017
0.96614,0.0089615,-0.25786,-0.0093261,0.99996,-0.00019086,0.25784,0.0025892,0.96618
0.97087,0.011647,-0.23933,-0.011331,0.99993,0.0026954,0.23934,9.4905e-05,0.97093
0.97453,0.015565,-0.22373,-0.015161,0.99988,0.003523,0.22376,-4.1238e-05,0.97464
0.97751,0.020135,-0.20994,-0.019393,0.9998,0.005591,0.21001,-0.0013938,0.9777
0.9803,0.018425,-0.19666,-0.017744,0.99983,0.0052237,0.19673,-0.0016312,0.98046
0.98296,0.018304,-0.1829,-0.017702,0.99983,0.0049247,0.18296,-0.0016031,0.98312
0.98557,0.018633,-0.16822,-0.017986,0.99982,0.005367,0.16829,-0.0022639,0.98573
0.98791,0.019854,-0.15378,-0.019193,0.9998,0.0057801,0.15386,-0.0027588,0.98809
0.98982,0.019865,-0.14091,-0.019598,0.9998,0.0032769,0.14095,-0.00048187,0.99002
0.99134,0.021185,-0.12958,-0.021513,0.99977,-0.0011285,0.12953,0.0039064,0.99157
0.99262,0.018453,-0.11986,-0.019575,0.99977,-0.0081883,0.11968,0.010474,0.99276
0.99359,0.017888,-0.1116,-0.019063,0.99977,-0.0094706,0.1114,0.011537,0.99371
0.99431,0.019721,-0.10466,-0.020147,0.99979,-0.0030148,0.10458,0.0051062,0.9945
0.99476,0.024303,-0.099355,-0.023899,0.9997,0.0052538,0.099453,-0.0028518,0.99504
0.99515,0.025471,-0.094962,-0.024584,0.99964,0.010495,0.095196,-0.0081098,0.99543
0.99552,0.023436,-0.091549,-0.022754,0.99971,0.0084869,0.09172,-0.0063658,0.99576
0.99582,0.023665,-0.088273,-0.023094,0.99971,0.0074915,0.088424,-0.0054216,0.99607
0.9961,0.022092,-0.085371,-0.021371,0.99973,0.0093443,0.085554,-0.0074834,0.99631
0.99635,0.020206,-0.082894,-0.019256,0.99974,0.012236,0.08312,-0.010595,0.99648
0.99665,0.017828,-0.079773,-0.016738,0.99976,0.014319,0.080009,-0.012935,0.99671
0.99688,0.017071,-0.077014,-0.016234,0.9998,0.011475,0.077195,-0.010189,0.99696
0.99699,0.019556,-0.075051,-0.019326,0.99981,0.003782,0.07511,-0.0023202,0.99717
0.99709,0.020051,-0.073482,-0.020393,0.99978,-0.003906,0.073387,0.0053932,0.99729
0.99717,0.020635,-0.072311,-0.021323,0.99973,-0.0087543,0.072111,0.010271,0.99734
0.99727,0.022487,-0.070354,-0.023024,0.99971,-0.0068293,0.07018,0.0084304,0.9975
0.99736,0.025442,-0.067974,-0.025715,0.99966,-0.0031372,0.067871,0.0048769,0.99768
0.99741,0.02928,-0.065698,-0.029188,0.99957,0.0023683,0.065739,-0.00044454,0.99784
0.99761,0.02726,-0.063416,-0.027056,0.99963,0.0040855,0.063504,-0.00236,0.99798
0.99776,0.024144,-0.062319,-0.023957,0.99971,0.0037531,0.062391,-0.0022517,0.99805
0.99786,0.02224,-0.061479,-0.022017,0.99975,0.0042977,0.061559,-0.0029349,0.9981
0.99793,0.022265,-0.060258,-0.022143,0.99975,0.002688,0.060303,-0.0013482,0.99818
0.99801,0.020116,-0.059695,-0.02012,0.9998,0.00054372,0.059694,0.00065842,0.99822
0.99808,0.018539,-0.059037,-0.018507,0.99983,0.0010923,0.059047,2.3398e-06,0.99826
0.99807,0.021576,-0.058153,-0.021517,0.99977,0.0016395,0.058174,-0.00038513,0.99831
0.99808,0.021456,-0.058142,-0.021452,0.99977,0.00068493,0.058143,0.00056367,0.99831
0.99797,0.021593,-0.059895,-0.021592,0.99977,0.00066034,0.059895,0.00063425,0.9982
0.99789,0.019122,-0.062001,-0.019082,0.99982,0.0012298,0.062013,-4.4106e-05,0.99808
0.99768,0.020117,-0.065077,-0.020115,0.9998,0.00069532,0.065078,0.00061531,0.99788
0.99739,0.024022,-0.068074,-0.024005,0.99971,0.0010672,0.06808,0.0005697,0.99768
0.99717,0.025534,-0.070705,-0.025814,0.99966,-0.0030479,0.070604,0.0048645,0.99749
0.99698,0.025384,-0.073386,-0.026038,0.99963,-0.007971,0.073157,0.0098578,0.99727
0.99687,0.024205,-0.075304,-0.024945,0.99965,-0.0088917,0.075062,0.010742,0.99712
0.99668,0.0252,-0.077461,-0.02587,0.99964,-0.0076569,0.07724,0.0096353,0.99697
0.99652,0.024525,-0.079608,-0.025103,0.99967,-0.0062676,0.079428,0.0082442,0.99681
0.99641,0.022632,-0.081529,-0.023129,0.99972,-0.0051468,0.081389,0.007014,0.99666
0.99634,0.02222,-0.08257,-0.022413,0.99975,-0.0014107,0.082518,0.0032562,0.99658
0.99627,0.021833,-0.083433,-0.021637,0.99976,0.0032495,0.083484,-0.0014321,0.99651
0.99631,0.021836,-0.082949,-0.021409,0.99975,0.0060336,0.08306,-0.0042355,0.99654
0.99641,0.025363,-0.080823,-0.024967,0.99967,0.0059094,0.080947,-0.0038702,0.99671
0.99655,0.02539,-0.07899,-0.025097,0.99967,0.0047021,0.079084,-0.0027035,0.99686
0.99673,0.02305,-0.077465,-0.022933,0.99973,0.0024012,0.0775,-0.00061684,0.99699
0.99693,0.018936,-0.075929,-0.018952,0.99982,0.00051029,0.075925,0.00093024,0.99711
0.9971,0.017496,-0.074023,-0.017513,0.99985,0.00041364,0.074019,0.00088391,0.99726
0.99721,0.015816,-0.072918,-0.015658,0.99987,0.0027336,0.072952,-0.0015842,0.99733
0.9973,0.012705,-0.072273,-0.012342,0.99991,0.0054664,0.072336,-0.0045597,0.99737
0.99738,0.011664,-0.071411,-0.011277,0.99992,0.0058104,0.071473,-0.0049899,0.99743
0.99743,0.013361,-0.070371,-0.01316,0.99991,0.0033216,0.070409,-0.002387,0.99752
0.99744,0.01598,-0.069713,-0.016194,0.99987,-0.0024955,0.069664,0.003618,0.99756
0.99748,0.017668,-0.068738,-0.018245,0.9998,-0.0077891,0.068587,0.0090236,0.9976
0.99743,0.022215,-0.068099,-0.023241,0.99963,-0.014306,0.067756,0.015852,0.99758
0.99749,0.022873,-0.067068,-0.02394,0.9996,-0.01515,0.066695,0.016718,0.99763
0.99758,0.019362,-0.066832,-0.020088,0.99975,-0.01021,0.066617,0.011528,0.99771
0.99756,0.019053,-0.067174,-0.019056,0.99982,0.00061018,0.067173,0.00067135,0.99774
0.99746,0.020435,-0.068237,-0.019826,0.99976,0.0095897,0.068417,-0.0082125,0.99762
0.99735,0.016371,-0.070922,-0.016005,0.99986,0.0057371,0.071006,-0.0045868,0.99747
0.99726,0.01027,-0.073224,-0.010121,0.99995,0.0024062,0.073245,-0.0016585,0.99731
0.99707,0.0098398,-0.075877,-0.0097457,0.99995,0.0016112,0.075889,-0.00086697,0.99712
0.99686,0.011179,-0.078409,-0.0113,0.99994,-0.0010923,0.078392,0.0019749,0.99692
0.99655,0.013028,-0.08192,-0.013425,0.9999,-0.004291,0.081856,0.005376,0.99663
0.9962,0.013562,-0.085982,-0.014296,0.99987,-0.0079303,0.085863,0.0091294,0.99627
0.9959,0.014698,-0.089235,-0.01586,0.9998,-0.012335,0.089036,0.0137,0.99593
0.99553,0.020181,-0.092239,-0.021334,0.99971,-0.011537,0.091979,0.013453,0.99567
0.99514,0.023006,-0.095787,-0.024093,0.99966,-0.010207,0.095519,0.012466,0.99535
0.99467,0.026445,-0.099644,-0.027064,0.99962,-0.0048716,0.099478,0.0075425,0.99501
0.99425,0.027495,-0.10347,-0.027425,0.99962,0.002103,0.10349,0.00074675,0.99463
0.99375,0.026854,-0.10834,-0.026426,0.99964,0.0053797,0.10844,-0.0024831,0.9941
0.99303,0.02641,-0.11482,-0.025899,0.99965,0.0059366,0.11494,-0.0029215,0.99337
0.99238,0.023886,-0.12084,-0.022902,0.99969,0.0095319,0.12103,-0.0066918,0.99263
0.99157,0.024079,-0.12729,-0.02304,0.99969,0.0096287,0.12748,-0.0066147,0.99182
0.99068,0.028785,-0.13317,-0.027812,0.99957,0.0091609,0.13338,-0.0053717,0.99105
0.98984,0.030604,-0.13885,-0.030134,0.99953,0.0054844,0.13895,-0.0012448,0.9903
0.98899,0.02969,-0.145,-0.029637,0.99956,0.0025218,0.14501,0.0018035,0.98943
0.98813,0.03154,-0.15032,-0.031598,0.9995,0.0019984,0.15031,0.0027751,0.98864
0.98738,0.033261,-0.15484,-0.032772,0.99945,0.0057131,0.15494,-0.00056667,0.98792
0.9864,0.034272,-0.16073,-0.033008,0.9994,0.010533,0.161,-0.005084,0.98694
0.98536,0.034006,-0.16705,-0.032239,0.99939,0.013279,0.1674,-0.007699,0.98586
0.98423,0.031876,-0.174,-0.030584,0.99948,0.010103,0.17424,-0.0046219,0.98469
0.98278,0.028922,-0.1825,-0.028991,0.99958,0.0022907,0.18249,0.0030396,0.9832
0.98112,0.026324,-0.19158,-0.026848,0.99964,-0.00013922,0.1915,0.00528,0.98148
0.97898,0.027175,-0.20216,-0.026944,0.99963,0.0038945,0.20219,0.0016344,0.97934
0.97661,0.026109,-0.21342,-0.024867,0.99965,0.0085058,0.21357,-0.0029999,0.97692
0.97394,0.028386,-0.22502,-0.025253,0.99954,0.016792,0.2254,-0.010672,0.97421
0.97129,0.029491,-0.23607,-0.025057,0.99945,0.021763,0.23659,-0.015223,0.97149
0.96832,0.032632,-0.24758,-0.029233,0.99942,0.017395,0.248,-0.0096067,0.96871
0.96517,0.031208,-0.25976,-0.030338,0.99951,0.0073602,0.25986,0.00077665,0.96565
0.96181,0.029265,-0.27216,-0.029673,0.99956,0.0026181,0.27212,0.0055576,0.96225
0.95831,0.027286,-0.28442,-0.026544,0.99963,0.0064638,0.28449,0.0013554,0.95868
0.95481,0.029356,-0.29575,-0.026094,0.99955,0.014971,0.29606,-0.0065777,0.95515
0.95111,0.030689,-0.30733,-0.025521,0.99946,0.020822,0.3078,-0.011961,0.95137
0.94703,0.026804,-0.32003,-0.021867,0.99958,0.01901,0.3204,-0.011005,0.94722
0.94307,0.024684,-0.33168,-0.021233,0.99968,0.014025,0.33192,-0.0061839,0.94329
0.93988,0.021842,-0.34082,-0.020109,0.99976,0.0086154,0.34092,-0.0012439,0.94009
0.93711,0.017145,-0.34862,-0.017756,0.99984,0.0014434,0.34859,0.0048376,0.93726
0.93431,0.016709,-0.35607,-0.01807,0.99984,-0.00049686,0.356,0.0068982,0.93446
0.93126,0.021804,-0.36369,-0.023622,0.99972,-0.00055042,0.36358,0.0091037,0.93152
0.92814,0.023116,-0.37151,-0.023988,0.99971,0.0022736,0.37145,0.0068016,0.92843
0.92493,0.023138,-0.37942,-0.021786,0.99973,0.0078573,0.3795,0.00099881,0.92519
0.92208,0.023777,-0.38627,-0.019339,0.99969,0.015372,0.38652,-0.0067041,0.92226
0.91934,0.034165,-0.39197,-0.027097,0.99936,0.023552,0.39252,-0.011032,0.91968
0.91667,0.04223,-0.3974,-0.036297,0.99909,0.022443,0.39799,-0.0061487,0.91737
0.91422,0.038562,-0.40337,-0.036156,0.99925,0.013583,0.40359,0.0021661,0.91494
0.91217,0.030503,-0.40868,-0.030768,0.99951,0.0059269,0.40866,0.0071677,0.91266
0.9104,0.030499,-0.41261,-0.031529,0.99949,0.004314,0.41253,0.0090818,0.9109
0.90826,0.03718,-0.41674,-0.036335,0.99929,0.0099609,0.41682,0.0060955,0.90897
0.90578,0.040063,-0.42184,-0.037364,0.99919,0.014666,0.42209,0.0024774,0.90655
0.90339,0.036858,-0.42723,-0.034077,0.99932,0.014157,0.42746,0.0017692,0.90403
0.90124,0.034634,-0.43194,-0.034784,0.99937,0.0075571,0.43193,0.0082137,0.90187
0.899,0.031513,-0.43681,-0.034952,0.99939,0.00016288,0.43655,0.015121,0.89955
0.89662,0.031889,-0.44164,-0.036385,0.99934,-0.0017109,0.44129,0.017603,0.89719
0.89459,0.03567,-0.44546,-0.038219,0.99926,0.0032619,0.44525,0.014107,0.8953
0.89248,0.037056,-0.44957,-0.038754,0.99923,0.005428,0.44943,0.012578,0.89323
0.89013,0.038045,-0.45411,-0.039462,0.9992,0.0063586,0.45399,0.01226,0.89092
0.88789,0.036733,-0.45859,-0.038168,0.99925,0.0061427,0.45848,0.01205,0.88863
0.88579,0.034534,-0.4628,-0.036259,0.99933,0.0051695,0.46267,0.012202,0.88645
0.88361,0.034349,-0.46696,-0.035637,0.99935,0.0060761,0.46686,0.011272,0.88426
0.88139,0.035223,-0.47107,-0.036588,0.99931,0.0062641,0.47097,0.011714,0.88207
0.87906,0.036372,-0.47533,-0.03748,0.99927,0.0071502,0.47524,0.01153,0.87978
0.87668,0.03328,-0.47993,-0.036307,0.99934,0.0029774,0.47971,0.014814,0.8773
0.87439,0.030136,-0.48429,-0.035172,0.99938,-0.0013139,0.48395,0.018182,0.87491
0.87226,0.028216,-0.48822,-0.034809,0.99938,-0.0044333,0.4878,0.020862,0.87271
0.87028,0.029782,-0.49165,-0.034797,0.99939,-0.0010558,0.49132,0.018027,0.87079
0.86845,0.034014,-0.49461,-0.034707,0.99937,0.0077869,0.49456,0.010404,0.86908
0.86694,0.036411,-0.49708,-0.03197,0.99934,0.017443,0.49738,0.00076975,0.86753
0.86544,0.036255,-0.4997,-0.028616,0.99933,0.022944,0.5002,-0.0055572,0.86589
0.86387,0.032776,-0.50264,-0.024815,0.99944,0.022523,0.5031,-0.0069839,0.8642
0.86211,0.030829,-0.50579,-0.024713,0.99952,0.018799,0.50612,-0.0037075,0.86245
0.86049,0.029017,-0.50864,-0.024202,0.99958,0.01608,0.5089,-0.0015266,0.86083
0.85898,0.027613,-0.51127,-0.023195,0.99962,0.01502,0.51149,-0.001043,0.85929
0.85769,0.025525,-0.51353,-0.021225,0.99967,0.014239,0.51372,-0.0013133,0.85795
0.85639,0.026159,-0.51567,-0.021165,0.99965,0.015561,0.51589,-0.0024129,0.85665
0.85519,0.026329,-0.51765,-0.020277,0.99964,0.017347,0.51792,-0.0043387,0.85542
0.85387,0.025018,-0.51988,-0.018428,0.99967,0.01784,0.52015,-0.0056527,0.85405
0.85257,0.023008,-0.52211,-0.01599,0.99971,0.017944,0.52238,-0.0069503,0.85269
0.85145,0.022006,-0.52398,-0.015259,0.99974,0.01719,0.52422,-0.0066406,0.85156
0.85023,0.022375,-0.52593,-0.017558,0.99975,0.014147,0.52611,-0.0027939,0.85041
0.84874,0.020041,-0.52843,-0.017449,0.9998,0.0098924,0.52853,0.00082436,0.84892
0.84657,0.016383,-0.53202,-0.014492,0.99987,0.007729,0.53208,0.0011669,0.84669
0.84402,0.012312,-0.53617,-0.0094731,0.99992,0.0080481,0.53623,-0.0017136,0.84407
0.84073,0.01287,-0.54131,-0.0093222,0.99991,0.0092943,0.54138,-0.0027677,0.84077
0.8371,0.016711,-0.5468,-0.012454,0.99986,0.011491,0.54691,-0.0028099,0.83719
0.8335,0.022502,-0.55207,-0.016742,0.99974,0.015472,0.55227,-0.0036532,0.83366
0.82972,0.028297,-0.55746,-0.018877,0.99957,0.022642,0.55786,-0.008263,0.82989
0.82521,0.030396,-0.564,-0.018301,0.99947,0.027088,0.56453,-0.012031,0.82533
0.82003,0.027973,-0.57164,-0.014292,0.99949,0.028408,0.57215,-0.015125,0.82001
0.81345,0.025535,-0.58107,-0.010489,0.99952,0.02924,0.58154,-0.01769,0.81333
0.80516,0.024197,-0.59257,-0.007576,0.99951,0.030521,0.59301,-0.020085,0.80494
0.79528,0.024861,-0.60573,-0.007166,0.99947,0.031613,0.6062,-0.020801,0.79504
0.78364,0.02665,-0.62064,-0.0090108,0.99946,0.031539,0.62115,-0.019122,0.78346
0.77012,0.025933,-0.63738,-0.0089816,0.99952,0.029815,0.63784,-0.017236,0.76998
0.75571,0.023568,-0.65448,-0.0097528,0.99965,0.024736,0.65484,-0.01231,0.75567
0.74107,0.020049,-0.67113,-0.0092975,0.99976,0.0196,0.67136,-0.0082851,0.74108
0.72613,0.019904,-0.68727,-0.012904,0.9998,0.015321,0.68743,-0.0022564,0.72624
0.71087,0.023702,-0.70292,-0.020152,0.99971,0.01333,0.70303,0.0046892,0.71114
0.69427,0.026265,-0.71924,-0.023792,0.99963,0.013538,0.71933,0.0077135,0.69463
0.6762,0.024875,-0.7363,-0.020495,0.99968,0.01495,0.73643,0.004981,0.67649
0.65681,0.023953,-0.75367,-0.017557,0.99971,0.016472,0.75385,0.0024127,0.65704
0.63545,0.025483,-0.77172,-0.016981,0.99967,0.019028,0.77196,0.0010133,0.63567
0.6122,0.030339,-0.79012,-0.020615,0.99954,0.022407,0.79043,0.0025705,0.61254
0.58834,0.034476,-0.80788,-0.022592,0.9994,0.026196,0.8083,0.0028396,0.58877
0.56347,0.037648,-0.82528,-0.024191,0.99928,0.02907,0.82578,0.0035837,0.56398
0.53821,0.040872,-0.84182,-0.026957,0.99915,0.031276,0.84238,0.0058594,0.53886
0.5123,0.045587,-0.8576,-0.031124,0.99892,0.034506,0.85824,0.009014,0.51316
0.48509,0.049265,-0.87307,-0.033464,0.99873,0.037763,0.87382,0.010898,0.48612
0.45614,0.049105,-0.88855,-0.032335,0.99873,0.038595,0.88932,0.011127,0.45714
0.42472,0.046484,-0.90413,-0.031705,0.99883,0.036459,0.90477,0.013181,0.42569
0.39098,0.042406,-0.91942,-0.030992,0.99898,0.032896,0.91988,0.015633,0.3919
0.35306,0.040167,-0.93474,-0.030164,0.99905,0.031537,0.93512,0.017061,0.35393
0.31245,0.039327,-0.94912,-0.029104,0.99907,0.031816,0.94949,0.017683,0.3133
0.26971,0.037863,-0.9622,-0.028047,0.99911,0.031454,0.96253,0.018503,0.27053
0.22348,0.035073,-0.97408,-0.026235,0.99921,0.029959,0.97436,0.01886,0.22422
0.17498,0.033233,-0.98401,-0.024764,0.99926,0.029344,0.98426,0.019233,0.17567
0.12544,0.032991,-0.99155,-0.023665,0.99926,0.030253,0.99182,0.01967,0.12613
0.074225,0.034275,-0.99665,-0.022147,0.99922,0.032713,0.997,0.019645,0.074926
0.021225,0.036638,-0.9991,-0.018189,0.99918,0.036255,0.99961,0.017403,0.021874
-0.032184,0.038793,-0.99873,-0.013582,0.99914,0.039247,0.99939,0.014827,-0.031629
-0.0856,0.040593,-0.9955,-0.0087971,0.9991,0.041496,0.99629,0.01231,-0.085165
-0.13836,0.042364,-0.98948,-0.0047207,0.99905,0.043434,0.99037,0.010681,-0.13803
-0.18981,0.043948,-0.98084,-0.0016376,0.99898,0.045078,0.98182,0.010162,-0.18954
-0.23933,0.045217,-0.96989,0.0024458,0.99894,0.045968,0.97094,0.0086292,-0.23919
-0.28775,0.046686,-0.95657,0.0082796,0.9989,0.046261,0.95767,0.0053917,-0.28782
-0.33462,0.048096,-0.94113,0.013996,0.99884,0.046069,0.94225,0.0022436,-0.3349
-0.37919,0.049852,-0.92397,0.019488,0.99876,0.045889,0.92511,-0.00060573,-0.37969
-0.4215,0.051298,-0.90538,0.023941,0.99868,0.045438,0.90651,-0.002524,-0.42217
-0.46074,0.052163,-0.886,0.027167,0.99863,0.044667,0.88712,-0.0034905,-0.46152
-0.49523,0.052635,-0.86717,0.028704,0.99861,0.044221,0.86829,-0.0029916,-0.49605
-0.52441,0.052344,-0.84985,0.029068,0.99863,0.043571,0.85097,-0.001854,-0.52521
-0.54784,0.050992,-0.83503,0.027906,0.9987,0.042678,0.83612,7.8318e-05,-0.54855
-0.5663,0.04899,-0.82274,0.02667,0.9988,0.041115,0.82377,0.0013409,-0.56693
-0.58047,0.048346,-0.81284,0.025591,0.99883,0.041133,0.81388,0.0030746,-0.58103
-0.59184,0.049209,-0.80455,0.026583,0.99878,0.041534,0.80562,0.0031938,-0.59243
-0.60169,0.050305,-0.79714,0.027822,0.99873,0.042025,0.79824,0.0031079,-0.60233
-0.60965,0.051699,-0.79098,0.029146,0.99866,0.042809,0.79213,0.0030444,-0.61034
-0.61607,0.051739,-0.78599,0.028615,0.99865,0.043309,0.78717,0.0041902,-0.61672
-0.62175,0.051597,-0.78152,0.028205,0.99866,0.043494,0.78271,0.0049998,-0.62237
-0.62628,0.051975,-0.77786,0.028626,0.99864,0.043679,0.77907,0.0050885,-0.62691
-0.62962,0.052762,-0.77511,0.0296,0.9986,0.043931,0.77634,0.0047166,-0.6303
-0.63203,0.053917,-0.77306,0.030844,0.99854,0.044425,0.77433,0.0042338,-0.63277
-0.63314,0.054247,-0.77213,0.031288,0.99852,0.044496,0.77341,0.0040135,-0.6339
-0.63391,0.053979,-0.77152,0.031588,0.99854,0.043908,0.77276,0.0034624,-0.63469
-0.63472,0.053464,-0.77089,0.031913,0.99857,0.042979,0.77208,0.002678,-0.63552
-0.63534,0.053056,-0.77041,0.032622,0.99859,0.041868,0.77155,0.0014684,-0.63617
-0.63616,0.053719,-0.76969,0.032795,0.99855,0.042587,0.77086,0.0018499,-0.637
-0.63714,0.054672,-0.76881,0.031532,0.99849,0.044874,0.7701,0.0043489,-0.6379
-0.6384,0.055764,-0.76768,0.030491,0.99842,0.047169,0.7691,0.006706,-0.6391
-0.63953,0.055994,-0.76673,0.030661,0.99841,0.04734,0.76816,0.0067672,-0.64023
-0.64055,0.054836,-0.76596,0.031554,0.99848,0.045095,0.76727,0.0047163,-0.64131
-0.64139,0.054329,-0.76529,0.032531,0.99852,0.043622,0.76653,0.0030828,-0.6422
-0.64232,0.055309,-0.76444,0.034757,0.99847,0.043037,0.76565,0.0010742,-0.64326
-0.6431,0.056866,-0.76366,0.037292,0.99838,0.042939,0.76487,-0.00086452,-0.64418
-0.64434,0.054874,-0.76276,0.037183,0.99849,0.040422,0.76383,-0.0023165,-0.64541
-0.64548,0.051658,-0.76203,0.037048,0.99865,0.036317,0.76288,-0.0047897,-0.64652
-0.64642,0.047491,-0.7615,0.035549,0.99885,0.032117,0.76215,-0.00631,-0.64737
-0.64638,0.04519,-0.76168,0.032814,0.99897,0.031422,0.76231,-0.0046829,-0.64719
-0.6463,0.045435,-0.76173,0.031339,0.99896,0.032995,0.76244,-0.0025469,-0.64705
-0.64636,0.047209,-0.76157,0.030546,0.99889,0.035995,0.76242,2.7973e-06,-0.64708
-0.64639,0.049903,-0.76137,0.031614,0.99875,0.038623,0.76235,0.00089519,-0.64716
-0.64647,0.052406,-0.76114,0.033117,0.99863,0.04063,0.76222,0.0010597,-0.64732
-0.64656,0.05357,-0.76098,0.033754,0.99856,0.041616,0.76212,0.0012212,-0.64744
-0.64655,0.054188,-0.76094,0.034226,0.99853,0.042027,0.7621,0.0011287,-0.64746
-0.64678,0.053309,-0.76081,0.032665,0.99858,0.042199,0.76197,0.0024416,-0.6476
-0.64677,0.054051,-0.76077,0.032555,0.99853,0.043268,0.76199,0.0032179,-0.64758
-0.64691,0.054885,-0.76059,0.032118,0.99848,0.044734,0.76189,0.0045103,-0.64769
-0.647,0.055873,-0.76044,0.032362,0.99843,0.045824,0.7618,0.005039,-0.64779
-0.64749,0.055917,-0.76002,0.032518,0.99842,0.045753,0.76138,0.0049098,-0.64829
-0.64797,0.055685,-0.75963,0.033466,0.99844,0.044645,0.76093,0.0035072,-0.64883
-0.64875,0.055672,-0.75896,0.034083,0.99845,0.044105,0.76024,0.002745,-0.64964
-0.64939,0.056168,-0.75838,0.0346,0.99842,0.044319,0.75967,0.0025403,-0.65031
-0.6502,0.055658,-0.75772,0.034051,0.99845,0.044121,0.759,0.002886,-0.65109
-0.65078,0.054703,-0.75729,0.033376,0.9985,0.043444,0.75853,0.0029971,-0.65163
-0.65127,0.053474,-0.75696,0.032668,0.99856,0.042435,0.75814,0.002908,-0.65208
-0.6512,0.052772,-0.75707,0.031823,0.9986,0.042235,0.75824,0.0034116,-0.65197
-0.65116,0.051147,-0.75721,0.028556,0.99867,0.0429,0.7584,0.0063114,-0.65176
-0.65038,0.050364,-0.75794,0.027085,0.9987,0.043121,0.75912,0.0075163,-0.6509
-0.64941,0.048611,-0.75888,0.026037,0.99879,0.041697,0.75999,0.0073195,-0.64989
-0.64806,0.046032,-0.7602,0.024129,0.99891,0.039917,0.76121,0.0075261,-0.64847
-0.64659,0.046341,-0.76143,0.024922,0.9989,0.03963,0.76243,0.0066474,-0.64703
-0.64553,0.048899,-0.76216,0.026172,0.99878,0.041913,0.76328,0.0071085,-0.64603
-0.64426,0.054649,-0.76286,0.028961,0.99847,0.04707,0.76426,0.0082322,-0.64485
-0.64327,0.061605,-0.76316,0.031718,0.99805,0.053831,0.76499,0.010421,-0.64396
-0.64271,0.06393,-0.76344,0.03209,0.99788,0.056547,0.76544,0.011845,-0.6434
-0.64255,0.060325,-0.76386,0.032313,0.99814,0.051646,0.76556,0.0085023,-0.64331
-0.64261,0.056452,-0.76411,0.032124,0.99839,0.046744,0.76552,0.0054917,-0.64339
-0.64244,0.056394,-0.76426,0.032498,0.9984,0.046353,0.76564,0.0049426,-0.64325
-0.64256,0.058378,-0.76401,0.031714,0.99827,0.049605,0.76558,0.007645,-0.6433
-0.64266,0.060497,-0.76376,0.032589,0.99813,0.05164,0.76546,0.0082964,-0.64343
-0.64315,0.059863,-0.7634,0.033786,0.99819,0.049811,0.765,0.0062438,-0.644
-0.64383,0.058749,-0.76291,0.034291,0.99826,0.047935,0.7644,0.0047008,-0.64472
-0.64446,0.0591,-0.76235,0.033698,0.99824,0.0489,0.7639,0.0058235,-0.64531
-0.64488,0.062577,-0.76172,0.034255,0.99801,0.052988,0.76352,0.008078,-0.64574
-0.64543,0.065773,-0.76099,0.034712,0.99778,0.0568,0.76303,0.010245,-0.64628
-0.64592,0.066771,-0.76048,0.036118,0.99773,0.056924,0.76255,0.009301,-0.64686
-0.64653,0.066416,-0.75999,0.037201,0.99776,0.055547,0.76198,0.0076405,-0.64755
-0.64697,0.065252,-0.75972,0.037773,0.99785,0.053538,0.76158,0.0059403,-0.64804
-0.64704,0.063028,-0.75985,0.03575,0.99799,0.052339,0.76162,0.0067006,-0.64799
-0.6463,0.061103,-0.76064,0.033199,0.9981,0.05197,0.76236,0.008336,-0.6471
-0.64582,0.059801,-0.76114,0.031807,0.99817,0.051436,0.76283,0.0090088,-0.64654
-0.64526,0.058856,-0.76169,0.030089,0.99821,0.051642,0.76337,0.010404,-0.64588
-0.64471,0.05801,-0.76222,0.028499,0.99825,0.051868,0.76389,0.011718,-0.64523
-0.64412,0.058887,-0.76266,0.029185,0.9982,0.052425,0.76437,0.01151,-0.64468
-0.64377,0.05734,-0.76307,0.028439,0.99829,0.051023,0.76469,0.011146,-0.6443
-0.64319,0.05586,-0.76366,0.027556,0.99838,0.04982,0.76521,0.011,-0.64369
-0.64277,0.05656,-0.76397,0.02861,0.99835,0.049841,0.76552,0.010179,-0.64333
-0.64203,0.059393,-0.76437,0.031468,0.9982,0.051129,0.76603,0.0087732,-0.64274
-0.64179,0.060704,-0.76447,0.032454,0.99812,0.052012,0.76619,0.0085705,-0.64255
-0.64149,0.058632,-0.76489,0.032481,0.99826,0.049279,0.76644,0.0067675,-0.64228
-0.64116,0.056626,-0.76532,0.033996,0.99839,0.045391,0.76666,0.0030851,-0.64205
-0.64038,0.055771,-0.76603,0.035081,0.99844,0.043366,0.76726,0.00089761,-0.64134
-0.63985,0.054365,-0.76657,0.031679,0.99851,0.044372,0.76785,0.0041077,-0.64062
-0.6397,0.054912,-0.76666,0.030879,0.99848,0.045751,0.76801,0.0055929,-0.64042
-0.63987,0.054879,-0.76652,0.030824,0.99848,0.045755,0.76786,0.0056499,-0.64059
-0.64003,0.05438,-0.76643,0.030952,0.99851,0.044999,0.76773,0.0050785,-0.64075
-0.63997,0.054551,-0.76646,0.031433,0.9985,0.04482,0.76775,0.0045919,-0.64073
-0.64008,0.054178,-0.76639,0.030967,0.99852,0.044724,0.76768,0.0048936,-0.64081
-0.64005,0.053774,-0.76645,0.029963,0.99854,0.045036,0.76775,0.0058601,-0.64072
-0.64024,0.05367,-0.7663,0.029833,0.99854,0.04501,0.7676,0.0059556,-0.6409
-0.64047,0.054424,-0.76605,0.030214,0.9985,0.045678,0.76739,0.0061103,-0.64115
-0.64062,0.056142,-0.76581,0.03041,0.9984,0.047755,0.76726,0.0073042,-0.6413
-0.64073,0.058129,-0.76556,0.03088,0.99827,0.049953,0.76714,0.0083661,-0.64142
-0.64069,0.060236,-0.76543,0.031985,0.99815,0.051777,0.76713,0.0086909,-0.64143
-0.64089,0.062042,-0.76512,0.033383,0.99804,0.052966,0.76691,0.008403,-0.6417
-0.64101,0.063874,-0.76487,0.035382,0.99793,0.053684,0.76672,0.0073495,-0.64194
-0.64135,0.064639,-0.76452,0.036581,0.99789,0.053682,0.76638,0.0064621,-0.64236
-0.6421,0.064633,-0.76389,0.03614,0.99788,0.054053,0.76577,0.0071006,-0.64308
-0.64288,0.065679,-0.76314,0.037862,0.99782,0.053981,0.76503,0.0058095,-0.64397
-0.64474,0.065758,-0.76157,0.039667,0.99783,0.052576,0.76337,0.0036891,-0.64595
-0.64806,0.066657,-0.75867,0.042558,0.99778,0.051311,0.7604,0.00096533,-0.64945
-0.65301,0.068001,-0.75429,0.045622,0.99768,0.050447,0.75597,-0.0014693,-0.6546
-0.66049,0.069609,-0.7476,0.04871,0.99757,0.049849,0.74926,-0.0034909,-0.66227
-0.66912,0.071626,-0.7397,0.051456,0.99742,0.050036,0.74138,-0.004582,-0.67108
-0.67907,0.073077,-0.73043,0.05364,0.99731,0.049909,0.73211,-0.0052885,-0.68116
-0.69093,0.075217,-0.719,0.056586,0.99715,0.049939,0.72071,-0.0061814,-0.69321
-0.7049,0.078065,-0.705,0.06125,0.99691,0.049148,0.70666,-0.0085368,-0.70751
-0.72058,0.080795,-0.68865,0.065661,0.99668,0.048227,0.69026,-0.010466,-0.72349
-0.73843,0.082136,-0.6693,0.067428,0.99657,0.047906,0.67095,-0.0097541,-0.74144
-0.75778,0.08158,-0.64739,0.06626,0.99665,0.048032,0.64914,-0.0064987,-0.76064
-0.77783,0.080038,-0.62336,0.063867,0.99679,0.048292,0.62522,-0.0022488,-0.78045
-0.79884,0.077933,-0.59647,0.061215,0.99696,0.048275,0.59842,0.002051,-0.80118
-0.82061,0.076375,-0.56637,0.059603,0.99706,0.048097,0.56838,0.0057113,-0.82275
-0.84311,0.077493,-0.53212,0.060984,0.99696,0.048562,0.53427,0.0084918,-0.84527
-0.86656,0.073785,-0.49358,0.057802,0.99719,0.04759,0.49571,0.01271,-0.8684
-0.88919,0.066442,-0.45269,0.051738,0.99766,0.044802,0.4546,0.016416,-0.89054
-0.90985,0.054454,-0.41134,0.041178,0.99831,0.041074,0.41288,0.020433,-0.91056
-0.92832,0.045098,-0.36904,0.033577,0.99873,0.037585,0.37026,0.0225,-0.92865
-0.94525,0.037061,-0.32423,0.027761,0.99906,0.033263,0.32516,0.022441,-0.94539
-0.96021,0.034107,-0.2772,0.026745,0.99918,0.030296,0.27801,0.021677,-0.96033
-0.97294,0.032769,-0.22871,0.026678,0.9992,0.029671,0.2295,0.022767,-0.97304
-0.98315,0.032404,-0.17989,0.027387,0.99917,0.030305,0.18072,0.024867,-0.98322
-0.99115,0.025239,-0.13032,0.021114,0.99923,0.032939,0.13105,0.029896,-0.99092
-0.99666,0.014467,-0.080325,0.011462,0.99922,0.037747,0.080809,0.0367,-0.99605
-0.9995,0.010061,-0.029843,0.0088153,0.9991,0.041574,0.030235,0.041291,-0.99869
-0.99967,0.013075,0.022092,0.013956,0.99909,0.040212,-0.021546,0.040508,-0.99895
-0.99707,0.02052,0.073684,0.02336,0.99901,0.037886,-0.072834,0.039497,-0.99656
-0.99195,0.023162,0.12446,0.027677,0.99902,0.034675,-0.12353,0.037841,-0.99162
-0.9844,0.023626,0.17436,0.029752,0.99903,0.032602,-0.17342,0.037281,-0.98414
-0.9745,0.022077,0.22328,0.02939,0.99913,0.029486,-0.22243,0.035296,-0.97431
-0.962,0.023315,0.27204,0.03163,0.99916,0.026218,-0.2712,0.033826,-0.96193
-0.94668,0.027475,0.32099,0.037355,0.999,0.024659,-0.31999,0.035335,-0.94676
-0.93035,0.030217,0.36542,0.041168,0.99891,0.022214,-0.36435,0.035711,-0.93058
-0.91324,0.024752,0.40668,0.037393,0.99903,0.023166,-0.40571,0.036363,-0.91328
-0.89534,0.01994,0.44493,0.035645,0.999,0.026957,-0.44395,0.039996,-0.89516
-0.87768,0.019833,0.47883,0.039014,0.99878,0.030141,-0.47765,0.045136,-0.87739
-0.86087,0.021645,0.50836,0.044072,0.99851,0.032119,-0.50691,0.050055,-0.86054
-0.84516,0.020848,0.53411,0.044979,0.99847,0.0322,-0.53262,0.051238,-0.8448
-0.83096,0.018497,0.55603,0.044116,0.99849,0.032712,-0.55458,0.051712,-0.83052
-0.8188,0.016972,0.57383,0.042765,0.99859,0.031487,-0.57248,0.050321,-0.81837
-0.8087,0.016173,0.588,0.04221,0.99864,0.030585,-0.5867,0.049554,-0.80829
-0.80046,0.015059,0.5992,0.041108,0.99871,0.029815,-0.59798,0.048498,-0.80005
-0.79387,0.013694,0.60793,0.039107,0.99883,0.028569,-0.60682,0.046454,-0.79348
-0.78852,0.012776,0.61488,0.036749,0.99898,0.02637,-0.61391,0.043389,-0.78818
-0.78392,0.014396,0.62069,0.037667,0.99899,0.024403,-0.61972,0.04251,-0.78367
-0.78029,0.015768,0.62522,0.039254,0.99895,0.023797,-0.62418,0.043111,-0.78009
-0.77745,0.01917,0.62866,0.043231,0.9988,0.023007,-0.62746,0.045064,-0.77734
-0.77526,0.017475,0.6314,0.040622,0.99893,0.02223,-0.63033,0.042882,-0.77514
-0.7737,0.015259,0.63337,0.036489,0.99912,0.020503,-0.63251,0.038974,-0.77357
-0.7728,0.012459,0.63453,0.032976,0.99925,0.020542,-0.63379,0.036799,-0.77263
-0.77218,0.013639,0.63525,0.035264,0.99915,0.021414,-0.63442,0.038937,-0.77201
-0.77209,0.017716,0.63526,0.040633,0.99894,0.021527,-0.63421,0.042433,-0.772
-0.7727,0.018517,0.6345,0.041476,0.99891,0.021358,-0.63342,0.042819,-0.77263
-0.77319,0.017508,0.63393,0.036939,0.99917,0.017459,-0.63309,0.036915,-0.77319
-0.77347,0.021231,0.63348,0.035927,0.9993,0.010375,-0.63282,0.030784,-0.77369
-0.77389,0.023447,0.63288,0.034774,0.99938,0.0054956,-0.63236,0.026261,-0.77423
-0.77427,0.025612,0.63234,0.037526,0.99928,0.0054741,-0.63174,0.027967,-0.77467
-0.77451,0.022816,0.63215,0.035914,0.99932,0.0079326,-0.63155,0.028847,-0.7748
-0.77481,0.016622,0.63198,0.02993,0.9995,0.010406,-0.63149,0.026978,-0.77491
-0.77464,0.01255,0.63227,0.025941,0.99959,0.011941,-0.63186,0.025651,-0.77465
-0.77436,0.011406,0.63264,0.025388,0.99959,0.013053,-0.63223,0.026169,-0.77434
-0.77445,0.0090527,0.63257,0.025027,0.99955,0.016335,-0.63214,0.028482,-0.77433
-0.77488,0.0071063,0.63207,0.025969,0.99945,0.020599,-0.63158,0.032376,-0.77463
-0.77478,0.0036401,0.63222,0.023258,0.99947,0.022748,-0.6318,0.032329,-0.77446
-0.77445,0.0021911,0.63263,0.019715,0.99959,0.020673,-0.63232,0.028483,-0.77418
-0.77413,0.0054074,0.633,0.020792,0.99964,0.016888,-0.63268,0.026235,-0.77397
-0.77345,0.0071727,0.63382,0.023435,0.99958,0.017286,-0.63342,0.028224,-0.77329
-0.77365,0.0047861,0.63359,0.025234,0.99941,0.023262,-0.63311,0.033985,-0.77332
-0.77365,0.0058902,0.63359,0.02873,0.99925,0.025791,-0.63296,0.038156,-0.77324
-0.77327,0.0070894,0.63404,0.030095,0.99922,0.02553,-0.63337,0.038823,-0.77288
-0.77298,0.011949,0.63432,0.033414,0.9992,0.021895,-0.63355,0.03812,-0.77276
-0.77265,0.017989,0.63458,0.037488,0.99915,0.01732,-0.63373,0.037171,-0.77266
-0.77276,0.020029,0.63438,0.038107,0.99916,0.014874,-0.63355,0.035668,-0.77288
-0.77355,0.019955,0.63343,0.037164,0.99921,0.013907,-0.63265,0.034298,-0.77368
-0.77415,0.017441,0.63276,0.036187,0.9992,0.016731,-0.63197,0.03585,-0.77417
-0.77467,0.014667,0.63219,0.035234,0.99918,0.019993,-0.63138,0.037763,-0.77455
-0.77536,0.013934,0.63137,0.036537,0.99907,0.022821,-0.63046,0.040762,-0.77515
-0.77564,0.016969,0.63095,0.041595,0.99884,0.02427,-0.62981,0.045069,-0.77544
-0.77596,0.022199,0.6304,0.048963,0.99848,0.025108,-0.62888,0.050348,-0.77587
-0.77628,0.022955,0.62997,0.052504,0.99822,0.028325,-0.6282,0.055064,-0.7761
-0.77662,0.021887,0.62959,0.055781,0.99786,0.034118,-0.6275,0.061616,-0.77618
-0.77678,0.020588,0.62944,0.059136,0.99743,0.040354,-0.627,0.068568,-0.776
-0.77704,0.022975,0.62903,0.061159,0.99736,0.039121,-0.62647,0.068869,-0.77639
-0.77752,0.026357,0.62831,0.059167,0.99776,0.031363,-0.62607,0.06156,-0.77733
-0.77826,0.032172,0.62712,0.059104,0.99801,0.02215,-0.62515,0.054304,-0.77861
-0.77883,0.034899,0.62626,0.059506,0.99806,0.018385,-0.62441,0.051585,-0.77939
-0.77962,0.033146,0.62538,0.059552,0.998,0.021344,-0.62342,0.053883,-0.78003
-0.78021,0.031951,0.6247,0.060141,0.9979,0.024074,-0.62262,0.056352,-0.7805
-0.78081,0.031166,0.62399,0.060276,0.99785,0.025586,-0.62186,0.057589,-0.78101
-0.78293,0.028702,0.62144,0.057285,0.99802,0.026076,-0.61946,0.056015,-0.78303
-0.78711,0.025964,0.61626,0.053549,0.99822,0.026339,-0.61448,0.053732,-0.7871
-0.79274,0.024217,0.60908,0.051372,0.99831,0.027168,-0.6074,0.052827,-0.79264
-0.79965,0.025246,0.59993,0.051738,0.9983,0.026952,-0.59823,0.052592,-0.7996
-0.8083,0.026462,0.58818,0.05309,0.9982,0.02805,-0.58638,0.053899,-0.80824
-0.81854,0.028559,0.57374,0.05655,0.99792,0.031005,-0.57166,0.057824,-0.81845
-0.83002,0.028625,0.557,0.058286,0.99767,0.035583,-0.55468,0.062,-0.82975
-0.84323,0.03085,0.53666,0.060161,0.9975,0.037189,-0.53417,0.063645,-0.84298
-0.8578,0.035129,0.51279,0.063741,0.99723,0.038311,-0.51002,0.065549,-0.85766
-0.87332,0.038459,0.48562,0.066274,0.99699,0.040228,-0.48261,0.067316,-0.87324
-0.88875,0.041519,0.4565,0.068406,0.99675,0.042523,-0.45325,0.06902,-0.8887
-0.90304,0.04503,0.42719,0.069714,0.99667,0.04231,-0.42387,0.067989,-0.90317
-0.9163,0.051486,0.39717,0.071426,0.99681,0.035566,-0.39407,0.060957,-0.91706
-0.9288,0.057684,0.36607,0.072251,0.99704,0.026207,-0.36347,0.05079,-0.93022
-0.94059,0.057092,0.3347,0.068005,0.99746,0.020966,-0.33266,0.042482,-0.94209
-0.95116,0.053234,0.30406,0.062747,0.9978,0.021594,-0.30225,0.039618,-0.95241
-0.95975,0.051612,0.27608,0.060187,0.99793,0.022671,-0.27434,0.038375,-0.96087
-0.96652,0.053248,0.25102,0.060789,0.9979,0.022377,-0.2493,0.036887,-0.96772
-0.9716,0.05788,0.22944,0.064204,0.99773,0.02019,-0.22775,0.034348,-0.97311
-0.97589,0.057638,0.21051,0.063583,0.99774,0.021574,-0.20879,0.034439,-0.97735
-0.98003,0.053261,0.19157,0.059745,0.99781,0.028227,-0.18965,0.039109,-0.98107
-0.98345,0.05305,0.17326,0.05943,0.99772,0.031843,-0.17117,0.041613,-0.98436
-0.98638,0.053567,0.15554,0.059208,0.99774,0.031863,-0.15348,0.040638,-0.98732
-0.98886,0.053271,0.13899,0.057703,0.99794,0.028052,-0.13721,0.03576,-0.9899
-0.99059,0.056394,0.12473,0.060005,0.99788,0.025389,-0.12303,0.032634,-0.99187
-0.99147,0.062315,0.11445,0.065883,0.99744,0.027658,-0.11243,0.034962,-0.99304
-0.9919,0.066977,0.10794,0.071481,0.9967,0.038408,-0.10501,0.045813,-0.99341
-0.99204,0.069591,0.10494,0.074916,0.99605,0.047676,-0.10121,0.055158,-0.99334
-0.99223,0.069145,0.1034,0.074447,0.99605,0.04833,-0.099649,0.055652,-0.99347
-0.99254,0.066462,0.10218,0.071377,0.99642,0.045227,-0.098804,0.052182,-0.99374
-0.99296,0.06169,0.10112,0.066148,0.99695,0.041341,-0.09826,0.047738,-0.99402
-0.99349,0.053553,0.10058,0.057688,0.99759,0.038657,-0.098268,0.044207,-0.99418
-0.99376,0.048379,0.10054,0.052532,0.99785,0.03907,-0.098435,0.044107,-0.99417
-0.99379,0.045951,0.10135,0.050342,0.99788,0.0412,-0.099245,0.046046,-0.994
-0.99381,0.043454,0.10221,0.048079,0.99791,0.043234,-0.10011,0.047881,-0.99382
-0.9937,0.043153,0.10345,0.047854,0.99791,0.043393,-0.10136,0.04807,-0.99369
-0.99363,0.04124,0.10483,0.04593,0.99803,0.042724,-0.10286,0.047267,-0.99357
-0.99361,0.039554,0.10569,0.044067,0.9982,0.040716,-0.10389,0.045114,-0.99356
-0.99359,0.03782,0.10649,0.042164,0.99836,0.038849,-0.10484,0.04309,-0.99356
-0.99373,0.034679,0.10628,0.0389,0.99852,0.037902,-0.10481,0.041799,-0.99361
-0.99395,0.032146,0.10501,0.036336,0.99861,0.038237,-0.10363,0.041821,-0.99374
-0.99416,0.030621,0.10345,0.034817,0.99863,0.038995,-0.10212,0.04237,-0.99387
-0.99433,0.030185,0.10201,0.034368,0.99863,0.039498,-0.10067,0.042779,-0.994
-0.9945,0.029334,0.10054,0.033519,0.99863,0.040182,-0.099226,0.043332,-0.99412
-0.99462,0.029352,0.099338,0.033594,0.99858,0.041305,-0.097985,0.04442,-0.9942
-0.99472,0.028732,0.098533,0.033199,0.99848,0.043999,-0.097119,0.047038,-0.99416
-0.99482,0.027796,0.097738,0.032391,0.99843,0.045745,-0.096313,0.048674,-0.99416
-0.99496,0.027012,0.096561,0.031445,0.99851,0.044681,-0.095209,0.047492,-0.99432
-0.99505,0.026833,0.095722,0.031007,0.99862,0.042391,-0.094453,0.04515,-0.99451
-0.99513,0.026291,0.094982,0.030301,0.9987,0.041025,-0.09378,0.043703,-0.99463
-0.99524,0.025868,0.093964,0.029846,0.99871,0.041172,-0.092778,0.043781,-0.99472
-0.99542,0.024965,0.092303,0.028962,0.99869,0.042223,-0.091128,0.044703,-0.99484
-0.99569,0.023777,0.089661,0.027762,0.99867,0.043466,-0.088508,0.045768,-0.99502
-0.99597,0.022765,0.086798,0.026693,0.99866,0.044371,-0.085671,0.046509,-0.99524
-0.99623,0.022255,0.083841,0.025932,0.99874,0.043027,-0.082777,0.045039,-0.99555
-0.9965,0.021311,0.080803,0.024817,0.99878,0.042635,-0.079796,0.044491,-0.99582
-0.99676,0.020428,0.077739,0.023877,0.99876,0.043694,-0.07675,0.045408,-0.99602
-0.99697,0.020154,0.075083,0.023618,0.99868,0.045532,-0.074067,0.047167,-0.99614
-0.99717,0.020702,0.072319,0.024136,0.99861,0.04695,-0.071246,0.048562,-0.99628
-0.99731,0.02146,0.070025,0.024798,0.99858,0.047155,-0.068913,0.048765,-0.99643
-0.99747,0.021308,0.067773,0.024506,0.99861,0.046698,-0.066684,0.048241,-0.99661
-0.99757,0.022454,0.065898,0.025487,0.99864,0.045548,-0.064785,0.047117,-0.99679
-0.99768,0.021734,0.064451,0.024704,0.99865,0.045651,-0.063372,0.047137,-0.99688
-0.99779,0.020379,0.063185,0.023332,0.99865,0.046363,-0.062155,0.047735,-0.99692
-0.99786,0.019622,0.062387,0.022472,0.99872,0.045315,-0.061418,0.04662,-0.99702
-0.9979,0.019408,0.061745,0.021975,0.99891,0.041178,-0.060879,0.042449,-0.99724
-0.99794,0.01859,0.061445,0.020936,0.99907,0.037759,-0.060686,0.038967,-0.9974
-0.99791,0.018976,0.061823,0.021311,0.99908,0.037334,-0.061058,0.038574,-0.99739
-0.99786,0.019818,0.062353,0.022175,0.99906,0.037338,-0.061554,0.03864,-0.99736
-0.99777,0.021427,0.063159,0.023908,0.99896,0.038795,-0.062262,0.040219,-0.99725
-0.99767,0.023483,0.064099,0.026082,0.99886,0.040014,-0.063086,0.041593,-0.99714
-0.99758,0.024242,0.065121,0.02694,0.9988,0.040881,-0.064052,0.042537,-0.99704
-0.99751,0.024834,0.066037,0.027611,0.99876,0.041488,-0.064925,0.043208,-0.99695
-0.99747,0.023823,0.067045,0.026677,0.99876,0.042002,-0.065961,0.043684,-0.99687
-0.99742,0.023684,0.067832,0.026498,0.99881,0.040883,-0.066783,0.042574,-0.99686
-0.99724,0.025809,0.069586,0.028612,0.99881,0.03959,-0.068481,0.041472,-0.99679
-0.997,0.027166,0.072527,0.03002,0.99881,0.038554,-0.071393,0.040615,-0.99662
-0.99682,0.025945,0.075332,0.028859,0.99887,0.03786,-0.074265,0.039913,-0.99644
-0.99664,0.025812,0.077672,0.028717,0.99892,0.036515,-0.076645,0.038623,-0.99631
-0.99648,0.026125,0.0797,0.029057,0.99893,0.035853,-0.078679,0.038043,-0.99617
-0.99641,0.025311,0.080754,0.028299,0.99895,0.036071,-0.079756,0.038226,-0.99608
-0.99642,0.02353,0.081185,0.026715,0.99891,0.038372,-0.080193,0.040404,-0.99596
-0.99649,0.022615,0.080654,0.025937,0.99885,0.040379,-0.079648,0.042329,-0.99592
-0.99657,0.022312,0.079705,0.025684,0.99881,0.041529,-0.078684,0.043433,-0.99595
-0.9967,0.020943,0.078388,0.024278,0.99883,0.041842,-0.07742,0.043607,-0.99604
-0.99689,0.019714,0.076271,0.022939,0.99887,0.04165,-0.075363,0.04327,-0.99622
-0.99718,0.018804,0.072614,0.0219,0.99887,0.04208,-0.071741,0.043552,-0.99647
-0.99756,0.019102,0.067109,0.021987,0.99885,0.042525,-0.06622,0.043897,-0.99684
-0.998,0.019816,0.06008,0.022401,0.99884,0.042651,-0.059165,0.043912,-0.99728
-0.99839,0.021844,0.052289,0.024111,0.99878,0.043116,-0.051283,0.044308,-0.9977
-0.99871,0.024305,0.044553,0.026301,0.99865,0.044776,-0.043404,0.04589,-0.998
-0.99893,0.02786,0.036794,0.029511,0.99855,0.045118,-0.035484,0.046156,-0.9983
-0.99913,0.029743,0.029352,0.031073,0.99846,0.045947,-0.02794,0.046819,-0.99851
-0.99927,0.031308,0.021966,0.032306,0.99839,0.04668,-0.020469,0.047355,-0.99867
-0.99936,0.032344,0.015102,0.033017,0.99836,0.046664,-0.013568,0.047133,-0.9988
-0.99939,0.033838,0.0087916,0.034211,0.99834,0.046426,-0.007206,0.046698,-0.99888
-0.99939,0.034848,0.0028589,0.034943,0.99832,0.046172,-0.0012451,0.046244,-0.99893
-0.99934,0.036116,-0.0025478,0.035962,0.99831,0.045739,0.0041953,0.045617,-0.99895
-0.99924,0.038319,-0.00732,0.037951,0.99826,0.045137,0.0090369,0.044825,-0.99895
-0.99912,0.040153,-0.011797,0.039562,0.99813,0.046697,0.01365,0.04619,-0.99884
-0.99904,0.040784,-0.015787,0.039971,0.99801,0.048769,0.017744,0.048091,-0.99869
-0.99894,0.041766,-0.019499,0.040752,0.99793,0.049772,0.021537,0.048925,-0.99857
-0.99885,0.04227,-0.022543,0.04109,0.99788,0.050463,0.024628,0.049478,-0.99847
-0.99873,0.043801,-0.024974,0.04248,0.99779,0.051191,0.027161,0.050065,-0.99838
-0.99858,0.046105,-0.026815,0.044671,0.99766,0.051832,0.029142,0.05056,-0.9983
-0.99849,0.047312,-0.027974,0.045796,0.99757,0.05254,0.030392,0.051179,-0.99823
-0.99849,0.047096,-0.028272,0.04553,0.99752,0.053668,0.03073,0.052299,-0.99816
-0.99855,0.046081,-0.02784,0.044525,0.99754,0.054128,0.030265,0.05281,-0.99815
-0.99864,0.044643,-0.026815,0.04316,0.99763,0.053533,0.029141,0.052303,-0.99821
-0.99876,0.042869,-0.025155,0.041494,0.99774,0.052855,0.027364,0.051746,-0.99829
-0.99889,0.041202,-0.022745,0.039973,0.99784,0.052108,0.024843,0.051141,-0.99838
-0.99899,0.040086,-0.020321,0.03901,0.99795,0.050804,0.022316,0.04996,-0.9985
-0.99906,0.039693,-0.017534,0.038811,0.99809,0.04806,0.019408,0.047334,-0.99869
-0.99908,0.040117,-0.015255,0.039379,0.99817,0.045933,0.017069,0.04529,-0.99883
-0.99908,0.040916,-0.013011,0.040283,0.99814,0.045694,0.014856,0.045127,-0.99887
-0.99914,0.040011,-0.010732,0.03947,0.99813,0.04664,0.012578,0.046176,-0.99885
-0.99924,0.038039,-0.0083426,0.037606,0.99819,0.047013,0.010116,0.046663,-0.99886
-0.99933,0.036194,-0.0056496,0.035894,0.99828,0.046297,0.0073156,0.046063,-0.99891
-0.99932,0.036701,-0.0020039,0.036573,0.9983,0.045371,0.0036657,0.045267,-0.99897
-0.99928,0.037829,0.0026423,0.037909,0.99829,0.044551,-0.00095244,0.044619,-0.999
-0.99924,0.038117,0.0080284,0.038434,0.99829,0.043967,-0.0063388,0.044242,-0.999
-0.99921,0.036834,0.014595,0.037441,0.99834,0.04379,-0.012958,0.044303,-0.99893
-0.99915,0.03466,0.02231,0.035605,0.99842,0.043451,-0.020769,0.044209,-0.99881
-0.99902,0.032434,0.030025,0.033726,0.99848,0.043581,-0.028566,0.044551,-0.9986
-0.99884,0.030936,0.037019,0.032573,0.99848,0.044481,-0.035587,0.045635,-0.99832
-0.99863,0.029405,0.043379,0.031352,0.9985,0.044914,-0.041993,0.046213,-0.99805
-0.99843,0.028555,0.048172,0.03073,0.99851,0.045044,-0.046814,0.046454,-0.99782
-0.99822,0.028626,0.052336,0.03095,0.99855,0.044155,-0.050996,0.045696,-0.99765
-0.99805,0.028437,0.055543,0.030882,0.99857,0.043673,-0.054222,0.045303,-0.9975
-0.99792,0.028625,0.057734,0.031171,0.99856,0.043693,-0.0564,0.045401,-0.99738
-0.99782,0.028145,0.05965,0.030739,0.9986,0.043026,-0.058355,0.044766,-0.99729
-0.99778,0.027846,0.06051,0.03049,0.9986,0.043219,-0.059222,0.044968,-0.99723
-0.99779,0.02779,0.060358,0.030433,0.9986,0.043308,-0.05907,0.045049,-0.99724
-0.99777,0.028552,0.06034,0.031141,0.99861,0.042409,-0.059045,0.044193,-0.99728
-0.99774,0.029016,0.060606,0.031543,0.99865,0.041169,-0.05933,0.042988,-0.99731
-0.99776,0.028786,0.060337,0.031283,0.99868,0.040842,-0.059081,0.042638,-0.99734
-0.99776,0.028525,0.06055,0.031055,0.99867,0.041258,-0.059292,0.043046,-0.99731
-0.99775,0.02856,0.060691,0.031071,0.99868,0.040842,-0.059445,0.042636,-0.99732
-0.99775,0.028758,0.060587,0.031264,0.99868,0.040826,-0.059333,0.042628,-0.99733
-0.99774,0.028719,0.060802,0.03126,0.99866,0.041269,-0.059535,0.043076,-0.9973
-0.99773,0.028744,0.060831,0.03127,0.99867,0.040987,-0.059572,0.042796,-0.99731
-0.99772,0.028811,0.061021,0.031343,0.99867,0.040962,-0.05976,0.042781,-0.9973
-0.99772,0.028828,0.061096,0.031375,0.99866,0.04116,-0.059828,0.042983,-0.99728
-0.99771,0.028876,0.061165,0.031426,0.99866,0.04114,-0.059895,0.042968,-0.99728
-0.99769,0.029006,0.061378,0.031561,0.99866,0.04108,-0.060104,0.042922,-0.99727
-0.99768,0.029074,0.061529,0.031632,0.99866,0.041022,-0.060254,0.042873,-0.99726
-0.99767,0.029179,0.061641,0.031749,0.99865,0.041137,-0.060357,0.042998,-0.99725
-0.99766,0.029225,0.061811,0.031801,0.99865,0.041108,-0.060526,0.042977,-0.99724
-0.99765,0.029256,0.061882,0.031835,0.99865,0.041105,-0.060596,0.042979,-0.99724
-0.99764,0.029286,0.062112,0.031876,0.99865,0.041117,-0.060824,0.043,-0.99722
-0.99762,0.029353,0.062408,0.031957,0.99864,0.041132,-0.061116,0.043029,-0.9972
-0.9976,0.029527,0.062652,0.032139,0.99864,0.041106,-0.061353,0.043021,-0.99719
-0.99757,0.029627,0.063075,0.032252,0.99864,0.041018,-0.061774,0.042952,-0.99717
-0.99754,0.029756,0.063455,0.032397,0.99863,0.041006,-0.062148,0.042961,-0.99714
-0.9975,0.029831,0.064016,0.032492,0.99863,0.040939,-0.062707,0.042917,-0.99711
-0.99748,0.029977,0.064316,0.032652,0.99863,0.040946,-0.063,0.042942,-0.99709
-0.99748,0.030059,0.064299,0.032732,0.99863,0.040929,-0.06298,0.042931,-0.99709
-0.99747,0.030185,0.064355,0.032864,0.99862,0.040995,-0.063029,0.043006,-0.99708
-0.99746,0.030139,0.06458,0.032829,0.99862,0.041012,-0.063255,0.043028,-0.99707
-0.99745,0.030206,0.064656,0.032896,0.99862,0.040953,-0.063329,0.042976,-0.99707
-0.99744,0.03035,0.06471,0.033044,0.99861,0.040968,-0.063376,0.043002,-0.99706
-0.99742,0.030521,0.06495,0.033224,0.99861,0.040954,-0.06361,0.043006,-0.99705
-0.99742,0.03061,0.064926,0.033316,0.9986,0.041014,-0.06358,0.043071,-0.99705
-0.99741,0.030592,0.065107,0.033301,0.99861,0.040929,-0.063765,0.042992,-0.99704
-0.9974,0.030647,0.065185,0.03336,0.9986,0.04094,-0.063839,0.043009,-0.99703
-0.9974,0.030639,0.065264,0.033358,0.9986,0.040981,-0.063917,0.043052,-0.99703
-0.99739,0.030687,0.065384,0.033415,0.9986,0.041043,-0.064033,0.043121,-0.99702
-0.99737,0.030723,0.065631,0.033462,0.9986,0.041053,-0.064277,0.043141,-0.997
-0.99735,0.030746,0.065872,0.033494,0.9986,0.041023,-0.064519,0.043121,-0.99698
-0.99735,0.030738,0.066001,0.033497,0.99859,0.041104,-0.064645,0.043205,-0.99697
-0.99734,0.03087,0.066014,0.033629,0.99859,0.041104,-0.064652,0.043214,-0.99697
-0.99733,0.030941,0.066166,0.033707,0.99859,0.041101,-0.064801,0.043222,-0.99696
-0.99733,0.030858,0.066133,0.033624,0.99859,0.041135,-0.064771,0.043249,-0.99696
-0.99733,0.030885,0.066144,0.033652,0.99859,0.041145,-0.06478,0.043261,-0.99696
-0.99733,0.030917,0.066108,0.033687,0.99858,0.041208,-0.06474,0.043325,-0.99696
-0.99733,0.030809,0.066201,0.033583,0.99859,0.041208,-0.064838,0.043321,-0.99696
-0.99733,0.030736,0.0663,0.033518,0.99859,0.041275,-0.064937,0.043387,-0.99695
-0.99732,0.030763,0.066318,0.03354,0.99859,0.041176,-0.064958,0.04329,-0.99695
-0.99732,0.030793,0.066345,0.033573,0.99859,0.041203,-0.064982,0.04332,-0.99695
-0.99733,0.030784,0.066221,0.03356,0.99859,0.041228,-0.064858,0.04334,-0.99695
-0.99733,0.030796,0.066187,0.033572,0.99858,0.041243,-0.064823,0.043355,-0.99695
-0.99733,0.030858,0.066226,0.033635,0.99858,0.04124,-0.06486,0.043358,-0.99695
-0.99733,0.030852,0.066244,0.033626,0.99859,0.041175,-0.06488,0.043292,-0.99695
-0.99732,0.030866,0.066261,0.033646,0.99858,0.041258,-0.064894,0.043377,-0.99695
-0.99728,0.03076,0.066911,0.033554,0.99859,0.041053,-0.065554,0.043187,-0.99691
-0.99713,0.03056,0.069224,0.033422,0.99862,0.040564,-0.067888,0.042762,-0.99678
-0.99703,0.030043,0.070972,0.03295,0.99865,0.040163,-0.06967,0.042382,-0.99667
-0.99683,0.029432,0.073983,0.032449,0.99868,0.039913,-0.072711,0.042187,-0.99646
-0.99645,0.029792,0.078793,0.033021,0.99865,0.039992,-0.077495,0.042452,-0.99609
-0.996,0.029692,0.084317,0.033148,0.99865,0.039896,-0.083019,0.042531,-0.99564
-0.99548,0.028894,0.090515,0.032605,0.99868,0.039797,-0.089246,0.042568,-0.9951
-0.99476,0.028474,0.098153,0.032506,0.99868,0.039729,-0.096892,0.042712,-0.99438
-0.99385,0.028258,0.10709,0.032642,0.99869,0.039408,-0.10583,0.042661,-0.99347
-0.9928,0.027848,0.11651,0.032631,0.99869,0.039353,-0.11526,0.042872,-0.99241
-0.99153,0.027299,0.127,0.032528,0.9987,0.039282,-0.12576,0.04308,-0.99112
-0.98994,0.02704,0.13891,0.032759,0.9987,0.039052,-0.13767,0.043209,-0.98954
-0.98805,0.026598,0.15179,0.032817,0.99872,0.038615,-0.15057,0.043135,-0.98766
-0.98581,0.026142,0.16581,0.032785,0.99876,0.037448,-0.16463,0.042353,-0.98545
-0.98302,0.025466,0.1817,0.03238,0.99886,0.035189,-0.1806,0.040475,-0.98272
-0.97977,0.024109,0.19868,0.031239,0.99897,0.032826,-0.19769,0.038368,-0.97951
-0.97608,0.022632,0.21624,0.030173,0.99904,0.031632,-0.21532,0.0374,-0.97583
-0.97194,0.021482,0.23424,0.029764,0.99905,0.031877,-0.23333,0.037955,-0.97166
-0.96723,0.022094,0.25294,0.031394,0.99897,0.032789,-0.25196,0.039655,-0.96693
-0.96156,0.022966,0.27364,0.033474,0.99887,0.033795,-0.27256,0.041656,-0.96124
-0.955,0.021339,0.29583,0.033093,0.99885,0.034779,-0.29475,0.043004,-0.95461
-0.94757,0.018743,0.31899,0.032275,0.99879,0.037189,-0.31791,0.045535,-0.94703
-0.93927,0.017818,0.34272,0.033085,0.9987,0.038753,-0.34159,0.047738,-0.93864
-0.92985,0.018585,0.36746,0.035456,0.9986,0.039214,-0.36621,0.049492,-0.92921
-0.91909,0.018389,0.39363,0.037512,0.99846,0.040942,-0.39227,0.052395,-0.91836
-0.9065,0.017623,0.42185,0.039585,0.99828,0.043359,-0.42036,0.056004,-0.90563
-0.89169,0.01678,0.45233,0.041216,0.99817,0.044221,-0.45076,0.058075,-0.89075
-0.87409,0.016484,0.48548,0.042435,0.99819,0.042509,-0.4839,0.057758,-0.87322
-0.8534,0.015234,0.52104,0.04185,0.99835,0.039355,-0.51958,0.05539,-0.85263
-0.82949,0.012475,0.55838,0.039598,0.99855,0.036516,-0.55711,0.0524,-0.82878
-0.8017,0.011467,0.59762,0.039531,0.99864,0.033867,-0.59642,0.050776,-0.80107
-0.76961,0.014112,0.63836,0.043469,0.99859,0.030331,-0.63704,0.051092,-0.76914
-0.73462,0.018078,0.67824,0.047713,0.99855,0.025063,-0.6768,0.050772,-0.73441
-0.6979,0.019889,0.71592,0.048897,0.99861,0.019924,-0.71452,0.048912,-0.6979
-0.65967,0.019221,0.75131,0.04914,0.99864,0.017598,-0.74994,0.048528,-0.65972
-0.61902,0.018625,0.78516,0.050816,0.99857,0.016376,-0.78373,0.050036,-0.61908
-0.57625,0.017556,0.81709,0.053098,0.99846,0.015994,-0.81555,0.052602,-0.57629
-0.53204,0.013303,0.84661,0.052978,0.99844,0.017605,-0.84506,0.054219,-0.53192
-0.48568,0.0088883,0.87409,0.055028,0.99828,0.020424,-0.8724,0.058019,-0.48533
-0.43716,0.0055145,0.89937,0.059878,0.99794,0.022986,-0.89739,0.063901,-0.43659
-0.38721,0.0019073,0.92199,0.063907,0.99765,0.024775,-0.91978,0.068515,-0.38642
-0.33688,-0.0023389,0.94155,0.065959,0.99748,0.026077,-0.93924,0.070888,-0.33587
-0.28735,-0.0066539,0.9578,0.067906,0.99732,0.027301,-0.95541,0.072886,-0.28613
-0.23841,-0.0094942,0.97112,0.070174,0.99717,0.026977,-0.96863,0.074579,-0.23707
-0.19293,-0.0092199,0.98117,0.073521,0.99701,0.023826,-0.97845,0.076734,-0.19168
-0.15301,-0.0083093,0.98819,0.074102,0.99705,0.019858,-0.98544,0.076266,-0.15195
-0.11881,-0.0079395,0.99289,0.072498,0.99723,0.016649,-0.99027,0.07396,-0.1179
-0.091201,-0.0061445,0.99581,0.071196,0.99738,0.012675,-0.99328,0.072054,-0.090524
-0.069156,-0.0040695,0.9976,0.071126,0.99743,0.0089994,-0.99507,0.071577,-0.068688
-0.051827,-0.0035975,0.99865,0.071677,0.9974,0.0073128,-0.99608,0.07196,-0.051434
-0.036743,-0.0025125,0.99932,0.072963,0.99732,0.0051902,-0.99666,0.073105,-0.036462
-0.02264,-0.00070361,0.99974,0.074369,0.99723,0.002386,-0.99697,0.074404,-0.022525
-0.0079184,0.002671,0.99997,0.075963,0.99711,-0.0020619,-0.99708,0.075944,-0.0080984
0.0064172,0.00603,0.99996,0.075902,0.99709,-0.0064998,-0.99709,0.075941,0.0059409
0.019024,0.0066948,0.9998,0.072855,0.99731,-0.0080645,-0.99716,0.072993,0.018486
0.028698,0.0062888,0.99957,0.068324,0.99763,-0.0082382,-0.99725,0.068531,0.0282
0.034097,0.0059383,0.9994,0.063365,0.99796,-0.0080915,-0.99741,0.063603,0.033651
0.036625,0.0069016,0.99931,0.060693,0.99811,-0.0091178,-0.99748,0.060984,0.036137
0.037425,0.0058126,0.99928,0.059587,0.99819,-0.0080379,-0.99752,0.059845,0.037011
0.038585,0.0044915,0.99925,0.060416,0.99815,-0.0068195,-0.99743,0.060633,0.038243
0.041406,0.0038696,0.99913,0.060961,0.99812,-0.006392,-0.99728,0.061173,0.041092
0.045641,0.0038415,0.99895,0.061732,0.99807,-0.0066586,-0.99705,0.061971,0.045316
0.050305,0.0042203,0.99872,0.061651,0.99807,-0.0073229,-0.99683,0.061941,0.049948
0.055204,0.0040541,0.99847,0.061352,0.99809,-0.0074447,-0.99659,0.061669,0.05485
0.060687,0.0039433,0.99815,0.060605,0.99813,-0.007628,-0.99632,0.060956,0.060334
0.06593,0.0014505,0.99782,0.061418,0.9981,-0.0055091,-0.99593,0.061648,0.065716
0.071136,-0.0025105,0.99746,0.062508,0.99804,-0.0019459,-0.99551,0.062488,0.071154
0.075627,-0.0052818,0.99712,0.062782,0.99803,0.00052491,-0.99516,0.062561,0.07581
0.077879,-0.0050015,0.99695,0.062799,0.99803,0.00010122,-0.99498,0.062599,0.078039
0.078015,-0.0028186,0.99695,0.061635,0.9981,-0.0020014,-0.99505,0.061603,0.07804
0.077083,-0.0022602,0.99702,0.061124,0.99813,-0.002463,-0.99515,0.061132,0.077076
0.076388,-0.0047392,0.99707,0.062022,0.99807,-7.703e-06,-0.99515,0.061841,0.076535
0.075967,-0.0071569,0.99708,0.063449,0.99798,0.0023292,-0.99509,0.063087,0.076268
0.075399,-0.0086771,0.99712,0.064738,0.9979,0.0037886,-0.99505,0.064265,0.075802
0.075048,-0.0093149,0.99714,0.064777,0.99789,0.0044466,-0.99507,0.064258,0.075493
0.074517,-0.0095459,0.99717,0.065008,0.99787,0.0046946,-0.9951,0.064475,0.07498
0.074021,-0.008291,0.99722,0.064236,0.99793,0.0035288,-0.99519,0.063797,0.0744
0.073604,-0.0059293,0.99727,0.064186,0.99794,0.0011961,-0.99522,0.063922,0.073832
0.073246,-0.0055651,0.9973,0.064082,0.99794,0.00086224,-0.99525,0.063845,0.073453
0.072688,-0.0078261,0.99732,0.06316,0.998,0.0032281,-0.99535,0.062756,0.073037
0.072102,-0.010145,0.99735,0.063383,0.99797,0.0055692,-0.99538,0.062813,0.072599
0.071914,-0.0086695,0.99737,0.062697,0.99802,0.0041545,-0.99544,0.062234,0.072315
0.071587,-0.006555,0.99741,0.063639,0.99797,0.0019911,-0.9954,0.063332,0.071859
0.071463,-0.0051883,0.99743,0.063661,0.99797,0.00063001,-0.99541,0.063452,0.071648
0.07109,-0.0072861,0.99744,0.062259,0.99806,0.0028532,-0.99553,0.061897,0.071405
0.070805,-0.010104,0.99744,0.061472,0.99809,0.0057466,-0.99559,0.060908,0.071291
0.070294,-0.012678,0.99745,0.059742,0.99818,0.0084773,-0.99574,0.058994,0.070923
0.069929,-0.011543,0.99749,0.057061,0.99834,0.0075531,-0.99592,0.056389,0.070472
0.069843,-0.010002,0.99751,0.056207,0.9984,0.0060757,-0.99597,0.055643,0.070294
0.069727,-0.0094771,0.99752,0.055814,0.99843,0.0055843,-0.996,0.055286,0.070146
0.069479,-0.0099172,0.99753,0.05472,0.99848,0.0061154,-0.99608,0.05416,0.069917
0.069397,-0.011588,0.99752,0.055595,0.99842,0.0077307,-0.99604,0.054921,0.069932
0.069426,-0.011482,0.99752,0.056472,0.99838,0.0075617,-0.99599,0.055807,0.069961
0.069214,-0.0095348,0.99756,0.058697,0.99826,0.005469,-0.99587,0.058175,0.069653
0.069862,-0.0081093,0.99752,0.060905,0.99814,0.0038488,-0.9957,0.060486,0.070226
0.071297,-0.0085811,0.99742,0.063639,0.99796,0.0040368,-0.99542,0.063186,0.071698
0.073949,-0.0098298,0.99721,0.06457,0.9979,0.0050484,-0.99517,0.064017,0.074428
0.077224,-0.010982,0.99695,0.06506,0.99786,0.0059526,-0.99489,0.064402,0.077774
0.080156,-0.011772,0.99671,0.063835,0.99794,0.0066524,-0.99474,0.063092,0.080742
0.082926,-0.010687,0.9965,0.061064,0.99812,0.0056233,-0.99468,0.060384,0.083422
0.085932,-0.0085771,0.99626,0.059842,0.9982,0.0034321,-0.9945,0.059324,0.086291
0.088582,-0.0082801,0.99603,0.059571,0.99822,0.0030004,-0.99429,0.059069,0.088917
0.090587,-0.0098859,0.99584,0.059471,0.99822,0.0044997,-0.99411,0.058816,0.091014
0.092362,-0.010761,0.99567,0.059733,0.9982,0.0052478,-0.99393,0.058989,0.092839
0.093897,-0.011318,0.99552,0.059719,0.9982,0.0057155,-0.99379,0.058915,0.094404
0.095266,-0.012617,0.99537,0.059556,0.9982,0.0069523,-0.99367,0.058618,0.095846
0.096208,-0.012947,0.99528,0.057865,0.9983,0.0073933,-0.99368,0.056881,0.096793
0.09616,-0.012809,0.99528,0.057101,0.99834,0.0073312,-0.99373,0.056127,0.096732
0.095528,-0.011937,0.99536,0.055338,0.99845,0.0066629,-0.99389,0.054444,0.09604
0.094158,-0.01154,0.99549,0.055075,0.99846,0.0063656,-0.99403,0.054227,0.094648
0.092528,-0.012058,0.99564,0.055834,0.99842,0.0069033,-0.99414,0.054952,0.093054
0.090283,-0.011918,0.99584,0.05867,0.99826,0.006628,-0.99419,0.057828,0.090825
0.088128,-0.010626,0.99605,0.061833,0.99807,0.0051765,-0.99419,0.061133,0.088615
0.085815,-0.0095022,0.99627,0.064353,0.99792,0.0039749,-0.99423,0.063771,0.086248
0.083542,-0.010069,0.99645,0.066589,0.99777,0.0045,-0.99428,0.065977,0.084026
0.081182,-0.012275,0.99662,0.06672,0.99775,0.0068539,-0.99446,0.065938,0.081818
0.078808,-0.013884,0.99679,0.065479,0.99782,0.0087213,-0.99474,0.064582,0.079545
0.076476,-0.0133,0.99698,0.064578,0.99788,0.008358,-0.99498,0.063744,0.077173
0.074359,-0.01203,0.99716,0.063032,0.99798,0.0073394,-0.99524,0.062307,0.074967
0.072466,-0.0094444,0.99733,0.062253,0.99805,0.0049279,-0.99543,0.061729,0.072913
0.070797,-0.0066349,0.99747,0.061311,0.99812,0.0022876,-0.9956,0.060994,0.071071
0.06925,-0.0044679,0.99759,0.062447,0.99805,0.00013506,-0.99564,0.062287,0.069394
0.068251,-0.0040255,0.99766,0.06248,0.99805,-0.00024722,-0.99571,0.062351,0.068369
0.067665,-0.0059528,0.99769,0.062867,0.99802,0.0016909,-0.99573,0.062608,0.067906
0.067851,-0.0085409,0.99766,0.062781,0.99802,0.0042742,-0.99572,0.062344,0.068253
0.068206,-0.010359,0.99762,0.060422,0.99815,0.0062337,-0.99584,0.059852,0.068706
0.068766,-0.010969,0.99757,0.056956,0.99835,0.0070512,-0.99601,0.056333,0.069277
0.069279,-0.010578,0.99754,0.05237,0.9986,0.0069522,-0.99622,0.051759,0.069737
0.069702,-0.0099089,0.99752,0.048968,0.99878,0.0064999,-0.99637,0.048393,0.070102
0.070103,-0.0088326,0.9975,0.04519,0.99896,0.0056697,-0.99652,0.044679,0.070429
0.07043,-0.0078506,0.99749,0.043934,0.99902,0.0047606,-0.99655,0.043488,0.070706
0.071312,-0.0052793,0.99744,0.042518,0.99909,0.0022482,-0.99655,0.042248,0.071472
0.071862,-0.0051368,0.9974,0.043135,0.99907,0.0020375,-0.99648,0.042876,0.072017
0.072628,-0.0091264,0.99732,0.047109,0.99887,0.00571,-0.99625,0.046567,0.072976
0.073451,-0.015789,0.99717,0.048439,0.99875,0.012246,-0.99612,0.047403,0.074124
0.074651,-0.016191,0.99708,0.051386,0.9986,0.012369,-0.99588,0.050313,0.075379
0.075998,-0.012318,0.99703,0.053874,0.99851,0.0082297,-0.99565,0.053089,0.076549
0.076867,-0.0082371,0.99701,0.054563,0.9985,0.0040427,-0.99555,0.054089,0.077202
0.077242,-0.0068206,0.99699,0.053856,0.99855,0.0026587,-0.99556,0.053488,0.077497
0.077882,-0.0064406,0.99694,0.053577,0.99856,0.0022655,-0.99552,0.053237,0.078115
0.078204,-0.0066032,0.99692,0.054994,0.99848,0.0022995,-0.99542,0.054645,0.078448
0.07829,-0.0044287,0.99692,0.05691,0.99838,-3.3997e-05,-0.9953,0.056737,0.078415
0.078238,-0.0017928,0.99693,0.059903,0.9982,-0.002906,-0.99513,0.059947,0.078204
0.077781,-0.00073885,0.99697,0.061624,0.99809,-0.004068,-0.99506,0.061753,0.077678
0.076903,-0.0032475,0.99703,0.063493,0.99798,-0.0016467,-0.99501,0.063431,0.076954
0.076209,-0.0072339,0.99707,0.065335,0.99786,0.0022459,-0.99495,0.064972,0.076518
0.075365,-0.008978,0.99712,0.065634,0.99784,0.0040236,-0.99499,0.065142,0.075791
0.074299,-0.0078611,0.99721,0.064649,0.9979,0.0030499,-0.99514,0.064241,0.074651
0.073338,-0.0060489,0.99729,0.062685,0.99803,0.0014437,-0.99534,0.062409,0.073573
0.072242,-0.0063525,0.99737,0.061768,0.99809,0.001883,-0.99547,0.06147,0.072497
0.071232,-0.0083841,0.99742,0.061485,0.9981,0.0039988,-0.99556,0.061042,0.071612
0.07018,-0.009813,0.99749,0.061131,0.99811,0.0055182,-0.99566,0.06059,0.070648
0.069437,-0.0096702,0.99754,0.062733,0.99802,0.0053081,-0.99561,0.06221,0.069906
0.068777,-0.0094978,0.99759,0.062885,0.99801,0.0051663,-0.99565,0.062378,0.069237
0.068,-0.009556,0.99764,0.062881,0.99801,0.0052735,-0.9957,0.062374,0.068465
0.067236,-0.010903,0.99768,0.060955,0.99812,0.0067997,-0.99587,0.060356,0.067774
0.066382,-0.011541,0.99773,0.059979,0.99817,0.0075552,-0.99599,0.059342,0.066952
0.065526,-0.012063,0.99778,0.059443,0.9982,0.008164,-0.99608,0.058775,0.066125
0.064888,-0.013026,0.99781,0.058692,0.99823,0.0092152,-0.99617,0.057965,0.065538
0.064836,-0.01472,0.99779,0.056955,0.99832,0.011027,-0.99627,0.056114,0.065566
0.065559,-0.015145,0.99773,0.057623,0.99827,0.011366,-0.99618,0.056747,0.066319
0.067854,-0.013904,0.9976,0.057665,0.99829,0.0099909,-0.99603,0.056849,0.06854
0.070948,-0.012976,0.9974,0.057795,0.99829,0.0088765,-0.9958,0.057014,0.071576
0.074952,-0.012719,0.99711,0.055687,0.99841,0.0085501,-0.99563,0.054885,0.075541
0.079311,-0.012062,0.99678,0.053221,0.99855,0.0078488,-0.99543,0.052427,0.079838
0.084444,-0.010929,0.99637,0.05292,0.99858,0.0064687,-0.99502,0.052181,0.084903
0.091405,-0.0097299,0.99577,0.053663,0.99855,0.0048312,-0.99437,0.052994,0.091794
0.10046,-0.008067,0.99491,0.055693,0.99844,0.0024723,-0.99338,0.055161,0.10075
0.11143,-0.0064318,0.99375,0.057397,0.99835,2.5786e-05,-0.99211,0.057036,0.11161
0.1234,-0.0061292,0.99234,0.056838,0.99838,-0.00090132,-0.99073,0.056514,0.12355
0.13597,-0.0059743,0.99069,0.05656,0.9984,-0.0017422,-0.9891,0.056271,0.13609
0.14987,-0.0067716,0.98868,0.056709,0.99839,-0.0017583,-0.98708,0.056331,0.15001
0.16506,-0.0091506,0.98624,0.057678,0.99834,-0.00039034,-0.9846,0.056949,0.16531
0.18191,-0.0094404,0.98327,0.056263,0.99842,-0.00082309,-0.9817,0.055471,0.18215
0.20112,-0.0079107,0.97953,0.052805,0.9986,-0.0027776,-0.97814,0.052283,0.20126
0.22007,-0.006886,0.97546,0.049475,0.99877,-0.0041114,-0.97423,0.049166,0.22014
0.2419,-0.0072163,0.97027,0.049737,0.99875,-0.0049718,-0.96903,0.049461,0.24196
0.26343,-0.0081556,0.96464,0.048733,0.9988,-0.0048642,-0.96345,0.048292,0.26352
0.28644,-0.0080844,0.95806,0.046281,0.99891,-0.0054078,-0.95698,0.045889,0.2865
0.31212,-0.0074199,0.95001,0.044618,0.99898,-0.0068563,-0.949,0.044528,0.31213
0.34061,-0.0052497,0.94019,0.042887,0.99903,-0.0099588,-0.93922,0.043714,0.34051
0.37295,-0.0026356,0.92785,0.042951,0.99897,-0.014426,-0.92686,0.045232,0.37268
0.40833,-0.00098509,0.91283,0.042829,0.99892,-0.01808,-0.91183,0.046478,0.40793
0.44718,-0.0032515,0.89444,0.045432,0.99879,-0.019083,-0.89329,0.04917,0.44679
0.49076,-0.0075265,0.87126,0.047667,0.9987,-0.018222,-0.86999,0.050473,0.49048
0.53512,-0.0087939,0.84473,0.044302,0.99886,-0.017666,-0.84361,0.046876,0.5349
0.57775,-0.0059496,0.81619,0.037479,0.99911,-0.019247,-0.81535,0.04171,0.57746
0.61925,-0.0029733,0.78519,0.033387,0.99919,-0.022547,-0.78449,0.040177,0.61884
0.65994,-0.0024021,0.75132,0.03379,0.99908,-0.026486,-0.75056,0.042866,0.65941
0.69829,-0.0048036,0.7158,0.03693,0.99889,-0.029324,-0.71486,0.046911,0.69769
0.73398,-0.0032105,0.67917,0.030707,0.99912,-0.028463,-0.67848,0.041746,0.73343
0.76742,0.0019895,0.64114,0.019574,0.99946,-0.026531,-0.64084,0.03291,0.76697
0.79947,0.0049443,0.60068,0.01204,0.99963,-0.024252,-0.60058,0.026621,0.79912
0.82956,0.0018165,0.55842,0.01039,0.99977,-0.018687,-0.55832,0.021304,0.82935
0.85708,-0.003696,0.51517,0.011758,0.99985,-0.012388,-0.51505,0.016675,0.857
0.88203,-0.0043711,0.47117,0.0081273,0.99995,-0.0059376,-0.47112,0.0090664,0.88202
0.90468,0.0037522,0.42608,-0.0043899,0.99999,0.00051476,-0.42607,-0.0023361,0.90469
0.92467,0.0072904,0.3807,-0.0091978,0.99995,0.0031912,-0.38066,-0.0064524,0.92469
0.94229,0.0093451,0.33467,-0.010227,0.99995,0.00087402,-0.33464,-0.0042464,0.94233
0.95646,0.0090314,0.29173,-0.0092353,0.99996,-0.00067812,-0.29173,-0.0020456,0.9565
0.9674,0.0099827,0.25307,-0.010136,0.99995,-0.00069919,-0.25306,-0.0018886,0.96745
0.97612,0.015784,0.21665,-0.015989,0.99987,-0.00080292,-0.21664,-0.0026804,0.97625
0.98287,0.02162,0.18302,-0.021593,0.99976,-0.0021451,-0.18303,-0.0018436,0.98311
0.98765,0.023916,0.15483,-0.023985,0.99971,-0.0014191,-0.15482,-0.0023121,0.98794
0.99087,0.024844,0.13248,-0.025051,0.99969,-0.0001009,-0.13244,-0.0032188,0.99119
0.9934,0.025533,0.11183,-0.025818,0.99967,0.0011005,-0.11176,-0.0039804,0.99373
0.99541,0.023344,0.092839,-0.023548,0.99972,0.0011058,-0.092787,-0.0032869,0.99568
0.99672,0.022659,0.077665,-0.022675,0.99974,-0.00067207,-0.07766,-0.0010912,0.99698
0.99769,0.023825,0.063623,-0.023763,0.99972,-0.0017201,-0.063646,0.00020421,0.99797
0.99849,0.024685,0.049003,-0.02463,0.9997,-0.0017339,-0.049031,0.00052433,0.9988
0.99909,0.02433,0.035149,-0.024273,0.9997,-0.0020334,-0.035188,0.0011783,0.99938
0.99949,0.023783,0.021223,-0.02374,0.99972,-0.0022691,-0.021271,0.0017641,0.99977
0.99974,0.021636,0.0068965,-0.021627,0.99977,-0.00138,-0.0069248,0.0012305,0.99998
0.99975,0.021452,-0.0062141,-0.021463,0.99977,-0.0018066,0.0061739,0.0019396,0.99998
0.99961,0.022606,-0.016514,-0.022655,0.99974,-0.0027843,0.016447,0.0031573,0.99986
0.99939,0.024408,-0.025113,-0.024515,0.99969,-0.0039305,0.02501,0.0045437,0.99968
0.99921,0.024193,-0.031569,-0.024371,0.99969,-0.0052638,0.031432,0.006029,0.99949
0.99906,0.024377,-0.035855,-0.0246,0.99968,-0.0057694,0.035703,0.006646,0.99934
0.99894,0.02382,-0.039389,-0.02407,0.99969,-0.0058917,0.039237,0.0068335,0.99921
0.99882,0.023909,-0.04223,-0.024135,0.9997,-0.0048351,0.042102,0.0058486,0.9991
0.99874,0.022584,-0.044861,-0.022741,0.99974,-0.0029787,0.044782,0.0039951,0.99899
0.99862,0.021191,-0.048022,-0.021239,0.99977,-0.00049827,0.048,0.0015175,0.99885
0.99849,0.020232,-0.051094,-0.020161,0.99979,0.0019034,0.051122,-0.00087045,0.99869
0.99833,0.019975,-0.054166,-0.019769,0.9998,0.0043429,0.054242,-0.0032649,0.99852
0.99819,0.018177,-0.057405,-0.017848,0.99982,0.0062337,0.057508,-0.0051978,0.99833
0.99802,0.015991,-0.0609,-0.015591,0.99985,0.0070439,0.061004,-0.0060804,0.99812
0.99782,0.013943,-0.064561,-0.013502,0.99988,0.0072544,0.064654,-0.0063668,0.99789
0.99757,0.013434,-0.068321,-0.012974,0.99989,0.0071729,0.06841,-0.0062691,0.99764
0.99731,0.013034,-0.072102,-0.012579,0.9999,0.0067544,0.072182,-0.0058293,0.99737
0.99708,0.013084,-0.075212,-0.012599,0.9999,0.0069284,0.075295,-0.0059607,0.99714
0.99692,0.013779,-0.077261,-0.013258,0.99989,0.0072446,0.077352,-0.0061979,0.99698
0.99681,0.014394,-0.078514,-0.013885,0.99988,0.0070356,0.078606,-0.005923,0.99689
0.99674,0.015631,-0.079175,-0.015119,0.99986,0.0070506,0.079274,-0.0058306,0.99684
0.99672,0.015754,-0.07935,-0.01523,0.99986,0.0072121,0.079452,-0.00598,0.99682
0.99674,0.014961,-0.079297,-0.014381,0.99987,0.0078811,0.079404,-0.006715,0.99682
0.99674,0.014773,-0.079266,-0.014129,0.99986,0.0086795,0.079383,-0.0075313,0.99682
0.99674,0.014864,-0.079242,-0.014127,0.99985,0.0098474,0.079377,-0.0086959,0.99681
0.99675,0.014584,-0.079244,-0.013774,0.99985,0.010753,0.079389,-0.009627,0.9968
0.99676,0.014413,-0.079192,-0.013607,0.99985,0.010709,0.079335,-0.0095969,0.9968
0.99677,0.015305,-0.078882,-0.014531,0.99984,0.010379,0.079028,-0.0091995,0.99683
0.99684,0.015121,-0.077993,-0.014399,0.99985,0.0098151,0.07813,-0.0086611,0.99691
0.99694,0.014071,-0.076878,-0.013403,0.99987,0.0092102,0.076997,-0.0081517,0.997
0.99706,0.01429,-0.075345,-0.013639,0.99987,0.0091494,0.075465,-0.0080948,0.99712
0.99716,0.015267,-0.073813,-0.014675,0.99986,0.0085605,0.073933,-0.007453,0.99724
0.99728,0.012646,-0.072563,-0.011966,0.99988,0.0098023,0.072679,-0.0089074,0.99732
0.99738,0.011013,-0.071449,-0.010218,0.99988,0.011483,0.071567,-0.010723,0.99738
0.99744,0.013914,-0.070106,-0.012985,0.99982,0.013692,0.070284,-0.012747,0.99745
0.99754,0.014501,-0.068605,-0.01356,0.99981,0.014172,0.068797,-0.013206,0.99754
0.99759,0.011632,-0.068387,-0.01088,0.99988,0.011351,0.068511,-0.01058,0.99759
0.99762,0.010997,-0.068024,-0.010386,0.9999,0.0093264,0.06812,-0.0085978,0.99764
0.99768,0.013228,-0.066839,-0.012908,0.9999,0.0052121,0.066901,-0.0043372,0.99775
0.99766,0.016004,-0.06651,-0.01581,0.99987,0.0034414,0.066556,-0.0023818,0.99778
0.99767,0.01684,-0.066147,-0.016674,0.99986,0.0030527,0.066189,-0.0019426,0.99781
0.99771,0.016833,-0.065452,-0.016668,0.99986,0.0030605,0.065494,-0.0019625,0.99785
0.99774,0.016903,-0.065021,-0.016826,0.99986,0.0017263,0.065041,-0.00062834,0.99788
0.99772,0.018284,-0.064981,-0.018278,0.99983,0.00069808,0.064983,0.00049123,0.99789
0.9977,0.019804,-0.064877,-0.019849,0.9998,-5.4111e-05,0.064863,0.0013417,0.99789
0.99767,0.020925,-0.064922,-0.020984,0.99978,-0.00022335,0.064903,0.0015852,0.99789
0.99765,0.02058,-0.065421,-0.0206,0.99979,0.0003676,0.065415,0.00098096,0.99786
0.99762,0.019872,-0.066023,-0.019834,0.9998,0.0012273,0.066034,8.5173e-05,0.99782
0.99757,0.019373,-0.066862,-0.019318,0.99981,0.0014652,0.066877,-0.00017003,0.99776
0.9975,0.018675,-0.068223,-0.018644,0.99983,0.0010901,0.068232,0.00018461,0.99767
0.99739,0.017947,-0.069909,-0.018001,0.99984,-0.00014541,0.069895,0.0014035,0.99755
0.99729,0.017855,-0.071371,-0.017988,0.99984,-0.0012207,0.071338,0.0025013,0.99745
0.99715,0.017932,-0.073251,-0.018069,0.99984,-0.0012157,0.073218,0.0025358,0.99731
0.997,0.017719,-0.075373,-0.017851,0.99984,-0.0010827,0.075342,0.0024249,0.99715
0.99686,0.016727,-0.077367,-0.016869,0.99986,-0.001175,0.077336,0.0024764,0.997
0.99674,0.015012,-0.079245,-0.015134,0.99989,-0.00093979,0.079222,0.002136,0.99685
0.99659,0.014048,-0.081351,-0.014072,0.9999,0.00028155,0.081347,0.0008642,0.99669
0.99644,0.014123,-0.083122,-0.014071,0.9999,0.0012128,0.083131,-3.8884e-05,0.99654
0.9963,0.014701,-0.084683,-0.014567,0.99989,0.0022019,0.084706,-0.00096015,0.99641
0.99613,0.015384,-0.086533,-0.015132,0.99988,0.0035723,0.086577,-0.0022491,0.99624
0.99602,0.015313,-0.08781,-0.01499,0.99988,0.0043407,0.087866,-0.0030071,0.99613
0.99596,0.015228,-0.088518,-0.014886,0.99988,0.0045182,0.088577,-0.0031822,0.99606
0.99593,0.015618,-0.088729,-0.015281,0.99987,0.0044798,0.088787,-0.0031058,0.99605
0.99597,0.01671,-0.088085,-0.01635,0.99985,0.0048134,0.088152,-0.0033538,0.9961
0.99608,0.017708,-0.08664,-0.01737,0.99984,0.0046585,0.086708,-0.0031354,0.99623
0.9962,0.018082,-0.085253,-0.017751,0.99983,0.0046361,0.085322,-0.0031052,0.99635
0.99631,0.017517,-0.084004,-0.017195,0.99984,0.0045545,0.08407,-0.0030933,0.99646
0.99644,0.017411,-0.082546,-0.017115,0.99984,0.0042866,0.082607,-0.0028586,0.99658
0.99657,0.017462,-0.08093,-0.017242,0.99985,0.0034122,0.080978,-0.002005,0.99671
0.99665,0.017713,-0.079805,-0.017524,0.99984,0.003063,0.079846,-0.0016543,0.99681
0.99674,0.017876,-0.078644,-0.017687,0.99984,0.0030983,0.078687,-0.0016972,0.9969
0.99683,0.018329,-0.07743,-0.018146,0.99983,0.0030706,0.077473,-0.0016559,0.99699
0.99692,0.018129,-0.076284,-0.017914,0.99983,0.0034943,0.076335,-0.0021169,0.99708
0.99701,0.017489,-0.075307,-0.017251,0.99984,0.003817,0.075362,-0.0025064,0.99715
0.9971,0.016892,-0.074186,-0.016588,0.99985,0.0047063,0.074254,-0.0034621,0.99723
0.99716,0.01791,-0.073193,-0.017515,0.99983,0.0060387,0.073288,-0.0047396,0.9973
0.9972,0.019343,-0.072204,-0.018897,0.9998,0.0068506,0.072322,-0.005467,0.99737
0.99726,0.019927,-0.071245,-0.019496,0.99979,0.0067383,0.071364,-0.0053309,0.99744
0.99733,0.018717,-0.070535,-0.018326,0.99981,0.0061867,0.070637,-0.0048776,0.99749
0.99739,0.017826,-0.069949,-0.017496,0.99983,0.0053169,0.070032,-0.0040792,0.99754
0.99745,0.017247,-0.069254,-0.016958,0.99984,0.004754,0.069325,-0.0035675,0.99759
0.99748,0.017755,-0.068674,-0.017508,0.99984,0.0042035,0.068738,-0.0029905,0.99763
0.99751,0.017706,-0.068202,-0.017525,0.99984,0.0032518,0.068249,-0.0020485,0.99767
0.99755,0.017121,-0.067888,-0.017069,0.99985,0.001351,0.067902,-0.00018888,0.99769
0.99758,0.016597,-0.0675,-0.016671,0.99986,-0.00053319,0.067482,0.0016572,0.99772
0.9976,0.016548,-0.067224,-0.016647,0.99986,-0.00091686,0.0672,0.0020338,0.99774
0.99761,0.016553,-0.067127,-0.016616,0.99986,-0.00037228,0.067111,0.0014867,0.99774
0.99763,0.01594,-0.066999,-0.015967,0.99987,0.00013109,0.066992,0.00093898,0.99775
0.99764,0.015401,-0.066871,-0.015411,0.99988,0.000378,0.066869,0.00065342,0.99776
0.99765,0.015002,-0.066842,-0.014988,0.99989,0.00071877,0.066845,0.00028472,0.99776
0.99764,0.015309,-0.067007,-0.015291,0.99988,0.00077852,0.067011,0.00024794,0.99775
0.99763,0.01496,-0.067093,-0.014937,0.99989,0.00084321,0.067098,0.00016098,0.99775
0.99758,0.014016,-0.068031,-0.014002,0.9999,0.00067566,0.068033,0.00027856,0.99768
0.99741,0.012634,-0.070781,-0.012603,0.99992,0.00087967,0.070787,1.4675e-05,0.99749
0.99709,0.012378,-0.075217,-0.012346,0.99992,0.00088972,0.075222,4.1507e-05,0.99717
0.99661,0.012827,-0.081278,-0.012784,0.99992,0.0010567,0.081285,-1.4098e-05,0.99669
0.99596,0.013104,-0.088827,-0.013091,0.99991,0.00072401,0.088829,0.00044175,0.99605
0.99524,0.014422,-0.096429,-0.014406,0.9999,0.00085992,0.096432,0.00053333,0.99534
0.99463,0.016533,-0.10214,-0.01652,0.99986,0.000978,0.10214,0.00071456,0.99477
0.99412,0.017966,-0.10682,-0.017989,0.99984,0.0007471,0.10681,0.0011788,0.99428
0.9936,0.016995,-0.11171,-0.017049,0.99985,0.00047475,0.1117,0.0014328,0.99374
0.99304,0.015834,-0.11669,-0.015895,0.99987,0.00040171,0.11668,0.0014559,0.99317
0.99255,0.016819,-0.1207,-0.016902,0.99986,0.00034308,0.12069,0.0016995,0.99269
0.99222,0.019416,-0.123,-0.019537,0.99981,0.00022336,0.12298,0.0021813,0.99241
0.9921,0.021672,-0.12356,-0.021837,0.99976,1.6897e-05,0.12353,0.0026814,0.99234
0.99219,0.021699,-0.12282,-0.021898,0.99976,-0.00026365,0.12279,0.0029511,0.99243
0.99236,0.021241,-0.12151,-0.02142,0.99977,-0.00016351,0.12148,0.002765,0.99259
0.99259,0.020454,-0.1198,-0.020598,0.99979,3.6178e-05,0.11978,0.0024319,0.9928
0.99285,0.020671,-0.11757,-0.020764,0.99978,0.00043768,0.11755,0.0020066,0.99306
0.99315,0.020531,-0.11507,-0.020603,0.99979,0.00056803,0.11505,0.0018066,0.99336
0.99343,0.020204,-0.11261,-0.020349,0.99979,-0.00013608,0.11258,0.0024266,0.99364
0.99374,0.020004,-0.10993,-0.02016,0.9998,-0.00030865,0.1099,0.0025229,0.99394
0.99408,0.020231,-0.10675,-0.020363,0.99979,-0.00014552,0.10673,0.0023184,0.99429
0.99449,0.019947,-0.10294,-0.020068,0.9998,-0.00013713,0.10292,0.0022023,0.99469
0.99491,0.019898,-0.098782,-0.020015,0.9998,-0.00018984,0.098759,0.002166,0.99511
0.9953,0.019735,-0.094835,-0.019922,0.9998,-0.0010308,0.094795,0.0029153,0.99549
0.99568,0.019541,-0.090761,-0.019892,0.9998,-0.002963,0.090685,0.0047555,0.99587
0.99609,0.018871,-0.08626,-0.019335,0.9998,-0.0045453,0.086157,0.0061954,0.99626
0.99648,0.018531,-0.0817,-0.018999,0.99981,-0.00496,0.081592,0.0064948,0.99664
0.99688,0.018059,-0.076878,-0.018473,0.99982,-0.0046762,0.076779,0.0060817,0.99703
0.99725,0.017231,-0.072048,-0.017604,0.99983,-0.0045468,0.071958,0.0058026,0.99739
0.99763,0.015364,-0.067074,-0.015653,0.99987,-0.0037865,0.067007,0.0048275,0.99774
0.998,0.013654,-0.061793,-0.01383,0.9999,-0.0024217,0.061754,0.0032715,0.99809
0.9983,0.012622,-0.056938,-0.012707,0.99992,-0.001138,0.056919,0.0018596,0.99838
0.99856,0.011764,-0.052253,-0.011811,0.99993,-0.00059011,0.052243,0.0012064,0.99863
0.99878,0.011869,-0.047993,-0.011878,0.99993,9.4521e-05,0.047991,0.00047565,0.99885
0.99897,0.011928,-0.043747,-0.011894,0.99993,0.0010306,0.043756,-0.00050924,0.99904
0.99916,0.010961,-0.03958,-0.010889,0.99994,0.0020345,0.0396,-0.0016018,0.99921
0.99931,0.0092886,-0.036069,-0.0092087,0.99995,0.0023793,0.03609,-0.0020455,0.99935
0.99942,0.0067262,-0.033526,-0.006709,0.99998,0.00062539,0.03353,-0.0004001,0.99944
0.99947,0.0053472,-0.031974,-0.0054046,0.99998,-0.0017087,0.031964,0.0018806,0.99949
0.99951,0.006588,-0.030607,-0.0067125,0.99997,-0.003968,0.03058,0.0041715,0.99952
0.99956,0.009955,-0.02807,-0.01007,0.99994,-0.003958,0.028029,0.0042389,0.9996
0.99963,0.014994,-0.022719,-0.015062,0.99988,-0.0028457,0.022673,0.0031869,0.99974
0.9998,0.013042,-0.014842,-0.013073,0.99991,-0.0020009,0.014815,0.0021946,0.99989
0.99996,0.0045984,-0.0070176,-0.0046118,0.99999,-0.0018993,0.0070088,0.0019316,0.99997
0.99999,-0.0041265,-0.0033732,0.0041117,0.99998,-0.004382,0.0033912,0.0043681,0.99998
0.99995,-0.0078431,-0.0063765,0.0077936,0.99994,-0.0077436,0.0064369,0.0076935,0.99995
0.99984,-0.0042323,-0.01757,0.00406,0.99994,-0.0098319,0.017611,0.009759,0.9998
0.99942,0.00082962,-0.034143,-0.0012898,0.99991,-0.013457,0.034128,0.013494,0.99933
0.99863,0.0081735,-0.051641,-0.0090514,0.99982,-0.016789,0.051494,0.017233,0.99852
0.99747,0.0087681,-0.070546,-0.010101,0.99978,-0.018557,0.070367,0.019223,0.99734
0.9956,0.0047179,-0.093563,-0.0064633,0.99981,-0.018361,0.093458,0.018885,0.99544
0.99306,0.0051284,-0.1175,-0.0065787,0.99991,-0.011959,0.11743,0.012649,0.993
0.98971,0.011089,-0.14262,-0.011889,0.99992,-0.0047547,0.14256,0.0064014,0.98977
0.98554,0.016495,-0.16861,-0.016816,0.99986,-0.00047455,0.16858,0.0033031,0.98568
0.98076,0.019227,-0.19428,-0.019248,0.99981,0.0017796,0.19428,0.0019941,0.98094
0.97572,0.02051,-0.21804,-0.019788,0.99979,0.0054929,0.21811,-0.0010448,0.97592
0.97087,0.020038,-0.23877,-0.018504,0.99979,0.0086635,0.2389,-0.0039929,0.97104
0.96728,0.025041,-0.25249,-0.022607,0.99967,0.012536,0.25272,-0.0064174,0.96752
0.96493,0.03248,-0.26048,-0.029201,0.99944,0.016451,0.26087,-0.0082682,0.96534
0.96423,0.037107,-0.26246,-0.033161,0.99926,0.019449,0.26299,-0.010049,0.96475
0.96536,0.038586,-0.25805,-0.034748,0.99921,0.019421,0.2586,-0.0097819,0.96594
0.96744,0.0363,-0.25048,-0.032565,0.99929,0.019043,0.25099,-0.010266,0.96794
0.96965,0.031024,-0.2425,-0.026464,0.99941,0.022039,0.24304,-0.014952,0.9699
0.97203,0.028171,-0.23317,-0.023242,0.99945,0.023857,0.23371,-0.01777,0.97214
0.97435,0.029703,-0.22305,-0.02466,0.99937,0.025362,0.22366,-0.019211,0.97448
0.97649,0.030524,-0.2134,-0.025679,0.99935,0.025436,0.21404,-0.019358,0.97663
0.97853,0.029923,-0.20391,-0.025584,0.99939,0.023882,0.2045,-0.018152,0.9787
0.98018,0.027102,-0.19625,-0.023122,0.99948,0.022541,0.19676,-0.017557,0.98029
0.98125,0.025143,-0.19109,-0.021457,0.99954,0.021332,0.19154,-0.016832,0.98134
0.98198,0.025475,-0.18726,-0.022039,0.99955,0.020407,0.18769,-0.015913,0.9821
0.9823,0.026155,-0.18547,-0.023048,0.99956,0.018891,0.18588,-0.014282,0.98247
0.98226,0.025988,-0.18571,-0.022955,0.99957,0.018462,0.18611,-0.013871,0.98243
0.98217,0.026281,-0.18613,-0.023677,0.99959,0.016198,0.18648,-0.011502,0.98239
0.98223,0.026014,-0.18585,-0.024339,0.99964,0.01129,0.18607,-0.0065658,0.98251
0.98218,0.025375,-0.1862,-0.024256,0.99967,0.0082849,0.18635,-0.003621,0.98248
0.98219,0.02511,-0.18619,-0.023897,0.99968,0.0087582,0.18635,-0.0041529,0.98247
0.98224,0.025115,-0.18594,-0.023751,0.99967,0.0095611,0.18612,-0.0049751,0.98251
0.98218,0.025175,-0.18627,-0.02372,0.99967,0.010038,0.18646,-0.0054408,0.98245
0.98219,0.025625,-0.18613,-0.024044,0.99965,0.010746,0.18634,-0.0060793,0.98247
